3.890227908679990776e+01
8.999999999999998579e+01
6.445113954339994677e+01
1.292073151454180113e+01
4.721608093483261825e+01
3.006840622468720881e+01
1.122309267886777562e+01
8.999997269258679466e+01
5.061153268572728336e+01
8.999997269258679466e+01
8.999997269258679466e+01
8.999997269258679466e+01
8.999997269258679466e+01
8.999997269258679466e+01
8.999997269258679466e+01
8.999997269258679466e+01
8.999997269258679466e+01
8.999997269258679466e+01
nan
nan
nan
nan
nan
nan
1.000000000000000000e+00
9.000000000000000000e+01
