-9.000000000000001421e+01
-1.115172406999826649e+01
-5.057586203499914035e+01
-5.466472450406745054e+01
-6.928087481541362536e+01
-6.197279965974053795e+01
-5.979024238704775485e+01
-6.492177771744177051e+01
-6.235601005224476268e+01
-3.127987144015767385e+01
-1.945096478289176289e+01
-2.536541811152471837e+01
-2.079506873615011031e+01
-2.485292802048466498e+01
-2.282399837831738765e+01
-1.165434518356244453e+01
-2.694245240224350368e+01
-1.929839879290297233e+01
-1.374592639145869022e+01
-3.139935345156164104e+01
-2.257263992151016652e+01
1.943034769515501248e+00
-9.000000000000000000e+01
-4.402848261524224682e+01
0.000000000000000000e+00
-9.000000000000000000e+01
