4.801229426948328438e+01
-8.970173911640088704e+00
1.952106017892159784e+01
4.473614891593746812e+00
1.238541735188053572e+01
8.429516121737140821e+00
8.221480721325358232e+00
-1.709738528125273405e+01
-4.437952279963687907e+00
1.413632255756291300e+01
-2.439179226670947642e+01
-5.127734854573281709e+00
2.134605395055871213e+01
-3.038850817982525143e+01
-4.521227114633269650e+00
3.288809631033029035e+01
-2.663505258363280603e+01
3.126521863348742158e+00
3.882913316142841609e+01
-3.968560034833426187e+01
-4.282335934529228894e-01
8.999997269258679466e+01
-8.999999879258173507e+01
-1.304999747020474388e-05
1.000000000000000000e+00
1.500000000000000000e+01
