-2.232760547902256576e+01
-5.861020650766853635e+01
-4.046890599334555105e+01
-2.741584238719895339e+01
-3.726245725810569809e+01
-3.233914982265232396e+01
-5.853282177755064453e+01
-3.944555824326486970e+01
-4.898919001040775356e+01
-7.449445297734337146e+01
-9.000000000000000000e+01
-8.224722648867168573e+01
-9.000000000000000000e+01
-9.000000000000000000e+01
-9.000000000000000000e+01
-7.205124698656038618e+01
-9.000000000000000000e+01
-8.102562349328019309e+01
-5.898044988136449263e+01
-9.000000000000000000e+01
-7.449022494068225342e+01
-2.247081739880835372e+01
-9.000000000000000000e+01
-5.623540869940417508e+01
0.000000000000000000e+00
-3.000000000000000000e+01
