1.965000000000000213e+01
2.169000000000000128e+01
3.460999999999999943e+01
3.956000000000000227e+01
4.160000000000000142e+01
4.570000000000000284e+01
5.160999999999999943e+01
6.250000000000000000e+01
7.059000000000000341e+01
7.460999999999999943e+01
9.050000000000000000e+01
9.357999999999999829e+01
9.562999999999999545e+01
1.066099999999999994e+02
1.155400000000000063e+02
1.196700000000000017e+02
1.236300000000000097e+02
1.595800000000000125e+02
1.776500000000000057e+02
1.853100000000000023e+02
2.025500000000000114e+02
2.135699999999999932e+02
2.264500000000000171e+02
2.314699999999999989e+02
2.343900000000000148e+02
2.404800000000000182e+02
2.475699999999999932e+02
2.524000000000000057e+02
2.614900000000000091e+02
2.704100000000000250e+02
2.743299999999999841e+02
2.775000000000000000e+02
2.916700000000000159e+02
2.976500000000000341e+02
2.996999999999999886e+02
3.045000000000000000e+02
3.075099999999999909e+02
3.113799999999999955e+02
3.163600000000000136e+02
3.195000000000000000e+02
3.224900000000000091e+02
3.264900000000000091e+02
3.884600000000000364e+02
3.920799999999999841e+02
3.953500000000000227e+02
4.034900000000000091e+02
4.152500000000000000e+02
4.213199999999999932e+02
4.324100000000000250e+02
4.572100000000000364e+02
4.594300000000000068e+02
4.692699999999999818e+02
4.723199999999999932e+02
4.761999999999999886e+02
4.822699999999999818e+02
4.933199999999999932e+02
5.112700000000000387e+02
5.201399999999999864e+02
5.332200000000000273e+02
5.432100000000000364e+02
5.662100000000000364e+02
5.861900000000000546e+02
5.990299999999999727e+02
6.232500000000000000e+02
6.300800000000000409e+02
6.422100000000000364e+02
6.470700000000000500e+02
6.491200000000000045e+02
6.551900000000000546e+02
6.821800000000000637e+02
6.901200000000000045e+02
7.290399999999999636e+02
7.310900000000000318e+02
7.331299999999999955e+02
7.380299999999999727e+02
7.529800000000000182e+02
7.661000000000000227e+02
7.807899999999999636e+02
7.960700000000000500e+02
8.058999999999999773e+02
8.299300000000000637e+02
8.408899999999999864e+02
8.438300000000000409e+02
8.568700000000000045e+02
8.770099999999999909e+02
8.868600000000000136e+02
8.968999999999999773e+02
9.030500000000000682e+02
9.051000000000000227e+02
9.249600000000000364e+02
9.319300000000000637e+02
9.358899999999999864e+02
9.848899999999999864e+02
9.876800000000000637e+02
9.907900000000000773e+02
9.937500000000000000e+02
