4.820000000000000284e+00
1.291999999999999993e+01
2.273000000000000043e+01
3.678999999999999915e+01
4.845000000000000284e+01
5.062000000000000455e+01
6.471999999999999886e+01
6.885999999999999943e+01
7.457000000000000739e+01
9.690999999999999659e+01
9.907999999999999829e+01
1.085900000000000034e+02
1.108500000000000085e+02
1.149600000000000080e+02
1.225900000000000034e+02
1.367899999999999920e+02
1.426899999999999977e+02
1.448499999999999943e+02
1.505600000000000023e+02
1.527199999999999989e+02
1.604399999999999977e+02
1.647299999999999898e+02
1.705699999999999932e+02
1.727800000000000011e+02
1.805399999999999920e+02
1.865999999999999943e+02
1.985200000000000102e+02
2.046299999999999955e+02
2.086500000000000057e+02
2.147899999999999920e+02
2.265999999999999943e+02
2.305099999999999909e+02
2.366100000000000136e+02
2.387700000000000102e+02
2.526100000000000136e+02
2.608199999999999932e+02
2.666100000000000136e+02
2.747500000000000000e+02
2.787200000000000273e+02
3.086200000000000045e+02
3.122599999999999909e+02
3.345799999999999841e+02
3.426100000000000136e+02
3.646100000000000136e+02
3.685400000000000205e+02
3.724000000000000341e+02
3.763899999999999864e+02
3.925099999999999909e+02
3.984900000000000091e+02
4.064300000000000068e+02
4.243100000000000023e+02
4.264700000000000273e+02
4.402300000000000182e+02
4.463100000000000023e+02
4.564100000000000250e+02
4.642500000000000000e+02
4.762500000000000000e+02
4.803700000000000045e+02
4.923299999999999841e+02
4.944600000000000364e+02
5.023799999999999955e+02
5.059700000000000273e+02
5.140800000000000409e+02
5.162799999999999727e+02
5.261800000000000637e+02
5.502699999999999818e+02
5.544800000000000182e+02
5.903300000000000409e+02
5.942100000000000364e+02
6.001699999999999591e+02
6.060000000000000000e+02
6.163799999999999955e+02
6.239800000000000182e+02
6.262400000000000091e+02
6.343400000000000318e+02
6.442300000000000182e+02
6.464199999999999591e+02
6.781900000000000546e+02
6.840299999999999727e+02
6.901800000000000637e+02
6.998899999999999864e+02
7.020700000000000500e+02
7.100800000000000409e+02
7.160800000000000409e+02
7.238999999999999773e+02
7.280900000000000318e+02
7.320299999999999727e+02
7.400000000000000000e+02
7.460199999999999818e+02
7.600299999999999727e+02
7.659700000000000273e+02
7.738000000000000682e+02
7.759300000000000637e+02
7.800500000000000682e+02
7.881599999999999682e+02
7.998400000000000318e+02
8.059600000000000364e+02
8.099900000000000091e+02
8.160800000000000409e+02
8.201299999999999955e+02
8.298400000000000318e+02
8.320700000000000500e+02
8.398300000000000409e+02
8.439300000000000637e+02
8.558600000000000136e+02
8.797799999999999727e+02
8.861200000000000045e+02
8.937899999999999636e+02
9.019700000000000273e+02
9.097799999999999727e+02
9.198500000000000227e+02
9.258300000000000409e+02
9.280199999999999818e+02
9.337799999999999727e+02
9.457400000000000091e+02
9.497899999999999636e+02
9.637000000000000455e+02
9.698100000000000591e+02
9.759800000000000182e+02
9.818200000000000500e+02
9.856499999999999773e+02
9.897799999999999727e+02
