1.875000000000000000e+01
5.830000000000000426e+01
7.801999999999999602e+01
8.764000000000000057e+01
9.465999999999999659e+01
1.050900000000000034e+02
1.078599999999999994e+02
1.151400000000000006e+02
1.220900000000000034e+02
1.283400000000000034e+02
1.520399999999999920e+02
1.777599999999999909e+02
1.800600000000000023e+02
1.849900000000000091e+02
1.895000000000000000e+02
1.992800000000000011e+02
2.106200000000000045e+02
2.293199999999999932e+02
2.441899999999999977e+02
2.493000000000000114e+02
2.695199999999999818e+02
2.720400000000000205e+02
2.740799999999999841e+02
2.816600000000000250e+02
3.000099999999999909e+02
3.074300000000000068e+02
3.220500000000000114e+02
3.349800000000000182e+02
3.416899999999999977e+02
3.492200000000000273e+02
3.528700000000000045e+02
3.610400000000000205e+02
3.766299999999999955e+02
3.838199999999999932e+02
3.993700000000000045e+02
4.077100000000000364e+02
4.273600000000000136e+02
4.305000000000000000e+02
4.325500000000000114e+02
4.472200000000000273e+02
4.580199999999999818e+02
4.699300000000000068e+02
5.315800000000000409e+02
5.448700000000000045e+02
5.571200000000000045e+02
5.723100000000000591e+02
5.844900000000000091e+02
5.875600000000000591e+02
5.940099999999999909e+02
5.964600000000000364e+02
6.128999999999999773e+02
6.230500000000000682e+02
6.351299999999999955e+02
6.395900000000000318e+02
6.456800000000000637e+02
6.492799999999999727e+02
6.705800000000000409e+02
6.763700000000000045e+02
6.901499999999999773e+02
6.970099999999999909e+02
7.125000000000000000e+02
7.195000000000000000e+02
7.215500000000000682e+02
7.240800000000000409e+02
7.316299999999999955e+02
7.348999999999999773e+02
7.416399999999999864e+02
7.456699999999999591e+02
7.566900000000000546e+02
7.588999999999999773e+02
7.831900000000000546e+02
8.066299999999999955e+02
8.097300000000000182e+02
8.174900000000000091e+02
8.226399999999999864e+02
8.258300000000000409e+02
8.439700000000000273e+02
8.548300000000000409e+02
8.592400000000000091e+02
8.840700000000000500e+02
9.104099999999999682e+02
9.369900000000000091e+02
9.417599999999999909e+02
9.829500000000000455e+02
9.903600000000000136e+02
