1.595699999999999932e+02
3.588700000000000045e+02
4.108799999999999955e+02
5.635800000000000409e+02
8.075700000000000500e+02
8.111100000000000136e+02
8.604600000000000364e+02
9.080299999999999727e+02
9.566399999999999864e+02
1.038000000000000078e+01
1.370000000000000107e+01
1.583999999999999986e+01
1.819000000000000128e+01
2.165000000000000213e+01
6.481000000000000227e+01
6.693999999999999773e+01
6.921000000000000796e+01
7.229999999999999716e+01
1.072199999999999989e+02
1.098799999999999955e+02
1.155199999999999960e+02
1.178500000000000085e+02
1.201899999999999977e+02
1.225499999999999972e+02
1.595600000000000023e+02
1.629500000000000171e+02
1.653600000000000136e+02
1.693199999999999932e+02
2.100500000000000114e+02
2.127599999999999909e+02
2.169800000000000182e+02
2.191299999999999955e+02
2.616299999999999955e+02
2.637500000000000000e+02
2.677699999999999818e+02
3.107099999999999795e+02
3.137699999999999818e+02
3.160900000000000318e+02
3.196999999999999886e+02
3.223600000000000136e+02
3.588700000000000045e+02
3.651500000000000341e+02
3.672800000000000296e+02
4.108799999999999955e+02
4.161899999999999977e+02
4.209000000000000341e+02
4.619000000000000341e+02
4.670699999999999932e+02
4.711500000000000341e+02
5.142300000000000182e+02
5.176900000000000546e+02
5.203200000000000500e+02
5.229199999999999591e+02
5.635800000000000409e+02
5.658400000000000318e+02
5.691800000000000637e+02
5.713899999999999864e+02
5.748500000000000227e+02
6.105199999999999818e+02
6.127599999999999909e+02
6.173799999999999955e+02
6.207599999999999909e+02
6.246000000000000227e+02
6.637599999999999909e+02
6.662100000000000364e+02
6.685000000000000000e+02
6.709099999999999682e+02
6.733300000000000409e+02
7.105800000000000409e+02
7.127100000000000364e+02
7.167300000000000182e+02
7.198200000000000500e+02
7.235099999999999909e+02
7.605399999999999636e+02
7.631900000000000546e+02
7.660700000000000500e+02
7.692100000000000364e+02
7.762899999999999636e+02
8.075700000000000500e+02
8.111100000000000136e+02
8.150900000000000318e+02
8.187200000000000273e+02
8.604600000000000364e+02
8.625500000000000682e+02
8.648600000000000136e+02
8.673000000000000682e+02
8.698700000000000045e+02
8.738799999999999955e+02
9.080199999999999818e+02
9.148000000000000682e+02
9.173999999999999773e+02
9.217000000000000455e+02
9.566399999999999864e+02
9.644600000000000364e+02
1.041999999999999993e+01
1.375000000000000000e+01
1.694999999999999929e+01
6.489000000000000057e+01
6.701000000000000512e+01
7.234000000000000341e+01
1.156899999999999977e+02
1.181099999999999994e+02
1.202999999999999972e+02
1.228900000000000006e+02
1.595600000000000023e+02
1.630900000000000034e+02
2.101899999999999977e+02
2.172300000000000182e+02
2.196599999999999966e+02
2.617200000000000273e+02
2.638999999999999773e+02
3.107599999999999909e+02
3.197800000000000296e+02
3.224399999999999977e+02
3.588700000000000045e+02
3.651899999999999977e+02
3.673899999999999864e+02
4.108799999999999955e+02
4.619900000000000091e+02
4.673100000000000023e+02
5.143300000000000409e+02
5.178100000000000591e+02
5.635800000000000409e+02
5.659600000000000364e+02
6.105600000000000591e+02
6.174600000000000364e+02
6.246299999999999955e+02
6.643200000000000500e+02
6.664800000000000182e+02
6.685800000000000409e+02
7.126900000000000546e+02
7.176399999999999864e+02
7.199300000000000637e+02
7.605399999999999636e+02
7.671100000000000136e+02
8.075700000000000500e+02
8.111100000000000136e+02
8.152300000000000182e+02
8.604600000000000364e+02
8.625600000000000591e+02
8.649300000000000637e+02
9.080199999999999818e+02
9.180500000000000682e+02
9.217599999999999909e+02
9.566399999999999864e+02
9.644800000000000182e+02
1.045000000000000107e+01
1.380000000000000071e+01
7.240999999999999659e+01
1.595600000000000023e+02
2.103199999999999932e+02
2.173900000000000148e+02
2.639800000000000182e+02
3.108199999999999932e+02
3.225099999999999909e+02
3.588700000000000045e+02
3.652300000000000182e+02
4.108799999999999955e+02
5.191299999999999955e+02
5.635800000000000409e+02
6.175900000000000318e+02
6.246699999999999591e+02
6.665800000000000409e+02
6.687100000000000364e+02
7.605500000000000682e+02
8.075700000000000500e+02
8.111100000000000136e+02
8.604600000000000364e+02
8.625700000000000500e+02
9.080199999999999818e+02
9.566399999999999864e+02
9.645099999999999909e+02
1.050999999999999979e+01
1.595600000000000023e+02
3.588700000000000045e+02
3.653199999999999932e+02
4.108799999999999955e+02
5.635800000000000409e+02
6.247100000000000364e+02
7.605600000000000591e+02
8.075700000000000500e+02
8.111100000000000136e+02
8.604600000000000364e+02
8.625800000000000409e+02
9.080199999999999818e+02
9.566399999999999864e+02
1.595600000000000023e+02
3.588700000000000045e+02
4.108799999999999955e+02
5.635800000000000409e+02
7.605600000000000591e+02
8.075700000000000500e+02
8.111100000000000136e+02
8.604600000000000364e+02
8.625900000000000318e+02
9.080199999999999818e+02
9.566399999999999864e+02
1.595600000000000023e+02
3.588700000000000045e+02
4.108799999999999955e+02
5.635800000000000409e+02
7.605800000000000409e+02
8.075700000000000500e+02
8.111100000000000136e+02
8.604600000000000364e+02
8.626000000000000227e+02
9.080199999999999818e+02
9.566399999999999864e+02
1.595600000000000023e+02
3.588700000000000045e+02
4.108799999999999955e+02
5.635800000000000409e+02
7.605900000000000318e+02
8.075700000000000500e+02
8.111100000000000136e+02
8.604600000000000364e+02
8.626200000000000045e+02
9.080299999999999727e+02
9.566399999999999864e+02
1.595600000000000023e+02
3.588700000000000045e+02
4.108799999999999955e+02
5.635800000000000409e+02
8.075700000000000500e+02
8.111100000000000136e+02
8.604600000000000364e+02
8.626399999999999864e+02
9.080299999999999727e+02
9.566399999999999864e+02
1.595600000000000023e+02
3.588700000000000045e+02
4.108799999999999955e+02
5.635800000000000409e+02
8.075700000000000500e+02
8.111100000000000136e+02
8.604600000000000364e+02
8.626800000000000637e+02
9.080299999999999727e+02
9.566399999999999864e+02
