1.850000000000000000e+01
2.049000000000000199e+01
3.346000000000000085e+01
3.839999999999999858e+01
4.043999999999999773e+01
4.455000000000000426e+01
4.546000000000000085e+01
5.046000000000000085e+01
6.135000000000000142e+01
6.943999999999999773e+01
7.343999999999999773e+01
8.935000000000000853e+01
9.243000000000000682e+01
9.451000000000000512e+01
1.054600000000000080e+02
1.143900000000000006e+02
1.185100000000000051e+02
1.224600000000000080e+02
1.584300000000000068e+02
1.765000000000000000e+02
1.841599999999999966e+02
2.014000000000000057e+02
2.124200000000000159e+02
2.252899999999999920e+02
2.303100000000000023e+02
2.332400000000000091e+02
2.393199999999999932e+02
2.464200000000000159e+02
2.512400000000000091e+02
2.603199999999999932e+02
2.692599999999999909e+02
2.731800000000000068e+02
2.763500000000000227e+02
2.905199999999999818e+02
2.965000000000000000e+02
2.983000000000000114e+02
3.033500000000000227e+02
3.063600000000000136e+02
3.102300000000000182e+02
3.152099999999999795e+02
3.183500000000000227e+02
3.191100000000000136e+02
3.213400000000000318e+02
3.253299999999999841e+02
3.873100000000000023e+02
3.909499999999999886e+02
3.910199999999999818e+02
3.941999999999999886e+02
4.023199999999999932e+02
4.140799999999999841e+02
4.201600000000000250e+02
4.312599999999999909e+02
4.560500000000000114e+02
4.583000000000000114e+02
4.591200000000000045e+02
4.681200000000000045e+02
4.711700000000000159e+02
4.750300000000000296e+02
4.811100000000000136e+02
4.921700000000000159e+02
5.101200000000000045e+02
5.189800000000000182e+02
5.320700000000000500e+02
5.420499999999999545e+02
5.650500000000000682e+02
5.850399999999999636e+02
5.978799999999999955e+02
6.221000000000000227e+02
6.289199999999999591e+02
6.410600000000000591e+02
6.459099999999999682e+02
6.479800000000000182e+02
6.540399999999999636e+02
6.810299999999999727e+02
6.889600000000000364e+02
7.278899999999999864e+02
7.299400000000000546e+02
7.318400000000000318e+02
7.368700000000000045e+02
7.518300000000000409e+02
7.649300000000000637e+02
7.796200000000000045e+02
7.949099999999999682e+02
8.047500000000000000e+02
8.287699999999999818e+02
8.397400000000000091e+02
8.426800000000000637e+02
8.557100000000000364e+02
8.758600000000000136e+02
8.857100000000000364e+02
8.957400000000000091e+02
9.018899999999999864e+02
9.037100000000000364e+02
9.237899999999999636e+02
9.307799999999999727e+02
9.347400000000000091e+02
9.837400000000000091e+02
9.865299999999999727e+02
9.896399999999999864e+02
9.926000000000000227e+02
9.927799999999999727e+02
