8.220000000000000639e+00
2.164000000000000057e+01
4.885000000000000142e+01
8.282999999999999829e+01
8.412999999999999545e+01
2.323199999999999932e+02
2.386100000000000136e+02
2.579399999999999977e+02
2.589399999999999977e+02
2.802500000000000000e+02
2.964300000000000068e+02
3.478000000000000114e+02
4.052100000000000364e+02
4.162100000000000364e+02
4.405600000000000023e+02
4.559300000000000068e+02
5.182000000000000455e+02
6.225500000000000682e+02
6.379300000000000637e+02
7.166599999999999682e+02
7.279099999999999682e+02
7.392000000000000455e+02
8.631200000000000045e+02
8.826599999999999682e+02
9.762799999999999727e+02
9.831100000000000136e+02
9.869500000000000455e+02
