3.700000000000000178e+00
5.740000000000000213e+00
1.391999999999999993e+01
2.376000000000000156e+01
3.367999999999999972e+01
3.575000000000000000e+01
4.407000000000000028e+01
4.792000000000000171e+01
6.993000000000000682e+01
9.375000000000000000e+01
9.771000000000000796e+01
1.078100000000000023e+02
1.278700000000000045e+02
1.338100000000000023e+02
1.435999999999999943e+02
1.516400000000000148e+02
1.536899999999999977e+02
1.557500000000000000e+02
1.715999999999999943e+02
1.795600000000000023e+02
1.816200000000000045e+02
1.858000000000000114e+02
1.878600000000000136e+02
2.055600000000000023e+02
2.178000000000000114e+02
2.238199999999999932e+02
2.275200000000000102e+02
2.514800000000000182e+02
2.576200000000000045e+02
2.596899999999999977e+02
2.675900000000000318e+02
2.896299999999999955e+02
2.975300000000000296e+02
2.996100000000000136e+02
3.056800000000000068e+02
3.133299999999999841e+02
3.196500000000000341e+02
3.235400000000000205e+02
3.355600000000000023e+02
3.413500000000000227e+02
3.594100000000000250e+02
3.635099999999999909e+02
3.814900000000000091e+02
3.935400000000000205e+02
4.053299999999999841e+02
4.134900000000000091e+02
4.155400000000000205e+02
4.175600000000000023e+02
4.215400000000000205e+02
4.354600000000000364e+02
4.391999999999999886e+02
4.415099999999999909e+02
4.473500000000000227e+02
4.551200000000000045e+02
4.653700000000000045e+02
4.717200000000000273e+02
4.833199999999999932e+02
4.933199999999999932e+02
5.012700000000000387e+02
5.033000000000000114e+02
5.070099999999999909e+02
5.112500000000000000e+02
5.150700000000000500e+02
5.231100000000000136e+02
5.331800000000000637e+02
5.352100000000000364e+02
5.393600000000000136e+02
5.430399999999999636e+02
5.454500000000000455e+02
5.512799999999999727e+02
5.652200000000000273e+02
5.791299999999999955e+02
5.954099999999999682e+02
6.011499999999999773e+02
6.072100000000000364e+02
6.172799999999999727e+02
6.193300000000000409e+02
6.353400000000000318e+02
6.430199999999999818e+02
6.454099999999999682e+02
6.633700000000000045e+02
6.693000000000000682e+02
6.713400000000000318e+02
6.733700000000000045e+02
6.833400000000000318e+02
7.009700000000000273e+02
7.031000000000000227e+02
7.171299999999999955e+02
7.229199999999999591e+02
7.249400000000000546e+02
7.548999999999999773e+02
7.608700000000000045e+02
7.670900000000000318e+02
7.748999999999999773e+02
7.770299999999999727e+02
7.850099999999999909e+02
7.891100000000000136e+02
8.007500000000000000e+02
8.069300000000000637e+02
8.170299999999999727e+02
8.247799999999999727e+02
8.388799999999999955e+02
8.408999999999999773e+02
8.429500000000000455e+02
8.510800000000000409e+02
8.570099999999999909e+02
8.710199999999999818e+02
8.808700000000000045e+02
8.930500000000000682e+02
9.029400000000000546e+02
9.068999999999999773e+02
9.148700000000000045e+02
9.207300000000000182e+02
9.247500000000000000e+02
9.288100000000000591e+02
9.349200000000000728e+02
9.410099999999999909e+02
9.430500000000000682e+02
9.466399999999999864e+02
9.507599999999999909e+02
9.690900000000000318e+02
9.827400000000000091e+02
9.907699999999999818e+02
3.700000000000000178e+00
5.740000000000000213e+00
1.392999999999999972e+01
2.378000000000000114e+01
3.367999999999999972e+01
3.575000000000000000e+01
4.792000000000000171e+01
6.996999999999999886e+01
9.376000000000000512e+01
9.776999999999999602e+01
1.279300000000000068e+02
1.338199999999999932e+02
1.435999999999999943e+02
1.516500000000000057e+02
1.537700000000000102e+02
1.558300000000000125e+02
1.716100000000000136e+02
1.795900000000000034e+02
1.817400000000000091e+02
1.858600000000000136e+02
2.055800000000000125e+02
2.238499999999999943e+02
2.275300000000000011e+02
2.515000000000000000e+02
2.676399999999999864e+02
2.896299999999999955e+02
2.975300000000000296e+02
2.996299999999999955e+02
3.056999999999999886e+02
3.133600000000000136e+02
3.196700000000000159e+02
3.235400000000000205e+02
3.355699999999999932e+02
3.413600000000000136e+02
3.594499999999999886e+02
3.635199999999999818e+02
3.935500000000000114e+02
4.053500000000000227e+02
4.135199999999999818e+02
4.173500000000000227e+02
4.215799999999999841e+02
4.354700000000000273e+02
4.391999999999999886e+02
4.415600000000000023e+02
4.551600000000000250e+02
4.654000000000000341e+02
4.933299999999999841e+02
5.013000000000000114e+02
5.033400000000000318e+02
5.070300000000000296e+02
5.112800000000000296e+02
5.151399999999999864e+02
5.231200000000000045e+02
5.332000000000000455e+02
5.352300000000000182e+02
5.393600000000000136e+02
5.652200000000000273e+02
5.791299999999999955e+02
6.011599999999999682e+02
6.172899999999999636e+02
6.193500000000000227e+02
6.353700000000000045e+02
6.430299999999999727e+02
6.454400000000000546e+02
6.713000000000000682e+02
6.733400000000000318e+02
7.009700000000000273e+02
7.031200000000000045e+02
7.229400000000000546e+02
7.249600000000000364e+02
7.549700000000000273e+02
7.608799999999999955e+02
7.749400000000000546e+02
7.850299999999999727e+02
7.891100000000000136e+02
8.007599999999999909e+02
8.069400000000000546e+02
8.170500000000000682e+02
8.247899999999999636e+02
8.389099999999999682e+02
8.409300000000000637e+02
8.429900000000000091e+02
8.570500000000000682e+02
8.710299999999999727e+02
8.808700000000000045e+02
8.930700000000000500e+02
9.029500000000000455e+02
9.069200000000000728e+02
9.148899999999999864e+02
9.207300000000000182e+02
9.288700000000000045e+02
9.410299999999999727e+02
9.430700000000000500e+02
9.466399999999999864e+02
9.508899999999999864e+02
9.827599999999999909e+02
9.908000000000000682e+02
3.700000000000000178e+00
5.740000000000000213e+00
1.395000000000000107e+01
2.380999999999999872e+01
3.367999999999999972e+01
3.575999999999999801e+01
4.792999999999999972e+01
9.376999999999999602e+01
9.779999999999999716e+01
1.338400000000000034e+02
1.436100000000000136e+02
1.516599999999999966e+02
1.716299999999999955e+02
1.817599999999999909e+02
2.055999999999999943e+02
2.256100000000000136e+02
2.276400000000000148e+02
2.515200000000000102e+02
2.896399999999999864e+02
2.975300000000000296e+02
2.996500000000000341e+02
3.057500000000000000e+02
3.133899999999999864e+02
3.196800000000000068e+02
3.235400000000000205e+02
3.355900000000000318e+02
3.413799999999999955e+02
3.635199999999999818e+02
3.935600000000000023e+02
4.053899999999999864e+02
4.153199999999999932e+02
4.173600000000000136e+02
4.354800000000000182e+02
4.391999999999999886e+02
4.933500000000000227e+02
5.070600000000000023e+02
5.151800000000000637e+02
5.231299999999999955e+02
5.332200000000000273e+02
5.352500000000000000e+02
5.393600000000000136e+02
5.652200000000000273e+02
5.791299999999999955e+02
6.011800000000000637e+02
6.173000000000000682e+02
6.193700000000000045e+02
6.353999999999999773e+02
6.430299999999999727e+02
6.713100000000000591e+02
6.733500000000000227e+02
7.009700000000000273e+02
7.031499999999999773e+02
7.230500000000000682e+02
7.250700000000000500e+02
7.609099999999999682e+02
7.850600000000000591e+02
7.891200000000000045e+02
8.007699999999999818e+02
8.069600000000000364e+02
8.170700000000000500e+02
8.248200000000000500e+02
8.390800000000000409e+02
8.411200000000000045e+02
8.710399999999999636e+02
8.808799999999999955e+02
8.930900000000000318e+02
9.029700000000000273e+02
9.069400000000000546e+02
9.148999999999999773e+02
9.207400000000000091e+02
9.289500000000000455e+02
9.410500000000000682e+02
9.431000000000000227e+02
9.466499999999999773e+02
9.509099999999999682e+02
9.827799999999999727e+02
9.908200000000000500e+02
3.700000000000000178e+00
5.740000000000000213e+00
1.400000000000000000e+01
3.368999999999999773e+01
3.575999999999999801e+01
4.793999999999999773e+01
9.376999999999999602e+01
1.338499999999999943e+02
1.436200000000000045e+02
1.516700000000000159e+02
1.716500000000000057e+02
1.817800000000000011e+02
2.256200000000000045e+02
2.276599999999999966e+02
2.515399999999999920e+02
2.896500000000000341e+02
2.975300000000000296e+02
3.196999999999999886e+02
3.235400000000000205e+02
3.356200000000000045e+02
3.414100000000000250e+02
3.635300000000000296e+02
3.935799999999999841e+02
4.153299999999999841e+02
4.173700000000000045e+02
4.354800000000000182e+02
4.391999999999999886e+02
4.933700000000000045e+02
5.070799999999999841e+02
5.152100000000000364e+02
5.231399999999999864e+02
5.352000000000000455e+02
5.393700000000000045e+02
5.652300000000000182e+02
5.791299999999999955e+02
6.012100000000000364e+02
6.173200000000000500e+02
6.430399999999999636e+02
6.713300000000000409e+02
6.733700000000000045e+02
7.009800000000000182e+02
7.230900000000000318e+02
7.610299999999999727e+02
7.891299999999999955e+02
8.007699999999999818e+02
8.069800000000000182e+02
8.248500000000000227e+02
8.391100000000000136e+02
8.710700000000000500e+02
8.808799999999999955e+02
8.931000000000000227e+02
9.030000000000000000e+02
9.069800000000000182e+02
9.149200000000000728e+02
9.207400000000000091e+02
9.430000000000000000e+02
9.466499999999999773e+02
9.509300000000000637e+02
9.828100000000000591e+02
3.700000000000000178e+00
5.740000000000000213e+00
1.416999999999999993e+01
3.368999999999999773e+01
3.575999999999999801e+01
4.793999999999999773e+01
9.378000000000000114e+01
1.338700000000000045e+02
1.436200000000000045e+02
1.516899999999999977e+02
1.817899999999999920e+02
2.256299999999999955e+02
2.276700000000000159e+02
2.515600000000000023e+02
2.896700000000000159e+02
2.975400000000000205e+02
3.213700000000000045e+02
3.235400000000000205e+02
3.635300000000000296e+02
4.153500000000000227e+02
4.173899999999999864e+02
4.354900000000000091e+02
4.391999999999999886e+02
4.933799999999999955e+02
5.152400000000000091e+02
5.231599999999999682e+02
5.352100000000000364e+02
5.393700000000000045e+02
5.652300000000000182e+02
5.791299999999999955e+02
6.173500000000000227e+02
6.430500000000000682e+02
6.713600000000000136e+02
6.733999999999999773e+02
7.009800000000000182e+02
7.249600000000000364e+02
7.610399999999999636e+02
7.891299999999999955e+02
8.007799999999999727e+02
8.070099999999999909e+02
8.391499999999999773e+02
8.808899999999999864e+02
8.931200000000000045e+02
9.149500000000000455e+02
9.207400000000000091e+02
9.430199999999999818e+02
9.466499999999999773e+02
9.509600000000000364e+02
3.700000000000000178e+00
5.740000000000000213e+00
3.368999999999999773e+01
3.577000000000000313e+01
4.795000000000000284e+01
9.379000000000000625e+01
1.338900000000000148e+02
1.436299999999999955e+02
1.517299999999999898e+02
1.818000000000000114e+02
2.256500000000000057e+02
2.277000000000000171e+02
2.515699999999999932e+02
2.975400000000000205e+02
3.213899999999999864e+02
3.235400000000000205e+02
3.635400000000000205e+02
4.153700000000000045e+02
4.174200000000000159e+02
4.355099999999999909e+02
4.391999999999999886e+02
4.934000000000000341e+02
5.152699999999999818e+02
5.231800000000000637e+02
5.352200000000000273e+02
5.393700000000000045e+02
5.652300000000000182e+02
5.791299999999999955e+02
6.430600000000000591e+02
6.733400000000000318e+02
7.009900000000000091e+02
7.610600000000000591e+02
7.891399999999999864e+02
8.007899999999999636e+02
8.408300000000000409e+02
8.808899999999999864e+02
8.931299999999999955e+02
9.150000000000000000e+02
9.207500000000000000e+02
9.430399999999999636e+02
9.466499999999999773e+02
3.700000000000000178e+00
5.740000000000000213e+00
3.370000000000000284e+01
3.577000000000000313e+01
4.796000000000000085e+01
9.379999999999999716e+01
1.436500000000000057e+02
1.818400000000000034e+02
2.515999999999999943e+02
2.975500000000000114e+02
3.235500000000000114e+02
3.635500000000000114e+02
4.355400000000000205e+02
4.392100000000000364e+02
4.934399999999999977e+02
5.352400000000000091e+02
5.393700000000000045e+02
5.652400000000000091e+02
5.791299999999999955e+02
6.430900000000000318e+02
6.733500000000000227e+02
7.010000000000000000e+02
7.611000000000000227e+02
7.891599999999999682e+02
8.008200000000000500e+02
8.408400000000000318e+02
8.809099999999999682e+02
8.947500000000000000e+02
9.207599999999999909e+02
9.466599999999999682e+02
3.700000000000000178e+00
5.740000000000000213e+00
1.216999999999999993e+01
1.418999999999999950e+01
2.192000000000000171e+01
2.394999999999999929e+01
3.185000000000000142e+01
3.386999999999999744e+01
3.589999999999999858e+01
3.792999999999999972e+01
3.996999999999999886e+01
4.395000000000000284e+01
4.789999999999999858e+01
5.212000000000000455e+01
5.578999999999999915e+01
5.982000000000000028e+01
6.571000000000000796e+01
6.960999999999999943e+01
7.179999999999999716e+01
7.560000000000000853e+01
7.789000000000000057e+01
7.990999999999999659e+01
8.193000000000000682e+01
9.373000000000000398e+01
9.759000000000000341e+01
9.979000000000000625e+01
1.037999999999999972e+02
1.074800000000000040e+02
1.096700000000000017e+02
1.136800000000000068e+02
1.157100000000000080e+02
1.177400000000000091e+02
1.215900000000000034e+02
1.236200000000000045e+02
1.277699999999999960e+02
1.337700000000000102e+02
1.380500000000000114e+02
1.435800000000000125e+02
1.456800000000000068e+02
1.516100000000000136e+02
1.536400000000000148e+02
1.556700000000000159e+02
1.578000000000000114e+02
1.598499999999999943e+02
1.618700000000000045e+02
1.656299999999999955e+02
1.715600000000000023e+02
1.735999999999999943e+02
1.756500000000000057e+02
1.795200000000000102e+02
1.815699999999999932e+02
1.857400000000000091e+02
1.878100000000000023e+02
1.916500000000000057e+02
2.055300000000000011e+02
2.075699999999999932e+02
2.115200000000000102e+02
2.156200000000000045e+02
2.176800000000000068e+02
2.237700000000000102e+02
2.258000000000000114e+02
2.278199999999999932e+02
2.317800000000000011e+02
2.356700000000000159e+02
2.377000000000000171e+02
2.398900000000000148e+02
2.458199999999999932e+02
2.514300000000000068e+02
2.536299999999999955e+02
2.575500000000000114e+02
2.595900000000000318e+02
2.636899999999999977e+02
2.675400000000000205e+02
2.732400000000000091e+02
2.755600000000000023e+02
2.777800000000000296e+02
2.814499999999999886e+02
2.896100000000000136e+02
2.975199999999999818e+02
2.995699999999999932e+02
3.016100000000000136e+02
3.056399999999999864e+02
3.132599999999999909e+02
3.196200000000000045e+02
3.235300000000000296e+02
3.255699999999999932e+02
3.314900000000000091e+02
3.336899999999999977e+02
3.357200000000000273e+02
3.413100000000000023e+02
3.497300000000000182e+02
3.517500000000000000e+02
3.572500000000000000e+02
3.593500000000000227e+02
3.635000000000000000e+02
3.696800000000000068e+02
3.735699999999999932e+02
3.755900000000000318e+02
3.776100000000000136e+02
3.796600000000000250e+02
3.816800000000000068e+02
3.894600000000000364e+02
3.935199999999999818e+02
3.997100000000000364e+02
4.052800000000000296e+02
4.073199999999999932e+02
4.116100000000000136e+02
4.136399999999999864e+02
4.173100000000000023e+02
4.193500000000000227e+02
4.214800000000000182e+02
4.235300000000000296e+02
4.276999999999999886e+02
4.354399999999999977e+02
4.391899999999999977e+02
4.414399999999999977e+02
4.472400000000000091e+02
4.512300000000000182e+02
4.550600000000000023e+02
4.573899999999999864e+02
4.595799999999999841e+02
4.616100000000000136e+02
4.652599999999999909e+02
4.673799999999999955e+02
4.716399999999999864e+02
4.754000000000000341e+02
4.774399999999999977e+02
4.812699999999999818e+02
4.832900000000000205e+02
4.853400000000000318e+02
4.894900000000000091e+02
4.932800000000000296e+02
4.953600000000000136e+02
5.012100000000000364e+02
5.032400000000000091e+02
5.069600000000000364e+02
5.111600000000000250e+02
5.150099999999999909e+02
5.172500000000000000e+02
5.192799999999999727e+02
5.230700000000000500e+02
5.272599999999999909e+02
5.312400000000000091e+02
5.332699999999999818e+02
5.352999999999999545e+02
5.393600000000000136e+02
5.429800000000000182e+02
5.453200000000000500e+02
5.493000000000000682e+02
5.513300000000000409e+02
5.652100000000000364e+02
5.791299999999999955e+02
5.952799999999999727e+02
5.973100000000000591e+02
6.011100000000000136e+02
6.071100000000000136e+02
6.092799999999999727e+02
6.113000000000000682e+02
6.152000000000000455e+02
6.172599999999999909e+02
6.192899999999999636e+02
6.231399999999999864e+02
6.251800000000000637e+02
6.331000000000000227e+02
6.352200000000000273e+02
6.430000000000000000e+02
6.453700000000000045e+02
6.474300000000000637e+02
6.531299999999999955e+02
6.571000000000000227e+02
6.632899999999999636e+02
6.671100000000000136e+02
6.692400000000000091e+02
6.712699999999999818e+02
6.733100000000000591e+02
6.810399999999999636e+02
6.832300000000000182e+02
6.852599999999999909e+02
6.891000000000000227e+02
6.911499999999999773e+02
6.931900000000000546e+02
7.009600000000000364e+02
7.030500000000000682e+02
7.069900000000000091e+02
7.112200000000000273e+02
7.133799999999999955e+02
7.170500000000000682e+02
7.228700000000000045e+02
7.248899999999999864e+02
7.292500000000000000e+02
7.312699999999999818e+02
7.333000000000000682e+02
7.374099999999999682e+02
7.394600000000000364e+02
7.429199999999999591e+02
7.491299999999999955e+02
7.512000000000000455e+02
7.548400000000000318e+02
7.608300000000000409e+02
7.628700000000000045e+02
7.669700000000000273e+02
7.690000000000000000e+02
7.730800000000000409e+02
7.751000000000000227e+02
7.771200000000000045e+02
7.830800000000000409e+02
7.851000000000000227e+02
7.890900000000000318e+02
7.911200000000000045e+02
7.951000000000000227e+02
8.007400000000000091e+02
8.068600000000000136e+02
8.110500000000000682e+02
8.170000000000000000e+02
8.247400000000000091e+02
8.313799999999999955e+02
8.334099999999999682e+02
8.388300000000000409e+02
8.408500000000000227e+02
8.428899999999999864e+02
8.450000000000000000e+02
8.509700000000000273e+02
8.549500000000000455e+02
8.569700000000000273e+02
8.611299999999999955e+02
8.709900000000000091e+02
8.730199999999999818e+02
8.808600000000000136e+02
8.829099999999999682e+02
8.929700000000000273e+02
8.950199999999999818e+02
9.028999999999999773e+02
9.068600000000000136e+02
9.108500000000000227e+02
9.148100000000000591e+02
9.207100000000000364e+02
9.228400000000000318e+02
9.248600000000000136e+02
9.287500000000000000e+02
9.307899999999999636e+02
9.348500000000000227e+02
9.369600000000000364e+02
9.409800000000000182e+02
9.430099999999999909e+02
9.466299999999999955e+02
9.506900000000000546e+02
9.569900000000000091e+02
9.590299999999999727e+02
9.650700000000000500e+02
9.689500000000000455e+02
9.709900000000000091e+02
9.730099999999999909e+02
9.789800000000000182e+02
9.826900000000000546e+02
9.847500000000000000e+02
9.867900000000000773e+02
9.890000000000000000e+02
9.910199999999999818e+02
9.988899999999999864e+02
3.700000000000000178e+00
5.740000000000000213e+00
1.221000000000000085e+01
1.423000000000000043e+01
2.198000000000000043e+01
3.187999999999999901e+01
3.389999999999999858e+01
3.592999999999999972e+01
3.798000000000000398e+01
4.398000000000000398e+01
4.791000000000000369e+01
5.592000000000000171e+01
5.988000000000000256e+01
6.573999999999999488e+01
6.965999999999999659e+01
7.190999999999999659e+01
7.565000000000000568e+01
7.793999999999999773e+01
7.996999999999999886e+01
8.200000000000000000e+01
9.373999999999999488e+01
9.762000000000000455e+01
9.987000000000000455e+01
1.038599999999999994e+02
1.075100000000000051e+02
1.097000000000000028e+02
1.137300000000000040e+02
1.157900000000000063e+02
1.178500000000000085e+02
1.216599999999999966e+02
1.237000000000000028e+02
1.278100000000000023e+02
1.337899999999999920e+02
1.398100000000000023e+02
1.435900000000000034e+02
1.457100000000000080e+02
1.516200000000000045e+02
1.536500000000000057e+02
1.556899999999999977e+02
1.578700000000000045e+02
1.616200000000000045e+02
1.656800000000000068e+02
1.715800000000000125e+02
1.736400000000000148e+02
1.757000000000000171e+02
1.795300000000000011e+02
1.815800000000000125e+02
1.857500000000000000e+02
1.878199999999999932e+02
1.917000000000000171e+02
2.055399999999999920e+02
2.076200000000000045e+02
2.115800000000000125e+02
2.156599999999999966e+02
2.177199999999999989e+02
2.237899999999999920e+02
2.258300000000000125e+02
2.278600000000000136e+02
2.357100000000000080e+02
2.377700000000000102e+02
2.514500000000000171e+02
2.536500000000000057e+02
2.575699999999999932e+02
2.596100000000000136e+02
2.637599999999999909e+02
2.675600000000000023e+02
2.732900000000000205e+02
2.755900000000000318e+02
2.796299999999999955e+02
2.896100000000000136e+02
2.975199999999999818e+02
2.995799999999999841e+02
3.016399999999999864e+02
3.056500000000000341e+02
3.132800000000000296e+02
3.196299999999999955e+02
3.235300000000000296e+02
3.255799999999999841e+02
3.315300000000000296e+02
3.337200000000000273e+02
3.357599999999999909e+02
3.413199999999999932e+02
3.514000000000000341e+02
3.573100000000000023e+02
3.593700000000000045e+02
3.635000000000000000e+02
3.697500000000000000e+02
3.736200000000000045e+02
3.756500000000000341e+02
3.814399999999999977e+02
3.935300000000000296e+02
3.997599999999999909e+02
4.053000000000000114e+02
4.073600000000000136e+02
4.134499999999999886e+02
4.154800000000000182e+02
4.174900000000000091e+02
4.195300000000000296e+02
4.215699999999999932e+02
4.236200000000000045e+02
4.354499999999999886e+02
4.391899999999999977e+02
4.414700000000000273e+02
4.472599999999999909e+02
4.512800000000000296e+02
4.550799999999999841e+02
4.574200000000000159e+02
4.596500000000000341e+02
4.653000000000000114e+02
4.716600000000000250e+02
4.754399999999999977e+02
4.775000000000000000e+02
4.813100000000000023e+02
4.833299999999999841e+02
4.853799999999999955e+02
4.895600000000000023e+02
4.932900000000000205e+02
4.953899999999999864e+02
5.012300000000000182e+02
5.032599999999999909e+02
5.069800000000000182e+02
5.111999999999999886e+02
5.150299999999999727e+02
5.172799999999999727e+02
5.230800000000000409e+02
5.272799999999999727e+02
5.312699999999999818e+02
5.332999999999999545e+02
5.353300000000000409e+02
5.393600000000000136e+02
5.429900000000000091e+02
5.453700000000000045e+02
5.493600000000000136e+02
5.513999999999999773e+02
5.652200000000000273e+02
5.791299999999999955e+02
5.953200000000000500e+02
5.973799999999999955e+02
6.011200000000000045e+02
6.071299999999999955e+02
6.093799999999999955e+02
6.114099999999999682e+02
6.152400000000000091e+02
6.172799999999999727e+02
6.193100000000000591e+02
6.231699999999999591e+02
6.252200000000000273e+02
6.331800000000000637e+02
6.352500000000000000e+02
6.430099999999999909e+02
6.453799999999999955e+02
6.475099999999999909e+02
6.531599999999999682e+02
6.571200000000000045e+02
6.633100000000000591e+02
6.671499999999999773e+02
6.692500000000000000e+02
6.712799999999999727e+02
6.733200000000000500e+02
6.811100000000000136e+02
6.832500000000000000e+02
6.852799999999999727e+02
6.912000000000000455e+02
7.009600000000000364e+02
7.030600000000000591e+02
7.070099999999999909e+02
7.112500000000000000e+02
7.170700000000000500e+02
7.228899999999999864e+02
7.249099999999999682e+02
7.293300000000000409e+02
7.331599999999999682e+02
7.394700000000000273e+02
7.429500000000000455e+02
7.491699999999999591e+02
7.529199999999999591e+02
7.549500000000000455e+02
7.608400000000000318e+02
7.628999999999999773e+02
7.670199999999999818e+02
7.690600000000000591e+02
7.731399999999999864e+02
7.751700000000000728e+02
7.771900000000000546e+02
7.831399999999999864e+02
7.851599999999999682e+02
7.891000000000000227e+02
7.911299999999999955e+02
7.951499999999999773e+02
8.007400000000000091e+02
8.068899999999999864e+02
8.110700000000000500e+02
8.170099999999999909e+02
8.247500000000000000e+02
8.333400000000000318e+02
8.388500000000000227e+02
8.408700000000000045e+02
8.429099999999999682e+02
8.451000000000000227e+02
8.510099999999999909e+02
8.550500000000000682e+02
8.570700000000000500e+02
8.611499999999999773e+02
8.710000000000000000e+02
8.730500000000000682e+02
8.808600000000000136e+02
8.829300000000000637e+02
8.930000000000000000e+02
9.029099999999999682e+02
9.068700000000000045e+02
9.108799999999999955e+02
9.148200000000000500e+02
9.207200000000000273e+02
9.228899999999999864e+02
9.249099999999999682e+02
9.287599999999999909e+02
9.308400000000000318e+02
9.348700000000000045e+02
9.369900000000000091e+02
9.409900000000000091e+02
9.430199999999999818e+02
9.466399999999999864e+02
9.507100000000000364e+02
9.570199999999999818e+02
9.590800000000000409e+02
9.689900000000000091e+02
9.727100000000000364e+02
9.790700000000000500e+02
9.827100000000000364e+02
9.847900000000000773e+02
9.869200000000000728e+02
9.890700000000000500e+02
9.910900000000000318e+02
9.989300000000000637e+02
3.700000000000000178e+00
5.740000000000000213e+00
1.391000000000000014e+01
2.375000000000000000e+01
3.191000000000000014e+01
3.392999999999999972e+01
3.596000000000000085e+01
4.400999999999999801e+01
4.791000000000000369e+01
5.600999999999999801e+01
6.576999999999999602e+01
6.990000000000000568e+01
7.198999999999999488e+01
7.962999999999999545e+01
8.184000000000000341e+01
9.373999999999999488e+01
9.765000000000000568e+01
9.996000000000000796e+01
1.075499999999999972e+02
1.097500000000000000e+02
1.158900000000000006e+02
1.179600000000000080e+02
1.278400000000000034e+02
1.338000000000000114e+02
1.435900000000000034e+02
1.457599999999999909e+02
1.516299999999999955e+02
1.536700000000000159e+02
1.557199999999999989e+02
1.616599999999999966e+02
1.715900000000000034e+02
1.737000000000000171e+02
1.795500000000000114e+02
1.815999999999999943e+02
1.857700000000000102e+02
1.878400000000000034e+02
2.055500000000000114e+02
2.116400000000000148e+02
2.177500000000000000e+02
2.238000000000000114e+02
2.258499999999999943e+02
2.278900000000000148e+02
2.357599999999999909e+02
2.378400000000000034e+02
2.514600000000000080e+02
2.536800000000000068e+02
2.575900000000000318e+02
2.596399999999999864e+02
2.675699999999999932e+02
2.756200000000000045e+02
2.896200000000000045e+02
2.975199999999999818e+02
2.995900000000000318e+02
3.056600000000000250e+02
3.133000000000000114e+02
3.196399999999999864e+02
3.235400000000000205e+02
3.256200000000000045e+02
3.337699999999999818e+02
3.413299999999999841e+02
3.516999999999999886e+02
3.576000000000000227e+02
3.635099999999999909e+02
3.756600000000000250e+02
3.814700000000000273e+02
3.935300000000000296e+02
4.053100000000000023e+02
4.076899999999999977e+02
4.134700000000000273e+02
4.155099999999999909e+02
4.175199999999999818e+02
4.215199999999999818e+02
4.354600000000000364e+02
4.391999999999999886e+02
4.414900000000000091e+02
4.472900000000000205e+02
4.515300000000000296e+02
4.551000000000000227e+02
4.574600000000000364e+02
4.653299999999999841e+02
4.716800000000000068e+02
4.755000000000000000e+02
4.776000000000000227e+02
4.832699999999999818e+02
4.854300000000000068e+02
4.933100000000000023e+02
4.954499999999999886e+02
5.012500000000000000e+02
5.032800000000000296e+02
5.069900000000000091e+02
5.112200000000000273e+02
5.150499999999999545e+02
5.173500000000000227e+02
5.231000000000000227e+02
5.273100000000000591e+02
5.313200000000000500e+02
5.333600000000000136e+02
5.353999999999999773e+02
5.393600000000000136e+02
5.430099999999999909e+02
5.453999999999999773e+02
5.512599999999999909e+02
5.652200000000000273e+02
5.791299999999999955e+02
5.953500000000000227e+02
6.011299999999999955e+02
6.071599999999999682e+02
6.113300000000000409e+02
6.172699999999999818e+02
6.193100000000000591e+02
6.232200000000000273e+02
6.333300000000000409e+02
6.353600000000000136e+02
6.430099999999999909e+02
6.453999999999999773e+02
6.532400000000000091e+02
6.571599999999999682e+02
6.633400000000000318e+02
6.672200000000000273e+02
6.692799999999999727e+02
6.713100000000000591e+02
6.733400000000000318e+02
6.832799999999999727e+02
6.853200000000000500e+02
7.009600000000000364e+02
7.030800000000000409e+02
7.070500000000000682e+02
7.171000000000000227e+02
7.228999999999999773e+02
7.249199999999999591e+02
7.310700000000000500e+02
7.430099999999999909e+02
7.529800000000000182e+02
7.550199999999999818e+02
7.608500000000000227e+02
7.629500000000000455e+02
7.670500000000000682e+02
7.748799999999999955e+02
7.769800000000000182e+02
7.849900000000000091e+02
7.891000000000000227e+02
7.911499999999999773e+02
8.007500000000000000e+02
8.069099999999999682e+02
8.111100000000000136e+02
8.170199999999999818e+02
8.247699999999999818e+02
8.388600000000000136e+02
8.408799999999999955e+02
8.429300000000000637e+02
8.510399999999999636e+02
8.569800000000000182e+02
8.611900000000000546e+02
8.710099999999999909e+02
8.808700000000000045e+02
8.829600000000000364e+02
8.930199999999999818e+02
9.029200000000000728e+02
9.068899999999999864e+02
9.148400000000000318e+02
9.207200000000000273e+02
9.247000000000000455e+02
9.287799999999999727e+02
9.348899999999999864e+02
9.370399999999999636e+02
9.410000000000000000e+02
9.430399999999999636e+02
9.466399999999999864e+02
9.507300000000000182e+02
9.571100000000000136e+02
9.690399999999999636e+02
9.728500000000000227e+02
9.827200000000000273e+02
9.870199999999999818e+02
9.907500000000000000e+02
