3.930000000000000160e+00
5.969999999999999751e+00
8.019999999999999574e+00
2.180000000000000071e+01
3.178999999999999915e+01
3.388000000000000256e+01
3.621000000000000085e+01
3.992999999999999972e+01
4.395000000000000284e+01
4.796999999999999886e+01
5.613000000000000256e+01
5.988000000000000256e+01
7.201999999999999602e+01
7.410000000000000853e+01
7.973999999999999488e+01
8.178000000000000114e+01
9.765999999999999659e+01
9.974000000000000909e+01
1.039099999999999966e+02
1.059600000000000080e+02
1.079900000000000091e+02
1.180799999999999983e+02
1.278599999999999994e+02
1.397100000000000080e+02
1.418600000000000136e+02
1.516200000000000045e+02
1.559200000000000159e+02
1.597800000000000011e+02
1.657899999999999920e+02
1.758400000000000034e+02
1.797000000000000171e+02
1.859500000000000171e+02
1.895900000000000034e+02
1.916500000000000057e+02
2.038700000000000045e+02
2.059200000000000159e+02
2.117500000000000000e+02
2.139500000000000171e+02
2.215200000000000102e+02
2.240200000000000102e+02
2.260600000000000023e+02
2.281500000000000057e+02
2.358100000000000023e+02
2.378600000000000136e+02
2.495300000000000011e+02
2.516100000000000136e+02
2.538900000000000148e+02
2.577500000000000000e+02
2.640099999999999909e+02
2.733600000000000136e+02
2.775400000000000205e+02
2.815400000000000205e+02
2.877699999999999818e+02
2.898100000000000023e+02
2.952500000000000000e+02
2.978199999999999932e+02
3.154900000000000091e+02
3.214200000000000159e+02
3.236800000000000068e+02
3.315600000000000023e+02
3.353199999999999932e+02
3.375799999999999841e+02
3.514800000000000182e+02
3.572699999999999818e+02
3.596800000000000068e+02
3.635799999999999841e+02
3.755500000000000114e+02
3.836100000000000136e+02
3.892699999999999818e+02
3.937200000000000273e+02
4.054700000000000273e+02
4.114600000000000364e+02
4.135500000000000114e+02
4.155900000000000318e+02
4.176100000000000136e+02
4.216200000000000045e+02
4.273100000000000023e+02
4.356299999999999955e+02
4.395300000000000296e+02
4.416100000000000136e+02
4.515000000000000000e+02
4.535500000000000114e+02
4.556100000000000136e+02
4.576500000000000341e+02
4.616700000000000159e+02
4.653600000000000136e+02
4.815699999999999932e+02
4.836299999999999955e+02
4.856999999999999886e+02
4.895600000000000023e+02
4.933700000000000045e+02
4.974900000000000091e+02
5.015900000000000318e+02
5.036200000000000045e+02
5.071700000000000159e+02
5.094399999999999977e+02
5.132699999999999818e+02
5.231900000000000546e+02
5.313600000000000136e+02
5.334099999999999682e+02
5.354400000000000546e+02
5.513300000000000409e+02
5.592799999999999727e+02
5.654600000000000364e+02
5.751000000000000227e+02
5.973799999999999955e+02
5.994300000000000637e+02
6.033999999999999773e+02
6.055299999999999727e+02
6.092599999999999909e+02
6.114199999999999591e+02
6.154400000000000546e+02
6.175000000000000000e+02
6.196499999999999773e+02
6.353999999999999773e+02
6.392899999999999636e+02
6.432000000000000455e+02
6.573400000000000318e+02
6.594199999999999591e+02
6.614700000000000273e+02
6.714199999999999591e+02
6.734600000000000364e+02
6.929600000000000364e+02
7.012200000000000273e+02
7.032799999999999727e+02
7.212899999999999636e+02
7.233300000000000409e+02
7.253700000000000045e+02
7.312300000000000182e+02
7.394800000000000182e+02
7.509199999999999591e+02
7.591000000000000227e+02
7.631299999999999955e+02
7.690700000000000500e+02
7.711599999999999682e+02
7.831700000000000728e+02
7.852200000000000273e+02
7.913000000000000682e+02
7.992899999999999636e+02
8.014200000000000728e+02
8.069700000000000273e+02
8.172400000000000091e+02
8.193100000000000591e+02
8.250199999999999818e+02
8.409099999999999682e+02
8.430800000000000409e+02
8.490900000000000318e+02
8.511399999999999864e+02
8.568700000000000045e+02
8.611499999999999773e+02
8.632300000000000182e+02
8.831100000000000136e+02
8.928899999999999864e+02
8.949300000000000637e+02
8.972899999999999636e+02
9.031499999999999773e+02
9.072300000000000182e+02
9.150299999999999727e+02
9.250000000000000000e+02
9.291499999999999773e+02
9.366100000000000136e+02
9.431000000000000227e+02
9.466299999999999955e+02
9.529500000000000455e+02
9.692599999999999909e+02
9.728500000000000227e+02
9.830700000000000500e+02
9.851200000000000045e+02
9.871499999999999773e+02
9.913100000000000591e+02
9.991299999999999955e+02
