6.230000000000000426e+00
1.225000000000000000e+01
4.827000000000000313e+01
5.373000000000000398e+01
6.278999999999999915e+01
6.482000000000000739e+01
8.071000000000000796e+01
8.521999999999999886e+01
1.112199999999999989e+02
1.272300000000000040e+02
1.433000000000000114e+02
1.552100000000000080e+02
1.662400000000000091e+02
1.706800000000000068e+02
1.762100000000000080e+02
1.786500000000000057e+02
1.981200000000000045e+02
2.026800000000000068e+02
2.091500000000000057e+02
2.165600000000000023e+02
2.486400000000000148e+02
2.526899999999999977e+02
2.547500000000000000e+02
2.655500000000000114e+02
2.800500000000000114e+02
2.836399999999999864e+02
2.980799999999999841e+02
3.065799999999999841e+02
3.315699999999999932e+02
3.361200000000000045e+02
3.470799999999999841e+02
3.830799999999999841e+02
3.975000000000000000e+02
4.239600000000000364e+02
4.398700000000000045e+02
4.489300000000000068e+02
4.549800000000000182e+02
4.625300000000000296e+02
4.809800000000000182e+02
4.955000000000000000e+02
5.245099999999999909e+02
5.299700000000000273e+02
5.454600000000000364e+02
5.708799999999999955e+02
5.868999999999999773e+02
5.954400000000000546e+02
6.048899999999999864e+02
6.093300000000000409e+02
6.207699999999999818e+02
6.378600000000000136e+02
6.442899999999999636e+02
6.483700000000000045e+02
6.882899999999999636e+02
6.928999999999999773e+02
7.163600000000000136e+02
7.223000000000000682e+02
7.363700000000000045e+02
7.472599999999999909e+02
7.577699999999999818e+02
7.598500000000000227e+02
7.887599999999999909e+02
7.953300000000000409e+02
7.974099999999999682e+02
8.137799999999999727e+02
8.527500000000000000e+02
8.812899999999999636e+02
8.847799999999999727e+02
8.938000000000000682e+02
9.286700000000000728e+02
9.411399999999999864e+02
9.466700000000000728e+02
