4.560000000000000497e+00
1.268999999999999950e+01
2.233000000000000185e+01
2.694999999999999929e+01
3.106000000000000227e+01
3.793999999999999773e+01
4.323000000000000398e+01
4.524000000000000199e+01
5.267999999999999972e+01
6.089999999999999858e+01
6.473999999999999488e+01
6.828000000000000114e+01
7.826999999999999602e+01
1.002800000000000011e+02
1.042900000000000063e+02
1.122199999999999989e+02
1.142400000000000091e+02
1.166200000000000045e+02
1.289699999999999989e+02
1.335000000000000000e+02
1.426700000000000159e+02
1.447199999999999989e+02
1.473700000000000045e+02
1.495999999999999943e+02
1.550500000000000114e+02
1.595000000000000000e+02
1.630200000000000102e+02
1.650300000000000011e+02
1.846899999999999977e+02
1.869699999999999989e+02
1.933400000000000034e+02
1.995900000000000034e+02
2.019500000000000171e+02
2.073499999999999943e+02
2.104600000000000080e+02
2.148499999999999943e+02
2.176100000000000136e+02
2.212400000000000091e+02
2.247700000000000102e+02
2.283199999999999932e+02
2.303400000000000034e+02
2.398700000000000045e+02
2.486599999999999966e+02
2.514600000000000080e+02
2.560300000000000296e+02
2.589499999999999886e+02
2.665900000000000318e+02
2.706399999999999864e+02
2.853500000000000227e+02
2.922400000000000091e+02
2.960300000000000296e+02
2.991700000000000159e+02
3.012099999999999795e+02
3.121100000000000136e+02
3.196399999999999864e+02
3.254300000000000068e+02
3.278899999999999864e+02
3.370000000000000000e+02
3.461500000000000341e+02
3.499700000000000273e+02
3.579200000000000159e+02
3.673000000000000114e+02
3.800099999999999909e+02
3.886000000000000227e+02
4.059600000000000364e+02
4.089300000000000068e+02
4.155099999999999909e+02
4.235799999999999841e+02
4.256399999999999864e+02
4.300199999999999818e+02
4.358199999999999932e+02
4.408299999999999841e+02
4.616600000000000250e+02
4.668000000000000114e+02
4.725300000000000296e+02
4.959600000000000364e+02
5.016500000000000341e+02
5.043799999999999955e+02
5.069200000000000159e+02
5.110799999999999841e+02
5.131299999999999955e+02
5.229600000000000364e+02
5.273500000000000227e+02
5.368799999999999955e+02
5.392500000000000000e+02
5.429900000000000091e+02
5.475600000000000591e+02
5.523500000000000227e+02
5.549199999999999591e+02
5.613999999999999773e+02
5.666800000000000637e+02
5.713200000000000500e+02
5.734199999999999591e+02
5.830600000000000591e+02
5.861299999999999955e+02
5.914500000000000455e+02
6.045500000000000682e+02
6.065600000000000591e+02
6.128999999999999773e+02
6.210700000000000500e+02
6.262699999999999818e+02
6.306800000000000637e+02
6.335299999999999727e+02
6.430700000000000500e+02
6.454700000000000273e+02
6.500900000000000318e+02
6.524300000000000637e+02
6.630700000000000500e+02
6.652400000000000091e+02
6.719600000000000364e+02
6.746499999999999773e+02
6.855399999999999636e+02
6.897899999999999636e+02
6.951599999999999682e+02
7.063400000000000318e+02
7.138999999999999773e+02
7.243200000000000500e+02
7.341900000000000546e+02
7.376599999999999682e+02
7.396699999999999591e+02
7.477699999999999818e+02
7.502699999999999818e+02
7.552300000000000182e+02
7.598899999999999864e+02
7.628700000000000045e+02
7.664700000000000273e+02
7.742400000000000091e+02
7.822599999999999909e+02
7.864099999999999682e+02
7.909300000000000637e+02
7.979400000000000546e+02
8.147400000000000091e+02
8.217599999999999909e+02
8.336800000000000637e+02
8.376100000000000136e+02
8.504400000000000546e+02
8.534200000000000728e+02
8.565600000000000591e+02
8.693799999999999955e+02
8.761100000000000136e+02
8.825900000000000318e+02
8.848100000000000591e+02
8.952300000000000182e+02
8.995099999999999909e+02
9.180299999999999727e+02
9.202300000000000182e+02
9.258200000000000500e+02
9.306299999999999955e+02
9.356599999999999682e+02
9.415399999999999636e+02
9.444800000000000182e+02
9.468200000000000500e+02
9.570700000000000500e+02
9.614900000000000091e+02
9.639300000000000637e+02
9.696499999999999773e+02
9.718200000000000500e+02
9.839800000000000182e+02
9.859900000000000091e+02
9.880099999999999909e+02
