7.299999999999999822e+00
1.258000000000000007e+01
2.130000000000000071e+01
2.882000000000000028e+01
4.950999999999999801e+01
5.539999999999999858e+01
6.801999999999999602e+01
7.337000000000000455e+01
7.640999999999999659e+01
7.996999999999999886e+01
8.260000000000000853e+01
8.460999999999999943e+01
9.562000000000000455e+01
9.778000000000000114e+01
1.065400000000000063e+02
1.137400000000000091e+02
1.167800000000000011e+02
1.201599999999999966e+02
1.231200000000000045e+02
1.251400000000000006e+02
1.291700000000000159e+02
1.371400000000000148e+02
1.402899999999999920e+02
1.453199999999999932e+02
1.544300000000000068e+02
1.617299999999999898e+02
1.647400000000000091e+02
1.715699999999999932e+02
1.787700000000000102e+02
1.819799999999999898e+02
1.849799999999999898e+02
1.910300000000000011e+02
1.941299999999999955e+02
2.027400000000000091e+02
2.083799999999999955e+02
2.104099999999999966e+02
2.124200000000000159e+02
2.160900000000000034e+02
2.228799999999999955e+02
2.308700000000000045e+02
2.328799999999999955e+02
2.373799999999999955e+02
2.393900000000000148e+02
2.428199999999999932e+02
2.519500000000000171e+02
2.582900000000000205e+02
2.618400000000000318e+02
2.798500000000000227e+02
2.916000000000000227e+02
2.972300000000000182e+02
3.038400000000000318e+02
3.252200000000000273e+02
3.281500000000000341e+02
3.310099999999999909e+02
3.372599999999999909e+02
3.424700000000000273e+02
3.476800000000000068e+02
3.501299999999999955e+02
3.529599999999999795e+02
3.564499999999999886e+02
3.593000000000000114e+02
3.616399999999999864e+02
3.644499999999999886e+02
3.715799999999999841e+02
3.746899999999999977e+02
3.805199999999999818e+02
3.828400000000000318e+02
3.883000000000000114e+02
3.920400000000000205e+02
3.957200000000000273e+02
4.054600000000000364e+02
4.095000000000000000e+02
4.166500000000000341e+02
4.208899999999999864e+02
4.382699999999999818e+02
4.405699999999999932e+02
4.448199999999999932e+02
4.489300000000000068e+02
4.566999999999999886e+02
4.630600000000000023e+02
4.697100000000000364e+02
4.745699999999999932e+02
4.921999999999999886e+02
5.007100000000000364e+02
5.048299999999999841e+02
5.096700000000000159e+02
5.189199999999999591e+02
5.240499999999999545e+02
5.260600000000000591e+02
5.420600000000000591e+02
5.555900000000000318e+02
5.590399999999999636e+02
5.646299999999999955e+02
5.746499999999999773e+02
5.766599999999999682e+02
5.787500000000000000e+02
5.837100000000000364e+02
5.859400000000000546e+02
5.996100000000000136e+02
6.055600000000000591e+02
6.146800000000000637e+02
6.202000000000000455e+02
6.225500000000000682e+02
6.259800000000000182e+02
6.309900000000000091e+02
6.345000000000000000e+02
6.387400000000000091e+02
6.409900000000000091e+02
6.610500000000000682e+02
6.681800000000000637e+02
6.707000000000000455e+02
6.776000000000000227e+02
6.888100000000000591e+02
6.944700000000000273e+02
7.056800000000000637e+02
7.094400000000000546e+02
7.175099999999999909e+02
7.265700000000000500e+02
7.286100000000000136e+02
7.323300000000000409e+02
7.381800000000000637e+02
7.402000000000000455e+02
7.440500000000000682e+02
7.509700000000000273e+02
7.587599999999999909e+02
7.612300000000000182e+02
7.637599999999999909e+02
7.705299999999999727e+02
7.743500000000000227e+02
7.763700000000000045e+02
7.862799999999999727e+02
7.965500000000000682e+02
8.006000000000000227e+02
8.037400000000000091e+02
8.057699999999999818e+02
8.106900000000000546e+02
8.135700000000000500e+02
8.159800000000000182e+02
8.200299999999999727e+02
8.220800000000000409e+02
8.258799999999999955e+02
8.289900000000000091e+02
8.337400000000000091e+02
8.371499999999999773e+02
8.453200000000000500e+02
8.483100000000000591e+02
8.530600000000000591e+02
8.638400000000000318e+02
8.659099999999999682e+02
8.746399999999999864e+02
8.766800000000000637e+02
8.832899999999999636e+02
8.956800000000000637e+02
8.991200000000000045e+02
9.046299999999999955e+02
9.080399999999999636e+02
9.120500000000000682e+02
9.174500000000000455e+02
9.194700000000000273e+02
9.269500000000000455e+02
9.289600000000000364e+02
9.330000000000000000e+02
9.350500000000000682e+02
9.419400000000000546e+02
9.522400000000000091e+02
9.600500000000000682e+02
9.668400000000000318e+02
9.694500000000000455e+02
9.741800000000000637e+02
9.766900000000000546e+02
9.836200000000000045e+02
9.878100000000000591e+02
9.906700000000000728e+02
9.962599999999999909e+02
9.991900000000000546e+02
