3.629999999999999893e+00
1.191000000000000014e+01
2.017999999999999972e+01
2.380999999999999872e+01
2.821999999999999886e+01
3.257000000000000028e+01
3.581000000000000227e+01
4.046999999999999886e+01
4.414000000000000057e+01
4.775000000000000000e+01
5.157000000000000028e+01
5.553999999999999915e+01
5.981000000000000227e+01
6.423999999999999488e+01
6.790999999999999659e+01
7.190000000000000568e+01
7.592000000000000171e+01
7.984000000000000341e+01
8.373000000000000398e+01
8.773000000000000398e+01
9.190000000000000568e+01
9.557999999999999829e+01
9.971999999999999886e+01
1.037900000000000063e+02
1.079099999999999966e+02
1.116299999999999955e+02
1.157100000000000080e+02
1.196700000000000017e+02
1.240100000000000051e+02
1.278100000000000023e+02
1.330999999999999943e+02
1.359000000000000057e+02
1.399900000000000091e+02
1.444200000000000159e+02
1.479300000000000068e+02
1.517500000000000000e+02
1.560399999999999920e+02
1.638199999999999932e+02
1.677100000000000080e+02
1.720200000000000102e+02
1.758000000000000114e+02
1.798700000000000045e+02
1.836800000000000068e+02
1.876500000000000057e+02
1.919200000000000159e+02
1.954600000000000080e+02
1.996800000000000068e+02
2.036899999999999977e+02
2.075300000000000011e+02
2.116899999999999977e+02
2.158300000000000125e+02
2.243199999999999932e+02
2.278400000000000034e+02
2.316100000000000136e+02
2.357199999999999989e+02
2.398400000000000034e+02
2.435000000000000000e+02
2.478300000000000125e+02
2.518900000000000148e+02
2.561100000000000136e+02
2.595600000000000023e+02
2.637300000000000182e+02
2.677300000000000182e+02
2.720799999999999841e+02
2.759800000000000182e+02
2.795699999999999932e+02
2.835199999999999818e+02
2.871500000000000341e+02
2.962800000000000296e+02
2.996600000000000250e+02
3.036600000000000250e+02
3.077300000000000182e+02
3.112500000000000000e+02
3.154599999999999795e+02
3.194599999999999795e+02
3.238600000000000136e+02
3.276299999999999955e+02
3.354900000000000091e+02
3.396299999999999955e+02
3.434300000000000068e+02
3.472900000000000205e+02
3.515099999999999909e+02
3.558100000000000023e+02
3.600500000000000114e+02
3.640300000000000296e+02
3.673199999999999932e+02
3.713299999999999841e+02
3.755000000000000000e+02
3.796399999999999864e+02
3.834100000000000250e+02
3.878400000000000318e+02
3.910600000000000023e+02
3.953400000000000318e+02
3.998100000000000023e+02
4.035099999999999909e+02
4.070799999999999841e+02
4.115099999999999909e+02
4.154499999999999886e+02
4.193000000000000114e+02
4.231299999999999955e+02
4.272100000000000364e+02
4.316200000000000045e+02
4.352400000000000091e+02
4.399399999999999977e+02
4.434200000000000159e+02
4.472599999999999909e+02
4.514100000000000250e+02
4.551700000000000159e+02
4.597500000000000000e+02
4.635099999999999909e+02
4.683700000000000045e+02
4.716100000000000136e+02
4.753700000000000045e+02
4.827800000000000296e+02
4.877599999999999909e+02
4.913199999999999932e+02
4.952900000000000205e+02
4.990500000000000114e+02
5.034800000000000182e+02
5.068899999999999864e+02
5.115300000000000296e+02
5.151699999999999591e+02
5.189900000000000091e+02
5.232200000000000273e+02
5.269700000000000273e+02
5.312000000000000455e+02
5.353500000000000227e+02
5.389199999999999591e+02
5.428700000000000045e+02
5.471299999999999955e+02
5.517000000000000455e+02
5.631499999999999773e+02
5.673600000000000136e+02
5.708200000000000500e+02
5.754099999999999682e+02
5.795299999999999727e+02
5.836299999999999955e+02
5.879500000000000455e+02
5.910700000000000500e+02
5.948700000000000045e+02
5.993500000000000227e+02
6.070500000000000682e+02
6.110700000000000500e+02
6.153000000000000682e+02
6.234400000000000546e+02
6.272799999999999727e+02
6.308300000000000409e+02
6.349300000000000637e+02
6.389600000000000364e+02
6.436699999999999591e+02
6.473899999999999864e+02
6.510900000000000318e+02
6.552300000000000182e+02
6.592500000000000000e+02
6.633500000000000227e+02
6.678000000000000682e+02
6.711599999999999682e+02
6.756599999999999682e+02
6.792100000000000364e+02
6.830600000000000591e+02
6.870900000000000318e+02
6.918600000000000136e+02
6.950299999999999727e+02
7.001599999999999682e+02
7.030500000000000682e+02
7.073400000000000318e+02
7.110399999999999636e+02
7.148799999999999955e+02
7.230000000000000000e+02
7.272899999999999636e+02
7.310900000000000318e+02
7.352200000000000273e+02
7.394199999999999591e+02
7.427500000000000000e+02
7.468400000000000318e+02
7.509099999999999682e+02
7.548799999999999955e+02
7.628400000000000318e+02
7.670199999999999818e+02
7.709500000000000455e+02
7.756200000000000045e+02
7.790900000000000318e+02
7.826399999999999864e+02
7.871200000000000045e+02
7.910099999999999909e+02
7.949800000000000182e+02
7.989700000000000273e+02
8.028300000000000409e+02
8.120500000000000682e+02
8.152300000000000182e+02
8.228999999999999773e+02
8.273200000000000500e+02
8.310000000000000000e+02
8.356000000000000227e+02
8.387300000000000182e+02
8.430000000000000000e+02
8.471100000000000136e+02
8.510099999999999909e+02
8.546700000000000728e+02
8.635099999999999909e+02
8.708400000000000318e+02
8.748200000000000500e+02
8.790399999999999636e+02
8.828500000000000227e+02
8.870800000000000409e+02
8.909200000000000728e+02
8.948600000000000136e+02
8.990800000000000409e+02
9.028100000000000591e+02
9.068100000000000591e+02
9.108400000000000318e+02
9.149500000000000455e+02
9.188100000000000591e+02
9.228600000000000136e+02
9.264300000000000637e+02
9.307699999999999818e+02
9.347500000000000000e+02
9.391499999999999773e+02
9.430000000000000000e+02
9.466399999999999864e+02
9.508899999999999864e+02
9.545199999999999818e+02
9.585800000000000409e+02
9.628100000000000591e+02
9.670900000000000318e+02
9.710700000000000500e+02
9.750199999999999818e+02
9.788600000000000136e+02
9.827200000000000273e+02
9.866900000000000546e+02
9.906399999999999864e+02
9.987900000000000773e+02
