7.270000000000000462e+00
2.671000000000000085e+01
2.906000000000000227e+01
4.720000000000000284e+01
4.925999999999999801e+01
5.160000000000000142e+01
6.743000000000000682e+01
8.623999999999999488e+01
8.898999999999999488e+01
1.060300000000000011e+02
1.081000000000000085e+02
1.263900000000000006e+02
1.287299999999999898e+02
1.316500000000000057e+02
1.491500000000000057e+02
1.669000000000000057e+02
1.691100000000000136e+02
1.856400000000000148e+02
1.891299999999999955e+02
2.055000000000000000e+02
2.075800000000000125e+02
2.101100000000000136e+02
2.261599999999999966e+02
2.290900000000000034e+02
2.468000000000000114e+02
2.490999999999999943e+02
2.692400000000000091e+02
2.857800000000000296e+02
2.906899999999999977e+02
3.044399999999999977e+02
3.065199999999999818e+02
3.086600000000000250e+02
3.257200000000000273e+02
3.278100000000000023e+02
3.312200000000000273e+02
3.460099999999999909e+02
3.488600000000000136e+02
3.658000000000000114e+02
3.685300000000000296e+02
3.849900000000000091e+02
3.870400000000000205e+02
3.910400000000000205e+02
4.062100000000000364e+02
4.083100000000000023e+02
4.295500000000000114e+02
4.457800000000000296e+02
4.478600000000000136e+02
4.649399999999999977e+02
4.670199999999999818e+02
4.863100000000000023e+02
4.889900000000000091e+02
5.058000000000000114e+02
5.086399999999999864e+02
5.292599999999999909e+02
5.482000000000000455e+02
5.641000000000000227e+02
5.692899999999999636e+02
5.862599999999999909e+02
5.883700000000000045e+02
6.063799999999999955e+02
6.252799999999999727e+02
6.284099999999999682e+02
6.456399999999999864e+02
6.484700000000000273e+02
6.651699999999999591e+02
6.706499999999999773e+02
6.859800000000000182e+02
6.886399999999999864e+02
7.063899999999999864e+02
7.084900000000000091e+02
7.237699999999999818e+02
7.265600000000000591e+02
7.295199999999999818e+02
7.444199999999999591e+02
7.465199999999999818e+02
7.656900000000000546e+02
7.677699999999999818e+02
7.851800000000000637e+02
7.873000000000000682e+02
8.052599999999999909e+02
8.079900000000000091e+02
8.102300000000000182e+02
8.245199999999999818e+02
8.266000000000000227e+02
8.458799999999999955e+02
8.491599999999999682e+02
8.648200000000000500e+02
8.706100000000000136e+02
8.869400000000000546e+02
9.044600000000000364e+02
9.075700000000000500e+02
9.246800000000000637e+02
9.267599999999999909e+02
9.293400000000000318e+02
9.443200000000000500e+02
9.463799999999999955e+02
9.489400000000000546e+02
9.652799999999999727e+02
9.679099999999999682e+02
9.704500000000000455e+02
9.838100000000000591e+02
9.858799999999999955e+02
9.880700000000000500e+02
