5.000000000000000000e+00
7.060000000000000497e+00
4.560999999999999943e+01
6.526999999999999602e+01
6.748000000000000398e+01
1.457100000000000080e+02
1.845399999999999920e+02
2.462000000000000171e+02
2.647400000000000091e+02
2.673000000000000114e+02
2.855799999999999841e+02
3.039900000000000091e+02
3.242400000000000091e+02
3.451200000000000045e+02
3.652099999999999795e+02
4.049399999999999977e+02
4.248100000000000023e+02
4.455799999999999841e+02
4.485400000000000205e+02
4.662100000000000364e+02
4.700600000000000023e+02
4.841200000000000045e+02
4.861600000000000250e+02
5.052100000000000364e+02
5.262899999999999636e+02
5.437200000000000273e+02
5.460900000000000318e+02
5.850399999999999636e+02
5.894400000000000546e+02
6.039600000000000364e+02
6.061200000000000045e+02
6.246000000000000227e+02
6.444400000000000546e+02
6.465800000000000409e+02
6.647400000000000091e+02
6.849300000000000637e+02
7.041399999999999864e+02
7.070700000000000500e+02
7.638500000000000227e+02
7.659700000000000273e+02
7.850000000000000000e+02
8.042500000000000000e+02
8.238200000000000500e+02
8.644300000000000637e+02
8.851200000000000045e+02
9.437300000000000182e+02
9.641200000000000045e+02
9.668500000000000227e+02
9.829099999999999682e+02
5.000000000000000000e+00
7.060000000000000497e+00
4.560999999999999943e+01
6.526999999999999602e+01
1.457199999999999989e+02
1.845399999999999920e+02
2.462000000000000171e+02
2.647400000000000091e+02
2.673000000000000114e+02
2.855799999999999841e+02
3.039900000000000091e+02
3.242400000000000091e+02
3.652099999999999795e+02
4.049399999999999977e+02
4.248100000000000023e+02
4.456000000000000227e+02
4.486100000000000136e+02
4.662100000000000364e+02
4.841200000000000045e+02
4.861600000000000250e+02
5.052100000000000364e+02
5.262899999999999636e+02
5.437200000000000273e+02
5.460900000000000318e+02
5.850399999999999636e+02
6.039700000000000273e+02
6.061399999999999864e+02
6.246000000000000227e+02
6.444400000000000546e+02
6.647400000000000091e+02
6.849300000000000637e+02
7.041399999999999864e+02
7.638500000000000227e+02
7.660099999999999909e+02
8.042500000000000000e+02
8.238200000000000500e+02
8.644300000000000637e+02
8.851200000000000045e+02
9.437300000000000182e+02
9.641200000000000045e+02
9.668799999999999955e+02
9.829099999999999682e+02
5.000000000000000000e+00
7.070000000000000284e+00
4.561999999999999744e+01
6.526999999999999602e+01
1.457299999999999898e+02
1.845399999999999920e+02
2.462000000000000171e+02
2.647400000000000091e+02
2.673000000000000114e+02
2.855799999999999841e+02
3.039900000000000091e+02
3.242400000000000091e+02
3.652099999999999795e+02
4.049399999999999977e+02
4.248100000000000023e+02
4.662100000000000364e+02
4.841200000000000045e+02
4.861700000000000159e+02
5.052100000000000364e+02
5.262899999999999636e+02
5.437200000000000273e+02
5.460900000000000318e+02
5.850399999999999636e+02
6.039700000000000273e+02
6.061599999999999682e+02
6.246000000000000227e+02
6.444400000000000546e+02
6.647400000000000091e+02
6.849300000000000637e+02
7.041499999999999773e+02
7.638600000000000136e+02
8.042500000000000000e+02
8.238200000000000500e+02
8.644300000000000637e+02
8.851200000000000045e+02
9.437400000000000091e+02
9.641200000000000045e+02
9.829099999999999682e+02
5.000000000000000000e+00
7.070000000000000284e+00
4.561999999999999744e+01
6.526999999999999602e+01
1.461800000000000068e+02
1.845399999999999920e+02
2.462000000000000171e+02
2.647400000000000091e+02
2.673000000000000114e+02
2.855799999999999841e+02
3.039900000000000091e+02
3.242400000000000091e+02
3.652099999999999795e+02
4.049399999999999977e+02
4.248199999999999932e+02
4.662100000000000364e+02
4.841200000000000045e+02
4.861700000000000159e+02
5.052100000000000364e+02
5.262899999999999636e+02
5.437200000000000273e+02
5.460900000000000318e+02
5.850399999999999636e+02
6.039700000000000273e+02
6.061800000000000637e+02
6.246000000000000227e+02
6.444400000000000546e+02
6.647400000000000091e+02
6.849300000000000637e+02
7.041499999999999773e+02
7.638600000000000136e+02
8.042500000000000000e+02
8.238200000000000500e+02
8.644300000000000637e+02
8.851200000000000045e+02
9.437400000000000091e+02
9.641200000000000045e+02
9.829099999999999682e+02
5.000000000000000000e+00
7.070000000000000284e+00
4.561999999999999744e+01
6.526999999999999602e+01
1.461800000000000068e+02
1.845500000000000114e+02
2.462000000000000171e+02
2.647400000000000091e+02
2.673000000000000114e+02
2.855799999999999841e+02
3.040000000000000000e+02
3.242500000000000000e+02
3.652099999999999795e+02
4.049499999999999886e+02
4.248199999999999932e+02
4.662100000000000364e+02
4.841200000000000045e+02
4.861999999999999886e+02
5.052100000000000364e+02
5.262999999999999545e+02
5.437300000000000182e+02
5.460900000000000318e+02
5.850399999999999636e+02
6.039700000000000273e+02
6.246000000000000227e+02
6.444400000000000546e+02
6.647400000000000091e+02
6.849300000000000637e+02
7.041499999999999773e+02
7.638600000000000136e+02
8.042599999999999909e+02
8.238200000000000500e+02
8.644300000000000637e+02
8.851200000000000045e+02
9.437400000000000091e+02
9.641200000000000045e+02
9.829200000000000728e+02
5.000000000000000000e+00
7.049999999999999822e+00
9.550000000000000711e+00
2.653000000000000114e+01
2.858999999999999986e+01
3.181000000000000227e+01
4.560000000000000142e+01
4.764000000000000057e+01
5.028999999999999915e+01
6.526999999999999602e+01
6.729999999999999716e+01
6.932999999999999829e+01
8.659000000000000341e+01
8.881000000000000227e+01
9.085999999999999943e+01
1.064200000000000017e+02
1.085100000000000051e+02
1.112300000000000040e+02
1.260300000000000011e+02
1.280500000000000114e+02
1.301700000000000159e+02
1.456899999999999977e+02
1.477299999999999898e+02
1.510800000000000125e+02
1.654000000000000057e+02
1.676599999999999966e+02
1.699000000000000057e+02
1.845399999999999920e+02
1.867199999999999989e+02
1.887700000000000102e+02
1.912899999999999920e+02
2.054300000000000068e+02
2.077000000000000171e+02
2.099600000000000080e+02
2.269099999999999966e+02
2.289300000000000068e+02
2.461899999999999977e+02
2.492100000000000080e+02
2.516500000000000057e+02
2.647300000000000182e+02
2.673000000000000114e+02
2.696800000000000068e+02
2.855699999999999932e+02
2.876600000000000250e+02
2.900799999999999841e+02
3.039900000000000091e+02
3.064000000000000341e+02
3.085000000000000000e+02
3.242300000000000182e+02
3.262599999999999909e+02
3.293100000000000023e+02
3.450400000000000205e+02
3.473000000000000114e+02
3.505500000000000114e+02
3.652099999999999795e+02
3.672500000000000000e+02
3.715300000000000296e+02
3.856000000000000227e+02
3.879200000000000159e+02
4.049399999999999977e+02
4.076399999999999864e+02
4.096700000000000159e+02
4.248000000000000114e+02
4.269700000000000273e+02
4.292200000000000273e+02
4.314100000000000250e+02
4.455400000000000205e+02
4.484499999999999886e+02
4.662100000000000364e+02
4.696700000000000159e+02
4.841200000000000045e+02
4.861500000000000341e+02
4.882100000000000364e+02
4.906100000000000136e+02
5.052100000000000364e+02
5.098000000000000114e+02
5.262799999999999727e+02
5.284199999999999591e+02
5.437200000000000273e+02
5.460900000000000318e+02
5.481299999999999955e+02
5.508100000000000591e+02
5.642200000000000273e+02
5.673600000000000136e+02
5.693999999999999773e+02
5.850399999999999636e+02
5.873100000000000591e+02
5.893300000000000409e+02
6.039600000000000364e+02
6.060399999999999636e+02
6.081499999999999773e+02
6.245900000000000318e+02
6.269900000000000091e+02
6.303400000000000318e+02
6.444300000000000637e+02
6.464600000000000364e+02
6.485199999999999818e+02
6.647300000000000182e+02
6.667599999999999909e+02
6.691900000000000546e+02
6.849199999999999591e+02
6.869500000000000455e+02
7.041399999999999864e+02
7.068600000000000136e+02
7.092200000000000273e+02
7.252400000000000091e+02
7.272599999999999909e+02
7.293200000000000500e+02
7.462000000000000455e+02
7.500700000000000500e+02
7.638500000000000227e+02
7.658999999999999773e+02
7.687400000000000091e+02
7.849200000000000728e+02
7.869500000000000455e+02
7.890000000000000000e+02
8.042500000000000000e+02
8.065399999999999636e+02
8.086800000000000637e+02
8.238100000000000591e+02
8.262899999999999636e+02
8.431000000000000227e+02
8.451700000000000728e+02
8.477300000000000182e+02
8.514200000000000728e+02
8.644300000000000637e+02
8.669200000000000728e+02
8.700900000000000318e+02
8.851100000000000136e+02
8.878000000000000682e+02
9.040399999999999636e+02
9.071299999999999955e+02
9.248600000000000136e+02
9.269300000000000637e+02
9.437300000000000182e+02
9.458500000000000227e+02
9.501299999999999955e+02
9.641200000000000045e+02
9.667799999999999727e+02
9.703700000000000045e+02
9.829099999999999682e+02
9.853200000000000500e+02
9.876399999999999864e+02
5.000000000000000000e+00
7.060000000000000497e+00
9.880000000000000782e+00
2.671999999999999886e+01
2.878999999999999915e+01
4.560999999999999943e+01
4.775000000000000000e+01
5.037000000000000455e+01
6.526999999999999602e+01
6.731000000000000227e+01
6.937999999999999545e+01
8.662000000000000455e+01
9.001000000000000512e+01
1.064399999999999977e+02
1.085499999999999972e+02
1.112999999999999972e+02
1.260400000000000063e+02
1.280699999999999932e+02
1.302199999999999989e+02
1.456899999999999977e+02
1.477400000000000091e+02
1.511500000000000057e+02
1.654099999999999966e+02
1.677400000000000091e+02
1.699600000000000080e+02
1.845399999999999920e+02
1.867899999999999920e+02
1.900900000000000034e+02
2.078400000000000034e+02
2.100600000000000023e+02
2.269600000000000080e+02
2.289800000000000182e+02
2.461899999999999977e+02
2.492400000000000091e+02
2.647300000000000182e+02
2.673000000000000114e+02
2.697500000000000000e+02
2.855699999999999932e+02
2.876999999999999886e+02
2.901100000000000136e+02
3.039900000000000091e+02
3.064300000000000068e+02
3.085500000000000114e+02
3.242300000000000182e+02
3.262599999999999909e+02
3.293600000000000136e+02
3.450500000000000114e+02
3.474499999999999886e+02
3.505799999999999841e+02
3.652099999999999795e+02
3.672699999999999818e+02
3.863299999999999841e+02
4.049399999999999977e+02
4.077200000000000273e+02
4.097500000000000000e+02
4.248000000000000114e+02
4.270300000000000296e+02
4.307599999999999909e+02
4.455400000000000205e+02
4.484600000000000364e+02
4.662100000000000364e+02
4.697200000000000273e+02
4.841200000000000045e+02
4.861500000000000341e+02
4.883500000000000227e+02
5.052100000000000364e+02
5.098600000000000136e+02
5.262799999999999727e+02
5.288200000000000500e+02
5.437200000000000273e+02
5.460900000000000318e+02
5.481399999999999864e+02
5.508400000000000318e+02
5.642300000000000182e+02
5.850399999999999636e+02
5.892699999999999818e+02
6.039600000000000364e+02
6.060600000000000591e+02
6.082100000000000364e+02
6.245900000000000318e+02
6.270500000000000682e+02
6.303899999999999864e+02
6.444300000000000637e+02
6.464600000000000364e+02
6.485600000000000591e+02
6.647300000000000182e+02
6.667699999999999818e+02
6.692899999999999636e+02
6.849199999999999591e+02
6.869700000000000273e+02
7.041399999999999864e+02
7.069300000000000637e+02
7.092599999999999909e+02
7.252799999999999727e+02
7.273000000000000682e+02
7.462500000000000000e+02
7.638500000000000227e+02
7.659099999999999682e+02
7.687699999999999818e+02
7.849300000000000637e+02
7.869700000000000273e+02
7.890600000000000591e+02
8.042500000000000000e+02
8.066000000000000227e+02
8.087899999999999636e+02
8.238100000000000591e+02
8.263200000000000500e+02
8.431200000000000045e+02
8.453999999999999773e+02
8.644300000000000637e+02
8.669500000000000455e+02
8.701200000000000045e+02
8.851100000000000136e+02
8.878200000000000500e+02
9.040700000000000500e+02
9.071700000000000728e+02
9.256299999999999955e+02
9.437300000000000182e+02
9.458899999999999864e+02
9.501900000000000546e+02
9.641200000000000045e+02
9.667899999999999636e+02
9.829099999999999682e+02
9.853400000000000318e+02
9.877300000000000182e+02
5.000000000000000000e+00
7.060000000000000497e+00
2.676999999999999957e+01
4.560999999999999943e+01
4.781000000000000227e+01
6.526999999999999602e+01
6.740000000000000568e+01
6.948000000000000398e+01
8.665000000000000568e+01
9.054000000000000625e+01
1.064600000000000080e+02
1.085900000000000034e+02
1.260499999999999972e+02
1.280900000000000034e+02
1.456899999999999977e+02
1.654099999999999966e+02
1.678700000000000045e+02
1.845399999999999920e+02
1.870699999999999932e+02
1.901800000000000068e+02
2.079099999999999966e+02
2.287400000000000091e+02
2.461899999999999977e+02
2.492700000000000102e+02
2.647300000000000182e+02
2.673000000000000114e+02
2.697900000000000205e+02
2.855699999999999932e+02
2.901600000000000250e+02
3.039900000000000091e+02
3.064900000000000091e+02
3.242300000000000182e+02
3.262800000000000296e+02
3.450600000000000023e+02
3.475199999999999818e+02
3.506600000000000250e+02
3.652099999999999795e+02
3.673000000000000114e+02
3.863500000000000227e+02
4.049399999999999977e+02
4.078000000000000114e+02
4.098700000000000045e+02
4.248000000000000114e+02
4.276600000000000250e+02
4.455500000000000114e+02
4.484800000000000182e+02
4.662100000000000364e+02
4.698299999999999841e+02
4.841200000000000045e+02
4.861500000000000341e+02
4.885000000000000000e+02
5.052100000000000364e+02
5.262799999999999727e+02
5.288400000000000318e+02
5.437200000000000273e+02
5.460900000000000318e+02
5.481499999999999773e+02
5.508700000000000045e+02
5.642599999999999909e+02
5.850399999999999636e+02
5.893000000000000682e+02
6.039600000000000364e+02
6.060700000000000500e+02
6.246000000000000227e+02
6.444300000000000637e+02
6.464800000000000182e+02
6.486499999999999773e+02
6.647300000000000182e+02
6.668100000000000591e+02
6.849199999999999591e+02
7.041399999999999864e+02
7.069700000000000273e+02
7.253300000000000409e+02
7.273600000000000136e+02
7.638500000000000227e+02
7.659200000000000728e+02
7.687899999999999636e+02
7.849500000000000455e+02
7.869900000000000091e+02
8.042500000000000000e+02
8.067899999999999636e+02
8.238100000000000591e+02
8.263500000000000227e+02
8.456900000000000546e+02
8.644300000000000637e+02
8.670099999999999909e+02
8.851100000000000136e+02
8.878400000000000318e+02
9.072300000000000182e+02
9.256499999999999773e+02
9.437300000000000182e+02
9.459099999999999682e+02
9.641200000000000045e+02
9.668100000000000591e+02
9.829099999999999682e+02
9.853799999999999955e+02
5.000000000000000000e+00
7.060000000000000497e+00
4.560999999999999943e+01
6.526999999999999602e+01
6.743000000000000682e+01
6.951999999999999602e+01
8.668999999999999773e+01
1.064900000000000091e+02
1.260700000000000074e+02
1.281299999999999955e+02
1.457000000000000171e+02
1.845399999999999920e+02
1.885300000000000011e+02
2.080300000000000011e+02
2.461899999999999977e+02
2.647300000000000182e+02
2.673000000000000114e+02
2.855799999999999841e+02
2.901999999999999886e+02
3.039900000000000091e+02
3.242400000000000091e+02
3.263299999999999841e+02
3.450799999999999841e+02
3.476800000000000068e+02
3.652099999999999795e+02
3.863899999999999864e+02
4.049399999999999977e+02
4.080500000000000114e+02
4.248100000000000023e+02
4.455600000000000023e+02
4.485000000000000000e+02
4.662100000000000364e+02
4.698700000000000045e+02
4.841200000000000045e+02
4.861500000000000341e+02
5.052100000000000364e+02
5.262799999999999727e+02
5.288700000000000045e+02
5.437200000000000273e+02
5.460900000000000318e+02
5.481599999999999682e+02
5.653100000000000591e+02
5.850399999999999636e+02
5.893300000000000409e+02
6.039600000000000364e+02
6.060900000000000318e+02
6.246000000000000227e+02
6.444300000000000637e+02
6.465000000000000000e+02
6.647400000000000091e+02
6.849199999999999591e+02
7.041399999999999864e+02
7.070099999999999909e+02
7.253500000000000227e+02
7.638500000000000227e+02
7.659400000000000546e+02
7.688300000000000409e+02
7.849600000000000364e+02
7.870000000000000000e+02
8.042500000000000000e+02
8.238100000000000591e+02
8.264099999999999682e+02
8.644300000000000637e+02
8.674400000000000546e+02
8.851200000000000045e+02
8.878700000000000045e+02
9.077899999999999636e+02
9.256800000000000637e+02
9.437300000000000182e+02
9.459300000000000637e+02
9.641200000000000045e+02
9.668200000000000500e+02
9.829099999999999682e+02
5.000000000000000000e+00
7.060000000000000497e+00
4.560999999999999943e+01
6.526999999999999602e+01
6.745000000000000284e+01
1.261000000000000085e+02
1.457000000000000171e+02
1.845399999999999920e+02
2.461899999999999977e+02
2.647300000000000182e+02
2.673000000000000114e+02
2.855799999999999841e+02
3.039900000000000091e+02
3.242400000000000091e+02
3.450900000000000318e+02
3.652099999999999795e+02
3.866000000000000227e+02
4.049399999999999977e+02
4.248100000000000023e+02
4.455699999999999932e+02
4.485099999999999909e+02
4.662100000000000364e+02
4.699200000000000159e+02
4.841200000000000045e+02
4.861600000000000250e+02
5.052100000000000364e+02
5.262799999999999727e+02
5.289300000000000637e+02
5.437200000000000273e+02
5.460900000000000318e+02
5.481900000000000546e+02
5.850399999999999636e+02
5.893899999999999864e+02
6.039600000000000364e+02
6.061000000000000227e+02
6.246000000000000227e+02
6.444300000000000637e+02
6.465199999999999818e+02
6.647400000000000091e+02
6.849300000000000637e+02
7.041399999999999864e+02
7.070399999999999636e+02
7.253899999999999864e+02
7.638500000000000227e+02
7.659500000000000455e+02
7.688999999999999773e+02
7.849800000000000182e+02
7.870299999999999727e+02
8.042500000000000000e+02
8.238100000000000591e+02
8.644300000000000637e+02
8.851200000000000045e+02
9.078700000000000045e+02
9.437300000000000182e+02
9.459700000000000273e+02
9.641200000000000045e+02
9.668300000000000409e+02
9.829099999999999682e+02
