2.959999999999999964e+00
4.879999999999999893e+00
2.080000000000000071e+01
3.080000000000000071e+01
3.307000000000000028e+01
4.293999999999999773e+01
7.285000000000000853e+01
7.876999999999999602e+01
9.662999999999999545e+01
1.386800000000000068e+02
1.526500000000000057e+02
1.647899999999999920e+02
1.788100000000000023e+02
1.905800000000000125e+02
2.206400000000000148e+02
2.348799999999999955e+02
2.484800000000000182e+02
2.525500000000000114e+02
2.724300000000000068e+02
2.765600000000000023e+02
2.805300000000000296e+02
2.944200000000000159e+02
3.144700000000000273e+02
3.305600000000000023e+02
3.342900000000000205e+02
3.504499999999999886e+02
3.626500000000000341e+02
3.745300000000000296e+02
3.882599999999999909e+02
4.045099999999999909e+02
4.104399999999999977e+02
4.146100000000000136e+02
4.166299999999999955e+02
4.262900000000000205e+02
4.406500000000000341e+02
4.523400000000000318e+02
4.544200000000000159e+02
4.821999999999999886e+02
4.843899999999999864e+02
5.023600000000000136e+02
5.025000000000000000e+02
5.061800000000000068e+02
5.223300000000000409e+02
5.325499999999999545e+02
5.363200000000000500e+02
5.504199999999999591e+02
5.583100000000000591e+02
5.644600000000000364e+02
5.741399999999999864e+02
5.963300000000000409e+02
6.042400000000000091e+02
6.082599999999999909e+02
6.183700000000000045e+02
6.383100000000000591e+02
6.580600000000000591e+02
6.725600000000000591e+02
6.919700000000000273e+02
7.018200000000000500e+02
7.242100000000000364e+02
7.385800000000000409e+02
7.581399999999999864e+02
7.621800000000000637e+02
7.699800000000000182e+02
7.822200000000000273e+02
7.842599999999999909e+02
7.999400000000000546e+02
8.059600000000000364e+02
8.400800000000000409e+02
8.499700000000000273e+02
8.558700000000000045e+02
8.619200000000000728e+02
8.918799999999999955e+02
8.940000000000000000e+02
8.981399999999999864e+02
9.240399999999999636e+02
9.281700000000000728e+02
9.356399999999999864e+02
9.356700000000000728e+02
9.457200000000000273e+02
9.718700000000000045e+02
9.859700000000000273e+02
