5.639999999999999680e+00
9.050000000000000711e+00
2.640000000000000213e+01
4.600000000000000000e+01
4.895000000000000284e+01
6.657000000000000739e+01
6.932000000000000739e+01
8.790999999999999659e+01
1.057100000000000080e+02
1.104099999999999966e+02
1.259399999999999977e+02
1.284300000000000068e+02
1.454799999999999898e+02
1.665200000000000102e+02
1.698900000000000148e+02
1.837400000000000091e+02
1.867100000000000080e+02
2.053100000000000023e+02
2.075399999999999920e+02
2.107000000000000171e+02
2.275699999999999932e+02
2.453400000000000034e+02
2.482500000000000000e+02
2.663000000000000114e+02
2.855699999999999932e+02
2.891700000000000159e+02
3.074399999999999977e+02
3.242800000000000296e+02
3.273799999999999955e+02
3.464399999999999977e+02
3.665099999999999909e+02
3.853899999999999864e+02
4.052200000000000273e+02
4.261299999999999955e+02
4.463199999999999932e+02
4.647200000000000273e+02
4.851100000000000136e+02
4.872500000000000000e+02
5.059000000000000341e+02
5.090300000000000296e+02
5.257500000000000000e+02
5.280399999999999636e+02
5.436599999999999682e+02
5.462500000000000000e+02
5.644500000000000455e+02
5.670099999999999909e+02
5.868500000000000227e+02
6.052599999999999909e+02
6.074700000000000273e+02
6.241000000000000227e+02
6.268999999999999773e+02
6.438400000000000318e+02
6.465800000000000409e+02
6.644900000000000091e+02
6.840000000000000000e+02
6.886699999999999591e+02
7.048799999999999955e+02
7.243999999999999773e+02
7.272000000000000455e+02
7.646900000000000546e+02
7.855000000000000000e+02
8.047300000000000182e+02
8.078700000000000045e+02
8.240099999999999909e+02
8.267300000000000182e+02
8.433899999999999864e+02
8.647300000000000182e+02
8.845900000000000318e+02
8.879200000000000728e+02
9.047200000000000273e+02
9.247000000000000455e+02
9.270700000000000500e+02
9.454200000000000728e+02
9.637899999999999636e+02
9.661900000000000546e+02
9.845700000000000500e+02
9.873000000000000682e+02
