5.139999999999999680e+00
1.553000000000000114e+01
2.640000000000000213e+01
3.592999999999999972e+01
4.485999999999999943e+01
5.680000000000000426e+01
6.518000000000000682e+01
7.526999999999999602e+01
7.735999999999999943e+01
8.587000000000000455e+01
9.426999999999999602e+01
9.709000000000000341e+01
1.051000000000000085e+02
1.071500000000000057e+02
1.145300000000000011e+02
1.169399999999999977e+02
1.247699999999999960e+02
1.356599999999999966e+02
1.445300000000000011e+02
1.549600000000000080e+02
1.668799999999999955e+02
1.758199999999999932e+02
1.867400000000000091e+02
1.958499999999999943e+02
2.051299999999999955e+02
2.158199999999999932e+02
2.263199999999999932e+02
2.347800000000000011e+02
2.368700000000000045e+02
2.454600000000000080e+02
2.575400000000000205e+02
2.646800000000000068e+02
2.760400000000000205e+02
2.865799999999999841e+02
2.959399999999999977e+02
3.057800000000000296e+02
3.160099999999999909e+02
3.242800000000000296e+02
3.269399999999999977e+02
3.349700000000000273e+02
3.450600000000000023e+02
3.561600000000000250e+02
3.642699999999999818e+02
3.663500000000000227e+02
3.751899999999999977e+02
3.845699999999999932e+02
3.955900000000000318e+02
4.041700000000000159e+02
4.156299999999999955e+02
4.237500000000000000e+02
4.263600000000000136e+02
4.347800000000000296e+02
4.450799999999999841e+02
4.543799999999999955e+02
4.646999999999999886e+02
4.761100000000000136e+02
4.851500000000000341e+02
4.939900000000000091e+02
4.962400000000000091e+02
5.060099999999999909e+02
5.140199999999999818e+02
5.250099999999999909e+02
5.441000000000000227e+02
5.461800000000000637e+02
5.544400000000000546e+02
5.642200000000000273e+02
5.740399999999999636e+02
5.842500000000000000e+02
5.949600000000000364e+02
6.050099999999999909e+02
6.144800000000000182e+02
6.165600000000000591e+02
6.251299999999999955e+02
6.335800000000000409e+02
6.448899999999999864e+02
6.540199999999999818e+02
6.639400000000000546e+02
6.661900000000000546e+02
6.741299999999999955e+02
6.762500000000000000e+02
6.845099999999999909e+02
6.866900000000000546e+02
7.040600000000000591e+02
7.062200000000000273e+02
7.161599999999999682e+02
7.249199999999999591e+02
7.341000000000000227e+02
7.361499999999999773e+02
7.441699999999999591e+02
7.544800000000000182e+02
7.633200000000000500e+02
7.738999999999999773e+02
7.764800000000000182e+02
7.835900000000000318e+02
7.856700000000000728e+02
7.955700000000000500e+02
8.035700000000000500e+02
8.239300000000000637e+02
8.337500000000000000e+02
8.433400000000000318e+02
8.455299999999999727e+02
8.548999999999999773e+02
8.745299999999999727e+02
8.839700000000000273e+02
8.931599999999999682e+02
8.953500000000000227e+02
9.041100000000000136e+02
9.146900000000000546e+02
9.243600000000000136e+02
9.341700000000000728e+02
9.442000000000000455e+02
9.541200000000000045e+02
9.636800000000000637e+02
9.737699999999999818e+02
9.858200000000000500e+02
9.953200000000000500e+02
