3.899999999999999911e+00
5.110000000000000320e+00
1.429000000000000092e+01
1.564000000000000057e+01
2.516000000000000014e+01
3.468999999999999773e+01
3.499000000000000199e+01
3.542000000000000171e+01
4.361999999999999744e+01
4.496000000000000085e+01
5.555000000000000426e+01
6.394000000000000483e+01
6.446999999999999886e+01
7.403000000000000114e+01
7.617000000000000171e+01
8.471999999999999886e+01
8.473999999999999488e+01
9.301999999999999602e+01
9.585999999999999943e+01
1.038599999999999994e+02
1.058500000000000085e+02
1.060600000000000023e+02
1.132800000000000011e+02
1.148500000000000085e+02
1.158100000000000023e+02
1.236000000000000085e+02
1.236599999999999966e+02
1.244500000000000028e+02
1.344200000000000159e+02
1.354699999999999989e+02
1.432800000000000011e+02
1.445699999999999932e+02
1.537100000000000080e+02
1.656400000000000148e+02
1.745699999999999932e+02
1.854900000000000091e+02
1.859300000000000068e+02
1.946100000000000136e+02
2.038799999999999955e+02
2.053499999999999943e+02
2.145800000000000125e+02
2.250800000000000125e+02
2.335300000000000011e+02
2.357000000000000171e+02
2.442199999999999989e+02
2.562900000000000205e+02
2.634300000000000068e+02
2.647099999999999795e+02
2.748000000000000114e+02
2.752400000000000091e+02
2.853400000000000318e+02
2.946899999999999977e+02
3.045300000000000296e+02
3.054599999999999795e+02
3.147699999999999818e+02
3.230300000000000296e+02
3.257200000000000273e+02
3.337300000000000182e+02
3.343199999999999932e+02
3.345799999999999841e+02
3.438100000000000023e+02
3.441600000000000250e+02
3.549100000000000250e+02
3.630199999999999818e+02
3.651100000000000136e+02
3.739700000000000273e+02
3.741299999999999955e+02
3.833299999999999841e+02
3.943500000000000227e+02
3.956200000000000045e+02
4.029200000000000159e+02
4.143899999999999864e+02
4.225000000000000000e+02
4.232800000000000296e+02
4.251600000000000250e+02
4.335400000000000205e+02
4.439200000000000159e+02
4.439600000000000364e+02
4.531299999999999955e+02
4.634600000000000364e+02
4.645699999999999932e+02
4.748700000000000045e+02
4.839100000000000250e+02
4.842500000000000000e+02
4.927500000000000000e+02
4.931500000000000341e+02
4.950799999999999841e+02
5.047599999999999909e+02
5.127799999999999727e+02
5.131200000000000045e+02
5.237599999999999909e+02
5.242500000000000000e+02
5.245800000000000409e+02
5.428600000000000136e+02
5.432899999999999636e+02
5.449800000000000182e+02
5.532000000000000455e+02
5.543700000000000045e+02
5.629700000000000273e+02
5.727899999999999636e+02
5.736499999999999773e+02
5.830000000000000000e+02
5.843000000000000682e+02
5.937799999999999727e+02
5.938600000000000136e+02
6.037699999999999818e+02
6.132400000000000091e+02
6.152899999999999636e+02
6.238899999999999864e+02
6.246699999999999591e+02
6.323400000000000318e+02
6.436499999999999773e+02
6.442400000000000091e+02
6.527799999999999727e+02
6.626900000000000546e+02
6.650299999999999727e+02
6.728799999999999955e+02
6.747699999999999818e+02
6.832599999999999909e+02
6.855299999999999727e+02
7.028200000000000500e+02
7.032200000000000273e+02
7.050700000000000500e+02
7.149099999999999682e+02
7.154500000000000455e+02
7.236699999999999591e+02
7.240099999999999909e+02
7.328500000000000227e+02
7.346399999999999864e+02
7.348300000000000409e+02
7.429300000000000637e+02
7.533100000000000591e+02
7.533600000000000136e+02
7.620700000000000500e+02
7.726599999999999682e+02
7.752699999999999818e+02
7.823400000000000318e+02
7.842100000000000364e+02
7.846100000000000136e+02
7.943300000000000409e+02
8.023200000000000500e+02
8.041200000000000045e+02
8.226900000000000546e+02
8.231900000000000546e+02
8.234600000000000364e+02
8.325000000000000000e+02
8.420900000000000318e+02
8.429400000000000546e+02
8.443799999999999955e+02
8.536499999999999773e+02
8.732799999999999727e+02
8.748999999999999773e+02
8.827300000000000182e+02
8.918999999999999773e+02
8.941900000000000546e+02
9.028700000000000045e+02
9.134500000000000455e+02
9.140399999999999636e+02
9.231200000000000045e+02
9.243200000000000500e+02
9.329300000000000637e+02
9.334600000000000364e+02
9.429700000000000273e+02
9.431599999999999682e+02
9.435800000000000409e+02
9.528700000000000045e+02
9.537000000000000455e+02
9.624300000000000637e+02
9.629500000000000455e+02
9.725199999999999818e+02
9.735900000000000318e+02
9.845600000000000591e+02
9.940800000000000409e+02
