5.200000000000000178e+00
4.513000000000000256e+01
5.264000000000000057e+01
1.051400000000000006e+02
1.368000000000000114e+02
1.689500000000000171e+02
1.807800000000000011e+02
2.004900000000000091e+02
2.169800000000000182e+02
2.292100000000000080e+02
2.450500000000000114e+02
2.687300000000000182e+02
2.807599999999999909e+02
3.247400000000000091e+02
3.283700000000000045e+02
3.368700000000000045e+02
3.684800000000000182e+02
4.565400000000000205e+02
4.647100000000000364e+02
4.766899999999999977e+02
4.926100000000000136e+02
4.965600000000000023e+02
5.004499999999999886e+02
5.923300000000000409e+02
6.082000000000000455e+02
6.124600000000000364e+02
6.162599999999999909e+02
6.368700000000000045e+02
6.841399999999999864e+02
7.281000000000000227e+02
7.520900000000000318e+02
8.241599999999999682e+02
8.481700000000000728e+02
8.804600000000000364e+02
9.204800000000000182e+02
9.477000000000000455e+02
9.641100000000000136e+02
