4.510999999999999943e+01
8.618000000000000682e+01
1.250100000000000051e+02
1.360099999999999909e+02
2.264699999999999989e+02
3.057099999999999795e+02
4.349600000000000364e+02
6.450399999999999636e+02
7.251100000000000136e+02
7.546100000000000136e+02
4.511999999999999744e+01
1.250199999999999960e+02
1.360399999999999920e+02
2.264800000000000182e+02
3.057200000000000273e+02
6.450500000000000682e+02
7.251200000000000045e+02
7.546100000000000136e+02
4.514000000000000057e+01
1.250499999999999972e+02
2.264900000000000091e+02
3.057300000000000182e+02
6.450600000000000591e+02
7.251299999999999955e+02
7.546200000000000045e+02
4.514999999999999858e+01
2.265000000000000000e+02
3.057300000000000182e+02
6.450600000000000591e+02
7.251399999999999864e+02
7.546200000000000045e+02
4.520000000000000284e+01
2.265300000000000011e+02
3.057500000000000000e+02
6.450800000000000409e+02
7.251800000000000637e+02
7.546299999999999955e+02
5.660000000000000142e+00
3.653000000000000114e+01
4.505000000000000426e+01
8.609000000000000341e+01
1.249500000000000028e+02
1.359399999999999977e+02
2.158499999999999943e+02
2.264300000000000068e+02
3.056700000000000159e+02
3.359100000000000250e+02
3.453600000000000136e+02
3.955500000000000114e+02
4.348299999999999841e+02
4.452400000000000091e+02
4.551700000000000159e+02
5.256399999999999864e+02
5.347400000000000091e+02
5.445800000000000409e+02
5.848700000000000045e+02
6.148300000000000409e+02
6.450199999999999818e+02
7.161800000000000637e+02
7.250600000000000591e+02
7.345500000000000682e+02
7.545900000000000318e+02
8.247400000000000091e+02
8.747100000000000364e+02
9.152200000000000273e+02
9.347200000000000273e+02
9.445199999999999818e+02
9.551200000000000045e+02
5.660000000000000142e+00
3.656000000000000227e+01
4.506000000000000227e+01
8.610000000000000853e+01
1.249600000000000080e+02
1.359499999999999886e+02
2.158799999999999955e+02
2.264300000000000068e+02
3.056800000000000068e+02
3.453899999999999864e+02
3.955699999999999932e+02
4.348500000000000227e+02
4.452500000000000000e+02
5.257400000000000091e+02
5.347699999999999818e+02
5.848799999999999955e+02
6.148500000000000227e+02
6.450199999999999818e+02
7.162599999999999909e+02
7.250700000000000500e+02
7.345800000000000409e+02
7.545900000000000318e+02
8.747200000000000273e+02
9.153100000000000591e+02
9.347599999999999909e+02
9.447200000000000273e+02
5.669999999999999929e+00
3.660000000000000142e+01
4.507000000000000028e+01
8.612000000000000455e+01
1.249699999999999989e+02
1.359699999999999989e+02
2.264399999999999977e+02
3.056899999999999977e+02
3.454200000000000159e+02
3.956100000000000136e+02
4.348700000000000045e+02
4.452699999999999818e+02
5.848999999999999773e+02
6.148799999999999955e+02
6.450299999999999727e+02
7.250800000000000409e+02
7.346299999999999955e+02
7.546000000000000227e+02
8.747400000000000091e+02
9.348000000000000682e+02
5.690000000000000391e+00
3.664999999999999858e+01
4.507999999999999829e+01
8.612999999999999545e+01
1.249800000000000040e+02
1.359799999999999898e+02
2.264500000000000171e+02
3.056999999999999886e+02
4.348899999999999864e+02
4.452900000000000205e+02
5.849300000000000637e+02
6.149300000000000637e+02
6.450299999999999727e+02
7.250900000000000318e+02
7.546000000000000227e+02
8.747599999999999909e+02
5.709999999999999964e+00
4.510000000000000142e+01
8.615000000000000568e+01
1.249900000000000091e+02
1.360000000000000000e+02
2.264600000000000080e+02
3.056999999999999886e+02
4.349200000000000159e+02
4.453199999999999932e+02
6.450399999999999636e+02
7.251000000000000227e+02
7.546100000000000136e+02
8.747799999999999727e+02
