4.589999999999999858e+00
8.650000000000000355e+00
1.171000000000000085e+01
2.060999999999999943e+01
2.567000000000000171e+01
3.069000000000000128e+01
5.560999999999999943e+01
5.996000000000000085e+01
6.968000000000000682e+01
7.857999999999999829e+01
9.565000000000000568e+01
9.946000000000000796e+01
1.105400000000000063e+02
1.136700000000000017e+02
1.206800000000000068e+02
1.265100000000000051e+02
1.285699999999999932e+02
1.704500000000000171e+02
1.754000000000000057e+02
1.814099999999999966e+02
1.876299999999999955e+02
1.954500000000000171e+02
2.024300000000000068e+02
2.054300000000000068e+02
2.134900000000000091e+02
2.245399999999999920e+02
2.313199999999999932e+02
2.334000000000000057e+02
2.484500000000000171e+02
2.535100000000000193e+02
2.573799999999999955e+02
3.113000000000000114e+02
3.243100000000000023e+02
3.333100000000000023e+02
3.503899999999999864e+02
3.582400000000000091e+02
3.824499999999999886e+02
3.913799999999999955e+02
4.044800000000000182e+02
4.065699999999999932e+02
4.332500000000000000e+02
4.412900000000000205e+02
4.552599999999999909e+02
4.621299999999999955e+02
4.643100000000000023e+02
4.672699999999999818e+02
4.731899999999999977e+02
4.852900000000000205e+02
5.142300000000000182e+02
5.293100000000000591e+02
5.370800000000000409e+02
5.452100000000000364e+02
5.621100000000000136e+02
5.761399999999999864e+02
5.981599999999999682e+02
6.081699999999999591e+02
6.160900000000000318e+02
6.221900000000000546e+02
6.360600000000000591e+02
6.421200000000000045e+02
6.451499999999999773e+02
6.561299999999999955e+02
6.641100000000000136e+02
6.980500000000000682e+02
7.069500000000000455e+02
7.190199999999999818e+02
7.238600000000000136e+02
7.290500000000000682e+02
7.329300000000000637e+02
7.379800000000000182e+02
7.411699999999999591e+02
7.549700000000000273e+02
7.630000000000000000e+02
7.690000000000000000e+02
7.741100000000000136e+02
7.761599999999999682e+02
7.899500000000000455e+02
8.000199999999999818e+02
8.239200000000000728e+02
8.489300000000000637e+02
8.588700000000000045e+02
8.628700000000000045e+02
8.660800000000000409e+02
8.748899999999999864e+02
9.057899999999999636e+02
9.158100000000000591e+02
9.218100000000000591e+02
9.300299999999999727e+02
9.368300000000000409e+02
9.459300000000000637e+02
9.587599999999999909e+02
9.629600000000000364e+02
9.848200000000000500e+02
9.949300000000000637e+02
