1.660000000000000142e+01
2.592999999999999972e+01
4.567000000000000171e+01
5.646999999999999886e+01
7.587000000000000455e+01
1.061700000000000017e+02
1.253100000000000023e+02
1.470300000000000011e+02
1.563400000000000034e+02
1.755000000000000000e+02
1.859000000000000057e+02
1.952400000000000091e+02
2.161100000000000136e+02
2.264500000000000171e+02
2.453100000000000023e+02
2.561700000000000159e+02
2.663299999999999841e+02
2.976800000000000068e+02
3.059100000000000250e+02
3.265400000000000205e+02
3.372900000000000205e+02
3.453899999999999864e+02
3.959100000000000250e+02
4.060699999999999932e+02
4.257400000000000091e+02
4.352699999999999818e+02
4.554600000000000364e+02
4.659900000000000091e+02
4.848899999999999864e+02
4.962100000000000364e+02
5.047900000000000205e+02
5.261499999999999773e+02
5.347000000000000455e+02
5.754099999999999682e+02
5.853999999999999773e+02
6.054199999999999591e+02
6.155199999999999818e+02
6.355099999999999909e+02
6.456299999999999955e+02
6.552000000000000455e+02
6.757100000000000364e+02
6.857500000000000000e+02
6.952300000000000182e+02
7.151599999999999682e+02
7.256900000000000546e+02
7.350299999999999727e+02
7.550399999999999636e+02
7.746900000000000546e+02
7.948600000000000136e+02
8.061200000000000045e+02
8.164900000000000091e+02
8.354500000000000455e+02
8.468999999999999773e+02
8.643000000000000682e+02
8.757000000000000455e+02
8.842899999999999636e+02
8.948600000000000136e+02
9.058000000000000682e+02
9.150299999999999727e+02
9.347699999999999818e+02
9.555299999999999727e+02
9.644500000000000455e+02
9.853100000000000591e+02
9.947300000000000182e+02
