3.419999999999999929e+00
1.138000000000000078e+01
1.174000000000000021e+01
2.799000000000000199e+01
4.345000000000000284e+01
4.393999999999999773e+01
5.100999999999999801e+01
7.142000000000000171e+01
7.995000000000000284e+01
1.031000000000000085e+02
1.034800000000000040e+02
1.076200000000000045e+02
1.110700000000000074e+02
1.235100000000000051e+02
1.274600000000000080e+02
1.352100000000000080e+02
1.513400000000000034e+02
1.673499999999999943e+02
1.791400000000000148e+02
1.914099999999999966e+02
1.990300000000000011e+02
1.991800000000000068e+02
2.113600000000000136e+02
2.151400000000000148e+02
2.275300000000000011e+02
2.434000000000000057e+02
2.671000000000000227e+02
2.753500000000000227e+02
2.789800000000000182e+02
3.231500000000000341e+02
3.268899999999999864e+02
3.351600000000000250e+02
3.469200000000000159e+02
3.554800000000000182e+02
3.668799999999999955e+02
3.827300000000000182e+02
3.953000000000000114e+02
4.066700000000000159e+02
4.073000000000000114e+02
4.228100000000000023e+02
4.509200000000000159e+02
4.548700000000000045e+02
4.630199999999999818e+02
4.750000000000000000e+02
4.910000000000000000e+02
4.950699999999999932e+02
4.988100000000000023e+02
5.063500000000000227e+02
5.109300000000000068e+02
5.226499999999999773e+02
5.426299999999999955e+02
5.626499999999999773e+02
5.707100000000000364e+02
5.791399999999999864e+02
5.906599999999999682e+02
5.909900000000000091e+02
6.065199999999999818e+02
6.109400000000000546e+02
6.147400000000000091e+02
6.351800000000000637e+02
6.384900000000000091e+02
6.710099999999999909e+02
6.789500000000000455e+02
6.824700000000000273e+02
6.869300000000000637e+02
6.950700000000000500e+02
7.106800000000000637e+02
7.265199999999999818e+02
7.309500000000000455e+02
7.346499999999999773e+02
7.503899999999999864e+02
7.668100000000000591e+02
7.706700000000000728e+02
8.024400000000000546e+02
8.225800000000000409e+02
8.227599999999999909e+02
8.383300000000000409e+02
8.464700000000000273e+02
8.788600000000000136e+02
8.942000000000000455e+02
9.188400000000000318e+02
9.260700000000000500e+02
9.340700000000000500e+02
9.460500000000000682e+02
9.541299999999999955e+02
9.585600000000000591e+02
9.623200000000000500e+02
9.901399999999999864e+02
