4.810000000000000497e+00
1.300000000000000000e+01
4.418999999999999773e+01
5.288000000000000256e+01
6.113000000000000256e+01
6.504000000000000625e+01
1.124600000000000080e+02
1.145400000000000063e+02
1.337299999999999898e+02
1.448100000000000023e+02
1.476100000000000136e+02
1.553199999999999932e+02
1.860099999999999909e+02
1.881400000000000148e+02
1.935800000000000125e+02
2.023000000000000114e+02
2.150000000000000000e+02
2.215399999999999920e+02
2.402500000000000000e+02
2.592599999999999909e+02
2.669900000000000091e+02
2.964700000000000273e+02
2.998199999999999932e+02
3.123700000000000045e+02
3.199000000000000341e+02
4.073199999999999932e+02
4.238000000000000114e+02
4.371200000000000045e+02
4.411700000000000159e+02
4.671200000000000045e+02
4.726999999999999886e+02
4.962300000000000182e+02
5.127500000000000000e+02
5.232100000000000364e+02
5.275600000000000591e+02
5.371900000000000546e+02
5.394800000000000182e+02
5.432200000000000273e+02
5.478100000000000591e+02
5.621100000000000136e+02
5.738700000000000045e+02
6.064900000000000091e+02
6.265000000000000000e+02
6.436699999999999591e+02
6.505800000000000409e+02
6.857799999999999727e+02
6.957400000000000091e+02
7.251499999999999773e+02
7.559700000000000273e+02
7.866000000000000227e+02
8.570299999999999727e+02
8.828200000000000500e+02
9.204900000000000091e+02
9.261499999999999773e+02
9.428799999999999955e+02
9.449300000000000637e+02
9.470000000000000000e+02
9.573600000000000136e+02
9.634099999999999682e+02
9.698600000000000136e+02
9.719200000000000728e+02
