7.910000000000000142e+00
5.692000000000000171e+01
1.065499999999999972e+02
4.063700000000000045e+02
5.076600000000000250e+02
7.060399999999999636e+02
7.590099999999999909e+02
8.073000000000000682e+02
8.103500000000000227e+02
8.593999999999999773e+02
9.065399999999999636e+02
9.561499999999999773e+02
7.910000000000000142e+00
9.939999999999999503e+00
1.200000000000000000e+01
1.403000000000000114e+01
1.605000000000000071e+01
1.805999999999999872e+01
2.042999999999999972e+01
2.378999999999999915e+01
5.692000000000000171e+01
6.099000000000000199e+01
6.415000000000000568e+01
6.640000000000000568e+01
6.890999999999999659e+01
7.189000000000000057e+01
1.065499999999999972e+02
1.086400000000000006e+02
1.111400000000000006e+02
1.138100000000000023e+02
1.158400000000000034e+02
1.178599999999999994e+02
1.199000000000000057e+02
1.222600000000000051e+02
1.611100000000000136e+02
1.633700000000000045e+02
1.663100000000000023e+02
1.689000000000000057e+02
1.745800000000000125e+02
2.078799999999999955e+02
2.099300000000000068e+02
2.128900000000000148e+02
2.149200000000000159e+02
2.169800000000000182e+02
2.194300000000000068e+02
2.214600000000000080e+02
2.600000000000000000e+02
2.633000000000000114e+02
2.658000000000000114e+02
2.711499999999999773e+02
3.082800000000000296e+02
3.104399999999999977e+02
3.131899999999999977e+02
3.152099999999999795e+02
3.174800000000000182e+02
3.195000000000000000e+02
3.219200000000000159e+02
3.586100000000000136e+02
3.606399999999999864e+02
3.644900000000000091e+02
3.671700000000000159e+02
3.692200000000000273e+02
3.715400000000000205e+02
4.063700000000000045e+02
4.089000000000000341e+02
4.117500000000000000e+02
4.141600000000000250e+02
4.162800000000000296e+02
4.184100000000000250e+02
4.204399999999999977e+02
4.585699999999999932e+02
4.607100000000000364e+02
4.638000000000000114e+02
4.660900000000000318e+02
4.685199999999999818e+02
4.705699999999999932e+02
4.754800000000000182e+02
5.076600000000000250e+02
5.097599999999999909e+02
5.118000000000000114e+02
5.138400000000000318e+02
5.163400000000000318e+02
5.185199999999999818e+02
5.212999999999999545e+02
5.586399999999999864e+02
5.624600000000000364e+02
5.645099999999999909e+02
5.665299999999999727e+02
5.689300000000000637e+02
5.711299999999999955e+02
5.735199999999999818e+02
6.101100000000000136e+02
6.121399999999999864e+02
6.141699999999999591e+02
6.162000000000000455e+02
6.183400000000000318e+02
6.204800000000000182e+02
6.243600000000000136e+02
6.579400000000000546e+02
6.602799999999999727e+02
6.623200000000000500e+02
6.643500000000000227e+02
6.663700000000000045e+02
6.683899999999999864e+02
6.713799999999999955e+02
7.060399999999999636e+02
7.099600000000000364e+02
7.120399999999999636e+02
7.141299999999999955e+02
7.165399999999999636e+02
7.193700000000000045e+02
7.224600000000000364e+02
7.249900000000000091e+02
7.590099999999999909e+02
7.610399999999999636e+02
7.633100000000000591e+02
7.655399999999999636e+02
7.677300000000000182e+02
7.708000000000000682e+02
7.756299999999999955e+02
8.073000000000000682e+02
8.103500000000000227e+02
8.124099999999999682e+02
8.146800000000000637e+02
8.175800000000000409e+02
8.196499999999999773e+02
8.229200000000000728e+02
8.593999999999999773e+02
8.621200000000000045e+02
8.645600000000000591e+02
8.669900000000000091e+02
8.690099999999999909e+02
8.710500000000000682e+02
8.736000000000000227e+02
9.065399999999999636e+02
9.092000000000000455e+02
9.112599999999999909e+02
9.146599999999999682e+02
9.169900000000000091e+02
9.190199999999999818e+02
9.211200000000000045e+02
9.240099999999999909e+02
9.561499999999999773e+02
9.589400000000000546e+02
9.614700000000000273e+02
9.645099999999999909e+02
9.685199999999999818e+02
9.737300000000000182e+02
9.762799999999999727e+02
7.910000000000000142e+00
9.950000000000001066e+00
1.204000000000000092e+01
1.410999999999999943e+01
1.612999999999999901e+01
1.815000000000000213e+01
2.050000000000000000e+01
2.387000000000000099e+01
5.692000000000000171e+01
6.418000000000000682e+01
6.646000000000000796e+01
6.898000000000000398e+01
7.195000000000000284e+01
1.065499999999999972e+02
1.086800000000000068e+02
1.112699999999999960e+02
1.138700000000000045e+02
1.159099999999999966e+02
1.179500000000000028e+02
1.199900000000000091e+02
1.611299999999999955e+02
1.634099999999999966e+02
1.663799999999999955e+02
1.689600000000000080e+02
1.746400000000000148e+02
2.079000000000000057e+02
2.099800000000000182e+02
2.129800000000000182e+02
2.151100000000000136e+02
2.171400000000000148e+02
2.194900000000000091e+02
2.215200000000000102e+02
2.600099999999999909e+02
2.638199999999999932e+02
2.675699999999999932e+02
3.090699999999999932e+02
3.111500000000000341e+02
3.133299999999999841e+02
3.153600000000000136e+02
3.176800000000000068e+02
3.205000000000000000e+02
3.229499999999999886e+02
3.586299999999999955e+02
3.606600000000000250e+02
3.646100000000000136e+02
3.692800000000000296e+02
3.716100000000000136e+02
4.063700000000000045e+02
4.091999999999999886e+02
4.118199999999999932e+02
4.156899999999999977e+02
4.203799999999999955e+02
4.586000000000000227e+02
4.607699999999999818e+02
4.686700000000000159e+02
4.707599999999999909e+02
5.076600000000000250e+02
5.118299999999999841e+02
5.138700000000000045e+02
5.173200000000000500e+02
5.227100000000000364e+02
5.625099999999999909e+02
5.645900000000000318e+02
5.666200000000000045e+02
5.690000000000000000e+02
5.742500000000000000e+02
6.101299999999999955e+02
6.121699999999999591e+02
6.142100000000000364e+02
6.162500000000000000e+02
6.186399999999999864e+02
6.207200000000000273e+02
6.243899999999999864e+02
6.579500000000000455e+02
6.603400000000000318e+02
6.633400000000000318e+02
6.653999999999999773e+02
6.674600000000000364e+02
7.060399999999999636e+02
7.099800000000000182e+02
7.121299999999999955e+02
7.152899999999999636e+02
7.174199999999999591e+02
7.194700000000000273e+02
7.250399999999999636e+02
7.590099999999999909e+02
7.610500000000000682e+02
7.637100000000000364e+02
7.657400000000000091e+02
7.709200000000000728e+02
7.756700000000000728e+02
8.073000000000000682e+02
8.103500000000000227e+02
8.124300000000000637e+02
8.147699999999999818e+02
8.229600000000000364e+02
8.593999999999999773e+02
8.621399999999999864e+02
8.646000000000000227e+02
8.670700000000000500e+02
8.691000000000000227e+02
8.711499999999999773e+02
9.065399999999999636e+02
9.092200000000000273e+02
9.113100000000000591e+02
9.147799999999999727e+02
9.170299999999999727e+02
9.190800000000000409e+02
9.211599999999999682e+02
9.240500000000000682e+02
9.561499999999999773e+02
9.615099999999999909e+02
9.645600000000000591e+02
9.685800000000000409e+02
9.743300000000000409e+02
7.910000000000000142e+00
9.970000000000000639e+00
1.210999999999999943e+01
1.561000000000000121e+01
1.790000000000000213e+01
5.692000000000000171e+01
6.459999999999999432e+01
6.664000000000000057e+01
7.201999999999999602e+01
1.065499999999999972e+02
1.114300000000000068e+02
1.150300000000000011e+02
1.177300000000000040e+02
1.200100000000000051e+02
1.611599999999999966e+02
1.643499999999999943e+02
1.690900000000000034e+02
2.079099999999999966e+02
2.105900000000000034e+02
2.130399999999999920e+02
2.154900000000000091e+02
2.600199999999999818e+02
2.638999999999999773e+02
3.093199999999999932e+02
3.152900000000000205e+02
3.194100000000000250e+02
3.586399999999999864e+02
3.606899999999999977e+02
4.063700000000000045e+02
4.106700000000000159e+02
4.586399999999999864e+02
4.608000000000000114e+02
5.076600000000000250e+02
5.118899999999999864e+02
5.139199999999999591e+02
5.187899999999999636e+02
5.227799999999999727e+02
5.691200000000000045e+02
6.101399999999999864e+02
6.123200000000000500e+02
6.163500000000000227e+02
6.207699999999999818e+02
6.244199999999999591e+02
6.579600000000000364e+02
6.684600000000000364e+02
7.060399999999999636e+02
7.100099999999999909e+02
7.121599999999999682e+02
7.153300000000000409e+02
7.174800000000000182e+02
7.590099999999999909e+02
7.610800000000000409e+02
7.637599999999999909e+02
7.658200000000000500e+02
7.759200000000000728e+02
8.073000000000000682e+02
8.103500000000000227e+02
8.124500000000000455e+02
8.149099999999999682e+02
8.593999999999999773e+02
8.621599999999999682e+02
8.646299999999999955e+02
8.691000000000000227e+02
9.065399999999999636e+02
9.092400000000000091e+02
9.170700000000000500e+02
9.212400000000000091e+02
9.561499999999999773e+02
9.626000000000000227e+02
7.910000000000000142e+00
1.008999999999999986e+01
1.349000000000000021e+01
1.566000000000000014e+01
1.803999999999999915e+01
5.692000000000000171e+01
6.468000000000000682e+01
6.671999999999999886e+01
7.214000000000000057e+01
1.065499999999999972e+02
1.612100000000000080e+02
2.079300000000000068e+02
2.600400000000000205e+02
2.641100000000000136e+02
3.586600000000000250e+02
3.607500000000000000e+02
4.063700000000000045e+02
4.608500000000000227e+02
5.076600000000000250e+02
5.139500000000000455e+02
6.101699999999999591e+02
6.244900000000000091e+02
6.579700000000000273e+02
7.060399999999999636e+02
7.100399999999999636e+02
7.122100000000000364e+02
7.590099999999999909e+02
7.760099999999999909e+02
8.073000000000000682e+02
8.103500000000000227e+02
8.124900000000000091e+02
8.593999999999999773e+02
8.621900000000000546e+02
8.646800000000000637e+02
9.065399999999999636e+02
9.093000000000000682e+02
9.212899999999999636e+02
9.561499999999999773e+02
7.910000000000000142e+00
1.015000000000000036e+01
1.354000000000000092e+01
5.692000000000000171e+01
1.065499999999999972e+02
1.613199999999999932e+02
2.079399999999999977e+02
2.600699999999999932e+02
3.587099999999999795e+02
4.063700000000000045e+02
5.076600000000000250e+02
6.102200000000000273e+02
6.579800000000000182e+02
7.060399999999999636e+02
7.100700000000000500e+02
7.590099999999999909e+02
8.073000000000000682e+02
8.103500000000000227e+02
8.593999999999999773e+02
8.622300000000000182e+02
8.647300000000000182e+02
9.065399999999999636e+02
9.213300000000000409e+02
9.561499999999999773e+02
7.910000000000000142e+00
5.692000000000000171e+01
1.065499999999999972e+02
2.079600000000000080e+02
4.063700000000000045e+02
5.076600000000000250e+02
6.102500000000000000e+02
6.580000000000000000e+02
7.060399999999999636e+02
7.100900000000000318e+02
7.590099999999999909e+02
8.073000000000000682e+02
8.103500000000000227e+02
8.593999999999999773e+02
9.065399999999999636e+02
9.561499999999999773e+02
7.910000000000000142e+00
5.692000000000000171e+01
1.065499999999999972e+02
2.079900000000000091e+02
4.063700000000000045e+02
5.076600000000000250e+02
6.102799999999999727e+02
6.580099999999999909e+02
7.060399999999999636e+02
7.101200000000000045e+02
7.590099999999999909e+02
8.073000000000000682e+02
8.103500000000000227e+02
8.593999999999999773e+02
9.065399999999999636e+02
9.561499999999999773e+02
7.910000000000000142e+00
5.692000000000000171e+01
1.065499999999999972e+02
4.063700000000000045e+02
5.076600000000000250e+02
6.580299999999999727e+02
7.060399999999999636e+02
7.590099999999999909e+02
8.073000000000000682e+02
8.103500000000000227e+02
8.593999999999999773e+02
9.065399999999999636e+02
9.561499999999999773e+02
7.910000000000000142e+00
5.692000000000000171e+01
1.065499999999999972e+02
4.063700000000000045e+02
5.076600000000000250e+02
7.060399999999999636e+02
7.590099999999999909e+02
8.073000000000000682e+02
8.103500000000000227e+02
8.593999999999999773e+02
9.065399999999999636e+02
9.561499999999999773e+02
