1.529000000000000092e+01
6.654000000000000625e+01
8.201999999999999602e+01
8.556000000000000227e+01
9.753000000000000114e+01
1.036500000000000057e+02
1.060700000000000074e+02
1.126899999999999977e+02
1.170900000000000034e+02
1.274699999999999989e+02
1.315999999999999943e+02
1.349799999999999898e+02
1.494200000000000159e+02
1.847199999999999989e+02
2.449699999999999989e+02
2.470100000000000193e+02
2.537700000000000102e+02
2.570099999999999909e+02
2.864399999999999977e+02
2.910900000000000318e+02
3.181399999999999864e+02
3.713799999999999955e+02
3.991399999999999864e+02
4.012300000000000182e+02
4.260600000000000023e+02
4.321000000000000227e+02
4.546800000000000068e+02
4.668000000000000114e+02
4.706700000000000159e+02
4.876600000000000250e+02
4.998500000000000227e+02
5.597200000000000273e+02
5.649500000000000455e+02
5.691900000000000546e+02
5.891399999999999864e+02
6.030600000000000591e+02
6.543000000000000682e+02
6.916399999999999864e+02
6.957100000000000364e+02
7.226900000000000546e+02
7.316299999999999955e+02
7.517400000000000091e+02
7.640800000000000409e+02
7.880900000000000318e+02
8.015600000000000591e+02
8.189900000000000091e+02
8.417400000000000091e+02
8.792400000000000091e+02
8.830700000000000500e+02
8.887100000000000364e+02
8.941000000000000227e+02
8.996800000000000637e+02
9.224900000000000091e+02
9.352899999999999636e+02
9.462100000000000364e+02
9.752799999999999727e+02
9.818000000000000682e+02
