3.959999999999999964e+00
1.421000000000000085e+01
2.483000000000000185e+01
3.453000000000000114e+01
4.363000000000000256e+01
5.382000000000000028e+01
6.364999999999999858e+01
7.400000000000000000e+01
8.437999999999999545e+01
9.323000000000000398e+01
9.585000000000000853e+01
1.038400000000000034e+02
1.059800000000000040e+02
1.133599999999999994e+02
1.156099999999999994e+02
1.234399999999999977e+02
1.344300000000000068e+02
1.434500000000000171e+02
1.457000000000000171e+02
1.535699999999999932e+02
1.557700000000000102e+02
1.642000000000000171e+02
1.748499999999999943e+02
1.854300000000000068e+02
1.940399999999999920e+02
2.040000000000000000e+02
2.143000000000000114e+02
2.236200000000000045e+02
2.335500000000000114e+02
2.357599999999999909e+02
2.440000000000000000e+02
2.541200000000000045e+02
2.632900000000000205e+02
2.746800000000000068e+02
2.829100000000000250e+02
2.852599999999999909e+02
2.940799999999999841e+02
3.048000000000000114e+02
3.150199999999999818e+02
3.231600000000000250e+02
3.257699999999999818e+02
3.328700000000000045e+02
3.350000000000000000e+02
3.436800000000000068e+02
3.548700000000000045e+02
3.630199999999999818e+02
3.651500000000000341e+02
3.738199999999999932e+02
3.831399999999999864e+02
3.937100000000000364e+02
4.036800000000000068e+02
4.130799999999999841e+02
4.225000000000000000e+02
4.247699999999999818e+02
4.334399999999999977e+02
4.433100000000000023e+02
4.531600000000000250e+02
4.635500000000000114e+02
4.731299999999999955e+02
4.753199999999999932e+02
4.838600000000000136e+02
4.926200000000000045e+02
4.948299999999999841e+02
5.048700000000000045e+02
5.127000000000000455e+02
5.236200000000000045e+02
5.328200000000000500e+02
5.428500000000000227e+02
5.449300000000000637e+02
5.529600000000000364e+02
5.554800000000000182e+02
5.645500000000000682e+02
5.728300000000000409e+02
5.826599999999999682e+02
5.848799999999999955e+02
5.935199999999999818e+02
6.038100000000000591e+02
6.130299999999999727e+02
6.238799999999999955e+02
6.324199999999999591e+02
6.436599999999999682e+02
6.535099999999999909e+02
6.626100000000000136e+02
6.648999999999999773e+02
6.724700000000000273e+02
6.746399999999999864e+02
6.827400000000000091e+02
6.853999999999999773e+02
6.929300000000000637e+02
7.028400000000000318e+02
7.050000000000000000e+02
7.131299999999999955e+02
7.233500000000000227e+02
7.327200000000000273e+02
7.348100000000000591e+02
7.423200000000000500e+02
7.531399999999999864e+02
7.619099999999999682e+02
7.647000000000000455e+02
7.725399999999999636e+02
7.749600000000000364e+02
7.819099999999999682e+02
7.840099999999999909e+02
7.920500000000000682e+02
7.943200000000000500e+02
8.022400000000000091e+02
8.043600000000000136e+02
8.143300000000000409e+02
8.225199999999999818e+02
8.323400000000000318e+02
8.428500000000000227e+02
8.529400000000000546e+02
8.630000000000000000e+02
8.719500000000000455e+02
8.749099999999999682e+02
8.822100000000000364e+02
8.930800000000000409e+02
9.026800000000000637e+02
9.122200000000000273e+02
9.143500000000000227e+02
9.227300000000000182e+02
9.327100000000000364e+02
9.352500000000000000e+02
9.425600000000000591e+02
9.530399999999999636e+02
9.623799999999999955e+02
9.723500000000000227e+02
9.825099999999999909e+02
9.847699999999999818e+02
9.939800000000000182e+02
