7.660000000000000142e+00
1.034999999999999964e+01
2.767999999999999972e+01
3.060000000000000142e+01
4.738000000000000256e+01
5.010000000000000142e+01
6.598999999999999488e+01
6.839000000000000057e+01
7.164000000000000057e+01
8.923000000000000398e+01
1.069699999999999989e+02
1.265700000000000074e+02
1.292700000000000102e+02
1.474600000000000080e+02
1.671400000000000148e+02
1.698499999999999943e+02
1.859600000000000080e+02
1.880900000000000034e+02
2.065800000000000125e+02
2.119099999999999966e+02
2.287500000000000000e+02
2.309500000000000171e+02
2.465600000000000023e+02
2.495900000000000034e+02
2.673899999999999864e+02
2.900699999999999932e+02
3.072699999999999818e+02
3.097599999999999909e+02
3.256200000000000045e+02
3.286399999999999864e+02
3.675699999999999932e+02
3.856399999999999864e+02
3.898100000000000023e+02
4.062599999999999909e+02
4.276000000000000227e+02
4.477699999999999818e+02
4.659300000000000068e+02
4.707500000000000000e+02
4.879800000000000182e+02
5.070400000000000205e+02
5.104399999999999977e+02
5.268500000000000227e+02
5.291000000000000227e+02
5.448899999999999864e+02
5.472000000000000455e+02
5.512400000000000091e+02
5.661000000000000227e+02
5.682599999999999909e+02
5.884600000000000364e+02
6.067699999999999818e+02
6.089500000000000455e+02
6.256000000000000227e+02
6.303000000000000682e+02
6.450600000000000591e+02
6.479400000000000546e+02
6.503500000000000227e+02
6.658200000000000500e+02
6.851900000000000546e+02
6.889300000000000637e+02
7.076100000000000136e+02
7.256900000000000546e+02
7.283500000000000227e+02
7.313400000000000318e+02
7.660299999999999727e+02
7.698300000000000409e+02
7.867000000000000455e+02
7.889200000000000728e+02
8.061900000000000546e+02
8.092300000000000182e+02
8.255099999999999909e+02
8.444800000000000182e+02
8.473500000000000227e+02
8.680500000000000682e+02
8.859800000000000182e+02
8.882000000000000455e+02
9.058999999999999773e+02
9.090399999999999636e+02
9.242899999999999636e+02
9.280500000000000682e+02
9.463899999999999864e+02
9.650099999999999909e+02
9.671499999999999773e+02
9.692699999999999818e+02
9.866700000000000728e+02
