4.389999999999999680e+00
7.620000000000000107e+00
1.598000000000000043e+01
2.498000000000000043e+01
3.636999999999999744e+01
4.453000000000000114e+01
4.725000000000000000e+01
5.470000000000000284e+01
5.677000000000000313e+01
6.662000000000000455e+01
7.473999999999999488e+01
8.571000000000000796e+01
9.445000000000000284e+01
1.043599999999999994e+02
1.066500000000000057e+02
1.153799999999999955e+02
1.239200000000000017e+02
1.260199999999999960e+02
1.347199999999999989e+02
1.443900000000000148e+02
1.466700000000000159e+02
1.554500000000000171e+02
1.652299999999999898e+02
1.748199999999999932e+02
1.772500000000000000e+02
1.848600000000000136e+02
1.943799999999999955e+02
1.964200000000000159e+02
2.048900000000000148e+02
2.148100000000000023e+02
2.248300000000000125e+02
2.349900000000000091e+02
2.373000000000000114e+02
2.443700000000000045e+02
2.555300000000000011e+02
2.649900000000000091e+02
2.670400000000000205e+02
2.743100000000000023e+02
2.863600000000000136e+02
2.951800000000000068e+02
2.973000000000000114e+02
3.038600000000000136e+02
3.059599999999999795e+02
3.146500000000000341e+02
3.167099999999999795e+02
3.242599999999999909e+02
3.270699999999999932e+02
3.361800000000000068e+02
3.446200000000000045e+02
3.541500000000000341e+02
3.640500000000000114e+02
3.743500000000000227e+02
3.843600000000000136e+02
3.867599999999999909e+02
3.947699999999999818e+02
4.049700000000000273e+02
4.136999999999999886e+02
4.244399999999999977e+02
4.342200000000000273e+02
4.448799999999999955e+02
4.547599999999999909e+02
4.635199999999999818e+02
4.655699999999999932e+02
4.744499999999999886e+02
4.765000000000000000e+02
4.840500000000000114e+02
4.945300000000000296e+02
5.041200000000000045e+02
5.063500000000000227e+02
5.143400000000000318e+02
5.166699999999999591e+02
5.233400000000000318e+02
5.337899999999999636e+02
5.430600000000000591e+02
5.470900000000000318e+02
5.555099999999999909e+02
5.647599999999999909e+02
5.743200000000000500e+02
5.844800000000000182e+02
5.965900000000000318e+02
6.047000000000000455e+02
6.144199999999999591e+02
6.238899999999999864e+02
6.268000000000000682e+02
6.336200000000000045e+02
6.356800000000000637e+02
6.441499999999999773e+02
6.543600000000000136e+02
6.656399999999999864e+02
6.749099999999999682e+02
6.842000000000000455e+02
6.862500000000000000e+02
6.941200000000000045e+02
7.048999999999999773e+02
7.139700000000000273e+02
7.160099999999999909e+02
7.242799999999999727e+02
7.342000000000000455e+02
7.370299999999999727e+02
7.433899999999999864e+02
7.459600000000000364e+02
7.536499999999999773e+02
7.558000000000000682e+02
7.641100000000000136e+02
7.739700000000000273e+02
7.835600000000000591e+02
7.862300000000000182e+02
7.935700000000000500e+02
7.956100000000000136e+02
8.032300000000000182e+02
8.054300000000000637e+02
8.143500000000000227e+02
8.164400000000000546e+02
8.246000000000000227e+02
8.336900000000000546e+02
8.432400000000000091e+02
8.462300000000000182e+02
8.533799999999999955e+02
8.565900000000000318e+02
8.634500000000000455e+02
8.655000000000000000e+02
8.740199999999999818e+02
8.760800000000000409e+02
8.831700000000000728e+02
8.937000000000000455e+02
9.044300000000000637e+02
9.143700000000000045e+02
9.261599999999999682e+02
9.332799999999999727e+02
9.432699999999999818e+02
9.546499999999999773e+02
9.629800000000000182e+02
9.650099999999999909e+02
9.743400000000000318e+02
9.831100000000000136e+02
9.852900000000000773e+02
9.934400000000000546e+02
