3.959999999999999964e+00
1.307000000000000028e+01
1.508999999999999986e+01
2.371000000000000085e+01
3.345000000000000284e+01
3.550999999999999801e+01
4.321000000000000085e+01
4.606000000000000227e+01
5.364000000000000057e+01
5.568999999999999773e+01
6.429999999999999716e+01
7.360000000000000853e+01
7.593999999999999773e+01
8.431000000000000227e+01
9.298000000000000398e+01
9.531000000000000227e+01
1.030900000000000034e+02
1.053100000000000023e+02
1.146099999999999994e+02
1.235400000000000063e+02
1.255799999999999983e+02
1.334600000000000080e+02
1.430699999999999932e+02
1.454699999999999989e+02
1.543400000000000034e+02
1.653499999999999943e+02
1.734200000000000159e+02
1.754500000000000171e+02
1.833100000000000023e+02
1.932700000000000102e+02
1.953000000000000114e+02
2.034000000000000057e+02
2.057100000000000080e+02
2.135600000000000023e+02
2.238700000000000045e+02
2.337300000000000182e+02
2.358100000000000023e+02
2.432000000000000171e+02
2.543000000000000114e+02
2.637800000000000296e+02
2.658400000000000318e+02
2.727800000000000296e+02
2.835400000000000205e+02
2.939200000000000159e+02
2.961800000000000068e+02
3.025900000000000318e+02
3.046200000000000045e+02
3.132200000000000273e+02
3.154900000000000091e+02
3.229200000000000159e+02
3.257599999999999909e+02
3.349100000000000250e+02
3.433100000000000023e+02
3.528299999999999841e+02
3.548700000000000045e+02
3.622400000000000091e+02
3.642699999999999818e+02
3.740000000000000000e+02
3.831700000000000159e+02
3.853000000000000114e+02
3.935799999999999841e+02
4.027900000000000205e+02
4.049600000000000364e+02
4.130500000000000114e+02
4.232800000000000296e+02
4.329700000000000273e+02
4.434100000000000250e+02
4.534300000000000068e+02
4.622300000000000182e+02
4.642599999999999909e+02
4.729100000000000250e+02
4.749399999999999977e+02
4.828000000000000114e+02
4.933100000000000023e+02
5.028199999999999932e+02
5.124400000000000546e+02
5.146699999999999591e+02
5.230399999999999636e+02
5.250700000000000500e+02
5.325499999999999545e+02
5.350199999999999818e+02
5.427699999999999818e+02
5.536399999999999864e+02
5.634900000000000091e+02
5.731100000000000136e+02
5.831399999999999864e+02
5.852100000000000364e+02
5.943899999999999864e+02
6.035000000000000000e+02
6.131200000000000045e+02
6.226299999999999955e+02
6.249900000000000091e+02
6.326699999999999591e+02
6.347100000000000364e+02
6.427699999999999818e+02
6.448000000000000682e+02
6.533999999999999773e+02
6.643700000000000045e+02
6.737699999999999818e+02
6.828799999999999955e+02
6.849300000000000637e+02
6.926900000000000546e+02
7.032899999999999636e+02
7.119199999999999591e+02
7.139500000000000455e+02
7.230500000000000682e+02
7.329099999999999682e+02
7.349500000000000455e+02
7.423500000000000227e+02
7.447000000000000455e+02
7.523799999999999955e+02
7.544500000000000455e+02
7.627200000000000273e+02
7.648000000000000682e+02
7.726399999999999864e+02
7.823100000000000591e+02
7.849800000000000182e+02
7.924800000000000182e+02
7.945099999999999909e+02
8.022300000000000182e+02
8.042599999999999909e+02
8.122899999999999636e+02
8.150800000000000409e+02
8.232200000000000273e+02
8.323200000000000500e+02
8.346299999999999955e+02
8.420299999999999727e+02
8.446599999999999682e+02
8.518899999999999864e+02
8.552799999999999727e+02
8.622000000000000455e+02
8.642300000000000182e+02
8.726499999999999773e+02
8.746700000000000728e+02
8.818000000000000682e+02
8.838300000000000409e+02
8.925000000000000000e+02
9.020199999999999818e+02
9.041499999999999773e+02
9.120800000000000409e+02
9.141100000000000136e+02
9.227599999999999909e+02
9.250099999999999909e+02
9.320500000000000682e+02
9.340800000000000409e+02
9.420299999999999727e+02
9.533899999999999864e+02
9.617500000000000000e+02
9.637699999999999818e+02
9.728799999999999955e+02
9.817899999999999636e+02
9.838400000000000318e+02
9.920500000000000682e+02
9.940800000000000409e+02
