9.579000000000000625e+01
2.026400000000000148e+02
2.136700000000000159e+02
3.114800000000000182e+02
3.246299999999999955e+02
3.921899999999999977e+02
5.983600000000000136e+02
6.423100000000000591e+02
7.292000000000000455e+02
7.331000000000000227e+02
9.850000000000000000e+02
9.940099999999999909e+02
9.579000000000000625e+01
2.026400000000000148e+02
2.136700000000000159e+02
3.114800000000000182e+02
3.246399999999999864e+02
3.921899999999999977e+02
5.983600000000000136e+02
6.423100000000000591e+02
7.292000000000000455e+02
7.331000000000000227e+02
9.850000000000000000e+02
9.940099999999999909e+02
9.579000000000000625e+01
2.026400000000000148e+02
2.136700000000000159e+02
3.114800000000000182e+02
3.246500000000000341e+02
3.921899999999999977e+02
5.983700000000000045e+02
6.423100000000000591e+02
7.292100000000000364e+02
7.331000000000000227e+02
9.850000000000000000e+02
9.940099999999999909e+02
9.579000000000000625e+01
2.026400000000000148e+02
2.136700000000000159e+02
3.114800000000000182e+02
3.921899999999999977e+02
5.983700000000000045e+02
6.423100000000000591e+02
7.292100000000000364e+02
7.331000000000000227e+02
9.850000000000000000e+02
9.940099999999999909e+02
9.579000000000000625e+01
2.026400000000000148e+02
2.136700000000000159e+02
3.114800000000000182e+02
3.921899999999999977e+02
5.983700000000000045e+02
6.423100000000000591e+02
7.292200000000000273e+02
7.331000000000000227e+02
9.850000000000000000e+02
9.940099999999999909e+02
9.579000000000000625e+01
2.026400000000000148e+02
2.136700000000000159e+02
3.114800000000000182e+02
3.921899999999999977e+02
5.983799999999999955e+02
6.423100000000000591e+02
7.292200000000000273e+02
7.331000000000000227e+02
9.850000000000000000e+02
9.940099999999999909e+02
9.579000000000000625e+01
2.026400000000000148e+02
2.136700000000000159e+02
3.114800000000000182e+02
3.921899999999999977e+02
5.983999999999999773e+02
6.423100000000000591e+02
7.292400000000000091e+02
7.331100000000000136e+02
9.850000000000000000e+02
9.940099999999999909e+02
9.579000000000000625e+01
2.026400000000000148e+02
2.136700000000000159e+02
2.315399999999999920e+02
2.344800000000000182e+02
3.114800000000000182e+02
3.246100000000000136e+02
3.921899999999999977e+02
5.983600000000000136e+02
6.423100000000000591e+02
7.291800000000000637e+02
7.331000000000000227e+02
7.381399999999999864e+02
9.850000000000000000e+02
9.940099999999999909e+02
9.579000000000000625e+01
2.026400000000000148e+02
2.136700000000000159e+02
2.315699999999999932e+02
2.345300000000000011e+02
3.114800000000000182e+02
3.246200000000000045e+02
3.921899999999999977e+02
5.983600000000000136e+02
6.423100000000000591e+02
7.291900000000000546e+02
7.331000000000000227e+02
7.381900000000000546e+02
9.850000000000000000e+02
9.940099999999999909e+02
9.579000000000000625e+01
2.026400000000000148e+02
2.136700000000000159e+02
2.316100000000000136e+02
3.114800000000000182e+02
3.246200000000000045e+02
3.921899999999999977e+02
5.983600000000000136e+02
6.423100000000000591e+02
7.291900000000000546e+02
7.331000000000000227e+02
9.850000000000000000e+02
9.940099999999999909e+02
