1.373000000000000043e+01
4.448000000000000398e+01
1.879399999999999977e+02
1.939200000000000159e+02
2.151899999999999977e+02
2.406100000000000136e+02
3.206899999999999977e+02
4.241800000000000068e+02
4.728799999999999955e+02
5.129900000000000091e+02
5.277699999999999818e+02
5.376000000000000227e+02
5.622899999999999636e+02
6.439400000000000546e+02
6.959300000000000637e+02
7.253600000000000136e+02
7.869300000000000637e+02
9.432699999999999818e+02
9.473000000000000682e+02
9.583400000000000318e+02
9.721599999999999682e+02
