5.000000000000000000e+00
2.653999999999999915e+01
4.561999999999999744e+01
6.526999999999999602e+01
8.660000000000000853e+01
1.064200000000000017e+02
1.457100000000000080e+02
1.658900000000000148e+02
1.851100000000000136e+02
2.269200000000000159e+02
2.462100000000000080e+02
2.647599999999999909e+02
2.855799999999999841e+02
3.040000000000000000e+02
3.064000000000000341e+02
3.242400000000000091e+02
3.450500000000000114e+02
3.652099999999999795e+02
4.248100000000000023e+02
4.455400000000000205e+02
4.841200000000000045e+02
5.052100000000000364e+02
5.262799999999999727e+02
5.437300000000000182e+02
5.642400000000000091e+02
5.850500000000000682e+02
6.039700000000000273e+02
6.246299999999999955e+02
6.444400000000000546e+02
6.647400000000000091e+02
7.041399999999999864e+02
7.253100000000000591e+02
7.462000000000000455e+02
7.638500000000000227e+02
7.849200000000000728e+02
8.042599999999999909e+02
8.238200000000000500e+02
8.431100000000000136e+02
8.644300000000000637e+02
8.851200000000000045e+02
9.040399999999999636e+02
9.437400000000000091e+02
9.641299999999999955e+02
9.829200000000000728e+02
5.000000000000000000e+00
7.049999999999999822e+00
9.550000000000000711e+00
2.653000000000000114e+01
2.858999999999999986e+01
3.181000000000000227e+01
4.560000000000000142e+01
4.764000000000000057e+01
5.028999999999999915e+01
6.526999999999999602e+01
6.729999999999999716e+01
6.932999999999999829e+01
8.659000000000000341e+01
8.881000000000000227e+01
9.085999999999999943e+01
1.064200000000000017e+02
1.085100000000000051e+02
1.112300000000000040e+02
1.260300000000000011e+02
1.280500000000000114e+02
1.301700000000000159e+02
1.456899999999999977e+02
1.477299999999999898e+02
1.510800000000000125e+02
1.654000000000000057e+02
1.676599999999999966e+02
1.699000000000000057e+02
1.845399999999999920e+02
1.867199999999999989e+02
1.887700000000000102e+02
1.912899999999999920e+02
2.054300000000000068e+02
2.077000000000000171e+02
2.099600000000000080e+02
2.269099999999999966e+02
2.289300000000000068e+02
2.461899999999999977e+02
2.492100000000000080e+02
2.516500000000000057e+02
2.647300000000000182e+02
2.673000000000000114e+02
2.696800000000000068e+02
2.855699999999999932e+02
2.876600000000000250e+02
2.900799999999999841e+02
3.039900000000000091e+02
3.064000000000000341e+02
3.085000000000000000e+02
3.242300000000000182e+02
3.262599999999999909e+02
3.293100000000000023e+02
3.450400000000000205e+02
3.473000000000000114e+02
3.505500000000000114e+02
3.652099999999999795e+02
3.672500000000000000e+02
3.715300000000000296e+02
3.856000000000000227e+02
3.879200000000000159e+02
4.049399999999999977e+02
4.076399999999999864e+02
4.096700000000000159e+02
4.248000000000000114e+02
4.269700000000000273e+02
4.292200000000000273e+02
4.314100000000000250e+02
4.455400000000000205e+02
4.484499999999999886e+02
4.662100000000000364e+02
4.696700000000000159e+02
4.841200000000000045e+02
4.861500000000000341e+02
4.882100000000000364e+02
4.906100000000000136e+02
5.052100000000000364e+02
5.098000000000000114e+02
5.262799999999999727e+02
5.284199999999999591e+02
5.437200000000000273e+02
5.460900000000000318e+02
5.481299999999999955e+02
5.508100000000000591e+02
5.642200000000000273e+02
5.673600000000000136e+02
5.693999999999999773e+02
5.850399999999999636e+02
5.873100000000000591e+02
5.893300000000000409e+02
6.039600000000000364e+02
6.060399999999999636e+02
6.081499999999999773e+02
6.245900000000000318e+02
6.269900000000000091e+02
6.303400000000000318e+02
6.444300000000000637e+02
6.464600000000000364e+02
6.485199999999999818e+02
6.647300000000000182e+02
6.667599999999999909e+02
6.691900000000000546e+02
6.849199999999999591e+02
6.869500000000000455e+02
7.041399999999999864e+02
7.068600000000000136e+02
7.092200000000000273e+02
7.252400000000000091e+02
7.272599999999999909e+02
7.293200000000000500e+02
7.462000000000000455e+02
7.500700000000000500e+02
7.638500000000000227e+02
7.658999999999999773e+02
7.687400000000000091e+02
7.849200000000000728e+02
7.869500000000000455e+02
7.890000000000000000e+02
8.042500000000000000e+02
8.065399999999999636e+02
8.086800000000000637e+02
8.238100000000000591e+02
8.262899999999999636e+02
8.431000000000000227e+02
8.451700000000000728e+02
8.477300000000000182e+02
8.514200000000000728e+02
8.644300000000000637e+02
8.669200000000000728e+02
8.700900000000000318e+02
8.851100000000000136e+02
8.878000000000000682e+02
9.040399999999999636e+02
9.071299999999999955e+02
9.248600000000000136e+02
9.269300000000000637e+02
9.437300000000000182e+02
9.458500000000000227e+02
9.501299999999999955e+02
9.641200000000000045e+02
9.667799999999999727e+02
9.703700000000000045e+02
9.829099999999999682e+02
9.853200000000000500e+02
9.876399999999999864e+02
5.000000000000000000e+00
7.070000000000000284e+00
9.880000000000000782e+00
2.653000000000000114e+01
2.874000000000000199e+01
4.560999999999999943e+01
4.775000000000000000e+01
5.035999999999999943e+01
6.526999999999999602e+01
6.731000000000000227e+01
6.937999999999999545e+01
8.659000000000000341e+01
8.998999999999999488e+01
1.064200000000000017e+02
1.085300000000000011e+02
1.112800000000000011e+02
1.260300000000000011e+02
1.280600000000000023e+02
1.302100000000000080e+02
1.456899999999999977e+02
1.477500000000000000e+02
1.511400000000000148e+02
1.654000000000000057e+02
1.676800000000000068e+02
1.699300000000000068e+02
1.845699999999999932e+02
1.870399999999999920e+02
1.901100000000000136e+02
2.054300000000000068e+02
2.078400000000000034e+02
2.100699999999999932e+02
2.269099999999999966e+02
2.289300000000000068e+02
2.462000000000000171e+02
2.492500000000000000e+02
2.647300000000000182e+02
2.673199999999999932e+02
2.697599999999999909e+02
2.855699999999999932e+02
2.876999999999999886e+02
2.901200000000000045e+02
3.039900000000000091e+02
3.064000000000000341e+02
3.085300000000000296e+02
3.242300000000000182e+02
3.262599999999999909e+02
3.293799999999999955e+02
3.450400000000000205e+02
3.474599999999999795e+02
3.505799999999999841e+02
3.652099999999999795e+02
3.672699999999999818e+02
3.856500000000000341e+02
4.049499999999999886e+02
4.077699999999999818e+02
4.098000000000000114e+02
4.248000000000000114e+02
4.270300000000000296e+02
4.307599999999999909e+02
4.455400000000000205e+02
4.484600000000000364e+02
4.662200000000000273e+02
4.698299999999999841e+02
4.841200000000000045e+02
4.861600000000000250e+02
4.883799999999999955e+02
5.052100000000000364e+02
5.098500000000000227e+02
5.262799999999999727e+02
5.288300000000000409e+02
5.437200000000000273e+02
5.461299999999999955e+02
5.481900000000000546e+02
5.508700000000000045e+02
5.642200000000000273e+02
5.850399999999999636e+02
5.877500000000000000e+02
5.897699999999999818e+02
6.039600000000000364e+02
6.060600000000000591e+02
6.082100000000000364e+02
6.246000000000000227e+02
6.270700000000000500e+02
6.303899999999999864e+02
6.444300000000000637e+02
6.464600000000000364e+02
6.485600000000000591e+02
6.647300000000000182e+02
6.667699999999999818e+02
6.692300000000000182e+02
6.849300000000000637e+02
6.869900000000000091e+02
7.041399999999999864e+02
7.069300000000000637e+02
7.092500000000000000e+02
7.252400000000000091e+02
7.272599999999999909e+02
7.462000000000000455e+02
7.638500000000000227e+02
7.659200000000000728e+02
7.687699999999999818e+02
7.849200000000000728e+02
7.869600000000000364e+02
7.890500000000000682e+02
8.042500000000000000e+02
8.065900000000000318e+02
8.087899999999999636e+02
8.238100000000000591e+02
8.263200000000000500e+02
8.431000000000000227e+02
8.453899999999999864e+02
8.644300000000000637e+02
8.669500000000000455e+02
8.701200000000000045e+02
8.851100000000000136e+02
8.878200000000000500e+02
9.040399999999999636e+02
9.071599999999999682e+02
9.256299999999999955e+02
9.437300000000000182e+02
9.458899999999999864e+02
9.501599999999999682e+02
9.641200000000000045e+02
9.668000000000000682e+02
9.829099999999999682e+02
9.853300000000000409e+02
9.877500000000000000e+02
5.000000000000000000e+00
7.089999999999999858e+00
2.653000000000000114e+01
2.880000000000000071e+01
4.560999999999999943e+01
4.781000000000000227e+01
6.526999999999999602e+01
6.740000000000000568e+01
6.948000000000000398e+01
8.659000000000000341e+01
9.051999999999999602e+01
1.064200000000000017e+02
1.085600000000000023e+02
1.260400000000000063e+02
1.280800000000000125e+02
1.456899999999999977e+02
1.654099999999999966e+02
1.677199999999999989e+02
1.700099999999999909e+02
1.847500000000000000e+02
2.054300000000000068e+02
2.079099999999999966e+02
2.269099999999999966e+02
2.289300000000000068e+02
2.462000000000000171e+02
2.647400000000000091e+02
2.673400000000000318e+02
2.698199999999999932e+02
2.855699999999999932e+02
2.901800000000000068e+02
3.039900000000000091e+02
3.064000000000000341e+02
3.085699999999999932e+02
3.242300000000000182e+02
3.262800000000000296e+02
3.450400000000000205e+02
3.476700000000000159e+02
3.506399999999999864e+02
3.652099999999999795e+02
3.673000000000000114e+02
3.863500000000000227e+02
4.049600000000000364e+02
4.078500000000000227e+02
4.098799999999999955e+02
4.248000000000000114e+02
4.276600000000000250e+02
4.455400000000000205e+02
4.484700000000000273e+02
4.662400000000000091e+02
4.699100000000000250e+02
4.841200000000000045e+02
4.861700000000000159e+02
4.885600000000000023e+02
5.052100000000000364e+02
5.099100000000000250e+02
5.262799999999999727e+02
5.288700000000000045e+02
5.437200000000000273e+02
5.462200000000000273e+02
5.642200000000000273e+02
5.850399999999999636e+02
5.892899999999999636e+02
6.039600000000000364e+02
6.060700000000000500e+02
6.246000000000000227e+02
6.444300000000000637e+02
6.464800000000000182e+02
6.647300000000000182e+02
6.668100000000000591e+02
6.692899999999999636e+02
6.849400000000000546e+02
7.041399999999999864e+02
7.069700000000000273e+02
7.093000000000000682e+02
7.252400000000000091e+02
7.272699999999999818e+02
7.462000000000000455e+02
7.638500000000000227e+02
7.659500000000000455e+02
7.687899999999999636e+02
7.849200000000000728e+02
7.869700000000000273e+02
8.042500000000000000e+02
8.066599999999999682e+02
8.088500000000000227e+02
8.238100000000000591e+02
8.263500000000000227e+02
8.431000000000000227e+02
8.456800000000000637e+02
8.644300000000000637e+02
8.669800000000000182e+02
8.851100000000000136e+02
8.878400000000000318e+02
9.040399999999999636e+02
9.072100000000000364e+02
9.256499999999999773e+02
9.437300000000000182e+02
9.459099999999999682e+02
9.502000000000000455e+02
9.641200000000000045e+02
9.668200000000000500e+02
9.829099999999999682e+02
9.853500000000000227e+02
5.000000000000000000e+00
7.129999999999999893e+00
2.653000000000000114e+01
4.560999999999999943e+01
6.526999999999999602e+01
6.743000000000000682e+01
6.953000000000000114e+01
8.659000000000000341e+01
1.064200000000000017e+02
1.085799999999999983e+02
1.260400000000000063e+02
1.280999999999999943e+02
1.456899999999999977e+02
1.654099999999999966e+02
1.678199999999999932e+02
1.848000000000000114e+02
2.054399999999999977e+02
2.080300000000000011e+02
2.269099999999999966e+02
2.289399999999999977e+02
2.462000000000000171e+02
2.647400000000000091e+02
2.673600000000000136e+02
2.855699999999999932e+02
2.902599999999999909e+02
3.039900000000000091e+02
3.064000000000000341e+02
3.242300000000000182e+02
3.263199999999999932e+02
3.450400000000000205e+02
3.652099999999999795e+02
3.675799999999999841e+02
3.863700000000000045e+02
4.049800000000000182e+02
4.098700000000000045e+02
4.248000000000000114e+02
4.455400000000000205e+02
4.484800000000000182e+02
4.662800000000000296e+02
4.700600000000000023e+02
4.841200000000000045e+02
4.862800000000000296e+02
5.052100000000000364e+02
5.262799999999999727e+02
5.437200000000000273e+02
5.464400000000000546e+02
5.642200000000000273e+02
5.850399999999999636e+02
5.893100000000000591e+02
6.039600000000000364e+02
6.060900000000000318e+02
6.246000000000000227e+02
6.444300000000000637e+02
6.465000000000000000e+02
6.647400000000000091e+02
6.849600000000000364e+02
7.041399999999999864e+02
7.070000000000000000e+02
7.252400000000000091e+02
7.272699999999999818e+02
7.462000000000000455e+02
7.638500000000000227e+02
7.659800000000000182e+02
7.688300000000000409e+02
7.849200000000000728e+02
7.869900000000000091e+02
8.042500000000000000e+02
8.068000000000000682e+02
8.238100000000000591e+02
8.263999999999999773e+02
8.431000000000000227e+02
8.644300000000000637e+02
8.673600000000000136e+02
8.851100000000000136e+02
8.878799999999999955e+02
9.040399999999999636e+02
9.077899999999999636e+02
9.257000000000000455e+02
9.437300000000000182e+02
9.459300000000000637e+02
9.641200000000000045e+02
9.668500000000000227e+02
9.829099999999999682e+02
9.853799999999999955e+02
5.000000000000000000e+00
2.653000000000000114e+01
4.560999999999999943e+01
6.526999999999999602e+01
6.745000000000000284e+01
8.660000000000000853e+01
1.064200000000000017e+02
1.086299999999999955e+02
1.260499999999999972e+02
1.281400000000000148e+02
1.456899999999999977e+02
1.654200000000000159e+02
1.678499999999999943e+02
1.849399999999999977e+02
2.054399999999999977e+02
2.269099999999999966e+02
2.289399999999999977e+02
2.462000000000000171e+02
2.647400000000000091e+02
2.673700000000000045e+02
2.855699999999999932e+02
3.040000000000000000e+02
3.064000000000000341e+02
3.242300000000000182e+02
3.450500000000000114e+02
3.652099999999999795e+02
3.865799999999999841e+02
4.050099999999999909e+02
4.248000000000000114e+02
4.455400000000000205e+02
4.484900000000000091e+02
4.664100000000000250e+02
4.841200000000000045e+02
4.863600000000000136e+02
5.052100000000000364e+02
5.262799999999999727e+02
5.437300000000000182e+02
5.464700000000000273e+02
5.642300000000000182e+02
5.850399999999999636e+02
5.893500000000000227e+02
6.039600000000000364e+02
6.061000000000000227e+02
6.246000000000000227e+02
6.444300000000000637e+02
6.465199999999999818e+02
6.647400000000000091e+02
6.849800000000000182e+02
7.041399999999999864e+02
7.070199999999999818e+02
7.252500000000000000e+02
7.272899999999999636e+02
7.462000000000000455e+02
7.638500000000000227e+02
7.849200000000000728e+02
7.870099999999999909e+02
8.042500000000000000e+02
8.238200000000000500e+02
8.265600000000000591e+02
8.431000000000000227e+02
8.644300000000000637e+02
8.673999999999999773e+02
8.851100000000000136e+02
9.040399999999999636e+02
9.437300000000000182e+02
9.459600000000000364e+02
9.641200000000000045e+02
9.668899999999999864e+02
9.829099999999999682e+02
9.854200000000000728e+02
5.000000000000000000e+00
2.653000000000000114e+01
4.560999999999999943e+01
6.526999999999999602e+01
6.748999999999999488e+01
8.660000000000000853e+01
1.064200000000000017e+02
1.260600000000000023e+02
1.456899999999999977e+02
1.654200000000000159e+02
1.679000000000000057e+02
1.849600000000000080e+02
2.054500000000000171e+02
2.269099999999999966e+02
2.289500000000000171e+02
2.462000000000000171e+02
2.647500000000000000e+02
2.673899999999999864e+02
2.855699999999999932e+02
3.040000000000000000e+02
3.064000000000000341e+02
3.242300000000000182e+02
3.450500000000000114e+02
3.652099999999999795e+02
4.248000000000000114e+02
4.455400000000000205e+02
4.485000000000000000e+02
4.664700000000000273e+02
4.841200000000000045e+02
5.052100000000000364e+02
5.262799999999999727e+02
5.437300000000000182e+02
5.465099999999999909e+02
5.642300000000000182e+02
5.850399999999999636e+02
5.893899999999999864e+02
6.039600000000000364e+02
6.061299999999999955e+02
6.246000000000000227e+02
6.444400000000000546e+02
6.647400000000000091e+02
7.041399999999999864e+02
7.070399999999999636e+02
7.252500000000000000e+02
7.462000000000000455e+02
7.638500000000000227e+02
7.849200000000000728e+02
7.870399999999999636e+02
8.042500000000000000e+02
8.238200000000000500e+02
8.431000000000000227e+02
8.644300000000000637e+02
8.676100000000000136e+02
8.851100000000000136e+02
9.040399999999999636e+02
9.437300000000000182e+02
9.641200000000000045e+02
9.829099999999999682e+02
5.000000000000000000e+00
2.653999999999999915e+01
4.560999999999999943e+01
6.526999999999999602e+01
8.660000000000000853e+01
1.064200000000000017e+02
1.260600000000000023e+02
1.457000000000000171e+02
1.654300000000000068e+02
1.849699999999999989e+02
2.054500000000000171e+02
2.269099999999999966e+02
2.289699999999999989e+02
2.462000000000000171e+02
2.647500000000000000e+02
2.674200000000000159e+02
2.855799999999999841e+02
3.040000000000000000e+02
3.064000000000000341e+02
3.242300000000000182e+02
3.450500000000000114e+02
3.652099999999999795e+02
4.248000000000000114e+02
4.455400000000000205e+02
4.485099999999999909e+02
4.665199999999999818e+02
4.841200000000000045e+02
5.052100000000000364e+02
5.262799999999999727e+02
5.437300000000000182e+02
5.642300000000000182e+02
5.850399999999999636e+02
6.039600000000000364e+02
6.061499999999999773e+02
6.246100000000000136e+02
6.444400000000000546e+02
6.647400000000000091e+02
7.041399999999999864e+02
7.070700000000000500e+02
7.252599999999999909e+02
7.462000000000000455e+02
7.638500000000000227e+02
7.849200000000000728e+02
8.042500000000000000e+02
8.238200000000000500e+02
8.431100000000000136e+02
8.644300000000000637e+02
8.851100000000000136e+02
9.040399999999999636e+02
9.437300000000000182e+02
9.641200000000000045e+02
9.829099999999999682e+02
5.000000000000000000e+00
2.653999999999999915e+01
4.561999999999999744e+01
6.526999999999999602e+01
8.660000000000000853e+01
1.064200000000000017e+02
1.260700000000000074e+02
1.457000000000000171e+02
1.654399999999999977e+02
1.849900000000000091e+02
2.054600000000000080e+02
2.269099999999999966e+02
2.462000000000000171e+02
2.647500000000000000e+02
2.674700000000000273e+02
2.855799999999999841e+02
3.040000000000000000e+02
3.064000000000000341e+02
3.242300000000000182e+02
3.450500000000000114e+02
3.652099999999999795e+02
4.248100000000000023e+02
4.455400000000000205e+02
4.485199999999999818e+02
4.665600000000000023e+02
4.841200000000000045e+02
5.052100000000000364e+02
5.262799999999999727e+02
5.437300000000000182e+02
5.642300000000000182e+02
5.850399999999999636e+02
6.039600000000000364e+02
6.061699999999999591e+02
6.246100000000000136e+02
6.444400000000000546e+02
6.647400000000000091e+02
7.041399999999999864e+02
7.071000000000000227e+02
7.252699999999999818e+02
7.462000000000000455e+02
7.638500000000000227e+02
7.849200000000000728e+02
8.042500000000000000e+02
8.238200000000000500e+02
8.431100000000000136e+02
8.644300000000000637e+02
8.851100000000000136e+02
9.040399999999999636e+02
9.437300000000000182e+02
9.641200000000000045e+02
9.829200000000000728e+02
5.000000000000000000e+00
2.653999999999999915e+01
4.561999999999999744e+01
6.526999999999999602e+01
8.660000000000000853e+01
1.064200000000000017e+02
1.260900000000000034e+02
1.457000000000000171e+02
1.658799999999999955e+02
1.850099999999999909e+02
2.269099999999999966e+02
2.462100000000000080e+02
2.647599999999999909e+02
2.855799999999999841e+02
3.040000000000000000e+02
3.064000000000000341e+02
3.242300000000000182e+02
3.450500000000000114e+02
3.652099999999999795e+02
4.248100000000000023e+02
4.455400000000000205e+02
4.485400000000000205e+02
4.841200000000000045e+02
5.052100000000000364e+02
5.262799999999999727e+02
5.437300000000000182e+02
5.642300000000000182e+02
5.850500000000000682e+02
6.039600000000000364e+02
6.062000000000000455e+02
6.246200000000000045e+02
6.444400000000000546e+02
6.647400000000000091e+02
7.041399999999999864e+02
7.252699999999999818e+02
7.462000000000000455e+02
7.638500000000000227e+02
7.849200000000000728e+02
8.042599999999999909e+02
8.238200000000000500e+02
8.431100000000000136e+02
8.644300000000000637e+02
8.851100000000000136e+02
9.040399999999999636e+02
9.437300000000000182e+02
9.641299999999999955e+02
9.829200000000000728e+02
