9.830000000000000071e+00
1.189000000000000057e+01
1.391000000000000014e+01
1.593999999999999950e+01
1.801000000000000156e+01
2.042000000000000171e+01
2.244999999999999929e+01
5.682999999999999829e+01
5.925000000000000000e+01
6.128000000000000114e+01
6.415999999999999659e+01
6.628000000000000114e+01
6.962999999999999545e+01
7.196999999999999886e+01
7.431000000000000227e+01
1.069300000000000068e+02
1.111099999999999994e+02
1.136599999999999966e+02
1.156899999999999977e+02
1.177000000000000028e+02
1.197100000000000080e+02
1.220600000000000023e+02
1.582299999999999898e+02
1.602400000000000091e+02
1.622599999999999909e+02
1.642800000000000011e+02
1.663100000000000023e+02
1.688600000000000136e+02
1.712199999999999989e+02
1.745200000000000102e+02
2.064699999999999989e+02
2.085000000000000000e+02
2.105099999999999909e+02
2.127100000000000080e+02
2.147400000000000091e+02
2.167599999999999909e+02
2.194300000000000068e+02
2.214500000000000171e+02
2.600000000000000000e+02
2.620199999999999818e+02
2.640300000000000296e+02
2.660500000000000114e+02
2.683899999999999864e+02
2.705799999999999841e+02
2.739599999999999795e+02
3.061200000000000045e+02
3.081399999999999864e+02
3.110600000000000023e+02
3.133100000000000023e+02
3.153400000000000318e+02
3.173600000000000136e+02
3.193700000000000045e+02
3.218899999999999864e+02
3.576600000000000250e+02
3.606299999999999955e+02
3.626399999999999864e+02
3.646500000000000341e+02
3.666600000000000250e+02
3.686800000000000068e+02
3.714200000000000159e+02
3.734499999999999886e+02
4.048299999999999841e+02
4.068400000000000318e+02
4.088500000000000227e+02
4.115799999999999841e+02
4.136100000000000136e+02
4.156399999999999864e+02
4.182500000000000000e+02
4.202800000000000296e+02
4.586000000000000227e+02
4.616700000000000159e+02
4.636800000000000068e+02
4.656999999999999886e+02
4.685199999999999818e+02
4.705300000000000296e+02
4.726899999999999977e+02
4.754100000000000250e+02
5.056500000000000341e+02
5.086000000000000227e+02
5.106500000000000341e+02
5.126900000000000546e+02
5.163200000000000500e+02
5.183700000000000045e+02
5.206800000000000637e+02
5.227799999999999727e+02
5.586100000000000136e+02
5.622899999999999636e+02
5.643200000000000500e+02
5.663400000000000318e+02
5.689199999999999591e+02
5.711699999999999591e+02
5.731900000000000546e+02
6.067300000000000182e+02
6.100600000000000591e+02
6.120700000000000500e+02
6.141399999999999864e+02
6.172000000000000455e+02
6.201299999999999955e+02
6.239900000000000091e+02
6.579900000000000091e+02
6.602799999999999727e+02
6.622899999999999636e+02
6.643100000000000591e+02
6.663200000000000500e+02
6.683600000000000136e+02
6.703799999999999955e+02
6.728300000000000409e+02
7.057899999999999636e+02
7.099800000000000182e+02
7.121200000000000045e+02
7.141299999999999955e+02
7.164500000000000455e+02
7.186299999999999955e+02
7.206399999999999864e+02
7.226599999999999682e+02
7.246900000000000546e+02
7.267200000000000273e+02
7.559500000000000455e+02
7.588799999999999955e+02
7.608999999999999773e+02
7.629600000000000364e+02
7.653700000000000045e+02
7.676200000000000045e+02
7.699300000000000637e+02
7.754500000000000455e+02
8.072799999999999727e+02
8.102799999999999727e+02
8.123600000000000136e+02
8.144600000000000364e+02
8.164900000000000091e+02
8.185199999999999818e+02
8.205399999999999636e+02
8.228500000000000227e+02
8.258999999999999773e+02
8.589800000000000182e+02
8.609900000000000091e+02
8.646599999999999682e+02
8.675700000000000500e+02
8.696399999999999864e+02
8.716599999999999682e+02
8.736700000000000728e+02
9.064300000000000637e+02
9.084900000000000091e+02
9.107000000000000455e+02
9.130700000000000500e+02
9.150800000000000409e+02
9.170900000000000318e+02
9.191000000000000227e+02
9.211299999999999955e+02
9.240299999999999727e+02
9.561700000000000728e+02
9.588799999999999955e+02
9.609200000000000728e+02
9.629800000000000182e+02
9.660800000000000409e+02
9.683899999999999864e+02
9.733200000000000500e+02
9.756100000000000136e+02
