6.549999999999999822e+00
9.130000000000000782e+00
1.026999999999999957e+01
2.644000000000000128e+01
2.717999999999999972e+01
2.956000000000000227e+01
4.614999999999999858e+01
4.671999999999999886e+01
4.895000000000000284e+01
4.950999999999999801e+01
6.660999999999999943e+01
6.720000000000000284e+01
7.043000000000000682e+01
8.817000000000000171e+01
8.834000000000000341e+01
1.057999999999999972e+02
1.066200000000000045e+02
1.256099999999999994e+02
1.280699999999999932e+02
1.462599999999999909e+02
1.661899999999999977e+02
1.673600000000000136e+02
1.688300000000000125e+02
1.858400000000000034e+02
2.053400000000000034e+02
2.068300000000000125e+02
2.107199999999999989e+02
2.276599999999999966e+02
2.299699999999999989e+02
2.453700000000000045e+02
2.457100000000000080e+02
2.484399999999999977e+02
2.661800000000000068e+02
2.669200000000000159e+02
2.888199999999999932e+02
3.075199999999999818e+02
3.243899999999999864e+02
3.273899999999999864e+02
3.663000000000000114e+02
3.851999999999999886e+02
3.888199999999999932e+02
4.050799999999999841e+02
4.263600000000000136e+02
4.465500000000000114e+02
4.477800000000000296e+02
4.648000000000000114e+02
4.660300000000000296e+02
4.867400000000000091e+02
4.870199999999999818e+02
4.872900000000000205e+02
5.058100000000000023e+02
5.256299999999999955e+02
5.274300000000000637e+02
5.460800000000000409e+02
5.499800000000000182e+02
5.650000000000000000e+02
5.681299999999999955e+02
5.878600000000000136e+02
6.057799999999999727e+02
6.068300000000000409e+02
6.258400000000000318e+02
6.290099999999999909e+02
6.440000000000000000e+02
6.443799999999999955e+02
6.471399999999999864e+02
6.474199999999999591e+02
6.840600000000000591e+02
6.852599999999999909e+02
6.877200000000000273e+02
7.250600000000000591e+02
7.271399999999999864e+02
7.647899999999999636e+02
7.686299999999999955e+02
7.854600000000000364e+02
7.865600000000000591e+02
7.878000000000000682e+02
8.052699999999999818e+02
8.243799999999999955e+02
8.253500000000000227e+02
8.432500000000000000e+02
8.462599999999999909e+02
8.672200000000000273e+02
8.848200000000000500e+02
8.880099999999999909e+02
9.046499999999999773e+02
9.083899999999999864e+02
9.247500000000000000e+02
9.270500000000000682e+02
9.451100000000000136e+02
9.638200000000000500e+02
9.660199999999999818e+02
9.671399999999999864e+02
9.854600000000000364e+02
