5.514999999999999858e+01
6.762999999999999545e+01
8.682000000000000739e+01
1.101899999999999977e+02
1.184399999999999977e+02
1.329699999999999989e+02
1.362599999999999909e+02
2.464099999999999966e+02
2.927200000000000273e+02
4.335199999999999818e+02
4.720699999999999932e+02
6.875299999999999727e+02
6.931200000000000045e+02
7.240700000000000500e+02
7.329400000000000546e+02
8.039800000000000182e+02
8.844300000000000637e+02
9.010000000000000000e+02
9.300099999999999909e+02
9.370500000000000682e+02
