4.879999999999999893e+00
1.516000000000000014e+01
2.594000000000000128e+01
3.571000000000000085e+01
4.467000000000000171e+01
5.517000000000000171e+01
6.479000000000000625e+01
7.504000000000000625e+01
7.710000000000000853e+01
8.568999999999999773e+01
9.396000000000000796e+01
9.693000000000000682e+01
1.045900000000000034e+02
1.066299999999999955e+02
1.141599999999999966e+02
1.164099999999999966e+02
1.245700000000000074e+02
1.269099999999999966e+02
1.341899999999999977e+02
1.362899999999999920e+02
1.442199999999999989e+02
1.465699999999999932e+02
1.546700000000000159e+02
1.570600000000000023e+02
1.656899999999999977e+02
1.754300000000000068e+02
1.849200000000000159e+02
1.872800000000000011e+02
1.938799999999999955e+02
1.959500000000000171e+02
2.049399999999999977e+02
2.143000000000000114e+02
2.245699999999999932e+02
2.266100000000000136e+02
2.344200000000000159e+02
2.367500000000000000e+02
2.452100000000000080e+02
2.551700000000000159e+02
2.573199999999999932e+02
2.643400000000000318e+02
2.666100000000000136e+02
2.758199999999999932e+02
2.841800000000000068e+02
2.863899999999999864e+02
2.952400000000000091e+02
3.055799999999999841e+02
3.156100000000000136e+02
3.240600000000000023e+02
3.344300000000000068e+02
3.366999999999999886e+02
3.447500000000000000e+02
3.559100000000000250e+02
3.639499999999999886e+02
3.660099999999999909e+02
3.749300000000000068e+02
3.842800000000000296e+02
3.947900000000000205e+02
4.038600000000000136e+02
4.061999999999999886e+02
4.144200000000000159e+02
4.234900000000000091e+02
4.261500000000000341e+02
4.340699999999999932e+02
4.441700000000000159e+02
4.540900000000000318e+02
4.563299999999999841e+02
4.642300000000000182e+02
4.743600000000000136e+02
4.765900000000000318e+02
4.849200000000000159e+02
4.937200000000000273e+02
4.959700000000000273e+02
5.058100000000000023e+02
5.137799999999999727e+02
5.247699999999999818e+02
5.438500000000000227e+02
5.459500000000000455e+02
5.541100000000000136e+02
5.638999999999999773e+02
5.737300000000000182e+02
5.838899999999999864e+02
5.861699999999999591e+02
5.947699999999999818e+02
6.043600000000000136e+02
6.142200000000000273e+02
6.162699999999999818e+02
6.248899999999999864e+02
6.332899999999999636e+02
6.353400000000000318e+02
6.445700000000000500e+02
6.537699999999999818e+02
6.635399999999999636e+02
6.656599999999999682e+02
6.737799999999999727e+02
6.758200000000000500e+02
6.843100000000000591e+02
6.864700000000000273e+02
6.942899999999999636e+02
7.036200000000000045e+02
7.059199999999999591e+02
7.142799999999999727e+02
7.245700000000000500e+02
7.338799999999999955e+02
7.359400000000000546e+02
7.439400000000000546e+02
7.539300000000000637e+02
7.560099999999999909e+02
7.630099999999999909e+02
7.650500000000000682e+02
7.734099999999999682e+02
7.754600000000000364e+02
7.833799999999999955e+02
7.854300000000000637e+02
7.932300000000000182e+02
7.953400000000000318e+02
8.033200000000000500e+02
8.053700000000000045e+02
8.157000000000000455e+02
8.237000000000000455e+02
8.334900000000000091e+02
8.430099999999999909e+02
8.450600000000000591e+02
8.547200000000000273e+02
8.640399999999999636e+02
8.731800000000000637e+02
8.759600000000000364e+02
8.835399999999999636e+02
8.863700000000000045e+02
8.928899999999999864e+02
8.949500000000000455e+02
9.038500000000000227e+02
9.134600000000000364e+02
9.156900000000000546e+02
9.239099999999999682e+02
9.339099999999999682e+02
9.438799999999999955e+02
9.537000000000000455e+02
9.631499999999999773e+02
9.653000000000000682e+02
9.734900000000000091e+02
9.856599999999999682e+02
9.931000000000000227e+02
9.951700000000000728e+02
