6.780000000000000249e+00
9.810000000000000497e+00
1.232000000000000028e+01
1.437000000000000099e+01
1.639999999999999858e+01
1.848000000000000043e+01
2.285000000000000142e+01
5.746999999999999886e+01
5.975999999999999801e+01
6.292000000000000171e+01
6.498999999999999488e+01
6.701000000000000512e+01
6.906000000000000227e+01
7.110000000000000853e+01
1.053900000000000006e+02
1.075900000000000034e+02
1.096700000000000017e+02
1.133599999999999994e+02
1.161700000000000017e+02
1.182600000000000051e+02
1.203900000000000006e+02
1.580999999999999943e+02
1.601299999999999955e+02
1.622700000000000102e+02
1.643300000000000125e+02
1.669900000000000091e+02
1.692400000000000091e+02
1.714300000000000068e+02
2.059399999999999977e+02
2.084900000000000091e+02
2.106100000000000136e+02
2.127400000000000091e+02
2.156200000000000045e+02
2.176500000000000057e+02
2.197199999999999989e+02
2.586100000000000136e+02
2.614200000000000159e+02
2.634499999999999886e+02
2.657400000000000091e+02
2.677699999999999818e+02
2.716499999999999773e+02
3.064399999999999977e+02
3.093299999999999841e+02
3.114399999999999977e+02
3.134900000000000091e+02
3.155799999999999841e+02
3.183400000000000318e+02
3.203899999999999864e+02
3.224499999999999886e+02
3.566999999999999886e+02
3.591100000000000136e+02
3.611700000000000159e+02
3.632300000000000182e+02
3.663100000000000023e+02
3.688000000000000114e+02
3.733100000000000023e+02
4.072699999999999818e+02
4.094300000000000068e+02
4.114499999999999886e+02
4.137100000000000364e+02
4.157800000000000296e+02
4.180099999999999909e+02
4.200699999999999932e+02
4.566500000000000341e+02
4.596500000000000341e+02
4.616999999999999886e+02
4.637900000000000205e+02
4.659499999999999886e+02
4.681100000000000136e+02
4.701700000000000159e+02
5.065400000000000205e+02
5.086000000000000227e+02
5.107100000000000364e+02
5.127400000000000091e+02
5.147599999999999909e+02
5.175399999999999636e+02
5.213600000000000136e+02
5.237000000000000455e+02
5.558300000000000409e+02
5.601200000000000045e+02
5.621800000000000637e+02
5.642200000000000273e+02
5.662500000000000000e+02
5.683000000000000682e+02
5.703500000000000227e+02
5.729800000000000182e+02
6.081499999999999773e+02
6.109500000000000455e+02
6.129800000000000182e+02
6.150299999999999727e+02
6.170600000000000591e+02
6.193600000000000136e+02
6.232500000000000000e+02
6.563600000000000136e+02
6.590000000000000000e+02
6.613000000000000682e+02
6.633600000000000136e+02
6.653999999999999773e+02
6.674300000000000637e+02
6.694800000000000182e+02
6.720199999999999818e+02
7.079199999999999591e+02
7.099700000000000273e+02
7.120000000000000000e+02
7.141299999999999955e+02
7.161699999999999591e+02
7.182000000000000455e+02
7.203200000000000500e+02
7.223600000000000136e+02
7.243899999999999864e+02
7.590399999999999636e+02
7.611200000000000045e+02
7.633799999999999955e+02
7.653999999999999773e+02
7.674500000000000455e+02
7.700399999999999636e+02
8.099500000000000455e+02
8.120500000000000682e+02
8.140700000000000500e+02
8.163100000000000591e+02
8.183500000000000227e+02
8.594200000000000728e+02
8.614600000000000364e+02
8.634800000000000182e+02
8.656900000000000546e+02
8.677100000000000364e+02
8.697599999999999909e+02
8.718100000000000591e+02
8.743100000000000591e+02
9.065099999999999909e+02
9.085700000000000500e+02
9.114200000000000728e+02
9.134600000000000364e+02
9.166700000000000728e+02
9.198300000000000409e+02
9.229099999999999682e+02
9.560000000000000000e+02
9.586800000000000637e+02
9.614200000000000728e+02
9.634500000000000455e+02
9.669400000000000546e+02
9.691299999999999955e+02
9.711700000000000728e+02
