2.879999999999999893e+00
3.530000000000000249e+00
6.750000000000000000e+00
7.330000000000000071e+00
1.125000000000000000e+01
1.541000000000000014e+01
1.875000000000000000e+01
2.369999999999999929e+01
3.531000000000000227e+01
4.285000000000000142e+01
4.296000000000000085e+01
4.338000000000000256e+01
4.728000000000000114e+01
5.517999999999999972e+01
5.905000000000000426e+01
5.912000000000000455e+01
6.303000000000000114e+01
6.726999999999999602e+01
7.159000000000000341e+01
7.495000000000000284e+01
7.909000000000000341e+01
7.982000000000000739e+01
7.998999999999999488e+01
8.354999999999999716e+01
8.715000000000000568e+01
9.106000000000000227e+01
9.107000000000000739e+01
9.468999999999999773e+01
9.485000000000000853e+01
1.031899999999999977e+02
1.074000000000000057e+02
1.108900000000000006e+02
1.148200000000000074e+02
1.191299999999999955e+02
1.192100000000000080e+02
1.228599999999999994e+02
1.233200000000000074e+02
1.272100000000000080e+02
1.309900000000000091e+02
1.312700000000000102e+02
1.347299999999999898e+02
1.388799999999999955e+02
1.389799999999999898e+02
1.390600000000000023e+02
1.429699999999999989e+02
1.471400000000000148e+02
1.471599999999999966e+02
1.546599999999999966e+02
1.630099999999999909e+02
1.633000000000000114e+02
1.669300000000000068e+02
1.671700000000000159e+02
1.676100000000000136e+02
1.711200000000000045e+02
1.748400000000000034e+02
1.789399999999999977e+02
1.825900000000000034e+02
1.833400000000000034e+02
1.870999999999999943e+02
1.874099999999999966e+02
1.910800000000000125e+02
1.911100000000000136e+02
1.948600000000000136e+02
1.950000000000000000e+02
1.992700000000000102e+02
2.033400000000000034e+02
2.070000000000000000e+02
2.114200000000000159e+02
2.115500000000000114e+02
2.151599999999999966e+02
2.186800000000000068e+02
2.228400000000000034e+02
2.268100000000000023e+02
2.345800000000000125e+02
2.354099999999999966e+02
2.393600000000000136e+02
2.395699999999999932e+02
2.427800000000000011e+02
2.472300000000000182e+02
2.513799999999999955e+02
2.551200000000000045e+02
2.629800000000000182e+02
2.669499999999999886e+02
2.706800000000000068e+02
2.710799999999999841e+02
2.792500000000000000e+02
2.865799999999999841e+02
2.950099999999999909e+02
2.953500000000000227e+02
2.984100000000000250e+02
2.987599999999999909e+02
2.993899999999999864e+02
3.026500000000000341e+02
3.030699999999999932e+02
3.069399999999999977e+02
3.112400000000000091e+02
3.151299999999999955e+02
3.189800000000000182e+02
3.228000000000000114e+02
3.270099999999999909e+02
3.271500000000000341e+02
3.305699999999999932e+02
3.309900000000000091e+02
3.346999999999999886e+02
3.391200000000000045e+02
3.425600000000000023e+02
3.464100000000000250e+02
3.467500000000000000e+02
3.508299999999999841e+02
3.552099999999999795e+02
3.590000000000000000e+02
3.628100000000000023e+02
3.666999999999999886e+02
3.708700000000000045e+02
3.746200000000000045e+02
3.747800000000000296e+02
3.751899999999999977e+02
3.785799999999999841e+02
3.829100000000000250e+02
3.830400000000000205e+02
3.866000000000000227e+02
3.868799999999999955e+02
3.911100000000000136e+02
3.943899999999999864e+02
3.946899999999999977e+02
3.983899999999999864e+02
4.063400000000000318e+02
4.107599999999999909e+02
4.111399999999999864e+02
4.144000000000000341e+02
4.230699999999999932e+02
4.263500000000000227e+02
4.302900000000000205e+02
4.309100000000000250e+02
4.345000000000000000e+02
4.426200000000000045e+02
4.427500000000000000e+02
4.432699999999999818e+02
4.466100000000000136e+02
4.468600000000000136e+02
4.546100000000000136e+02
4.546600000000000250e+02
4.585099999999999909e+02
4.587300000000000182e+02
4.665500000000000114e+02
4.740600000000000023e+02
4.823000000000000114e+02
4.825099999999999909e+02
4.828000000000000114e+02
4.865900000000000318e+02
4.866999999999999886e+02
4.906000000000000227e+02
4.943000000000000114e+02
5.024800000000000182e+02
5.029900000000000091e+02
5.145299999999999727e+02
5.182400000000000091e+02
5.189900000000000091e+02
5.307000000000000455e+02
5.386000000000000227e+02
5.423999999999999773e+02
5.508100000000000591e+02
5.547599999999999909e+02
5.587699999999999818e+02
5.626200000000000045e+02
5.662200000000000273e+02
5.665199999999999818e+02
5.705700000000000500e+02
5.706900000000000546e+02
5.821100000000000136e+02
5.904099999999999682e+02
5.907500000000000000e+02
6.024199999999999591e+02
6.068100000000000591e+02
6.101699999999999591e+02
6.105600000000000591e+02
6.144500000000000455e+02
6.183300000000000409e+02
6.224099999999999682e+02
6.230700000000000500e+02
6.260800000000000409e+02
6.262899999999999636e+02
6.304199999999999591e+02
6.305000000000000000e+02
6.345700000000000500e+02
6.346399999999999864e+02
6.382200000000000273e+02
6.429199999999999591e+02
6.506200000000000045e+02
6.541599999999999682e+02
6.545600000000000591e+02
6.580900000000000318e+02
6.628200000000000500e+02
6.669800000000000182e+02
6.701299999999999955e+02
6.703500000000000227e+02
6.742200000000000273e+02
6.784300000000000637e+02
6.818700000000000045e+02
6.823799999999999955e+02
6.859400000000000546e+02
6.861100000000000136e+02
6.903600000000000136e+02
6.907899999999999636e+02
6.943999999999999773e+02
6.984600000000000364e+02
6.992100000000000364e+02
7.023799999999999955e+02
7.059700000000000273e+02
7.068799999999999955e+02
7.139500000000000455e+02
7.228700000000000045e+02
7.268300000000000409e+02
7.299500000000000455e+02
7.301699999999999591e+02
7.303600000000000136e+02
7.341399999999999864e+02
7.347699999999999818e+02
7.384300000000000637e+02
7.421800000000000637e+02
7.467100000000000364e+02
7.499500000000000455e+02
7.509900000000000091e+02
7.539600000000000364e+02
7.542400000000000091e+02
7.584800000000000182e+02
7.626100000000000136e+02
7.699400000000000546e+02
7.741700000000000728e+02
7.745800000000000409e+02
7.779099999999999682e+02
7.818899999999999864e+02
7.823700000000000045e+02
7.902200000000000273e+02
7.940399999999999636e+02
8.022599999999999909e+02
8.023200000000000500e+02
8.064500000000000455e+02
8.143600000000000136e+02
8.182200000000000273e+02
8.263000000000000682e+02
8.298000000000000682e+02
8.337400000000000091e+02
8.340500000000000682e+02
8.382699999999999818e+02
8.421800000000000637e+02
8.422899999999999636e+02
8.460700000000000500e+02
8.501100000000000136e+02
8.541499999999999773e+02
8.579600000000000364e+02
8.587400000000000091e+02
8.620600000000000591e+02
8.664500000000000455e+02
8.670099999999999909e+02
8.700900000000000318e+02
8.701399999999999864e+02
8.786599999999999682e+02
8.819099999999999682e+02
8.859400000000000546e+02
8.904099999999999682e+02
8.938000000000000682e+02
8.985199999999999818e+02
9.059900000000000091e+02
9.100900000000000318e+02
9.181700000000000728e+02
9.220500000000000682e+02
9.298799999999999955e+02
9.300199999999999818e+02
9.338300000000000409e+02
9.341399999999999864e+02
9.374600000000000364e+02
9.379800000000000182e+02
9.420900000000000318e+02
9.462300000000000182e+02
9.463700000000000045e+02
9.621000000000000227e+02
9.663300000000000409e+02
9.787000000000000455e+02
9.819099999999999682e+02
9.819400000000000546e+02
9.820099999999999909e+02
9.857000000000000455e+02
9.860299999999999727e+02
9.900000000000000000e+02
9.938400000000000318e+02
9.940900000000000318e+02
9.978300000000000409e+02
