9.019999999999999574e+00
4.492999999999999972e+01
9.715000000000000568e+01
1.051400000000000006e+02
1.254600000000000080e+02
1.407599999999999909e+02
1.652000000000000171e+02
1.690600000000000023e+02
1.929900000000000091e+02
1.969000000000000057e+02
2.290600000000000023e+02
3.007099999999999795e+02
3.042599999999999909e+02
3.291200000000000045e+02
3.486299999999999955e+02
3.961800000000000068e+02
4.567200000000000273e+02
4.925799999999999841e+02
4.963299999999999841e+02
5.443700000000000045e+02
5.723899999999999864e+02
6.164199999999999591e+02
6.282200000000000273e+02
6.560600000000000591e+02
6.603799999999999955e+02
7.442400000000000091e+02
7.521000000000000227e+02
7.557699999999999818e+02
7.719500000000000455e+02
7.764600000000000364e+02
7.837100000000000364e+02
7.959900000000000091e+02
8.319500000000000455e+02
8.956700000000000728e+02
9.078500000000000227e+02
9.319099999999999682e+02
9.392899999999999636e+02
9.961800000000000637e+02
