9.460000000000000853e+00
2.287999999999999901e+01
5.009000000000000341e+01
8.407000000000000739e+01
2.335600000000000023e+02
2.398499999999999943e+02
2.591800000000000068e+02
2.814900000000000091e+02
2.976700000000000159e+02
3.490400000000000205e+02
4.064499999999999886e+02
4.174499999999999886e+02
4.418000000000000114e+02
4.571700000000000159e+02
5.194400000000000546e+02
6.237899999999999636e+02
6.391699999999999591e+02
7.178999999999999773e+02
7.291499999999999773e+02
7.404400000000000546e+02
8.643600000000000136e+02
8.838999999999999773e+02
9.775199999999999818e+02
9.843500000000000227e+02
9.882100000000000364e+02
