9.669999999999999929e+00
1.280000000000000071e+01
1.540000000000000036e+01
1.769999999999999929e+01
2.153999999999999915e+01
6.185999999999999943e+01
6.557000000000000739e+01
7.120000000000000284e+01
1.105000000000000000e+02
1.160600000000000023e+02
1.185700000000000074e+02
1.216899999999999977e+02
1.605300000000000011e+02
1.635000000000000000e+02
1.677899999999999920e+02
2.089300000000000068e+02
2.119500000000000171e+02
2.157400000000000091e+02
2.190800000000000125e+02
2.606800000000000068e+02
2.629399999999999977e+02
2.705600000000000023e+02
3.101000000000000227e+02
3.152200000000000273e+02
3.188500000000000227e+02
3.621399999999999864e+02
3.648400000000000318e+02
3.683299999999999841e+02
4.055900000000000318e+02
4.113700000000000045e+02
4.152599999999999909e+02
4.177300000000000182e+02
4.608000000000000114e+02
4.659900000000000091e+02
4.687699999999999818e+02
5.099399999999999977e+02
5.128500000000000227e+02
5.164500000000000455e+02
5.191100000000000136e+02
5.629400000000000546e+02
5.655700000000000500e+02
5.680600000000000591e+02
5.733899999999999864e+02
6.115900000000000318e+02
6.142100000000000364e+02
6.165199999999999818e+02
6.195900000000000318e+02
6.236000000000000227e+02
6.624700000000000273e+02
6.651299999999999955e+02
6.675399999999999636e+02
6.703700000000000045e+02
7.095199999999999818e+02
7.120399999999999636e+02
7.146800000000000637e+02
7.176499999999999773e+02
7.593600000000000136e+02
7.623000000000000682e+02
7.648899999999999864e+02
7.677599999999999909e+02
8.115199999999999818e+02
8.153700000000000045e+02
8.181800000000000637e+02
8.222699999999999818e+02
8.602699999999999818e+02
8.641499999999999773e+02
8.677000000000000455e+02
9.107200000000000273e+02
9.139300000000000637e+02
9.163300000000000409e+02
9.191599999999999682e+02
9.607500000000000000e+02
9.662400000000000091e+02
9.690199999999999818e+02
