4.200000000000000178e+00
6.299999999999999822e+00
2.203999999999999915e+01
3.204999999999999716e+01
3.421999999999999886e+01
4.417999999999999972e+01
7.410000000000000853e+01
8.004000000000000625e+01
9.787000000000000455e+01
1.399200000000000159e+02
1.539000000000000057e+02
1.660500000000000114e+02
1.800500000000000114e+02
1.918199999999999932e+02
2.219000000000000057e+02
2.361400000000000148e+02
2.497199999999999989e+02
2.537899999999999920e+02
2.736700000000000159e+02
2.778000000000000114e+02
2.817599999999999909e+02
2.956600000000000250e+02
3.157300000000000182e+02
3.318000000000000114e+02
3.355199999999999818e+02
3.516899999999999977e+02
3.638899999999999864e+02
3.757900000000000205e+02
3.895000000000000000e+02
4.057500000000000000e+02
4.116999999999999886e+02
4.158600000000000136e+02
4.179399999999999977e+02
4.275300000000000296e+02
4.418899999999999864e+02
4.535799999999999841e+02
4.556600000000000250e+02
4.834600000000000364e+02
4.855500000000000114e+02
5.035699999999999932e+02
5.074200000000000159e+02
5.235800000000000409e+02
5.338100000000000591e+02
5.375600000000000591e+02
5.516599999999999682e+02
5.595500000000000682e+02
5.657000000000000455e+02
5.753799999999999955e+02
5.975800000000000409e+02
6.055099999999999909e+02
6.095199999999999818e+02
6.196100000000000136e+02
6.395500000000000682e+02
6.593000000000000682e+02
6.738000000000000682e+02
6.932200000000000273e+02
7.030700000000000500e+02
7.254600000000000364e+02
7.398400000000000318e+02
7.593799999999999955e+02
7.634199999999999591e+02
7.712300000000000182e+02
7.834800000000000182e+02
7.855600000000000591e+02
8.011800000000000637e+02
8.072000000000000455e+02
8.413200000000000500e+02
8.512100000000000364e+02
8.571100000000000136e+02
8.631599999999999682e+02
8.931200000000000045e+02
8.952000000000000455e+02
8.993999999999999773e+02
9.252799999999999727e+02
9.294099999999999682e+02
9.368000000000000682e+02
9.469600000000000364e+02
9.731200000000000045e+02
9.872100000000000364e+02
