9.179999999999999716e+00
9.550000000000000711e+00
1.151999999999999957e+01
1.250999999999999979e+01
1.308999999999999986e+01
1.465000000000000036e+01
1.529000000000000092e+01
1.578000000000000114e+01
1.708000000000000185e+01
1.760000000000000142e+01
1.985000000000000142e+01
2.069000000000000128e+01
2.200000000000000000e+01
6.017999999999999972e+01
6.171999999999999886e+01
6.339999999999999858e+01
6.898000000000000398e+01
1.088400000000000034e+02
1.160199999999999960e+02
1.167600000000000051e+02
1.184800000000000040e+02
1.191800000000000068e+02
1.215900000000000034e+02
1.222000000000000028e+02
1.584300000000000068e+02
1.594099999999999966e+02
1.619500000000000171e+02
1.631100000000000136e+02
1.653000000000000114e+02
1.661800000000000068e+02
1.715699999999999932e+02
1.739200000000000159e+02
2.087100000000000080e+02
2.089900000000000091e+02
2.117899999999999920e+02
2.156299999999999955e+02
2.168100000000000023e+02
2.176800000000000068e+02
2.185500000000000114e+02
2.197700000000000102e+02
2.604300000000000068e+02
2.606700000000000159e+02
2.626000000000000227e+02
2.629800000000000182e+02
2.635099999999999909e+02
2.674900000000000091e+02
2.700199999999999818e+02
2.703199999999999932e+02
3.091999999999999886e+02
3.124700000000000273e+02
3.155000000000000000e+02
3.159700000000000273e+02
3.185400000000000205e+02
3.579200000000000159e+02
3.621000000000000227e+02
3.640600000000000023e+02
3.647400000000000091e+02
3.675699999999999932e+02
3.706600000000000250e+02
3.717800000000000296e+02
4.041700000000000159e+02
4.108000000000000114e+02
4.110000000000000000e+02
4.131000000000000227e+02
4.154600000000000364e+02
4.156600000000000250e+02
4.178299999999999841e+02
4.204900000000000091e+02
4.585000000000000000e+02
4.595699999999999932e+02
4.608000000000000114e+02
4.617100000000000364e+02
4.656999999999999886e+02
4.663600000000000136e+02
4.679100000000000250e+02
4.700600000000000023e+02
5.049800000000000182e+02
5.077800000000000296e+02
5.099499999999999886e+02
5.103500000000000227e+02
5.124800000000000182e+02
5.167400000000000091e+02
5.168899999999999864e+02
5.191000000000000227e+02
5.203600000000000136e+02
5.205099999999999909e+02
5.588600000000000136e+02
5.620500000000000682e+02
5.632400000000000091e+02
5.659900000000000091e+02
5.680299999999999727e+02
5.681499999999999773e+02
5.715000000000000000e+02
5.739900000000000091e+02
6.075399999999999636e+02
6.115000000000000000e+02
6.117100000000000364e+02
6.139300000000000637e+02
6.163000000000000682e+02
6.165199999999999818e+02
6.194099999999999682e+02
6.196499999999999773e+02
6.198500000000000227e+02
6.236000000000000227e+02
6.603500000000000227e+02
6.624800000000000182e+02
6.633500000000000227e+02
6.651599999999999682e+02
6.663500000000000227e+02
6.697799999999999727e+02
6.720700000000000500e+02
7.094400000000000546e+02
7.110399999999999636e+02
7.120299999999999727e+02
7.134600000000000364e+02
7.144199999999999591e+02
7.144900000000000091e+02
7.169300000000000637e+02
7.177200000000000273e+02
7.205900000000000318e+02
7.238400000000000318e+02
7.587699999999999818e+02
7.620700000000000500e+02
7.624300000000000637e+02
7.647000000000000455e+02
7.650299999999999727e+02
7.668200000000000500e+02
7.678899999999999864e+02
7.748300000000000409e+02
8.065000000000000000e+02
8.094700000000000273e+02
8.100099999999999909e+02
8.120299999999999727e+02
8.144900000000000091e+02
8.152799999999999727e+02
8.175199999999999818e+02
8.185900000000000318e+02
8.198000000000000682e+02
8.202500000000000000e+02
8.225199999999999818e+02
8.603899999999999864e+02
8.610900000000000318e+02
8.613000000000000682e+02
8.638300000000000409e+02
8.642200000000000273e+02
8.678799999999999955e+02
8.683000000000000682e+02
9.074500000000000455e+02
9.123100000000000591e+02
9.140800000000000409e+02
9.146100000000000136e+02
9.162500000000000000e+02
9.179200000000000728e+02
9.179800000000000182e+02
9.207400000000000091e+02
9.217799999999999727e+02
9.606800000000000637e+02
9.660500000000000682e+02
9.675299999999999727e+02
9.724300000000000637e+02
