6.360000000000000320e+00
8.419999999999999929e+00
1.283000000000000007e+01
3.033999999999999986e+01
4.277000000000000313e+01
6.317999999999999972e+01
6.973999999999999488e+01
7.271000000000000796e+01
8.368999999999999773e+01
9.418999999999999773e+01
1.286200000000000045e+02
1.306999999999999886e+02
1.672299999999999898e+02
1.931800000000000068e+02
2.031899999999999977e+02
2.066899999999999977e+02
2.101899999999999977e+02
2.141899999999999977e+02
2.506299999999999955e+02
2.706200000000000045e+02
2.751399999999999864e+02
2.906999999999999886e+02
2.945799999999999841e+02
3.150199999999999818e+02
3.605300000000000296e+02
3.795000000000000000e+02
3.865400000000000205e+02
3.950300000000000296e+02
3.975699999999999932e+02
4.065799999999999841e+02
4.280400000000000205e+02
4.305099999999999909e+02
4.406000000000000227e+02
4.490000000000000000e+02
4.620199999999999818e+02
4.794800000000000182e+02
4.959300000000000068e+02
5.354300000000000637e+02
5.429500000000000455e+02
5.944199999999999591e+02
5.969099999999999682e+02
6.079099999999999682e+02
6.118500000000000227e+02
6.338200000000000500e+02
6.383899999999999864e+02
6.433700000000000045e+02
6.553400000000000318e+02
6.808700000000000045e+02
7.182799999999999727e+02
7.232699999999999818e+02
7.277699999999999818e+02
7.313200000000000500e+02
7.542699999999999818e+02
7.582799999999999727e+02
7.788300000000000409e+02
7.948100000000000591e+02
8.177899999999999636e+02
8.302100000000000364e+02
8.372400000000000091e+02
8.478000000000000682e+02
8.781700000000000728e+02
8.972500000000000000e+02
9.001599999999999682e+02
9.156700000000000728e+02
9.236700000000000728e+02
9.301399999999999864e+02
9.407000000000000455e+02
9.451900000000000546e+02
9.677100000000000364e+02
9.761200000000000045e+02
9.786599999999999682e+02
9.861200000000000045e+02
