3.830000000000000071e+00
5.900000000000000355e+00
1.399000000000000021e+01
1.605000000000000071e+01
2.453999999999999915e+01
3.435000000000000142e+01
4.348000000000000398e+01
5.371000000000000085e+01
6.344000000000000483e+01
6.560999999999999943e+01
7.354000000000000625e+01
7.582999999999999829e+01
8.423999999999999488e+01
9.301000000000000512e+01
9.568000000000000682e+01
1.037500000000000000e+02
1.057900000000000063e+02
1.129000000000000057e+02
1.149399999999999977e+02
1.233100000000000023e+02
1.253400000000000034e+02
1.342899999999999920e+02
1.430399999999999920e+02
1.450699999999999932e+02
1.533700000000000045e+02
1.554200000000000159e+02
1.640600000000000023e+02
1.661700000000000159e+02
1.742199999999999989e+02
1.848799999999999955e+02
1.926500000000000057e+02
1.947300000000000182e+02
2.038000000000000114e+02
2.140900000000000034e+02
2.234399999999999977e+02
2.331599999999999966e+02
2.356100000000000136e+02
2.438900000000000148e+02
2.539000000000000057e+02
2.562099999999999795e+02
2.629700000000000273e+02
2.650799999999999841e+02
2.736000000000000227e+02
2.756299999999999955e+02
2.827500000000000000e+02
2.851600000000000250e+02
2.927200000000000273e+02
2.947500000000000000e+02
3.044000000000000341e+02
3.148600000000000136e+02
3.229599999999999795e+02
3.255900000000000318e+02
3.324399999999999977e+02
3.344599999999999795e+02
3.435000000000000000e+02
3.455600000000000023e+02
3.547400000000000091e+02
3.628700000000000045e+02
3.649000000000000341e+02
3.736100000000000136e+02
3.829499999999999886e+02
3.934900000000000091e+02
3.959499999999999886e+02
4.027900000000000205e+02
4.049900000000000091e+02
4.129200000000000159e+02
4.151999999999999886e+02
4.222400000000000091e+02
4.242900000000000205e+02
4.328700000000000045e+02
4.431100000000000136e+02
4.451899999999999977e+02
4.530799999999999841e+02
4.633199999999999932e+02
4.730300000000000296e+02
4.750799999999999841e+02
4.836800000000000068e+02
4.925200000000000387e+02
4.945799999999999841e+02
5.031700000000000159e+02
5.125499999999999545e+02
5.234600000000000364e+02
5.326800000000000637e+02
5.426299999999999955e+02
5.446499999999999773e+02
5.528300000000000409e+02
5.552799999999999727e+02
5.627200000000000273e+02
5.647500000000000000e+02
5.726599999999999682e+02
5.825099999999999909e+02
5.845399999999999636e+02
5.933799999999999955e+02
5.954099999999999682e+02
6.031100000000000136e+02
6.128500000000000227e+02
6.149199999999999591e+02
6.237500000000000000e+02
6.322400000000000091e+02
6.435000000000000000e+02
6.527400000000000091e+02
6.625000000000000000e+02
6.645500000000000682e+02
6.722100000000000364e+02
6.744500000000000455e+02
6.825099999999999909e+02
6.846000000000000227e+02
6.925800000000000409e+02
6.946599999999999682e+02
7.025600000000000591e+02
7.047300000000000182e+02
7.129700000000000273e+02
7.232200000000000273e+02
7.255199999999999818e+02
7.326100000000000136e+02
7.346299999999999955e+02
7.421900000000000546e+02
7.442400000000000091e+02
7.524900000000000091e+02
7.546499999999999773e+02
7.617500000000000000e+02
7.637899999999999636e+02
7.722500000000000000e+02
7.743100000000000591e+02
7.817100000000000364e+02
7.837599999999999909e+02
7.918300000000000409e+02
7.938700000000000045e+02
8.020900000000000318e+02
8.041599999999999682e+02
8.134600000000000364e+02
8.224400000000000546e+02
8.244800000000000182e+02
8.320399999999999636e+02
8.418200000000000500e+02
8.438600000000000136e+02
8.528000000000000682e+02
8.628100000000000591e+02
8.717699999999999818e+02
8.747400000000000091e+02
8.819500000000000455e+02
8.850900000000000318e+02
8.918200000000000500e+02
8.939800000000000182e+02
9.025299999999999727e+02
9.045800000000000409e+02
9.120299999999999727e+02
9.140900000000000318e+02
9.225099999999999909e+02
9.323799999999999955e+02
9.350800000000000409e+02
9.424300000000000637e+02
9.518600000000000136e+02
9.538999999999999773e+02
9.618799999999999955e+02
9.640600000000000591e+02
9.721399999999999864e+02
9.741900000000000546e+02
9.823700000000000045e+02
9.844300000000000637e+02
9.918999999999999773e+02
9.939400000000000546e+02
