4.400000000000000355e+00
7.440000000000000391e+00
1.353000000000000114e+01
1.833000000000000185e+01
1.950000000000000000e+01
2.044000000000000128e+01
3.135000000000000142e+01
3.329999999999999716e+01
3.823000000000000398e+01
4.034000000000000341e+01
4.439999999999999858e+01
4.528000000000000114e+01
5.028000000000000114e+01
5.035000000000000142e+01
5.443999999999999773e+01
5.449000000000000199e+01
6.117000000000000171e+01
6.923999999999999488e+01
7.228000000000000114e+01
7.329999999999999716e+01
7.651999999999999602e+01
8.129000000000000625e+01
8.914000000000000057e+01
9.228000000000000114e+01
9.429999999999999716e+01
9.921999999999999886e+01
1.052900000000000063e+02
1.094000000000000057e+02
1.142400000000000091e+02
1.183700000000000045e+02
1.184500000000000028e+02
1.222800000000000011e+02
1.242600000000000051e+02
1.244000000000000057e+02
1.273800000000000097e+02
1.303000000000000114e+02
1.304300000000000068e+02
1.324399999999999977e+02
1.373499999999999943e+02
1.413300000000000125e+02
1.432899999999999920e+02
1.503100000000000023e+02
1.574799999999999898e+02
1.622700000000000102e+02
1.663300000000000125e+02
1.672500000000000000e+02
1.752100000000000080e+02
1.763199999999999932e+02
1.840500000000000114e+02
1.843600000000000136e+02
1.902800000000000011e+02
1.962899999999999920e+02
1.993000000000000114e+02
2.013300000000000125e+02
2.033600000000000136e+02
2.121800000000000068e+02
2.122400000000000091e+02
2.142199999999999989e+02
2.154000000000000057e+02
2.180699999999999932e+02
2.221899999999999977e+02
2.241599999999999966e+02
2.242400000000000091e+02
2.300800000000000125e+02
2.321599999999999966e+02
2.331400000000000148e+02
2.391299999999999955e+02
2.462500000000000000e+02
2.511100000000000136e+02
2.512899999999999920e+02
2.601899999999999977e+02
2.671100000000000136e+02
2.691299999999999955e+02
2.703400000000000318e+02
2.730400000000000205e+02
2.762099999999999795e+02
2.880500000000000114e+02
2.903100000000000023e+02
2.952200000000000273e+02
2.962500000000000000e+02
2.981700000000000159e+02
2.982800000000000296e+02
3.031600000000000250e+02
3.061500000000000341e+02
3.100000000000000000e+02
3.140600000000000023e+02
3.141600000000000250e+02
3.181899999999999977e+02
3.189599999999999795e+02
3.211700000000000159e+02
3.230600000000000023e+02
3.251600000000000250e+02
3.260699999999999932e+02
3.272099999999999795e+02
3.321000000000000227e+02
3.411999999999999886e+02
3.451800000000000068e+02
3.471600000000000250e+02
3.480500000000000114e+02
3.569200000000000159e+02
3.600799999999999841e+02
3.631700000000000159e+02
3.701200000000000045e+02
3.711800000000000068e+02
3.719700000000000273e+02
3.750799999999999841e+02
3.820000000000000000e+02
3.871500000000000341e+02
3.908400000000000318e+02
3.908500000000000227e+02
3.940500000000000114e+02
3.961500000000000341e+02
4.001100000000000136e+02
4.021600000000000250e+02
4.050099999999999909e+02
4.090900000000000318e+02
4.139300000000000068e+02
4.199399999999999977e+02
4.210300000000000296e+02
4.302300000000000182e+02
4.322699999999999818e+02
4.371500000000000341e+02
4.399399999999999977e+02
4.551100000000000136e+02
4.560300000000000296e+02
4.581399999999999864e+02
4.589399999999999977e+02
4.679600000000000364e+02
4.710000000000000000e+02
4.748799999999999955e+02
4.769600000000000364e+02
4.769900000000000091e+02
4.808899999999999864e+02
4.869399999999999977e+02
4.920200000000000387e+02
4.960699999999999932e+02
5.000600000000000023e+02
5.049800000000000182e+02
5.099600000000000364e+02
5.188400000000000318e+02
5.239500000000000455e+02
5.298700000000000045e+02
5.319099999999999682e+02
5.359800000000000182e+02
5.418999999999999773e+02
5.468000000000000682e+02
5.549400000000000546e+02
5.570099999999999909e+02
5.591100000000000136e+02
5.609199999999999591e+02
5.638400000000000318e+02
5.658700000000000045e+02
5.690399999999999636e+02
5.728899999999999864e+02
5.780600000000000591e+02
5.831000000000000227e+02
5.851499999999999773e+02
5.869300000000000637e+02
5.940299999999999727e+02
5.969199999999999591e+02
5.978600000000000136e+02
6.049400000000000546e+02
6.138899999999999864e+02
6.160500000000000682e+02
6.198999999999999773e+02
6.217699999999999818e+02
6.219600000000000364e+02
6.248700000000000045e+02
6.288000000000000682e+02
6.398300000000000409e+02
6.407799999999999727e+02
6.457400000000000091e+02
6.477699999999999818e+02
6.508100000000000591e+02
6.538300000000000409e+02
6.579500000000000455e+02
6.629900000000000091e+02
6.658200000000000500e+02
6.728500000000000227e+02
6.749400000000000546e+02
6.787699999999999818e+02
6.808600000000000136e+02
6.849500000000000455e+02
6.887699999999999818e+02
6.908500000000000227e+02
6.928300000000000409e+02
7.058899999999999864e+02
7.059199999999999591e+02
7.078200000000000500e+02
7.129199999999999591e+02
7.198200000000000500e+02
7.228899999999999864e+02
7.277200000000000273e+02
7.287500000000000000e+02
7.317000000000000455e+02
7.367100000000000364e+02
7.407400000000000091e+02
7.456900000000000546e+02
7.488100000000000591e+02
7.516800000000000637e+02
7.547200000000000273e+02
7.598500000000000227e+02
7.647599999999999909e+02
7.686800000000000637e+02
7.707100000000000364e+02
7.757400000000000091e+02
7.795000000000000000e+02
7.837500000000000000e+02
7.926000000000000227e+02
7.926800000000000637e+02
7.947699999999999818e+02
7.968000000000000682e+02
8.038200000000000500e+02
8.045800000000000409e+02
8.058600000000000136e+02
8.067599999999999909e+02
8.127799999999999727e+02
8.138400000000000318e+02
8.286100000000000136e+02
8.336299999999999955e+02
8.367100000000000364e+02
8.378100000000000591e+02
8.398600000000000136e+02
8.417599999999999909e+02
8.425600000000000591e+02
8.438500000000000227e+02
8.468100000000000591e+02
8.517400000000000091e+02
8.555700000000000500e+02
8.587000000000000455e+02
8.676200000000000045e+02
8.707899999999999636e+02
8.717699999999999818e+02
8.756900000000000546e+02
8.855700000000000500e+02
8.916800000000000637e+02
8.955900000000000318e+02
8.988400000000000318e+02
9.017100000000000364e+02
9.035500000000000682e+02
9.196700000000000728e+02
9.227100000000000364e+02
9.235600000000000591e+02
9.306000000000000227e+02
9.327300000000000182e+02
9.346100000000000136e+02
9.347599999999999909e+02
9.416599999999999682e+02
9.457599999999999909e+02
9.465199999999999818e+02
9.644800000000000182e+02
9.665600000000000591e+02
9.687300000000000182e+02
9.715900000000000318e+02
9.736499999999999773e+02
9.757200000000000273e+02
9.766800000000000637e+02
9.825700000000000500e+02
9.855299999999999727e+02
9.894900000000000091e+02
9.915800000000000409e+02
9.925900000000000318e+02
9.926000000000000227e+02
9.946299999999999955e+02
9.976200000000000045e+02
9.995099999999999909e+02
