5.830000000000000071e+00
9.169999999999999929e+00
9.970000000000000639e+00
1.253000000000000114e+01
1.260999999999999943e+01
1.466999999999999993e+01
1.572000000000000064e+01
1.694000000000000128e+01
1.842000000000000171e+01
2.035000000000000142e+01
2.290000000000000213e+01
5.791000000000000369e+01
6.024000000000000199e+01
6.362000000000000455e+01
6.373000000000000398e+01
6.578000000000000114e+01
6.589000000000000057e+01
6.796000000000000796e+01
6.803000000000000114e+01
7.100000000000000000e+01
1.055600000000000023e+02
1.059300000000000068e+02
1.083299999999999983e+02
1.097500000000000000e+02
1.107600000000000051e+02
1.129200000000000017e+02
1.140000000000000000e+02
1.143100000000000023e+02
1.162699999999999960e+02
1.169200000000000017e+02
1.185300000000000011e+02
1.191200000000000045e+02
1.217300000000000040e+02
1.582000000000000171e+02
1.601100000000000136e+02
1.609300000000000068e+02
1.632400000000000091e+02
1.642000000000000171e+02
1.653900000000000148e+02
1.656500000000000057e+02
1.674900000000000091e+02
1.695600000000000023e+02
2.068900000000000148e+02
2.091200000000000045e+02
2.099800000000000182e+02
2.114200000000000159e+02
2.127500000000000000e+02
2.133700000000000045e+02
2.157500000000000000e+02
2.161100000000000136e+02
2.178199999999999932e+02
2.179699999999999989e+02
2.185000000000000000e+02
2.199000000000000057e+02
2.206100000000000136e+02
2.586999999999999886e+02
2.598700000000000045e+02
2.614599999999999795e+02
2.623799999999999955e+02
2.636499999999999773e+02
2.663999999999999773e+02
2.665300000000000296e+02
2.687400000000000091e+02
2.708600000000000136e+02
2.714499999999999886e+02
3.077200000000000273e+02
3.095699999999999932e+02
3.096100000000000136e+02
3.117599999999999909e+02
3.126600000000000250e+02
3.143000000000000114e+02
3.147900000000000205e+02
3.174800000000000182e+02
3.186100000000000136e+02
3.195600000000000023e+02
3.209499999999999886e+02
3.214200000000000159e+02
3.226100000000000136e+02
3.576500000000000341e+02
3.592800000000000296e+02
3.597400000000000091e+02
3.640799999999999841e+02
3.661000000000000227e+02
3.689499999999999886e+02
3.699700000000000273e+02
4.071800000000000068e+02
4.094900000000000091e+02
4.096500000000000341e+02
4.113500000000000227e+02
4.117100000000000364e+02
4.139600000000000364e+02
4.146500000000000341e+02
4.160600000000000023e+02
4.179499999999999886e+02
4.193000000000000114e+02
4.211299999999999955e+02
4.214200000000000159e+02
4.566000000000000227e+02
4.574200000000000159e+02
4.605400000000000205e+02
4.631700000000000159e+02
4.635799999999999841e+02
4.658299999999999841e+02
4.671399999999999864e+02
4.684100000000000250e+02
4.698899999999999864e+02
5.086700000000000159e+02
5.109499999999999886e+02
5.130399999999999636e+02
5.139500000000000455e+02
5.161000000000000227e+02
5.178799999999999955e+02
5.178899999999999864e+02
5.191000000000000227e+02
5.213799999999999955e+02
5.217300000000000182e+02
5.253600000000000136e+02
5.572899999999999636e+02
5.601599999999999682e+02
5.624300000000000637e+02
5.625000000000000000e+02
5.645199999999999818e+02
5.656499999999999773e+02
5.678799999999999955e+02
5.688899999999999864e+02
5.701699999999999591e+02
5.732300000000000182e+02
5.736200000000000045e+02
6.076599999999999682e+02
6.092799999999999727e+02
6.101599999999999682e+02
6.128700000000000045e+02
6.150800000000000409e+02
6.155299999999999727e+02
6.178300000000000409e+02
6.235099999999999909e+02
6.583000000000000682e+02
6.609600000000000364e+02
6.630900000000000318e+02
6.631900000000000546e+02
6.653000000000000682e+02
6.658000000000000682e+02
6.673999999999999773e+02
6.680099999999999909e+02
6.696000000000000227e+02
6.721699999999999591e+02
6.728100000000000591e+02
7.080000000000000000e+02
7.090099999999999909e+02
7.098400000000000318e+02
7.103799999999999955e+02
7.112000000000000455e+02
7.120199999999999818e+02
7.154900000000000091e+02
7.162200000000000273e+02
7.163600000000000136e+02
7.183400000000000318e+02
7.187300000000000182e+02
7.187400000000000091e+02
7.218500000000000227e+02
7.222300000000000182e+02
7.239500000000000455e+02
7.244700000000000273e+02
7.592100000000000364e+02
7.593400000000000318e+02
7.615500000000000682e+02
7.635600000000000591e+02
7.637300000000000182e+02
7.656900000000000546e+02
7.658600000000000136e+02
7.660199999999999818e+02
7.680099999999999909e+02
7.685099999999999909e+02
7.713500000000000227e+02
7.750399999999999636e+02
8.060800000000000409e+02
8.099800000000000182e+02
8.139600000000000364e+02
8.146200000000000045e+02
8.162899999999999636e+02
8.170099999999999909e+02
8.592200000000000273e+02
8.613500000000000227e+02
8.615199999999999818e+02
8.621499999999999773e+02
8.636000000000000227e+02
8.659600000000000364e+02
8.661200000000000045e+02
8.683100000000000591e+02
8.694300000000000637e+02
8.705900000000000318e+02
8.726499999999999773e+02
8.749400000000000546e+02
9.065399999999999636e+02
9.068999999999999773e+02
9.086399999999999864e+02
9.111599999999999682e+02
9.135000000000000000e+02
9.135500000000000682e+02
9.168300000000000409e+02
9.168600000000000136e+02
9.204700000000000273e+02
9.229300000000000637e+02
9.554099999999999682e+02
9.632000000000000455e+02
9.638300000000000409e+02
9.646299999999999955e+02
9.683799999999999955e+02
9.703300000000000409e+02
9.727500000000000000e+02
