9.579000000000000625e+01
2.026400000000000148e+02
2.136700000000000159e+02
2.315399999999999920e+02
2.344800000000000182e+02
3.114800000000000182e+02
3.246100000000000136e+02
3.921899999999999977e+02
5.983600000000000136e+02
6.423100000000000591e+02
7.291800000000000637e+02
7.331000000000000227e+02
7.381399999999999864e+02
9.850000000000000000e+02
9.940099999999999909e+02
9.585999999999999943e+01
2.026400000000000148e+02
2.136800000000000068e+02
2.315800000000000125e+02
2.344900000000000091e+02
3.114900000000000091e+02
3.921899999999999977e+02
5.983600000000000136e+02
6.423100000000000591e+02
7.291800000000000637e+02
7.331000000000000227e+02
7.381399999999999864e+02
9.850000000000000000e+02
9.940600000000000591e+02
2.026400000000000148e+02
2.137000000000000171e+02
2.345000000000000000e+02
3.114900000000000091e+02
3.921899999999999977e+02
5.983600000000000136e+02
6.423200000000000500e+02
7.291800000000000637e+02
7.331000000000000227e+02
7.381399999999999864e+02
9.850000000000000000e+02
2.026400000000000148e+02
2.137300000000000182e+02
2.345099999999999909e+02
3.114900000000000091e+02
3.921899999999999977e+02
5.983600000000000136e+02
6.423200000000000500e+02
7.291800000000000637e+02
7.331000000000000227e+02
7.381399999999999864e+02
9.850000000000000000e+02
2.026400000000000148e+02
2.345200000000000102e+02
3.115000000000000000e+02
3.921899999999999977e+02
5.983600000000000136e+02
6.423200000000000500e+02
7.291800000000000637e+02
7.331000000000000227e+02
7.381399999999999864e+02
9.850000000000000000e+02
2.026400000000000148e+02
2.345399999999999920e+02
3.115000000000000000e+02
3.921899999999999977e+02
5.983600000000000136e+02
6.423300000000000409e+02
7.291800000000000637e+02
7.331000000000000227e+02
7.381399999999999864e+02
9.850000000000000000e+02
2.026400000000000148e+02
2.345500000000000114e+02
3.115000000000000000e+02
3.921899999999999977e+02
5.983600000000000136e+02
6.423300000000000409e+02
7.291800000000000637e+02
7.331000000000000227e+02
7.381399999999999864e+02
9.850000000000000000e+02
2.026400000000000148e+02
2.345600000000000023e+02
3.115099999999999909e+02
3.921899999999999977e+02
5.983600000000000136e+02
6.423400000000000318e+02
7.291800000000000637e+02
7.331000000000000227e+02
7.381399999999999864e+02
9.850000000000000000e+02
2.026400000000000148e+02
2.345800000000000125e+02
3.115099999999999909e+02
3.921899999999999977e+02
5.983600000000000136e+02
6.423400000000000318e+02
7.291800000000000637e+02
7.331000000000000227e+02
7.381399999999999864e+02
9.850000000000000000e+02
2.026400000000000148e+02
3.115199999999999818e+02
3.921899999999999977e+02
5.983600000000000136e+02
6.423500000000000227e+02
7.291800000000000637e+02
7.331000000000000227e+02
7.381399999999999864e+02
9.850000000000000000e+02
