4.410000000000000142e+00
8.630000000000000782e+00
1.680999999999999872e+01
2.014000000000000057e+01
3.675000000000000000e+01
4.425999999999999801e+01
5.656000000000000227e+01
6.067000000000000171e+01
7.651000000000000512e+01
8.048999999999999488e+01
8.859000000000000341e+01
9.243999999999999773e+01
9.609000000000000341e+01
1.045600000000000023e+02
1.088200000000000074e+02
1.123200000000000074e+02
1.205300000000000011e+02
1.249099999999999966e+02
1.286599999999999966e+02
1.326700000000000159e+02
1.361100000000000136e+02
1.402700000000000102e+02
1.486299999999999955e+02
1.561299999999999955e+02
1.646299999999999955e+02
1.683400000000000034e+02
1.725999999999999943e+02
1.803700000000000045e+02
1.843100000000000023e+02
1.888900000000000148e+02
1.925399999999999920e+02
1.962700000000000102e+02
2.006800000000000068e+02
2.086599999999999966e+02
2.128400000000000034e+02
2.165399999999999920e+02
2.281700000000000159e+02
2.442800000000000011e+02
2.488100000000000023e+02
2.528300000000000125e+02
2.644300000000000068e+02
2.684100000000000250e+02
2.721999999999999886e+02
2.965099999999999909e+02
3.000699999999999932e+02
3.039800000000000182e+02
3.084599999999999795e+02
3.126899999999999977e+02
3.203600000000000136e+02
3.286200000000000045e+02
3.442300000000000182e+02
3.478199999999999932e+02
3.604900000000000091e+02
3.683799999999999955e+02
3.722200000000000273e+02
3.762800000000000296e+02
3.843600000000000136e+02
3.880000000000000000e+02
3.957500000000000000e+02
4.006200000000000045e+02
4.122500000000000000e+02
4.158000000000000114e+02
4.245199999999999818e+02
4.284900000000000091e+02
4.317300000000000182e+02
4.441299999999999955e+02
4.482800000000000296e+02
4.559900000000000091e+02
4.599499999999999886e+02
4.755300000000000296e+02
4.841899999999999977e+02
4.881100000000000136e+02
4.920400000000000205e+02
4.958299999999999841e+02
5.041999999999999886e+02
5.400900000000000318e+02
5.438999999999999773e+02
5.601900000000000546e+02
5.641900000000000546e+02
5.681599999999999682e+02
5.719199999999999591e+02
5.918000000000000682e+02
6.121200000000000045e+02
6.158700000000000045e+02
6.203200000000000500e+02
6.238200000000000500e+02
6.275399999999999636e+02
6.321699999999999591e+02
6.359700000000000273e+02
6.397400000000000091e+02
6.522400000000000091e+02
6.555800000000000409e+02
6.597899999999999636e+02
6.715600000000000591e+02
6.756100000000000136e+02
6.839600000000000364e+02
6.884500000000000455e+02
6.921499999999999773e+02
7.156100000000000136e+02
7.282100000000000364e+02
7.313799999999999955e+02
7.362300000000000182e+02
7.398799999999999955e+02
7.435700000000000500e+02
7.514199999999999591e+02
7.553999999999999773e+02
7.601299999999999955e+02
7.639500000000000455e+02
7.713799999999999955e+02
7.759500000000000455e+02
7.832400000000000091e+02
7.954500000000000455e+02
8.038799999999999955e+02
8.277100000000000364e+02
8.311700000000000728e+02
8.354600000000000364e+02
8.479700000000000273e+02
8.556200000000000045e+02
8.593500000000000227e+02
8.716100000000000136e+02
8.800299999999999727e+02
8.833200000000000500e+02
8.917899999999999636e+02
8.951900000000000546e+02
9.073500000000000227e+02
9.115500000000000682e+02
9.196800000000000637e+02
9.235399999999999636e+02
9.313300000000000409e+02
9.352799999999999727e+02
9.388400000000000318e+02
9.435900000000000318e+02
9.476299999999999955e+02
9.834200000000000728e+02
9.871800000000000637e+02
9.913999999999999773e+02
9.953200000000000500e+02
9.993899999999999864e+02
