9.359999999999999432e+00
5.687000000000000455e+01
5.987000000000000455e+01
6.341000000000000369e+01
7.035000000000000853e+01
7.284000000000000341e+01
8.368999999999999773e+01
9.428000000000000114e+01
1.083599999999999994e+02
1.262300000000000040e+02
1.286500000000000057e+02
1.306599999999999966e+02
1.552100000000000080e+02
1.671800000000000068e+02
2.031899999999999977e+02
2.067300000000000182e+02
2.102400000000000091e+02
2.141500000000000057e+02
2.512300000000000182e+02
2.651499999999999773e+02
2.792400000000000091e+02
2.861700000000000159e+02
2.905799999999999841e+02
2.931800000000000068e+02
3.034499999999999886e+02
3.071800000000000068e+02
3.108100000000000023e+02
3.271399999999999864e+02
3.506000000000000227e+02
3.605900000000000318e+02
3.681299999999999955e+02
3.870799999999999841e+02
3.979700000000000273e+02
4.055799999999999841e+02
4.302100000000000364e+02
4.391999999999999886e+02
4.491100000000000136e+02
4.624499999999999886e+02
4.749399999999999977e+02
4.799100000000000250e+02
5.075900000000000318e+02
5.299600000000000364e+02
5.355499999999999545e+02
5.584400000000000546e+02
5.935800000000000409e+02
5.969900000000000091e+02
5.975199999999999818e+02
6.122100000000000364e+02
6.221200000000000045e+02
6.433400000000000318e+02
6.550500000000000682e+02
6.685099999999999909e+02
6.918899999999999864e+02
6.964099999999999682e+02
7.228999999999999773e+02
7.279400000000000546e+02
7.303100000000000591e+02
7.459800000000000182e+02
7.790199999999999818e+02
7.948999999999999773e+02
8.189200000000000728e+02
8.374800000000000182e+02
8.479200000000000728e+02
8.779700000000000273e+02
8.922000000000000455e+02
8.973799999999999955e+02
9.001399999999999864e+02
9.091599999999999682e+02
9.158100000000000591e+02
9.303100000000000591e+02
9.436800000000000637e+02
9.648500000000000227e+02
9.676800000000000637e+02
9.702000000000000455e+02
9.832200000000000273e+02
9.895600000000000591e+02
