4.120000000000000107e+00
1.550000000000000000e+01
2.531000000000000227e+01
3.463000000000000256e+01
4.509000000000000341e+01
5.407000000000000028e+01
6.396999999999999886e+01
7.437999999999999545e+01
8.453000000000000114e+01
9.342000000000000171e+01
1.040900000000000034e+02
1.148500000000000085e+02
1.235700000000000074e+02
1.346800000000000068e+02
1.441400000000000148e+02
1.554099999999999966e+02
1.643700000000000045e+02
1.855099999999999909e+02
1.944500000000000171e+02
2.052899999999999920e+02
2.144200000000000159e+02
2.252400000000000091e+02
2.337300000000000182e+02
2.441599999999999966e+02
2.641600000000000250e+02
2.747800000000000296e+02
2.833199999999999932e+02
2.856100000000000136e+02
2.942300000000000182e+02
3.048899999999999864e+02
3.238199999999999932e+02
3.338100000000000023e+02
3.439300000000000068e+02
3.550799999999999841e+02
3.631899999999999977e+02
3.654300000000000068e+02
3.739800000000000182e+02
3.833700000000000045e+02
3.939100000000000250e+02
4.037500000000000000e+02
4.133400000000000318e+02
4.229800000000000182e+02
4.251600000000000250e+02
4.336399999999999864e+02
4.436100000000000136e+02
4.533799999999999955e+02
4.637400000000000091e+02
4.733199999999999932e+02
4.756600000000000250e+02
4.840799999999999841e+02
4.929900000000000091e+02
4.953700000000000045e+02
5.049900000000000091e+02
5.129300000000000637e+02
5.237799999999999727e+02
5.332799999999999727e+02
5.430700000000000500e+02
5.451900000000000546e+02
5.531200000000000045e+02
5.646200000000000045e+02
5.730399999999999636e+02
5.834099999999999682e+02
5.936599999999999682e+02
6.040099999999999909e+02
6.132100000000000364e+02
6.240099999999999909e+02
6.332899999999999636e+02
6.442000000000000455e+02
6.535900000000000318e+02
6.627599999999999909e+02
6.728300000000000409e+02
6.750800000000000409e+02
6.831699999999999591e+02
6.935500000000000682e+02
7.030500000000000682e+02
7.132699999999999818e+02
7.235800000000000409e+02
7.328999999999999773e+02
7.425299999999999727e+02
7.532699999999999818e+02
7.623700000000000045e+02
7.741100000000000136e+02
7.822899999999999636e+02
7.845500000000000682e+02
7.939800000000000182e+02
8.028000000000000682e+02
8.226599999999999682e+02
8.325000000000000000e+02
8.429500000000000455e+02
8.535500000000000682e+02
8.632699999999999818e+02
8.733200000000000500e+02
8.932500000000000000e+02
9.039400000000000546e+02
9.124500000000000455e+02
9.229800000000000182e+02
9.329600000000000364e+02
9.427500000000000000e+02
9.532000000000000455e+02
9.626299999999999955e+02
9.727200000000000273e+02
9.828400000000000318e+02
9.940800000000000409e+02
