3.609999999999999876e+00
1.172000000000000064e+01
1.067300000000000040e+02
1.274500000000000028e+02
1.765999999999999943e+02
1.982700000000000102e+02
2.120200000000000102e+02
2.431899999999999977e+02
2.691800000000000068e+02
2.802699999999999818e+02
2.987500000000000000e+02
3.340400000000000205e+02
4.065000000000000000e+02
5.102300000000000182e+02
5.256299999999999955e+02
5.958999999999999773e+02
6.118300000000000409e+02
6.219199999999999591e+02
6.957899999999999636e+02
7.337599999999999909e+02
7.545700000000000500e+02
8.085399999999999636e+02
8.828200000000000500e+02
9.416700000000000728e+02
9.815800000000000409e+02
