4.790000000000000036e+00
2.285999999999999943e+01
4.841000000000000369e+01
5.074000000000000199e+01
5.096999999999999886e+01
7.093000000000000682e+01
7.490999999999999659e+01
8.689000000000000057e+01
8.879999999999999716e+01
9.889000000000000057e+01
1.087000000000000028e+02
1.128500000000000085e+02
1.168500000000000085e+02
1.228500000000000085e+02
1.368799999999999955e+02
1.448900000000000148e+02
1.508499999999999943e+02
1.605999999999999943e+02
1.727899999999999920e+02
1.806400000000000148e+02
1.867400000000000091e+02
1.985000000000000000e+02
2.047800000000000011e+02
2.086400000000000148e+02
2.149800000000000182e+02
2.526299999999999955e+02
2.587099999999999795e+02
2.705799999999999841e+02
2.789200000000000159e+02
3.004200000000000159e+02
3.124100000000000250e+02
3.445199999999999818e+02
3.686399999999999864e+02
3.765300000000000296e+02
3.766600000000000250e+02
3.927100000000000364e+02
4.064200000000000159e+02
4.144800000000000182e+02
4.225900000000000318e+02
4.566399999999999864e+02
4.643899999999999864e+02
4.804300000000000068e+02
4.846800000000000068e+02
4.923799999999999955e+02
5.060200000000000387e+02
5.144300000000000637e+02
5.165399999999999636e+02
5.261900000000000546e+02
5.425099999999999909e+02
5.545099999999999909e+02
5.904700000000000273e+02
5.945600000000000591e+02
5.962300000000000182e+02
6.002699999999999818e+02
6.060500000000000682e+02
6.240800000000000409e+02
6.261100000000000136e+02
6.443799999999999955e+02
6.463000000000000682e+02
6.481299999999999955e+02
6.783300000000000409e+02
6.841299999999999955e+02
6.999099999999999682e+02
7.162500000000000000e+02
7.282000000000000455e+02
7.401000000000000227e+02
7.421000000000000227e+02
7.461599999999999682e+02
7.620099999999999909e+02
7.719200000000000728e+02
7.738899999999999864e+02
7.742599999999999909e+02
7.998300000000000409e+02
8.021499999999999773e+02
8.161599999999999682e+02
8.319800000000000182e+02
8.400099999999999909e+02
8.401399999999999864e+02
8.799800000000000182e+02
8.940199999999999818e+02
9.100900000000000318e+02
9.238999999999999773e+02
9.278999999999999773e+02
9.339900000000000091e+02
9.499700000000000273e+02
9.579800000000000182e+02
9.638799999999999955e+02
9.719300000000000637e+02
9.856100000000000136e+02
9.899700000000000273e+02
