6.009999999999999787e+00
2.219000000000000128e+01
3.224000000000000199e+01
3.436999999999999744e+01
4.011999999999999744e+01
4.417000000000000171e+01
4.830000000000000426e+01
5.210999999999999943e+01
5.631000000000000227e+01
7.207999999999999829e+01
7.590000000000000568e+01
9.820000000000000284e+01
1.041500000000000057e+02
1.078500000000000085e+02
1.181299999999999955e+02
1.282400000000000091e+02
1.518199999999999932e+02
1.559699999999999989e+02
1.659399999999999977e+02
1.720699999999999932e+02
1.860999999999999943e+02
1.920000000000000000e+02
2.059000000000000057e+02
2.119300000000000068e+02
2.280200000000000102e+02
2.320200000000000102e+02
2.360099999999999909e+02
2.517600000000000193e+02
2.540200000000000102e+02
2.579800000000000182e+02
2.640799999999999841e+02
2.818400000000000318e+02
3.136000000000000227e+02
3.638500000000000227e+02
3.758700000000000045e+02
3.938199999999999932e+02
4.056600000000000250e+02
4.156399999999999864e+02
4.177599999999999909e+02
4.218000000000000114e+02
4.358299999999999841e+02
4.417300000000000182e+02
4.577400000000000091e+02
4.617400000000000091e+02
4.656500000000000341e+02
4.776899999999999977e+02
4.816399999999999864e+02
4.856700000000000159e+02
4.935099999999999909e+02
4.956899999999999977e+02
5.016700000000000159e+02
5.037500000000000000e+02
5.072500000000000000e+02
5.175900000000000318e+02
5.233799999999999955e+02
5.316100000000000136e+02
5.356299999999999955e+02
5.515800000000000409e+02
5.956699999999999591e+02
6.176499999999999773e+02
6.356399999999999864e+02
6.574700000000000273e+02
6.931699999999999591e+02
7.013100000000000591e+02
7.173600000000000136e+02
7.254400000000000546e+02
7.313700000000000045e+02
7.632100000000000364e+02
7.692500000000000000e+02
7.752200000000000273e+02
7.832599999999999909e+02
8.010399999999999636e+02
8.071700000000000728e+02
8.173400000000000318e+02
8.334700000000000273e+02
8.410600000000000591e+02
8.432000000000000455e+02
8.513700000000000045e+02
8.933500000000000227e+02
9.033200000000000500e+02
9.152899999999999636e+02
9.250700000000000500e+02
9.292100000000000364e+02
9.352400000000000091e+02
9.432899999999999636e+02
9.470000000000000000e+02
9.512500000000000000e+02
9.650800000000000409e+02
9.711000000000000227e+02
9.731700000000000728e+02
9.830500000000000682e+02
9.870099999999999909e+02
9.911399999999999864e+02
6.009999999999999787e+00
2.221000000000000085e+01
3.404999999999999716e+01
3.627000000000000313e+01
4.420000000000000284e+01
5.217000000000000171e+01
5.631000000000000227e+01
7.209000000000000341e+01
7.598000000000000398e+01
1.078900000000000006e+02
1.181400000000000006e+02
1.518199999999999932e+02
1.659699999999999989e+02
1.720900000000000034e+02
1.920200000000000102e+02
2.059000000000000057e+02
2.119300000000000068e+02
2.320399999999999920e+02
2.360099999999999909e+02
2.517600000000000193e+02
2.641299999999999955e+02
3.136000000000000227e+02
3.638899999999999864e+02
3.758700000000000045e+02
3.939000000000000341e+02
4.056700000000000159e+02
4.157200000000000273e+02
4.218799999999999955e+02
4.358400000000000318e+02
4.577800000000000296e+02
4.776999999999999886e+02
4.816399999999999864e+02
5.016899999999999977e+02
5.037700000000000387e+02
5.072800000000000296e+02
5.176299999999999955e+02
5.233799999999999955e+02
5.316299999999999955e+02
5.515800000000000409e+02
5.957000000000000455e+02
6.177000000000000455e+02
6.356399999999999864e+02
6.574700000000000273e+02
6.931699999999999591e+02
7.013500000000000227e+02
7.173600000000000136e+02
7.313899999999999864e+02
7.692699999999999818e+02
7.833000000000000682e+02
8.010399999999999636e+02
8.071800000000000637e+02
8.173500000000000227e+02
8.410600000000000591e+02
8.432400000000000091e+02
9.153200000000000500e+02
9.251200000000000045e+02
9.353300000000000409e+02
9.650800000000000409e+02
9.712000000000000455e+02
9.733000000000000682e+02
9.830500000000000682e+02
9.871200000000000045e+02
9.912000000000000455e+02
6.009999999999999787e+00
3.407000000000000028e+01
4.421999999999999886e+01
5.631000000000000227e+01
7.209000000000000341e+01
1.181500000000000057e+02
1.518199999999999932e+02
1.660099999999999909e+02
1.721299999999999955e+02
1.920800000000000125e+02
2.059000000000000057e+02
2.119300000000000068e+02
2.320600000000000023e+02
2.360099999999999909e+02
2.517600000000000193e+02
3.136000000000000227e+02
3.758799999999999955e+02
4.056700000000000159e+02
4.358600000000000136e+02
4.777200000000000273e+02
4.816399999999999864e+02
5.017100000000000364e+02
5.038100000000000023e+02
5.073000000000000114e+02
5.233799999999999955e+02
5.316499999999999773e+02
5.515800000000000409e+02
5.957500000000000000e+02
6.356499999999999773e+02
6.574700000000000273e+02
6.931800000000000637e+02
7.173600000000000136e+02
7.314099999999999682e+02
7.693000000000000682e+02
8.010399999999999636e+02
8.071900000000000546e+02
8.173500000000000227e+02
8.410600000000000591e+02
9.368300000000000409e+02
9.650900000000000318e+02
9.731499999999999773e+02
9.830600000000000591e+02
9.872200000000000273e+02
9.912400000000000091e+02
6.009999999999999787e+00
3.410999999999999943e+01
5.632000000000000028e+01
7.210000000000000853e+01
1.181700000000000017e+02
1.518199999999999932e+02
1.660600000000000023e+02
2.059099999999999966e+02
2.119399999999999977e+02
2.320900000000000034e+02
2.360200000000000102e+02
2.517600000000000193e+02
3.136000000000000227e+02
3.758899999999999864e+02
4.056700000000000159e+02
4.359000000000000341e+02
4.777400000000000091e+02
4.816399999999999864e+02
5.017500000000000000e+02
5.039000000000000341e+02
5.073199999999999932e+02
5.233799999999999955e+02
5.316800000000000637e+02
5.515800000000000409e+02
6.356499999999999773e+02
6.574700000000000273e+02
6.931800000000000637e+02
7.173700000000000045e+02
7.314300000000000637e+02
7.693500000000000227e+02
8.010399999999999636e+02
8.072000000000000455e+02
8.173600000000000136e+02
8.410600000000000591e+02
9.650900000000000318e+02
9.731900000000000546e+02
9.830600000000000591e+02
9.913200000000000500e+02
6.009999999999999787e+00
3.418999999999999773e+01
5.632000000000000028e+01
7.210000000000000853e+01
1.182000000000000028e+02
1.518300000000000125e+02
2.059099999999999966e+02
2.119399999999999977e+02
2.360200000000000102e+02
2.517600000000000193e+02
3.136000000000000227e+02
3.759000000000000341e+02
4.056700000000000159e+02
4.816399999999999864e+02
5.036500000000000341e+02
5.073400000000000318e+02
5.233799999999999955e+02
5.515900000000000318e+02
6.356599999999999682e+02
6.574700000000000273e+02
6.931900000000000546e+02
7.173700000000000045e+02
7.315000000000000000e+02
8.010399999999999636e+02
8.072100000000000364e+02
8.173700000000000045e+02
8.410600000000000591e+02
9.651000000000000227e+02
9.830600000000000591e+02
6.009999999999999787e+00
5.632000000000000028e+01
7.210999999999999943e+01
1.518300000000000125e+02
2.059099999999999966e+02
2.119500000000000171e+02
2.360300000000000011e+02
2.517600000000000193e+02
3.136000000000000227e+02
4.056700000000000159e+02
4.816399999999999864e+02
5.036600000000000250e+02
5.073600000000000136e+02
5.233799999999999955e+02
5.515900000000000318e+02
6.356599999999999682e+02
6.574700000000000273e+02
6.932000000000000455e+02
7.173700000000000045e+02
8.010399999999999636e+02
8.072200000000000273e+02
8.173799999999999955e+02
8.410600000000000591e+02
9.651000000000000227e+02
9.830600000000000591e+02
6.009999999999999787e+00
5.632999999999999829e+01
7.210999999999999943e+01
1.518300000000000125e+02
2.059099999999999966e+02
2.119500000000000171e+02
2.360300000000000011e+02
2.517600000000000193e+02
3.136000000000000227e+02
4.056700000000000159e+02
4.816399999999999864e+02
5.036700000000000159e+02
5.073899999999999864e+02
5.233899999999999864e+02
5.515900000000000318e+02
6.356699999999999591e+02
6.574700000000000273e+02
6.932200000000000273e+02
7.173700000000000045e+02
8.010399999999999636e+02
8.072200000000000273e+02
8.173899999999999864e+02
8.410600000000000591e+02
9.651100000000000136e+02
9.830700000000000500e+02
6.009999999999999787e+00
5.632999999999999829e+01
7.212999999999999545e+01
1.518300000000000125e+02
2.059099999999999966e+02
2.119600000000000080e+02
2.360300000000000011e+02
2.517600000000000193e+02
3.136000000000000227e+02
4.056800000000000068e+02
4.816399999999999864e+02
5.036800000000000068e+02
5.074200000000000159e+02
5.233899999999999864e+02
5.516000000000000227e+02
6.356699999999999591e+02
6.574700000000000273e+02
7.173700000000000045e+02
8.010500000000000682e+02
8.072300000000000182e+02
8.173999999999999773e+02
8.410700000000000500e+02
9.651100000000000136e+02
9.830700000000000500e+02
6.009999999999999787e+00
5.632999999999999829e+01
1.518300000000000125e+02
2.059099999999999966e+02
2.360399999999999920e+02
2.517600000000000193e+02
3.136100000000000136e+02
4.056800000000000068e+02
4.816399999999999864e+02
5.036999999999999886e+02
5.233899999999999864e+02
5.516000000000000227e+02
6.356699999999999591e+02
6.574700000000000273e+02
7.173700000000000045e+02
8.010500000000000682e+02
8.072400000000000091e+02
8.174099999999999682e+02
8.410700000000000500e+02
9.651200000000000045e+02
9.830700000000000500e+02
6.009999999999999787e+00
5.634000000000000341e+01
1.518400000000000034e+02
2.059099999999999966e+02
2.360500000000000114e+02
2.517600000000000193e+02
3.136100000000000136e+02
4.056899999999999977e+02
4.816500000000000341e+02
5.037599999999999909e+02
5.233899999999999864e+02
5.516200000000000045e+02
6.356900000000000546e+02
6.574700000000000273e+02
7.173799999999999955e+02
8.010500000000000682e+02
8.072599999999999909e+02
8.174500000000000455e+02
8.410700000000000500e+02
9.651299999999999955e+02
9.830800000000000409e+02
