2.189000000000000057e+01
4.178999999999999915e+01
7.484000000000000341e+01
9.557999999999999829e+01
1.158299999999999983e+02
1.855200000000000102e+02
2.047199999999999989e+02
2.266899999999999977e+02
2.345800000000000125e+02
2.527000000000000171e+02
2.617200000000000273e+02
2.706899999999999977e+02
2.746100000000000136e+02
2.997200000000000273e+02
3.165799999999999841e+02
3.923199999999999932e+02
4.225400000000000205e+02
4.334100000000000250e+02
5.663600000000000136e+02
6.241900000000000546e+02
6.302799999999999727e+02
6.473100000000000591e+02
7.383400000000000318e+02
8.440399999999999636e+02
8.871399999999999864e+02
9.878300000000000409e+02
9.939800000000000182e+02
