9.362999999999999545e+01
1.069099999999999966e+02
1.510999999999999943e+02
1.887599999999999909e+02
1.982100000000000080e+02
2.431100000000000136e+02
2.730199999999999818e+02
3.339100000000000250e+02
3.407699999999999818e+02
3.519900000000000091e+02
3.600300000000000296e+02
4.286299999999999955e+02
4.295199999999999818e+02
4.689700000000000273e+02
5.438700000000000045e+02
5.956000000000000227e+02
6.118700000000000045e+02
6.220299999999999727e+02
6.386499999999999773e+02
6.892000000000000455e+02
7.118799999999999955e+02
7.186399999999999864e+02
7.339800000000000182e+02
7.447400000000000091e+02
7.557000000000000455e+02
9.363700000000000045e+02
9.414400000000000546e+02
