2.560000000000000053e+00
2.750000000000000000e+00
3.010000000000000231e+00
1.083999999999999986e+01
1.133000000000000007e+01
1.910000000000000142e+01
1.944000000000000128e+01
2.273000000000000043e+01
2.362000000000000099e+01
2.715000000000000213e+01
2.769999999999999929e+01
3.150000000000000000e+01
3.474000000000000199e+01
3.517000000000000171e+01
3.939999999999999858e+01
4.307000000000000028e+01
4.339999999999999858e+01
4.667999999999999972e+01
5.049000000000000199e+01
5.164000000000000057e+01
5.446999999999999886e+01
5.517999999999999972e+01
5.582000000000000028e+01
5.874000000000000199e+01
5.899000000000000199e+01
6.317000000000000171e+01
6.323000000000000398e+01
6.682999999999999829e+01
6.709000000000000341e+01
7.082000000000000739e+01
7.484000000000000341e+01
7.876000000000000512e+01
8.265000000000000568e+01
8.354000000000000625e+01
8.665000000000000568e+01
9.082000000000000739e+01
9.104999999999999716e+01
9.146999999999999886e+01
9.450000000000000000e+01
9.864000000000000057e+01
9.874000000000000909e+01
1.027199999999999989e+02
1.030199999999999960e+02
1.068400000000000034e+02
1.105499999999999972e+02
1.146299999999999955e+02
1.151700000000000017e+02
1.186000000000000085e+02
1.229399999999999977e+02
1.229800000000000040e+02
1.267300000000000040e+02
1.270900000000000034e+02
1.320200000000000102e+02
1.348300000000000125e+02
1.348700000000000045e+02
1.389099999999999966e+02
1.392000000000000171e+02
1.433499999999999943e+02
1.468799999999999955e+02
1.468799999999999955e+02
1.506700000000000159e+02
1.507500000000000000e+02
1.549699999999999989e+02
1.627500000000000000e+02
1.666299999999999955e+02
1.671899999999999977e+02
1.709399999999999977e+02
1.710900000000000034e+02
1.747199999999999989e+02
1.748199999999999932e+02
1.757000000000000171e+02
1.787899999999999920e+02
1.789799999999999898e+02
1.825999999999999943e+02
1.830999999999999943e+02
1.865699999999999932e+02
1.908400000000000034e+02
1.943799999999999955e+02
1.955300000000000011e+02
1.985999999999999943e+02
1.986899999999999977e+02
2.026100000000000136e+02
2.030200000000000102e+02
2.064500000000000171e+02
2.073600000000000136e+02
2.106100000000000136e+02
2.107300000000000182e+02
2.147500000000000000e+02
2.232400000000000091e+02
2.267599999999999909e+02
2.305300000000000011e+02
2.313300000000000125e+02
2.346400000000000148e+02
2.349000000000000057e+02
2.387599999999999909e+02
2.424200000000000159e+02
2.429500000000000171e+02
2.467500000000000000e+02
2.474699999999999989e+02
2.508400000000000034e+02
2.508400000000000034e+02
2.510800000000000125e+02
2.550300000000000011e+02
2.554000000000000057e+02
2.584800000000000182e+02
2.626600000000000250e+02
2.630799999999999841e+02
2.666600000000000250e+02
2.671399999999999864e+02
2.710000000000000000e+02
2.749000000000000341e+02
2.755199999999999818e+02
2.785000000000000000e+02
2.824499999999999886e+02
2.826600000000000250e+02
2.828500000000000227e+02
2.860799999999999841e+02
2.867400000000000091e+02
2.952099999999999795e+02
2.985900000000000318e+02
2.992300000000000182e+02
3.025799999999999841e+02
3.028100000000000023e+02
3.066500000000000341e+02
3.073100000000000023e+02
3.101700000000000159e+02
3.102400000000000091e+02
3.104499999999999886e+02
3.143799999999999955e+02
3.183799999999999955e+02
3.188799999999999955e+02
3.227800000000000296e+02
3.265600000000000023e+02
3.267500000000000000e+02
3.344100000000000250e+02
3.353000000000000114e+02
3.385500000000000114e+02
3.390300000000000296e+02
3.395099999999999909e+02
3.423500000000000227e+02
3.430099999999999909e+02
3.462200000000000273e+02
3.462599999999999909e+02
3.468100000000000023e+02
3.504300000000000068e+02
3.505799999999999841e+02
3.547300000000000182e+02
3.549399999999999977e+02
3.589800000000000182e+02
3.593799999999999955e+02
3.629599999999999795e+02
3.662599999999999909e+02
3.662800000000000296e+02
3.702599999999999909e+02
3.744200000000000159e+02
3.746000000000000227e+02
3.785600000000000023e+02
3.789100000000000250e+02
3.823299999999999841e+02
3.829000000000000341e+02
3.867599999999999909e+02
3.874200000000000159e+02
3.899800000000000182e+02
3.942599999999999909e+02
3.951200000000000045e+02
3.987300000000000182e+02
4.024300000000000068e+02
4.031200000000000045e+02
4.060000000000000000e+02
4.064700000000000273e+02
4.104600000000000364e+02
4.104700000000000273e+02
4.106200000000000045e+02
4.143700000000000045e+02
4.182200000000000273e+02
4.193600000000000136e+02
4.220500000000000114e+02
4.227699999999999818e+02
4.261299999999999955e+02
4.270500000000000114e+02
4.305400000000000205e+02
4.341600000000000250e+02
4.388700000000000045e+02
4.423400000000000318e+02
4.429800000000000182e+02
4.461800000000000068e+02
4.469499999999999886e+02
4.503299999999999841e+02
4.540900000000000318e+02
4.546299999999999955e+02
4.586800000000000068e+02
4.587400000000000091e+02
4.624300000000000068e+02
4.625600000000000023e+02
4.673000000000000114e+02
4.705400000000000205e+02
4.742900000000000205e+02
4.749700000000000273e+02
4.816999999999999886e+02
4.820799999999999841e+02
4.824499999999999886e+02
4.866899999999999977e+02
4.867400000000000091e+02
4.902400000000000091e+02
4.942100000000000364e+02
4.944399999999999977e+02
4.979700000000000273e+02
4.990200000000000387e+02
5.024000000000000341e+02
5.058100000000000023e+02
5.104600000000000364e+02
5.141000000000000227e+02
5.179099999999999682e+02
5.221399999999999864e+02
5.226900000000000546e+02
5.258899999999999864e+02
5.301200000000000045e+02
5.342699999999999818e+02
5.343700000000000045e+02
5.378400000000000318e+02
5.417899999999999636e+02
5.422300000000000182e+02
5.460499999999999545e+02
5.462200000000000273e+02
5.506200000000000045e+02
5.508600000000000136e+02
5.620700000000000500e+02
5.624300000000000637e+02
5.662899999999999636e+02
5.664099999999999682e+02
5.697500000000000000e+02
5.703000000000000682e+02
5.705500000000000682e+02
5.743300000000000409e+02
5.784600000000000364e+02
5.786599999999999682e+02
5.825600000000000591e+02
5.827599999999999909e+02
5.868799999999999955e+02
5.900000000000000000e+02
5.901200000000000045e+02
5.903799999999999955e+02
5.938000000000000682e+02
5.944900000000000091e+02
5.982699999999999818e+02
6.059800000000000182e+02
6.060399999999999636e+02
6.099900000000000091e+02
6.106800000000000637e+02
6.142200000000000273e+02
6.143899999999999864e+02
6.223600000000000136e+02
6.262100000000000364e+02
6.262699999999999818e+02
6.297500000000000000e+02
6.338500000000000227e+02
6.378799999999999955e+02
6.389600000000000364e+02
6.426000000000000227e+02
6.463400000000000318e+02
6.463400000000000318e+02
6.500099999999999909e+02
6.502400000000000091e+02
6.541499999999999773e+02
6.581699999999999591e+02
6.585199999999999818e+02
6.622699999999999818e+02
6.627899999999999636e+02
6.667200000000000273e+02
6.700800000000000409e+02
6.703700000000000045e+02
6.745900000000000318e+02
6.781299999999999955e+02
6.784800000000000182e+02
6.819800000000000182e+02
6.821000000000000227e+02
6.860099999999999909e+02
6.864500000000000455e+02
6.907899999999999636e+02
6.939500000000000455e+02
6.945900000000000318e+02
6.990900000000000318e+02
7.019800000000000182e+02
7.022000000000000455e+02
7.062599999999999909e+02
7.099900000000000091e+02
7.099900000000000091e+02
7.138100000000000591e+02
7.219300000000000637e+02
7.221599999999999682e+02
7.262200000000000273e+02
7.262599999999999909e+02
7.300099999999999909e+02
7.304300000000000637e+02
7.308600000000000136e+02
7.341399999999999864e+02
7.346100000000000136e+02
7.383400000000000318e+02
7.385900000000000318e+02
7.416699999999999591e+02
7.457699999999999818e+02
7.458300000000000409e+02
7.498300000000000409e+02
7.504800000000000182e+02
7.538000000000000682e+02
7.539300000000000637e+02
7.617599999999999909e+02
7.659400000000000546e+02
7.660199999999999818e+02
7.698799999999999955e+02
7.701100000000000136e+02
7.745500000000000682e+02
7.780099999999999909e+02
7.815600000000000591e+02
7.818300000000000409e+02
7.860399999999999636e+02
7.864300000000000637e+02
7.899400000000000546e+02
7.939099999999999682e+02
7.947699999999999818e+02
7.978899999999999864e+02
8.017599999999999909e+02
8.021100000000000136e+02
8.109800000000000182e+02
8.141599999999999682e+02
8.142599999999999909e+02
8.218200000000000500e+02
8.222599999999999909e+02
8.262500000000000000e+02
8.299200000000000728e+02
8.302899999999999636e+02
8.345299999999999727e+02
8.376499999999999773e+02
8.378100000000000591e+02
8.419200000000000728e+02
8.460299999999999727e+02
8.462899999999999636e+02
8.499300000000000637e+02
8.501900000000000546e+02
8.535900000000000318e+02
8.624400000000000546e+02
8.697599999999999909e+02
8.698400000000000318e+02
8.737400000000000091e+02
8.738999999999999773e+02
8.779600000000000364e+02
8.817699999999999818e+02
8.820900000000000318e+02
8.821599999999999682e+02
8.860000000000000000e+02
8.860800000000000409e+02
8.898400000000000318e+02
8.937799999999999727e+02
8.938799999999999955e+02
8.980000000000000000e+02
8.985600000000000591e+02
9.017300000000000182e+02
9.019099999999999682e+02
9.057400000000000091e+02
9.060500000000000682e+02
9.097699999999999818e+02
9.098100000000000591e+02
9.138700000000000045e+02
9.143500000000000227e+02
9.177400000000000091e+02
9.183400000000000318e+02
9.217899999999999636e+02
9.253500000000000227e+02
9.257799999999999727e+02
9.296900000000000546e+02
9.336700000000000728e+02
9.340099999999999909e+02
9.380800000000000409e+02
9.419300000000000637e+02
9.419700000000000273e+02
9.455600000000000591e+02
9.498100000000000591e+02
9.501700000000000728e+02
9.502100000000000364e+02
9.534500000000000455e+02
9.537899999999999636e+02
9.575099999999999909e+02
9.576599999999999682e+02
9.579800000000000182e+02
9.617400000000000091e+02
9.626599999999999682e+02
9.660099999999999909e+02
9.699900000000000091e+02
9.702899999999999636e+02
9.739500000000000455e+02
9.741599999999999682e+02
9.777899999999999636e+02
9.816499999999999773e+02
9.824400000000000546e+02
9.856100000000000136e+02
9.895600000000000591e+02
9.977300000000000182e+02
9.977599999999999909e+02
