6.030000000000000249e+00
2.410999999999999943e+01
4.964999999999999858e+01
5.189999999999999858e+01
7.217000000000000171e+01
7.614000000000000057e+01
8.812999999999999545e+01
9.023999999999999488e+01
1.001500000000000057e+02
1.099600000000000080e+02
1.141000000000000085e+02
1.180900000000000034e+02
1.240900000000000034e+02
1.381200000000000045e+02
1.461500000000000057e+02
1.520900000000000034e+02
1.618700000000000045e+02
1.740300000000000011e+02
1.818900000000000148e+02
1.879900000000000091e+02
1.997400000000000091e+02
2.060200000000000102e+02
2.098700000000000045e+02
2.162199999999999989e+02
2.538799999999999955e+02
2.599700000000000273e+02
2.718199999999999932e+02
2.801600000000000250e+02
3.016600000000000250e+02
3.136500000000000341e+02
3.457599999999999909e+02
3.698799999999999955e+02
3.777400000000000091e+02
3.939700000000000273e+02
4.076700000000000159e+02
4.157400000000000091e+02
4.238500000000000227e+02
4.579000000000000341e+02
4.656299999999999955e+02
4.816700000000000159e+02
4.859399999999999977e+02
4.936200000000000045e+02
5.072800000000000296e+02
5.156800000000000637e+02
5.177599999999999909e+02
5.274500000000000455e+02
5.437599999999999909e+02
5.557500000000000000e+02
5.917100000000000364e+02
5.958000000000000682e+02
6.015099999999999909e+02
6.072899999999999636e+02
6.253200000000000500e+02
6.273999999999999773e+02
6.456200000000000045e+02
6.477200000000000273e+02
6.795700000000000500e+02
6.853700000000000045e+02
7.011599999999999682e+02
7.174900000000000091e+02
7.294400000000000546e+02
7.413400000000000318e+02
7.434199999999999591e+02
7.473899999999999864e+02
7.632500000000000000e+02
7.731800000000000637e+02
7.752799999999999727e+02
8.010700000000000500e+02
8.033200000000000500e+02
8.173999999999999773e+02
8.332200000000000273e+02
8.412200000000000273e+02
8.812200000000000273e+02
8.952799999999999727e+02
9.113500000000000227e+02
9.251399999999999864e+02
9.291299999999999955e+02
9.352300000000000182e+02
9.512400000000000091e+02
9.592200000000000273e+02
9.651200000000000045e+02
9.731700000000000728e+02
9.868600000000000136e+02
9.912500000000000000e+02
