1.565399999999999920e+02
4.638100000000000023e+02
9.170700000000000500e+02
6.114999999999999858e+01
1.565399999999999920e+02
4.503600000000000136e+02
4.638000000000000114e+02
5.312799999999999727e+02
6.222000000000000455e+02
9.170700000000000500e+02
1.565399999999999920e+02
4.503700000000000045e+02
4.638000000000000114e+02
5.313300000000000409e+02
6.222000000000000455e+02
9.170700000000000500e+02
1.565399999999999920e+02
4.503799999999999955e+02
4.638000000000000114e+02
6.222100000000000364e+02
9.170700000000000500e+02
1.565399999999999920e+02
4.503899999999999864e+02
4.638000000000000114e+02
6.222200000000000273e+02
9.170700000000000500e+02
1.565399999999999920e+02
4.504100000000000250e+02
4.638000000000000114e+02
6.222300000000000182e+02
9.170700000000000500e+02
1.565399999999999920e+02
4.504399999999999977e+02
4.638100000000000023e+02
9.170700000000000500e+02
1.565399999999999920e+02
4.638100000000000023e+02
9.170700000000000500e+02
1.565399999999999920e+02
4.638100000000000023e+02
9.170700000000000500e+02
1.565399999999999920e+02
4.638100000000000023e+02
9.170700000000000500e+02
