5.389999999999999680e+00
8.330000000000000071e+00
2.564000000000000057e+01
2.775000000000000000e+01
4.567000000000000171e+01
4.775999999999999801e+01
6.448999999999999488e+01
6.664000000000000057e+01
6.914000000000000057e+01
8.648999999999999488e+01
8.875000000000000000e+01
1.054300000000000068e+02
1.075400000000000063e+02
1.102100000000000080e+02
1.251099999999999994e+02
1.278299999999999983e+02
1.451500000000000057e+02
1.472800000000000011e+02
1.661299999999999955e+02
1.685200000000000102e+02
1.831800000000000068e+02
1.854900000000000091e+02
2.045900000000000034e+02
2.067500000000000000e+02
2.098100000000000023e+02
2.270699999999999932e+02
2.297199999999999989e+02
2.450800000000000125e+02
2.480900000000000034e+02
2.503700000000000045e+02
2.647800000000000296e+02
2.669399999999999977e+02
2.854399999999999977e+02
2.887500000000000000e+02
3.072699999999999818e+02
3.241299999999999955e+02
3.272099999999999795e+02
3.442099999999999795e+02
3.464000000000000341e+02
3.646500000000000341e+02
3.668899999999999864e+02
3.843700000000000045e+02
3.883799999999999955e+02
4.037500000000000000e+02
4.059000000000000341e+02
4.259499999999999886e+02
4.454499999999999886e+02
4.476299999999999955e+02
4.641899999999999977e+02
4.665900000000000318e+02
4.832100000000000364e+02
4.863500000000000227e+02
5.056399999999999864e+02
5.088100000000000023e+02
5.254500000000000455e+02
5.275800000000000409e+02
5.429199999999999591e+02
5.453999999999999773e+02
5.477300000000000182e+02
5.641699999999999591e+02
5.667599999999999909e+02
5.857500000000000000e+02
5.878899999999999864e+02
6.031399999999999864e+02
6.052599999999999909e+02
6.073300000000000409e+02
6.237400000000000091e+02
6.258500000000000227e+02
6.288400000000000318e+02
6.434400000000000546e+02
6.455500000000000682e+02
6.490399999999999636e+02
6.642699999999999818e+02
6.682699999999999818e+02
6.837300000000000182e+02
6.885500000000000682e+02
7.033200000000000500e+02
7.061100000000000136e+02
7.085500000000000682e+02
7.241699999999999591e+02
7.270199999999999818e+02
7.298500000000000227e+02
7.457899999999999636e+02
7.629900000000000091e+02
7.651900000000000546e+02
7.676100000000000136e+02
7.850900000000000318e+02
7.876800000000000637e+02
8.041399999999999864e+02
8.076499999999999773e+02
8.237899999999999636e+02
8.258799999999999955e+02
8.430800000000000409e+02
8.460099999999999909e+02
8.645000000000000000e+02
8.666399999999999864e+02
8.843899999999999864e+02
8.868700000000000045e+02
9.035900000000000318e+02
9.057100000000000364e+02
9.091599999999999682e+02
9.229200000000000728e+02
9.257599999999999909e+02
9.427300000000000182e+02
9.452400000000000091e+02
9.491499999999999773e+02
9.631000000000000227e+02
9.652799999999999727e+02
9.673500000000000227e+02
9.831200000000000045e+02
9.852900000000000773e+02
9.875199999999999818e+02
