3.169999999999999929e+00
7.419999999999999929e+00
7.540000000000000036e+00
1.555000000000000071e+01
1.890000000000000213e+01
3.550000000000000000e+01
4.300999999999999801e+01
4.352000000000000313e+01
5.528999999999999915e+01
5.939999999999999858e+01
7.523999999999999488e+01
7.923999999999999488e+01
8.735000000000000853e+01
9.121000000000000796e+01
9.485999999999999943e+01
9.506000000000000227e+01
1.032999999999999972e+02
1.075499999999999972e+02
1.110799999999999983e+02
1.192999999999999972e+02
1.194900000000000091e+02
1.236700000000000017e+02
1.274000000000000057e+02
1.314000000000000057e+02
1.348700000000000045e+02
1.390099999999999909e+02
1.393000000000000114e+02
1.473900000000000148e+02
1.548600000000000136e+02
1.633900000000000148e+02
1.671200000000000045e+02
1.672899999999999920e+02
1.677500000000000000e+02
1.713400000000000034e+02
1.790900000000000034e+02
1.830399999999999920e+02
1.876200000000000045e+02
1.913000000000000114e+02
1.950099999999999909e+02
1.994300000000000068e+02
2.074099999999999966e+02
2.115999999999999943e+02
2.152800000000000011e+02
2.269300000000000068e+02
2.430300000000000011e+02
2.475500000000000114e+02
2.515600000000000023e+02
2.631899999999999977e+02
2.671499999999999773e+02
2.709300000000000068e+02
2.952599999999999909e+02
2.988400000000000318e+02
2.990600000000000023e+02
3.027500000000000000e+02
3.071999999999999886e+02
3.114200000000000159e+02
3.191100000000000136e+02
3.273500000000000227e+02
3.429599999999999795e+02
3.465699999999999932e+02
3.468899999999999864e+02
3.592200000000000273e+02
3.671399999999999864e+02
3.709599999999999795e+02
3.750099999999999909e+02
3.831200000000000045e+02
3.867400000000000091e+02
3.945099999999999909e+02
3.949300000000000068e+02
3.993600000000000136e+02
4.109800000000000182e+02
4.145300000000000296e+02
4.232800000000000296e+02
4.272300000000000182e+02
4.304700000000000273e+02
4.428899999999999864e+02
4.470400000000000205e+02
4.548400000000000318e+02
4.548500000000000227e+02
4.586899999999999977e+02
4.742900000000000205e+02
4.829399999999999977e+02
4.868500000000000227e+02
4.907699999999999818e+02
4.945600000000000023e+02
5.029800000000000182e+02
5.031000000000000227e+02
5.388500000000000227e+02
5.426699999999999591e+02
5.589400000000000546e+02
5.629500000000000455e+02
5.668999999999999773e+02
5.707000000000000455e+02
5.708600000000000136e+02
5.905600000000000591e+02
6.108600000000000136e+02
6.146000000000000227e+02
6.190500000000000682e+02
6.225800000000000409e+02
6.263200000000000500e+02
6.264800000000000182e+02
6.309099999999999682e+02
6.347300000000000182e+02
6.384800000000000182e+02
6.509800000000000182e+02
6.543200000000000500e+02
6.547500000000000000e+02
6.585399999999999636e+02
6.703600000000000136e+02
6.704700000000000273e+02
6.743500000000000227e+02
6.826900000000000546e+02
6.871800000000000637e+02
6.908799999999999955e+02
7.143500000000000227e+02
7.269700000000000273e+02
7.301299999999999955e+02
7.304099999999999682e+02
7.349600000000000364e+02
7.386100000000000136e+02
7.423300000000000409e+02
7.501499999999999773e+02
7.541299999999999955e+02
7.588600000000000136e+02
7.627100000000000364e+02
7.701100000000000136e+02
7.746800000000000637e+02
7.820000000000000000e+02
7.825299999999999727e+02
7.942100000000000364e+02
8.026200000000000045e+02
8.264500000000000455e+02
8.299300000000000637e+02
8.342200000000000273e+02
8.467000000000000455e+02
8.543700000000000045e+02
8.581100000000000136e+02
8.703600000000000136e+02
8.787599999999999909e+02
8.820800000000000409e+02
8.905199999999999818e+02
8.939200000000000728e+02
9.061100000000000136e+02
9.103100000000000591e+02
9.184099999999999682e+02
9.222699999999999818e+02
9.300600000000000591e+02
9.340399999999999636e+02
9.375800000000000409e+02
9.381399999999999864e+02
9.423400000000000318e+02
9.464300000000000637e+02
9.465299999999999727e+02
9.821700000000000728e+02
9.825500000000000682e+02
9.859300000000000637e+02
9.861399999999999864e+02
9.901499999999999773e+02
9.940800000000000409e+02
9.942599999999999909e+02
9.981399999999999864e+02
