2.669999999999999929e+00
1.083000000000000007e+01
1.941000000000000014e+01
2.287000000000000099e+01
2.708000000000000185e+01
3.139000000000000057e+01
3.473000000000000398e+01
3.942000000000000171e+01
4.314000000000000057e+01
5.080000000000000426e+01
5.523000000000000398e+01
5.880000000000000426e+01
6.295000000000000284e+01
6.673999999999999488e+01
7.092000000000000171e+01
7.484000000000000341e+01
7.884000000000000341e+01
8.284000000000000341e+01
8.681000000000000227e+01
9.053000000000000114e+01
9.454000000000000625e+01
9.862999999999999545e+01
1.027900000000000063e+02
1.069500000000000028e+02
1.106400000000000006e+02
1.152199999999999989e+02
1.225600000000000023e+02
1.266800000000000068e+02
1.348499999999999943e+02
1.391400000000000148e+02
1.465399999999999920e+02
1.507199999999999989e+02
1.550500000000000114e+02
1.628199999999999932e+02
1.667400000000000091e+02
1.709600000000000080e+02
1.747899999999999920e+02
1.787800000000000011e+02
1.829500000000000171e+02
1.907599999999999909e+02
1.949099999999999966e+02
1.986400000000000148e+02
2.029099999999999966e+02
2.064000000000000057e+02
2.106700000000000159e+02
2.148199999999999932e+02
2.233700000000000045e+02
2.268300000000000125e+02
2.346700000000000159e+02
2.387599999999999909e+02
2.429200000000000159e+02
2.468199999999999932e+02
2.507800000000000011e+02
2.549099999999999966e+02
2.591600000000000250e+02
2.625900000000000318e+02
2.666800000000000068e+02
2.751399999999999864e+02
2.784499999999999886e+02
2.825699999999999932e+02
2.861899999999999977e+02
2.950500000000000114e+02
2.988899999999999864e+02
3.026399999999999864e+02
3.067099999999999795e+02
3.101999999999999886e+02
3.144200000000000159e+02
3.185300000000000296e+02
3.228199999999999932e+02
3.266000000000000227e+02
3.345099999999999909e+02
3.385799999999999841e+02
3.430600000000000023e+02
3.462400000000000091e+02
3.505500000000000114e+02
3.548100000000000023e+02
3.591200000000000045e+02
3.629300000000000068e+02
3.662800000000000296e+02
3.703100000000000023e+02
3.744900000000000091e+02
3.785799999999999841e+02
3.824600000000000364e+02
3.869000000000000341e+02
3.945500000000000114e+02
4.025300000000000296e+02
4.063199999999999932e+02
4.103700000000000045e+02
4.149100000000000250e+02
4.182900000000000205e+02
4.222500000000000000e+02
4.261600000000000250e+02
4.305699999999999932e+02
4.389200000000000159e+02
4.428400000000000318e+02
4.462400000000000091e+02
4.503700000000000045e+02
4.541399999999999864e+02
4.586299999999999955e+02
4.624600000000000364e+02
4.706000000000000227e+02
4.747400000000000091e+02
4.823500000000000227e+02
4.866399999999999864e+02
4.906299999999999955e+02
4.943000000000000114e+02
4.984700000000000273e+02
5.027500000000000000e+02
5.060400000000000205e+02
5.101000000000000227e+02
5.141000000000000227e+02
5.180000000000000000e+02
5.222000000000000455e+02
5.308999999999999773e+02
5.342400000000000091e+02
5.417699999999999818e+02
5.461000000000000227e+02
5.504500000000000455e+02
5.621200000000000045e+02
5.662200000000000273e+02
5.702100000000000364e+02
5.785800000000000409e+02
5.825700000000000500e+02
5.869199999999999591e+02
5.900199999999999818e+02
5.940099999999999909e+02
5.986399999999999864e+02
6.020700000000000500e+02
6.059700000000000273e+02
6.102000000000000455e+02
6.143700000000000045e+02
6.185000000000000000e+02
6.223899999999999864e+02
6.261399999999999864e+02
6.298899999999999864e+02
6.340199999999999818e+02
6.381900000000000546e+02
6.424700000000000273e+02
6.462799999999999727e+02
6.502400000000000091e+02
6.544099999999999682e+02
6.582000000000000455e+02
6.623799999999999955e+02
6.666699999999999591e+02
6.700800000000000409e+02
6.746200000000000045e+02
6.781100000000000136e+02
6.820600000000000591e+02
6.858799999999999955e+02
6.908100000000000591e+02
6.945000000000000000e+02
7.019900000000000091e+02
7.061299999999999955e+02
7.098799999999999955e+02
7.140399999999999636e+02
7.219500000000000455e+02
7.262200000000000273e+02
7.303300000000000409e+02
7.341200000000000045e+02
7.384099999999999682e+02
7.418100000000000591e+02
7.458200000000000500e+02
7.499400000000000546e+02
7.538899999999999864e+02
7.619099999999999682e+02
7.660000000000000000e+02
7.698200000000000500e+02
7.747000000000000455e+02
7.784300000000000637e+02
7.816700000000000728e+02
7.860600000000000591e+02
7.906800000000000637e+02
7.943100000000000591e+02
7.984400000000000546e+02
8.020600000000000591e+02
8.141599999999999682e+02
8.177100000000000364e+02
8.221900000000000546e+02
8.262500000000000000e+02
8.298100000000000591e+02
8.345199999999999818e+02
8.377300000000000182e+02
8.418600000000000136e+02
8.461200000000000045e+02
8.498999999999999773e+02
8.537699999999999818e+02
8.621399999999999864e+02
8.697899999999999636e+02
8.737400000000000091e+02
8.780800000000000409e+02
8.818799999999999955e+02
8.859500000000000455e+02
8.898899999999999864e+02
8.937500000000000000e+02
8.977699999999999818e+02
9.017699999999999818e+02
9.057400000000000091e+02
9.097000000000000455e+02
9.140000000000000000e+02
9.180600000000000591e+02
9.217599999999999909e+02
9.257000000000000455e+02
9.296700000000000728e+02
9.337000000000000455e+02
9.378700000000000045e+02
9.419500000000000455e+02
9.455800000000000409e+02
9.496499999999999773e+02
9.535800000000000409e+02
9.575299999999999727e+02
9.617000000000000455e+02
9.662100000000000364e+02
9.699500000000000455e+02
9.739800000000000182e+02
9.817400000000000091e+02
9.856399999999999864e+02
9.896499999999999773e+02
9.937900000000000773e+02
9.977200000000000273e+02
