1.482000000000000028e+01
2.521000000000000085e+01
3.566000000000000369e+01
4.382999999999999829e+01
5.425999999999999801e+01
7.425000000000000000e+01
8.485999999999999943e+01
9.387999999999999545e+01
1.044800000000000040e+02
1.239200000000000017e+02
1.345000000000000000e+02
1.456100000000000136e+02
1.548499999999999943e+02
1.740200000000000102e+02
1.843300000000000125e+02
1.952899999999999920e+02
2.045000000000000000e+02
2.143400000000000034e+02
2.248700000000000045e+02
2.341500000000000057e+02
2.439099999999999966e+02
2.546500000000000057e+02
2.647200000000000273e+02
2.955600000000000023e+02
3.040300000000000296e+02
3.260099999999999909e+02
3.438400000000000318e+02
3.545199999999999818e+02
3.641700000000000159e+02
3.837699999999999818e+02
3.943600000000000136e+02
4.041800000000000068e+02
4.138500000000000227e+02
4.241000000000000227e+02
4.333799999999999955e+02
4.538400000000000318e+02
4.641299999999999955e+02
4.746999999999999886e+02
4.833400000000000318e+02
4.947500000000000000e+02
5.032200000000000273e+02
5.149099999999999682e+02
5.232799999999999727e+02
5.330600000000000591e+02
5.553700000000000045e+02
5.739900000000000091e+02
5.836800000000000637e+02
6.039800000000000182e+02
6.136800000000000637e+02
6.230199999999999818e+02
6.339300000000000637e+02
6.435500000000000682e+02
6.539300000000000637e+02
6.750500000000000682e+02
6.841299999999999955e+02
6.930900000000000318e+02
7.136100000000000136e+02
7.238000000000000682e+02
7.333000000000000682e+02
7.535500000000000682e+02
7.634700000000000273e+02
7.731900000000000546e+02
7.831599999999999682e+02
7.935700000000000500e+02
8.038500000000000227e+02
8.240099999999999909e+02
8.334600000000000364e+02
8.451200000000000045e+02
8.628700000000000045e+02
8.731200000000000045e+02
8.822300000000000182e+02
8.933100000000000591e+02
9.037799999999999727e+02
9.137599999999999909e+02
9.326599999999999682e+02
9.539099999999999682e+02
9.633899999999999864e+02
9.830399999999999636e+02
9.931000000000000227e+02
