2.430000000000000160e+00
2.479999999999999982e+00
7.370000000000000107e+00
9.419999999999999929e+00
9.519999999999999574e+00
1.243999999999999950e+01
1.248000000000000043e+01
1.450999999999999979e+01
1.932000000000000028e+01
2.344000000000000128e+01
2.551999999999999957e+01
2.932000000000000028e+01
3.242999999999999972e+01
3.250000000000000000e+01
3.452000000000000313e+01
4.046000000000000085e+01
4.250999999999999801e+01
4.641000000000000369e+01
5.328999999999999915e+01
5.848000000000000398e+01
6.238000000000000256e+01
6.546999999999999886e+01
6.840999999999999659e+01
7.034000000000000341e+01
7.248000000000000398e+01
7.723000000000000398e+01
7.940999999999999659e+01
7.943000000000000682e+01
8.040000000000000568e+01
8.214000000000000057e+01
8.246000000000000796e+01
9.032999999999999829e+01
9.432999999999999829e+01
9.631000000000000227e+01
9.834000000000000341e+01
1.043299999999999983e+02
1.073299999999999983e+02
1.093500000000000085e+02
1.111400000000000006e+02
1.123599999999999994e+02
1.124699999999999989e+02
1.164000000000000057e+02
1.193700000000000045e+02
1.213500000000000085e+02
1.214900000000000091e+02
1.251899999999999977e+02
1.273100000000000023e+02
1.303199999999999932e+02
1.363499999999999943e+02
1.384300000000000068e+02
1.472199999999999989e+02
1.573400000000000034e+02
1.583000000000000114e+02
1.613100000000000023e+02
1.691200000000000045e+02
1.692299999999999898e+02
1.741400000000000148e+02
1.783499999999999943e+02
1.793400000000000034e+02
1.800999999999999943e+02
1.863100000000000023e+02
1.913300000000000125e+02
1.941599999999999966e+02
1.952800000000000011e+02
1.990900000000000034e+02
2.011400000000000148e+02
2.023499999999999943e+02
2.043799999999999955e+02
2.092199999999999989e+02
2.121899999999999977e+02
2.183799999999999955e+02
2.212500000000000000e+02
2.232199999999999989e+02
2.240800000000000125e+02
2.241899999999999977e+02
2.293100000000000023e+02
2.322100000000000080e+02
2.331200000000000045e+02
2.373100000000000023e+02
2.432199999999999989e+02
2.471700000000000159e+02
2.522100000000000080e+02
2.523199999999999932e+02
2.560900000000000318e+02
2.581000000000000227e+02
2.812300000000000182e+02
2.962900000000000205e+02
3.002500000000000000e+02
3.021700000000000159e+02
3.051500000000000341e+02
3.100099999999999909e+02
3.192500000000000000e+02
3.221899999999999977e+02
3.231999999999999886e+02
3.252099999999999795e+02
3.252699999999999818e+02
3.320199999999999818e+02
3.330900000000000318e+02
3.381899999999999977e+02
3.490699999999999932e+02
3.569499999999999886e+02
3.590699999999999932e+02
3.590900000000000318e+02
3.631399999999999864e+02
3.680300000000000296e+02
3.691000000000000227e+02
3.720099999999999909e+02
3.780900000000000318e+02
3.811399999999999864e+02
3.832100000000000364e+02
3.841700000000000159e+02
3.871000000000000227e+02
3.900900000000000318e+02
3.970900000000000318e+02
3.989700000000000273e+02
4.010199999999999818e+02
4.010199999999999818e+02
4.031500000000000341e+02
4.049300000000000068e+02
4.110900000000000318e+02
4.121200000000000045e+02
4.141200000000000045e+02
4.259499999999999886e+02
4.290900000000000318e+02
4.310000000000000000e+02
4.311399999999999864e+02
4.319800000000000182e+02
4.380799999999999841e+02
4.400099999999999909e+02
4.471000000000000227e+02
4.539900000000000091e+02
4.540699999999999932e+02
4.561000000000000227e+02
4.581500000000000341e+02
4.602200000000000273e+02
4.608199999999999932e+02
4.623000000000000114e+02
4.630699999999999932e+02
4.659600000000000364e+02
4.680199999999999818e+02
4.719300000000000068e+02
4.791399999999999864e+02
4.830500000000000114e+02
4.830799999999999841e+02
4.858600000000000136e+02
4.930500000000000114e+02
4.960200000000000387e+02
4.981000000000000227e+02
5.001700000000000159e+02
5.080099999999999909e+02
5.129700000000000273e+02
5.278999999999999773e+02
5.299500000000000455e+02
5.357799999999999727e+02
5.379900000000000091e+02
5.438799999999999955e+02
5.449300000000000637e+02
5.578899999999999864e+02
5.581000000000000227e+02
5.599400000000000546e+02
5.629099999999999682e+02
5.649600000000000364e+02
5.747899999999999636e+02
5.768400000000000318e+02
5.809400000000000546e+02
5.890600000000000591e+02
5.911299999999999955e+02
5.928600000000000136e+02
5.949400000000000546e+02
5.968799999999999955e+02
5.969700000000000273e+02
6.058600000000000136e+02
6.079600000000000364e+02
6.128300000000000409e+02
6.147899999999999636e+02
6.198899999999999864e+02
6.228200000000000500e+02
6.238100000000000591e+02
6.269500000000000455e+02
6.307400000000000091e+02
6.308100000000000591e+02
6.347500000000000000e+02
6.408000000000000682e+02
6.438400000000000318e+02
6.439300000000000637e+02
6.488700000000000045e+02
6.548400000000000318e+02
6.569099999999999682e+02
6.627699999999999818e+02
6.689099999999999682e+02
6.769900000000000091e+02
6.797300000000000182e+02
6.819400000000000546e+02
6.827799999999999727e+02
6.898100000000000591e+02
6.928600000000000136e+02
6.967599999999999909e+02
6.989099999999999682e+02
7.018500000000000227e+02
7.056000000000000227e+02
7.087200000000000273e+02
7.099099999999999682e+02
7.158700000000000045e+02
7.167799999999999727e+02
7.176599999999999682e+02
7.218500000000000227e+02
7.258500000000000227e+02
7.266800000000000637e+02
7.316599999999999682e+02
7.326699999999999591e+02
7.366900000000000546e+02
7.398600000000000136e+02
7.419099999999999682e+02
7.448100000000000591e+02
7.448899999999999864e+02
7.477899999999999636e+02
7.536900000000000546e+02
7.546000000000000227e+02
7.587300000000000182e+02
7.616200000000000045e+02
7.617000000000000455e+02
7.637000000000000455e+02
7.667500000000000000e+02
7.677400000000000091e+02
7.727400000000000091e+02
7.728999999999999773e+02
7.749200000000000728e+02
7.757000000000000455e+02
7.817100000000000364e+02
7.867400000000000091e+02
7.887699999999999818e+02
7.947500000000000000e+02
7.986900000000000546e+02
8.007300000000000182e+02
8.068500000000000227e+02
8.128200000000000500e+02
8.157699999999999818e+02
8.178100000000000591e+02
8.178300000000000409e+02
8.188400000000000318e+02
8.207000000000000455e+02
8.218000000000000682e+02
8.227200000000000273e+02
8.406900000000000546e+02
8.417100000000000364e+02
8.476299999999999955e+02
8.540000000000000000e+02
8.575600000000000591e+02
8.586900000000000546e+02
8.596100000000000136e+02
8.615500000000000682e+02
8.616900000000000546e+02
8.638000000000000682e+02
8.736100000000000136e+02
8.886700000000000728e+02
8.935600000000000591e+02
8.936000000000000227e+02
8.976399999999999864e+02
9.027000000000000455e+02
9.037300000000000182e+02
9.047200000000000273e+02
9.065700000000000500e+02
9.077899999999999636e+02
9.106499999999999773e+02
9.144400000000000546e+02
9.177300000000000182e+02
9.205000000000000000e+02
9.216200000000000045e+02
9.287100000000000364e+02
9.353899999999999864e+02
9.365600000000000591e+02
9.366200000000000045e+02
9.397599999999999909e+02
9.446000000000000227e+02
9.466700000000000728e+02
9.516299999999999955e+02
9.567000000000000455e+02
9.595900000000000318e+02
9.596000000000000227e+02
9.616499999999999773e+02
9.666200000000000045e+02
9.685000000000000000e+02
9.725199999999999818e+02
9.755900000000000318e+02
9.815800000000000409e+02
9.836100000000000136e+02
9.865099999999999909e+02
9.906100000000000136e+02
9.936200000000000045e+02
