1.991000000000000014e+01
4.443999999999999773e+01
5.491000000000000369e+01
6.732999999999999829e+01
8.114000000000000057e+01
8.660999999999999943e+01
9.887000000000000455e+01
1.051200000000000045e+02
1.073400000000000034e+02
1.099200000000000017e+02
1.139099999999999966e+02
1.182900000000000063e+02
1.285600000000000023e+02
1.327199999999999989e+02
1.360699999999999932e+02
1.507199999999999989e+02
1.790999999999999943e+02
1.860900000000000034e+02
1.970000000000000000e+02
2.118600000000000136e+02
2.140800000000000125e+02
2.165300000000000011e+02
2.192199999999999989e+02
2.248600000000000136e+02
2.351400000000000148e+02
2.461299999999999955e+02
2.484399999999999977e+02
2.708500000000000227e+02
2.782500000000000000e+02
2.816700000000000159e+02
2.853799999999999955e+02
2.892500000000000000e+02
2.924200000000000159e+02
3.190699999999999932e+02
3.297500000000000000e+02
3.564599999999999795e+02
3.680900000000000318e+02
3.726500000000000341e+02
3.954000000000000341e+02
4.273799999999999955e+02
4.332100000000000364e+02
4.446000000000000227e+02
4.607599999999999909e+02
4.718600000000000136e+02
4.835099999999999909e+02
4.960300000000000296e+02
5.010300000000000296e+02
5.606900000000000546e+02
5.658400000000000318e+02
5.711699999999999591e+02
5.903000000000000682e+02
6.154099999999999682e+02
6.332699999999999818e+02
6.395500000000000682e+02
6.872799999999999727e+02
6.927500000000000000e+02
7.145900000000000318e+02
7.238500000000000227e+02
7.327400000000000091e+02
7.531299999999999955e+02
7.576000000000000227e+02
7.651399999999999864e+02
7.752100000000000364e+02
7.893300000000000409e+02
8.027300000000000182e+02
8.092799999999999727e+02
8.203799999999999955e+02
8.299300000000000637e+02
8.429600000000000364e+02
8.548799999999999955e+02
8.841700000000000728e+02
8.947000000000000455e+02
9.006700000000000728e+02
9.044200000000000728e+02
9.073200000000000500e+02
9.239900000000000091e+02
9.296499999999999773e+02
9.367300000000000182e+02
9.612599999999999909e+02
9.858200000000000500e+02
