3.740000000000000213e+00
4.530000000000000249e+00
4.790000000000000036e+00
5.940000000000000391e+00
8.140000000000000568e+00
8.480000000000000426e+00
2.540000000000000213e+01
2.566000000000000014e+01
2.769000000000000128e+01
2.867999999999999972e+01
3.073000000000000043e+01
4.520000000000000284e+01
4.641000000000000369e+01
4.671999999999999886e+01
4.723000000000000398e+01
4.905000000000000426e+01
4.925000000000000000e+01
6.409999999999999432e+01
6.601000000000000512e+01
6.635999999999999943e+01
6.807000000000000739e+01
6.842000000000000171e+01
6.914000000000000057e+01
8.556000000000000227e+01
8.640999999999999659e+01
8.771000000000000796e+01
8.873000000000000398e+01
8.890000000000000568e+01
1.030600000000000023e+02
1.052900000000000063e+02
1.053599999999999994e+02
1.070199999999999960e+02
1.074500000000000028e+02
1.075000000000000000e+02
1.093900000000000006e+02
1.100499999999999972e+02
1.102000000000000028e+02
1.249300000000000068e+02
1.258900000000000006e+02
1.267800000000000011e+02
1.270700000000000074e+02
1.279099999999999966e+02
1.290800000000000125e+02
1.439300000000000068e+02
1.445099999999999909e+02
1.450300000000000011e+02
1.459600000000000080e+02
1.465399999999999920e+02
1.471200000000000045e+02
1.498400000000000034e+02
1.636299999999999955e+02
1.647400000000000091e+02
1.665999999999999943e+02
1.667899999999999920e+02
1.688199999999999932e+02
1.705399999999999920e+02
1.829699999999999989e+02
1.834200000000000159e+02
1.839200000000000159e+02
1.852700000000000102e+02
1.856400000000000148e+02
1.859500000000000171e+02
1.889600000000000080e+02
1.900200000000000102e+02
2.042500000000000000e+02
2.061500000000000057e+02
2.065900000000000034e+02
2.074200000000000159e+02
2.083300000000000125e+02
2.103799999999999955e+02
2.105699999999999932e+02
2.234000000000000057e+02
2.255600000000000023e+02
2.271100000000000136e+02
2.276100000000000136e+02
2.289399999999999977e+02
2.430099999999999909e+02
2.450300000000000011e+02
2.451200000000000045e+02
2.458499999999999943e+02
2.480999999999999943e+02
2.481400000000000148e+02
2.501899999999999977e+02
2.505699999999999932e+02
2.635900000000000318e+02
2.648500000000000227e+02
2.656499999999999773e+02
2.663299999999999841e+02
2.671000000000000227e+02
2.686100000000000136e+02
2.695600000000000023e+02
2.845199999999999818e+02
2.854100000000000250e+02
2.854499999999999886e+02
2.866000000000000227e+02
2.882900000000000205e+02
2.891399999999999864e+02
3.053400000000000318e+02
3.063100000000000023e+02
3.074499999999999886e+02
3.083000000000000114e+02
3.083299999999999841e+02
3.230000000000000000e+02
3.242200000000000273e+02
3.250500000000000114e+02
3.251299999999999955e+02
3.271600000000000250e+02
3.290900000000000318e+02
3.439900000000000091e+02
3.460900000000000318e+02
3.463700000000000045e+02
3.494700000000000273e+02
3.627500000000000000e+02
3.640199999999999818e+02
3.660699999999999932e+02
3.668299999999999841e+02
3.839700000000000273e+02
3.844700000000000273e+02
3.860300000000000296e+02
3.867100000000000364e+02
3.887900000000000205e+02
4.035400000000000205e+02
4.038799999999999955e+02
4.055500000000000114e+02
4.062200000000000273e+02
4.080199999999999818e+02
4.084600000000000364e+02
4.088100000000000023e+02
4.234000000000000341e+02
4.244900000000000091e+02
4.255400000000000205e+02
4.265099999999999909e+02
4.265099999999999909e+02
4.295699999999999932e+02
4.453100000000000023e+02
4.453100000000000023e+02
4.473899999999999864e+02
4.474600000000000364e+02
4.633199999999999932e+02
4.650799999999999841e+02
4.653600000000000136e+02
4.673000000000000114e+02
4.686000000000000227e+02
4.699700000000000273e+02
4.830400000000000205e+02
4.831999999999999886e+02
4.849900000000000091e+02
4.852599999999999909e+02
4.865300000000000296e+02
4.870099999999999909e+02
4.872800000000000296e+02
4.891299999999999955e+02
4.902400000000000091e+02
5.047100000000000364e+02
5.048000000000000114e+02
5.073299999999999841e+02
5.087700000000000387e+02
5.099300000000000068e+02
5.251599999999999682e+02
5.254800000000000182e+02
5.265499999999999545e+02
5.271900000000000546e+02
5.276800000000000637e+02
5.285800000000000409e+02
5.424800000000000182e+02
5.428899999999999864e+02
5.447999999999999545e+02
5.453300000000000409e+02
5.468700000000000045e+02
5.476900000000000546e+02
5.480000000000000000e+02
5.497500000000000000e+02
5.640800000000000409e+02
5.642200000000000273e+02
5.662000000000000455e+02
5.672000000000000455e+02
5.686900000000000546e+02
5.838500000000000227e+02
5.853799999999999955e+02
5.861800000000000637e+02
5.880900000000000318e+02
5.882000000000000455e+02
6.028500000000000227e+02
6.048999999999999773e+02
6.050199999999999818e+02
6.069400000000000546e+02
6.071000000000000227e+02
6.090000000000000000e+02
6.233999999999999773e+02
6.239099999999999682e+02
6.256100000000000136e+02
6.259400000000000546e+02
6.285900000000000318e+02
6.433100000000000591e+02
6.439400000000000546e+02
6.453400000000000318e+02
6.454600000000000364e+02
6.461100000000000136e+02
6.473700000000000045e+02
6.475000000000000000e+02
6.634099999999999682e+02
6.642400000000000091e+02
6.659800000000000182e+02
6.678700000000000045e+02
6.835099999999999909e+02
6.838500000000000227e+02
6.843100000000000591e+02
6.870000000000000000e+02
6.883300000000000409e+02
6.890900000000000318e+02
7.028000000000000682e+02
7.030800000000000409e+02
7.059199999999999591e+02
7.081200000000000045e+02
7.081900000000000546e+02
7.238999999999999773e+02
7.241800000000000637e+02
7.248000000000000682e+02
7.259400000000000546e+02
7.262200000000000273e+02
7.268700000000000045e+02
7.282400000000000091e+02
7.296399999999999864e+02
7.441100000000000136e+02
7.462899999999999636e+02
7.627400000000000091e+02
7.628600000000000136e+02
7.647699999999999818e+02
7.648799999999999955e+02
7.676800000000000637e+02
7.682599999999999909e+02
7.838899999999999864e+02
7.859099999999999682e+02
7.862200000000000273e+02
7.879300000000000637e+02
8.040399999999999636e+02
8.041200000000000045e+02
8.061599999999999682e+02
8.077500000000000000e+02
8.223300000000000409e+02
8.232300000000000182e+02
8.243600000000000136e+02
8.252500000000000000e+02
8.273600000000000136e+02
8.419800000000000182e+02
8.434900000000000091e+02
8.439800000000000182e+02
8.460099999999999909e+02
8.465700000000000500e+02
8.488200000000000500e+02
8.502000000000000455e+02
8.626499999999999773e+02
8.633899999999999864e+02
8.644600000000000364e+02
8.658600000000000136e+02
8.662200000000000273e+02
8.665299999999999727e+02
8.825700000000000500e+02
8.843400000000000318e+02
8.847400000000000091e+02
8.851200000000000045e+02
8.867000000000000455e+02
8.892899999999999636e+02
9.034500000000000455e+02
9.039300000000000637e+02
9.055099999999999909e+02
9.060199999999999818e+02
9.064099999999999682e+02
9.084700000000000273e+02
9.216399999999999864e+02
9.237100000000000364e+02
9.244800000000000182e+02
9.258600000000000136e+02
9.261900000000000546e+02
9.279800000000000182e+02
9.423300000000000409e+02
9.426599999999999682e+02
9.439600000000000364e+02
9.448000000000000682e+02
9.455600000000000591e+02
9.489700000000000273e+02
9.490900000000000318e+02
9.629700000000000273e+02
9.630399999999999636e+02
9.650099999999999909e+02
9.657599999999999909e+02
9.670399999999999636e+02
9.672500000000000000e+02
9.691900000000000546e+02
9.830700000000000500e+02
9.842500000000000000e+02
9.848700000000000045e+02
9.863200000000000500e+02
9.882200000000000273e+02
