9.160000000000000142e+00
2.258999999999999986e+01
3.044000000000000128e+01
4.981000000000000227e+01
6.898999999999999488e+01
8.287000000000000455e+01
8.490999999999999659e+01
9.593999999999999773e+01
1.140000000000000000e+02
1.170600000000000023e+02
1.235000000000000000e+02
1.649300000000000068e+02
1.852700000000000102e+02
1.917800000000000011e+02
2.097199999999999989e+02
2.129000000000000057e+02
2.165399999999999920e+02
2.311100000000000136e+02
2.333499999999999943e+02
2.395699999999999932e+02
2.431100000000000136e+02
2.525200000000000102e+02
2.589100000000000250e+02
2.802200000000000273e+02
2.919399999999999977e+02
2.974399999999999977e+02
3.255500000000000114e+02
3.313100000000000023e+02
3.480000000000000000e+02
3.508899999999999864e+02
3.532400000000000091e+02
3.618199999999999932e+02
3.807800000000000296e+02
3.899600000000000364e+02
3.961500000000000341e+02
4.057900000000000205e+02
4.110500000000000114e+02
4.171000000000000227e+02
4.407699999999999818e+02
4.568899999999999864e+02
4.589600000000000364e+02
4.632699999999999818e+02
4.940200000000000387e+02
5.191499999999999773e+02
5.791599999999999682e+02
5.840199999999999818e+02
5.863000000000000682e+02
6.150099999999999909e+02
6.228200000000000500e+02
6.388999999999999773e+02
6.412100000000000364e+02
6.710500000000000682e+02
7.176699999999999591e+02
7.283000000000000682e+02
7.402500000000000000e+02
7.594500000000000455e+02
7.645000000000000000e+02
7.762500000000000000e+02
7.866000000000000227e+02
7.968300000000000409e+02
8.040399999999999636e+02
8.109500000000000455e+02
8.138999999999999773e+02
8.221299999999999955e+02
8.640700000000000500e+02
8.748799999999999955e+02
8.835099999999999909e+02
8.959400000000000546e+02
9.083300000000000409e+02
9.289800000000000182e+02
9.333799999999999955e+02
9.703000000000000682e+02
9.772300000000000182e+02
9.840500000000000682e+02
9.879900000000000091e+02
