6.030000000000000249e+00
7.049999999999999822e+00
2.546999999999999886e+01
2.787999999999999901e+01
2.842000000000000171e+01
2.883999999999999986e+01
4.596000000000000085e+01
4.771999999999999886e+01
4.814000000000000057e+01
5.045000000000000284e+01
5.050000000000000000e+01
6.618999999999999773e+01
6.698999999999999488e+01
8.500000000000000000e+01
8.595000000000000284e+01
8.779000000000000625e+01
1.047900000000000063e+02
1.068700000000000045e+02
1.070600000000000023e+02
1.251500000000000057e+02
1.265600000000000023e+02
1.275799999999999983e+02
1.303900000000000148e+02
1.478900000000000148e+02
1.656599999999999966e+02
1.663100000000000023e+02
1.679500000000000171e+02
1.844000000000000057e+02
1.878600000000000136e+02
2.042599999999999909e+02
2.063799999999999955e+02
2.073600000000000136e+02
2.089000000000000057e+02
2.098499999999999943e+02
2.249200000000000159e+02
2.262100000000000080e+02
2.278900000000000148e+02
2.284000000000000057e+02
2.456500000000000057e+02
2.456599999999999966e+02
2.479200000000000159e+02
2.489600000000000080e+02
2.679800000000000182e+02
2.845400000000000205e+02
2.894300000000000068e+02
3.031999999999999886e+02
3.053500000000000227e+02
3.075199999999999818e+02
3.245400000000000205e+02
3.246100000000000136e+02
3.264700000000000273e+02
3.299499999999999886e+02
3.447699999999999818e+02
3.449800000000000182e+02
3.476500000000000341e+02
3.645600000000000023e+02
3.651000000000000227e+02
3.673400000000000318e+02
3.674599999999999795e+02
3.837500000000000000e+02
3.854300000000000068e+02
3.858899999999999864e+02
3.897800000000000296e+02
4.049700000000000273e+02
4.071399999999999864e+02
4.282900000000000205e+02
4.296000000000000227e+02
4.445400000000000205e+02
4.448799999999999955e+02
4.465600000000000023e+02
4.478400000000000318e+02
4.636999999999999886e+02
4.658299999999999841e+02
4.662699999999999818e+02
4.850699999999999932e+02
4.860600000000000023e+02
4.877699999999999818e+02
5.045600000000000023e+02
5.074200000000000159e+02
5.280000000000000000e+02
5.469300000000000637e+02
5.628600000000000136e+02
5.680199999999999818e+02
5.850199999999999818e+02
5.872300000000000182e+02
6.051399999999999864e+02
6.054400000000000546e+02
6.240399999999999636e+02
6.271599999999999682e+02
6.443999999999999773e+02
6.449900000000000091e+02
6.472400000000000091e+02
6.639300000000000637e+02
6.656299999999999955e+02
6.693899999999999864e+02
6.847400000000000091e+02
6.874199999999999591e+02
7.051499999999999773e+02
7.057100000000000364e+02
7.073200000000000500e+02
7.079300000000000637e+02
7.225299999999999727e+02
7.253500000000000227e+02
7.261399999999999864e+02
7.263100000000000591e+02
7.282799999999999727e+02
7.431800000000000637e+02
7.453700000000000045e+02
7.456000000000000227e+02
7.644500000000000455e+02
7.664800000000000182e+02
7.839400000000000546e+02
7.861599999999999682e+02
7.877599999999999909e+02
8.040199999999999818e+02
8.048300000000000409e+02
8.067699999999999818e+02
8.090600000000000591e+02
8.232799999999999727e+02
8.255000000000000000e+02
8.255199999999999818e+02
8.268799999999999955e+02
8.446299999999999955e+02
8.453799999999999955e+02
8.479099999999999682e+02
8.635800000000000409e+02
8.649600000000000364e+02
8.693300000000000409e+02
8.857000000000000455e+02
9.032200000000000273e+02
9.048500000000000227e+02
9.063700000000000045e+02
9.070700000000000500e+02
9.234400000000000546e+02
9.255800000000000409e+02
9.260700000000000500e+02
9.281200000000000045e+02
9.430800000000000409e+02
9.446900000000000546e+02
9.450099999999999909e+02
9.477300000000000182e+02
9.640399999999999636e+02
9.646800000000000637e+02
9.666900000000000546e+02
9.692300000000000182e+02
9.825700000000000500e+02
9.838000000000000682e+02
9.846299999999999955e+02
9.869099999999999682e+02
