3.189999999999999947e+00
1.121000000000000085e+01
1.159999999999999964e+01
2.762999999999999901e+01
3.518999999999999773e+01
3.974000000000000199e+01
4.332000000000000028e+01
4.364000000000000057e+01
5.087000000000000455e+01
5.557999999999999829e+01
6.345000000000000284e+01
7.112999999999999545e+01
7.518999999999999773e+01
7.981000000000000227e+01
9.495000000000000284e+01
9.906000000000000227e+01
1.029600000000000080e+02
1.033599999999999994e+02
1.074200000000000017e+02
1.108799999999999955e+02
1.154099999999999966e+02
1.233100000000000023e+02
1.233599999999999994e+02
1.273200000000000074e+02
1.351100000000000136e+02
1.510099999999999909e+02
1.671899999999999977e+02
1.711800000000000068e+02
1.752500000000000000e+02
1.790200000000000102e+02
1.911800000000000068e+02
1.989099999999999966e+02
1.990500000000000114e+02
2.111899999999999977e+02
2.150300000000000011e+02
2.273300000000000125e+02
2.349600000000000080e+02
2.432300000000000182e+02
2.513900000000000148e+02
2.630600000000000023e+02
2.669399999999999977e+02
2.752200000000000273e+02
2.788700000000000045e+02
2.828899999999999864e+02
2.870000000000000000e+02
2.995000000000000000e+02
3.069000000000000341e+02
3.108100000000000023e+02
3.187900000000000205e+02
3.191600000000000250e+02
3.230300000000000296e+02
3.267800000000000296e+02
3.272699999999999818e+02
3.349399999999999977e+02
3.465099999999999909e+02
3.553199999999999932e+02
3.667200000000000273e+02
3.706399999999999864e+02
3.747699999999999818e+02
3.825900000000000318e+02
3.951500000000000341e+02
4.029600000000000364e+02
4.065099999999999909e+02
4.069100000000000250e+02
4.113400000000000318e+02
4.147500000000000000e+02
4.224900000000000091e+02
4.266500000000000341e+02
4.273700000000000045e+02
4.506999999999999886e+02
4.545400000000000205e+02
4.590300000000000296e+02
4.591399999999999864e+02
4.628600000000000136e+02
4.748199999999999932e+02
4.829300000000000068e+02
4.871100000000000136e+02
4.908600000000000136e+02
4.945500000000000114e+02
4.949499999999999886e+02
4.986800000000000068e+02
5.028199999999999932e+02
5.061100000000000136e+02
5.107400000000000091e+02
5.223899999999999864e+02
5.424800000000000182e+02
5.624300000000000637e+02
5.666800000000000637e+02
5.705600000000000591e+02
5.787899999999999636e+02
5.872200000000000273e+02
5.904600000000000364e+02
5.907899999999999636e+02
5.942699999999999818e+02
5.989099999999999682e+02
6.063000000000000682e+02
6.103500000000000227e+02
6.145900000000000318e+02
6.228100000000000591e+02
6.268000000000000682e+02
6.344199999999999591e+02
6.383200000000000500e+02
6.505399999999999636e+02
6.508200000000000500e+02
6.585299999999999727e+02
6.705900000000000318e+02
6.708600000000000136e+02
6.783799999999999955e+02
6.787500000000000000e+02
6.823799999999999955e+02
6.867799999999999727e+02
6.948899999999999864e+02
7.028999999999999773e+02
7.104700000000000273e+02
7.107000000000000455e+02
7.264199999999999591e+02
7.305099999999999909e+02
7.312400000000000091e+02
7.345000000000000000e+02
7.422799999999999727e+02
7.462500000000000000e+02
7.502200000000000273e+02
7.507599999999999909e+02
7.544099999999999682e+02
7.629300000000000637e+02
7.665000000000000000e+02
7.705500000000000682e+02
7.707699999999999818e+02
7.819600000000000364e+02
7.822799999999999727e+02
7.906399999999999864e+02
7.944800000000000182e+02
7.987100000000000364e+02
8.022400000000000091e+02
8.224900000000000091e+02
8.225900000000000318e+02
8.380700000000000500e+02
8.384200000000000728e+02
8.423999999999999773e+02
8.463000000000000682e+02
8.628999999999999773e+02
8.700500000000000682e+02
8.742300000000000182e+02
8.786200000000000045e+02
8.825600000000000591e+02
8.902100000000000364e+02
8.940500000000000682e+02
9.104300000000000637e+02
9.144200000000000728e+02
9.186900000000000546e+02
9.187400000000000091e+02
9.258799999999999955e+02
9.266499999999999773e+02
9.300600000000000591e+02
9.338999999999999773e+02
9.459400000000000546e+02
9.539700000000000273e+02
9.539900000000000091e+02
9.583600000000000136e+02
9.621100000000000136e+02
9.745000000000000000e+02
9.820199999999999818e+02
9.900199999999999818e+02
9.981800000000000637e+02
