6.320000000000000284e+00
7.259999999999999787e+00
2.716000000000000014e+01
2.892000000000000171e+01
4.603000000000000114e+01
4.777000000000000313e+01
4.831000000000000227e+01
6.635999999999999943e+01
6.704000000000000625e+01
8.604999999999999716e+01
8.629000000000000625e+01
1.049399999999999977e+02
1.069600000000000080e+02
1.252600000000000051e+02
1.266800000000000068e+02
1.276899999999999977e+02
1.479600000000000080e+02
1.657899999999999920e+02
1.670699999999999932e+02
1.680699999999999932e+02
1.850699999999999932e+02
2.064699999999999989e+02
2.074399999999999977e+02
2.090200000000000102e+02
2.099600000000000080e+02
2.250699999999999932e+02
2.278400000000000034e+02
2.279900000000000091e+02
2.458199999999999932e+02
2.465699999999999932e+02
2.488900000000000148e+02
2.490500000000000114e+02
2.680400000000000205e+02
2.852800000000000296e+02
3.035300000000000296e+02
3.065400000000000205e+02
3.248500000000000227e+02
3.266999999999999886e+02
3.450000000000000000e+02
3.450699999999999932e+02
3.653000000000000114e+02
3.658299999999999841e+02
3.688400000000000318e+02
3.854800000000000182e+02
3.855500000000000114e+02
4.050699999999999932e+02
4.072699999999999818e+02
4.296000000000000227e+02
4.297200000000000273e+02
4.461500000000000341e+02
4.467500000000000000e+02
4.655400000000000205e+02
4.664000000000000341e+02
4.851800000000000068e+02
4.861700000000000159e+02
4.879200000000000159e+02
5.048100000000000023e+02
5.075300000000000296e+02
5.470500000000000682e+02
5.643700000000000045e+02
5.681200000000000045e+02
5.852200000000000273e+02
6.052200000000000273e+02
6.057799999999999727e+02
6.241299999999999955e+02
6.272300000000000182e+02
6.451599999999999682e+02
6.452500000000000000e+02
6.657400000000000091e+02
6.848600000000000136e+02
6.875099999999999909e+02
7.052599999999999909e+02
7.058600000000000136e+02
7.076399999999999864e+02
7.081200000000000045e+02
7.226299999999999955e+02
7.254900000000000091e+02
7.262400000000000091e+02
7.266000000000000227e+02
7.285099999999999909e+02
7.454600000000000364e+02
7.455299999999999727e+02
7.645900000000000318e+02
7.863600000000000136e+02
7.878700000000000045e+02
8.050000000000000000e+02
8.069200000000000728e+02
8.241499999999999773e+02
8.259400000000000546e+02
8.269700000000000273e+02
8.454900000000000091e+02
8.480800000000000409e+02
8.657899999999999636e+02
8.859300000000000637e+02
9.051200000000000045e+02
9.065199999999999818e+02
9.077799999999999727e+02
9.235900000000000318e+02
9.261599999999999682e+02
9.282000000000000455e+02
9.431499999999999773e+02
9.449099999999999682e+02
9.450800000000000409e+02
9.478700000000000045e+02
9.654800000000000182e+02
9.694200000000000728e+02
9.840700000000000500e+02
9.871000000000000227e+02
