4.629999999999999893e+00
7.709999999999999964e+00
1.264000000000000057e+01
2.242999999999999972e+01
5.870000000000000284e+01
6.879000000000000625e+01
8.018999999999999773e+01
8.456000000000000227e+01
9.564000000000000057e+01
9.792000000000000171e+01
1.075799999999999983e+02
1.142400000000000091e+02
1.285800000000000125e+02
1.371500000000000057e+02
1.849600000000000080e+02
1.916599999999999966e+02
1.942400000000000091e+02
2.034099999999999966e+02
2.084200000000000159e+02
2.104600000000000080e+02
2.130699999999999932e+02
2.332599999999999909e+02
2.374600000000000080e+02
2.397400000000000091e+02
2.518400000000000034e+02
2.582900000000000205e+02
2.698199999999999932e+02
3.453600000000000136e+02
3.481200000000000045e+02
3.529700000000000273e+02
3.763899999999999864e+02
3.806600000000000250e+02
3.882900000000000205e+02
3.956999999999999886e+02
4.056600000000000250e+02
4.209700000000000273e+02
4.412900000000000205e+02
4.572800000000000296e+02
4.635500000000000114e+02
4.697400000000000091e+02
4.751100000000000136e+02
5.112900000000000205e+02
5.189900000000000091e+02
5.262300000000000182e+02
5.646699999999999591e+02
5.842599999999999909e+02
5.997000000000000455e+02
6.225199999999999818e+02
6.261299999999999955e+02
6.345600000000000591e+02
6.394900000000000091e+02
6.422100000000000364e+02
6.493100000000000591e+02
7.292400000000000091e+02
7.556399999999999864e+02
7.587899999999999636e+02
7.641699999999999591e+02
7.986100000000000136e+02
8.061399999999999864e+02
8.106499999999999773e+02
8.177599999999999909e+02
8.224300000000000637e+02
8.256499999999999773e+02
8.537599999999999909e+02
8.837200000000000273e+02
9.191200000000000045e+02
9.289200000000000728e+02
9.334900000000000091e+02
9.355299999999999727e+02
9.420099999999999909e+02
9.529099999999999682e+02
9.695099999999999909e+02
9.767200000000000273e+02
9.907900000000000773e+02
4.629999999999999893e+00
7.709999999999999964e+00
1.264000000000000057e+01
2.242999999999999972e+01
5.870000000000000284e+01
8.018999999999999773e+01
8.459000000000000341e+01
9.565000000000000568e+01
9.793000000000000682e+01
1.075900000000000034e+02
1.142600000000000051e+02
1.371599999999999966e+02
1.849600000000000080e+02
1.942599999999999909e+02
2.034399999999999977e+02
2.084200000000000159e+02
2.104600000000000080e+02
2.397800000000000011e+02
2.518400000000000034e+02
2.583100000000000023e+02
2.698299999999999841e+02
3.453600000000000136e+02
3.481200000000000045e+02
3.530000000000000000e+02
3.763899999999999864e+02
3.806600000000000250e+02
3.883000000000000114e+02
3.956999999999999886e+02
4.056600000000000250e+02
4.209700000000000273e+02
4.573400000000000318e+02
4.697500000000000000e+02
4.751600000000000250e+02
5.113299999999999841e+02
5.190000000000000000e+02
5.262400000000000091e+02
5.646699999999999591e+02
5.842599999999999909e+02
5.997000000000000455e+02
6.225199999999999818e+02
6.261299999999999955e+02
6.345600000000000591e+02
6.422300000000000182e+02
6.493100000000000591e+02
7.556499999999999773e+02
7.588000000000000682e+02
7.641800000000000637e+02
7.986100000000000136e+02
8.062400000000000091e+02
8.106900000000000546e+02
8.177699999999999818e+02
8.224900000000000091e+02
8.258899999999999864e+02
8.837300000000000182e+02
9.191200000000000045e+02
9.289200000000000728e+02
9.335199999999999818e+02
9.420199999999999818e+02
9.529099999999999682e+02
9.695099999999999909e+02
9.767200000000000273e+02
4.629999999999999893e+00
7.709999999999999964e+00
1.264000000000000057e+01
2.242999999999999972e+01
5.870000000000000284e+01
8.018999999999999773e+01
8.465000000000000568e+01
9.565000000000000568e+01
1.076000000000000085e+02
1.144800000000000040e+02
1.371800000000000068e+02
1.849600000000000080e+02
1.942899999999999920e+02
2.084200000000000159e+02
2.104600000000000080e+02
2.400800000000000125e+02
2.518499999999999943e+02
2.583400000000000318e+02
2.698299999999999841e+02
3.453600000000000136e+02
3.481200000000000045e+02
3.763899999999999864e+02
3.806600000000000250e+02
3.883100000000000023e+02
3.956999999999999886e+02
4.056700000000000159e+02
4.209700000000000273e+02
4.583100000000000023e+02
4.697500000000000000e+02
5.114200000000000159e+02
5.190000000000000000e+02
5.262500000000000000e+02
5.646699999999999591e+02
5.842599999999999909e+02
5.997100000000000364e+02
6.225199999999999818e+02
6.261299999999999955e+02
6.345600000000000591e+02
6.422500000000000000e+02
6.493100000000000591e+02
7.556599999999999682e+02
7.588200000000000500e+02
7.641800000000000637e+02
7.986100000000000136e+02
8.063600000000000136e+02
8.107300000000000182e+02
8.177699999999999818e+02
8.259099999999999682e+02
8.837400000000000091e+02
9.191200000000000045e+02
9.289200000000000728e+02
9.351200000000000045e+02
9.420299999999999727e+02
9.529099999999999682e+02
9.695099999999999909e+02
9.767200000000000273e+02
4.629999999999999893e+00
7.709999999999999964e+00
1.264000000000000057e+01
2.242999999999999972e+01
5.870000000000000284e+01
8.020000000000000284e+01
9.565000000000000568e+01
1.076000000000000085e+02
1.145100000000000051e+02
1.372000000000000171e+02
1.849600000000000080e+02
2.084200000000000159e+02
2.104600000000000080e+02
2.518700000000000045e+02
2.583799999999999955e+02
2.698400000000000318e+02
3.453600000000000136e+02
3.481200000000000045e+02
3.763899999999999864e+02
3.806600000000000250e+02
3.883199999999999932e+02
3.956999999999999886e+02
4.056700000000000159e+02
4.209700000000000273e+02
4.697599999999999909e+02
5.190000000000000000e+02
5.262699999999999818e+02
5.646699999999999591e+02
5.842599999999999909e+02
5.997100000000000364e+02
6.225199999999999818e+02
6.261299999999999955e+02
6.345600000000000591e+02
6.422799999999999727e+02
6.493200000000000500e+02
7.556800000000000637e+02
7.588500000000000227e+02
7.641900000000000546e+02
7.986100000000000136e+02
8.177799999999999727e+02
8.259400000000000546e+02
8.837500000000000000e+02
9.191200000000000045e+02
9.289200000000000728e+02
9.351900000000000546e+02
9.420600000000000591e+02
9.529099999999999682e+02
9.695099999999999909e+02
9.767200000000000273e+02
4.629999999999999893e+00
7.709999999999999964e+00
1.264000000000000057e+01
2.242999999999999972e+01
5.870000000000000284e+01
8.020000000000000284e+01
9.565000000000000568e+01
1.076099999999999994e+02
1.147800000000000011e+02
1.372199999999999989e+02
1.849600000000000080e+02
2.084200000000000159e+02
2.104600000000000080e+02
2.518799999999999955e+02
2.698400000000000318e+02
3.453600000000000136e+02
3.481200000000000045e+02
3.763899999999999864e+02
3.806600000000000250e+02
3.883299999999999841e+02
3.956999999999999886e+02
4.056700000000000159e+02
4.209700000000000273e+02
4.697699999999999818e+02
5.190000000000000000e+02
5.262799999999999727e+02
5.646699999999999591e+02
5.842599999999999909e+02
5.997100000000000364e+02
6.225199999999999818e+02
6.261299999999999955e+02
6.345600000000000591e+02
6.493200000000000500e+02
7.557100000000000364e+02
7.642000000000000455e+02
7.986100000000000136e+02
8.177799999999999727e+02
8.837599999999999909e+02
9.191200000000000045e+02
9.289200000000000728e+02
9.352300000000000182e+02
9.529099999999999682e+02
9.695099999999999909e+02
9.767200000000000273e+02
4.629999999999999893e+00
7.709999999999999964e+00
1.264000000000000057e+01
2.242999999999999972e+01
5.870000000000000284e+01
8.020000000000000284e+01
9.565000000000000568e+01
1.076200000000000045e+02
1.849600000000000080e+02
2.084200000000000159e+02
2.104600000000000080e+02
2.518900000000000148e+02
2.698500000000000227e+02
3.453600000000000136e+02
3.481200000000000045e+02
3.763899999999999864e+02
3.806600000000000250e+02
3.883400000000000318e+02
3.956999999999999886e+02
4.056800000000000068e+02
4.209700000000000273e+02
4.697800000000000296e+02
5.190099999999999909e+02
5.262899999999999636e+02
5.646699999999999591e+02
5.842599999999999909e+02
5.997100000000000364e+02
6.225199999999999818e+02
6.261299999999999955e+02
6.345600000000000591e+02
6.493300000000000409e+02
7.642100000000000364e+02
7.986100000000000136e+02
8.177899999999999636e+02
8.837699999999999818e+02
9.191200000000000045e+02
9.289200000000000728e+02
9.529099999999999682e+02
9.695099999999999909e+02
9.767200000000000273e+02
4.629999999999999893e+00
7.709999999999999964e+00
1.264000000000000057e+01
2.242999999999999972e+01
5.870000000000000284e+01
8.020000000000000284e+01
9.565999999999999659e+01
1.076400000000000006e+02
1.849600000000000080e+02
2.084200000000000159e+02
2.104600000000000080e+02
2.518900000000000148e+02
2.698600000000000136e+02
3.453600000000000136e+02
3.481200000000000045e+02
3.763899999999999864e+02
3.806600000000000250e+02
3.883600000000000136e+02
3.956999999999999886e+02
4.056800000000000068e+02
4.209700000000000273e+02
4.697900000000000205e+02
5.190099999999999909e+02
5.263100000000000591e+02
5.646699999999999591e+02
5.842599999999999909e+02
5.997200000000000273e+02
6.225199999999999818e+02
6.261299999999999955e+02
6.345600000000000591e+02
6.493300000000000409e+02
7.642200000000000273e+02
7.986100000000000136e+02
8.178000000000000682e+02
8.837899999999999636e+02
9.191200000000000045e+02
9.289200000000000728e+02
9.529099999999999682e+02
9.695099999999999909e+02
9.767200000000000273e+02
4.629999999999999893e+00
7.709999999999999964e+00
1.264000000000000057e+01
2.242999999999999972e+01
5.870000000000000284e+01
8.020000000000000284e+01
9.565999999999999659e+01
1.076500000000000057e+02
1.849600000000000080e+02
2.084200000000000159e+02
2.104600000000000080e+02
2.518900000000000148e+02
2.698700000000000045e+02
3.453600000000000136e+02
3.481200000000000045e+02
3.763899999999999864e+02
3.806600000000000250e+02
3.883799999999999955e+02
3.956999999999999886e+02
4.056899999999999977e+02
4.209700000000000273e+02
4.698100000000000023e+02
5.190099999999999909e+02
5.263400000000000318e+02
5.646699999999999591e+02
5.842599999999999909e+02
5.997200000000000273e+02
6.225199999999999818e+02
6.261299999999999955e+02
6.345600000000000591e+02
6.493400000000000318e+02
7.642400000000000091e+02
7.986100000000000136e+02
8.178200000000000500e+02
8.838000000000000682e+02
9.191200000000000045e+02
9.289200000000000728e+02
9.529099999999999682e+02
9.695099999999999909e+02
9.767200000000000273e+02
4.629999999999999893e+00
7.709999999999999964e+00
1.264000000000000057e+01
2.242999999999999972e+01
5.871000000000000085e+01
8.021000000000000796e+01
9.565999999999999659e+01
1.076700000000000017e+02
1.849600000000000080e+02
2.084200000000000159e+02
2.104600000000000080e+02
2.519000000000000057e+02
2.698899999999999864e+02
3.453600000000000136e+02
3.481200000000000045e+02
3.763899999999999864e+02
3.806600000000000250e+02
3.956999999999999886e+02
4.056899999999999977e+02
4.209700000000000273e+02
4.698299999999999841e+02
5.190199999999999818e+02
5.266599999999999682e+02
5.646699999999999591e+02
5.842599999999999909e+02
5.997300000000000182e+02
6.225199999999999818e+02
6.261299999999999955e+02
6.345600000000000591e+02
6.493400000000000318e+02
7.642599999999999909e+02
7.986100000000000136e+02
8.838200000000000500e+02
9.191200000000000045e+02
9.289200000000000728e+02
9.529099999999999682e+02
9.695099999999999909e+02
9.767200000000000273e+02
4.629999999999999893e+00
7.709999999999999964e+00
1.264000000000000057e+01
2.242999999999999972e+01
5.871000000000000085e+01
8.021000000000000796e+01
9.565999999999999659e+01
1.849600000000000080e+02
2.084200000000000159e+02
2.104600000000000080e+02
2.519000000000000057e+02
3.453600000000000136e+02
3.481200000000000045e+02
3.763899999999999864e+02
3.806600000000000250e+02
3.956999999999999886e+02
4.056999999999999886e+02
4.209700000000000273e+02
5.190299999999999727e+02
5.646699999999999591e+02
5.842599999999999909e+02
5.997400000000000091e+02
6.225199999999999818e+02
6.261299999999999955e+02
6.345600000000000591e+02
6.493500000000000227e+02
7.986100000000000136e+02
9.191200000000000045e+02
9.289200000000000728e+02
9.529099999999999682e+02
9.695099999999999909e+02
9.767200000000000273e+02
