3.500000000000000000e+00
3.253000000000000114e+01
7.048000000000000398e+01
1.166099999999999994e+02
1.204500000000000028e+02
1.275199999999999960e+02
2.125300000000000011e+02
2.234200000000000159e+02
2.323600000000000136e+02
2.473400000000000034e+02
2.523499999999999943e+02
2.573299999999999841e+02
3.232500000000000000e+02
3.333199999999999932e+02
3.592599999999999909e+02
3.992800000000000296e+02
4.112500000000000000e+02
4.311999999999999886e+02
4.471999999999999886e+02
4.541399999999999864e+02
4.721999999999999886e+02
5.131399999999999864e+02
5.360700000000000500e+02
5.580800000000000409e+02
5.970099999999999909e+02
6.070900000000000318e+02
6.230500000000000682e+02
6.441000000000000227e+02
6.551399999999999864e+02
6.580000000000000000e+02
6.799700000000000273e+02
7.170500000000000682e+02
7.319400000000000546e+02
7.369300000000000637e+02
7.539900000000000091e+02
7.618999999999999773e+02
7.730399999999999636e+02
7.758100000000000591e+02
7.890399999999999636e+02
7.949400000000000546e+02
8.229200000000000728e+02
8.418200000000000500e+02
8.477500000000000000e+02
8.617799999999999727e+02
8.639900000000000091e+02
8.937899999999999636e+02
9.046800000000000637e+02
9.207200000000000273e+02
9.366700000000000728e+02
9.398899999999999864e+02
9.597100000000000364e+02
