4.810000000000000497e+00
7.000000000000000000e+00
9.210000000000000853e+00
2.646999999999999886e+01
2.876999999999999957e+01
3.181000000000000227e+01
4.627000000000000313e+01
4.828000000000000114e+01
5.028999999999999915e+01
6.517000000000000171e+01
6.718000000000000682e+01
6.918999999999999773e+01
8.662999999999999545e+01
8.878000000000000114e+01
1.041299999999999955e+02
1.063599999999999994e+02
1.083799999999999955e+02
1.104600000000000080e+02
1.260000000000000000e+02
1.280099999999999909e+02
1.301500000000000057e+02
1.450000000000000000e+02
1.470200000000000102e+02
1.509200000000000159e+02
1.647000000000000171e+02
1.676700000000000159e+02
1.699000000000000057e+02
1.719200000000000159e+02
1.840399999999999920e+02
1.863400000000000034e+02
1.900399999999999920e+02
2.053199999999999932e+02
2.073300000000000125e+02
2.093799999999999955e+02
2.114500000000000171e+02
2.244699999999999989e+02
2.266299999999999955e+02
2.286500000000000057e+02
2.440800000000000125e+02
2.460999999999999943e+02
2.491700000000000159e+02
2.512600000000000193e+02
2.646600000000000250e+02
2.666899999999999977e+02
2.687300000000000182e+02
2.707400000000000091e+02
2.855900000000000318e+02
2.876500000000000341e+02
2.896700000000000159e+02
3.064100000000000250e+02
3.085199999999999818e+02
3.240699999999999932e+02
3.261000000000000227e+02
3.282300000000000182e+02
3.302400000000000091e+02
3.450600000000000023e+02
3.471600000000000250e+02
3.505500000000000114e+02
3.638199999999999932e+02
3.671399999999999864e+02
3.850400000000000205e+02
3.870900000000000318e+02
3.898700000000000045e+02
4.046100000000000136e+02
4.066299999999999955e+02
4.091000000000000227e+02
4.244700000000000273e+02
4.266000000000000227e+02
4.306500000000000341e+02
4.463600000000000136e+02
4.484600000000000364e+02
4.643899999999999864e+02
4.664000000000000341e+02
4.684100000000000250e+02
4.710400000000000205e+02
4.841100000000000136e+02
4.861200000000000045e+02
4.881299999999999955e+02
4.901999999999999886e+02
5.057800000000000296e+02
5.084100000000000250e+02
5.110099999999999909e+02
5.262300000000000182e+02
5.282500000000000000e+02
5.435499999999999545e+02
5.458700000000000045e+02
5.479300000000000637e+02
5.508200000000000500e+02
5.651499999999999773e+02
5.672699999999999818e+02
5.697699999999999818e+02
5.849199999999999591e+02
5.869500000000000455e+02
5.891699999999999591e+02
6.039199999999999591e+02
6.059600000000000364e+02
6.080000000000000000e+02
6.100700000000000500e+02
6.244700000000000273e+02
6.266800000000000637e+02
6.296699999999999591e+02
6.443799999999999955e+02
6.464099999999999682e+02
6.484400000000000546e+02
6.644800000000000182e+02
6.670500000000000682e+02
6.690600000000000591e+02
6.845800000000000409e+02
6.880700000000000500e+02
6.901299999999999955e+02
7.038700000000000045e+02
7.069900000000000091e+02
7.092000000000000455e+02
7.249700000000000273e+02
7.270000000000000000e+02
7.293200000000000500e+02
7.451800000000000637e+02
7.473600000000000136e+02
7.638100000000000591e+02
7.658300000000000409e+02
7.687599999999999909e+02
7.849600000000000364e+02
7.869800000000000182e+02
7.890000000000000000e+02
8.051100000000000136e+02
8.072300000000000182e+02
8.092599999999999909e+02
8.233999999999999773e+02
8.254200000000000728e+02
8.284400000000000546e+02
8.430500000000000682e+02
8.450600000000000591e+02
8.470800000000000409e+02
8.498999999999999773e+02
8.637200000000000273e+02
8.657300000000000182e+02
8.677400000000000091e+02
8.836399999999999864e+02
8.856499999999999773e+02
8.877699999999999818e+02
8.903700000000000045e+02
9.045199999999999818e+02
9.065700000000000500e+02
9.095500000000000682e+02
9.227100000000000364e+02
9.247699999999999818e+02
9.269300000000000637e+02
9.290600000000000591e+02
9.433999999999999773e+02
9.454200000000000728e+02
9.500500000000000682e+02
9.640399999999999636e+02
9.660700000000000500e+02
9.681000000000000227e+02
9.702699999999999818e+02
9.841399999999999864e+02
9.861499999999999773e+02
9.893000000000000682e+02
