1.189000000000000057e+01
1.443999999999999950e+01
1.790000000000000213e+01
2.019000000000000128e+01
5.993999999999999773e+01
6.543999999999999773e+01
6.759999999999999432e+01
7.032999999999999829e+01
1.102699999999999960e+02
1.158400000000000034e+02
1.184900000000000091e+02
1.207800000000000011e+02
1.631400000000000148e+02
2.105099999999999909e+02
2.145000000000000000e+02
2.178499999999999943e+02
2.222400000000000091e+02
2.619100000000000250e+02
2.640500000000000114e+02
2.685500000000000114e+02
3.134300000000000068e+02
3.155900000000000318e+02
3.191500000000000341e+02
3.213199999999999932e+02
3.238000000000000114e+02
3.610500000000000114e+02
4.195900000000000318e+02
4.588799999999999955e+02
4.625500000000000114e+02
4.665400000000000205e+02
4.687200000000000273e+02
4.723600000000000136e+02
5.104700000000000273e+02
5.142999999999999545e+02
5.207899999999999636e+02
5.646299999999999955e+02
5.677000000000000455e+02
5.713000000000000682e+02
6.146800000000000637e+02
6.173400000000000318e+02
6.199400000000000546e+02
6.601699999999999591e+02
6.651299999999999955e+02
6.673200000000000500e+02
6.705800000000000409e+02
7.110299999999999727e+02
7.136100000000000136e+02
7.202699999999999818e+02
7.242400000000000091e+02
7.608999999999999773e+02
7.661599999999999682e+02
7.700000000000000000e+02
8.161399999999999864e+02
8.192899999999999636e+02
8.622899999999999636e+02
8.649400000000000546e+02
8.688700000000000045e+02
9.102799999999999727e+02
9.156100000000000136e+02
9.191900000000000546e+02
9.577300000000000182e+02
