1.041999999999999993e+01
1.268999999999999950e+01
1.589000000000000057e+01
1.828000000000000114e+01
2.112000000000000099e+01
2.321000000000000085e+01
6.142000000000000171e+01
6.462999999999999545e+01
7.026999999999999602e+01
1.101000000000000085e+02
1.172900000000000063e+02
1.196899999999999977e+02
1.228700000000000045e+02
1.596700000000000159e+02
1.632100000000000080e+02
1.665699999999999932e+02
1.728600000000000136e+02
1.750999999999999943e+02
2.099600000000000080e+02
2.130500000000000114e+02
2.169099999999999966e+02
2.190000000000000000e+02
2.210999999999999943e+02
2.616800000000000068e+02
2.637699999999999818e+02
2.687800000000000296e+02
2.712400000000000091e+02
3.104499999999999886e+02
3.137200000000000273e+02
3.167500000000000000e+02
3.198000000000000114e+02
3.591600000000000250e+02
3.633600000000000136e+02
3.654599999999999795e+02
3.688299999999999841e+02
3.719300000000000068e+02
4.054100000000000250e+02
4.120300000000000296e+02
4.142699999999999818e+02
4.166600000000000250e+02
4.190300000000000296e+02
4.217200000000000273e+02
4.597400000000000091e+02
4.619600000000000364e+02
4.669900000000000091e+02
4.690900000000000318e+02
4.712200000000000273e+02
5.062200000000000273e+02
5.089900000000000091e+02
5.111000000000000227e+02
5.137000000000000455e+02
5.179700000000000273e+02
5.202999999999999545e+02
5.601000000000000227e+02
5.632699999999999818e+02
5.672500000000000000e+02
5.692899999999999636e+02
5.727799999999999727e+02
5.751900000000000546e+02
6.087799999999999727e+02
6.127500000000000000e+02
6.151200000000000045e+02
6.175000000000000000e+02
6.206800000000000637e+02
6.248600000000000136e+02
6.615900000000000318e+02
6.636800000000000637e+02
6.663899999999999864e+02
6.710800000000000409e+02
6.732400000000000091e+02
7.106800000000000637e+02
7.131900000000000546e+02
7.155600000000000591e+02
7.181699999999999591e+02
7.218799999999999955e+02
7.251200000000000045e+02
7.600099999999999909e+02
7.633200000000000500e+02
7.659099999999999682e+02
7.680000000000000000e+02
7.760900000000000318e+02
8.077400000000000091e+02
8.106800000000000637e+02
8.132300000000000182e+02
8.156900000000000546e+02
8.187699999999999818e+02
8.209700000000000273e+02
8.237699999999999818e+02
8.616299999999999955e+02
8.650800000000000409e+02
8.691700000000000728e+02
9.086900000000000546e+02
9.135800000000000409e+02
9.157000000000000455e+02
9.190900000000000318e+02
9.219900000000000091e+02
9.619200000000000728e+02
9.673100000000000591e+02
9.737100000000000364e+02
