4.429999999999999716e+00
1.248000000000000043e+01
2.887000000000000099e+01
3.642999999999999972e+01
4.100000000000000000e+01
4.456000000000000227e+01
5.212000000000000455e+01
5.682000000000000028e+01
6.471999999999999886e+01
7.237000000000000455e+01
7.643000000000000682e+01
8.104999999999999716e+01
9.623000000000000398e+01
1.003299999999999983e+02
1.042100000000000080e+02
1.086599999999999966e+02
1.121400000000000006e+02
1.166599999999999966e+02
1.244900000000000091e+02
1.285900000000000034e+02
1.363900000000000148e+02
1.522800000000000011e+02
1.684500000000000171e+02
1.724500000000000171e+02
1.765000000000000000e+02
1.802599999999999909e+02
1.924300000000000068e+02
2.001400000000000148e+02
2.124300000000000068e+02
2.162599999999999909e+02
2.285999999999999943e+02
2.362100000000000080e+02
2.444800000000000182e+02
2.526599999999999966e+02
2.643000000000000114e+02
2.681700000000000159e+02
2.764800000000000182e+02
2.801100000000000136e+02
2.841500000000000341e+02
2.882500000000000000e+02
3.007599999999999909e+02
3.081700000000000159e+02
3.120799999999999841e+02
3.200400000000000205e+02
3.243000000000000114e+02
3.280199999999999818e+02
3.361899999999999977e+02
3.477699999999999818e+02
3.565699999999999932e+02
3.679599999999999795e+02
3.718700000000000045e+02
3.760300000000000296e+02
3.838400000000000318e+02
3.964200000000000159e+02
4.042300000000000182e+02
4.077800000000000296e+02
4.125900000000000318e+02
4.160099999999999909e+02
4.237300000000000182e+02
4.278899999999999864e+02
4.519700000000000273e+02
4.557900000000000205e+02
4.602400000000000091e+02
4.641299999999999955e+02
4.760600000000000023e+02
4.841700000000000159e+02
4.883700000000000045e+02
4.921299999999999955e+02
4.957900000000000205e+02
4.999399999999999977e+02
5.040699999999999932e+02
5.073600000000000136e+02
5.119900000000000091e+02
5.236499999999999773e+02
5.437400000000000091e+02
5.636800000000000637e+02
5.679199999999999591e+02
5.717899999999999636e+02
5.800399999999999636e+02
5.884600000000000364e+02
5.916800000000000637e+02
5.955299999999999727e+02
6.001599999999999682e+02
6.075399999999999636e+02
6.115900000000000318e+02
6.158500000000000227e+02
6.240800000000000409e+02
6.280700000000000500e+02
6.357000000000000455e+02
6.395900000000000318e+02
6.517799999999999727e+02
6.597899999999999636e+02
6.718300000000000409e+02
6.796299999999999955e+02
6.836200000000000045e+02
6.880399999999999636e+02
6.961599999999999682e+02
7.041399999999999864e+02
7.117100000000000364e+02
7.276900000000000546e+02
7.317799999999999727e+02
7.357699999999999818e+02
7.435600000000000591e+02
7.475199999999999818e+02
7.514700000000000273e+02
7.556699999999999591e+02
7.642000000000000455e+02
7.677699999999999818e+02
7.717899999999999636e+02
7.832100000000000364e+02
7.918899999999999864e+02
7.957200000000000273e+02
7.999700000000000273e+02
8.034800000000000182e+02
8.236900000000000546e+02
8.393400000000000318e+02
8.436499999999999773e+02
8.475600000000000591e+02
8.641399999999999864e+02
8.713100000000000591e+02
8.755000000000000000e+02
8.798700000000000045e+02
8.838000000000000682e+02
8.914600000000000364e+02
8.953100000000000591e+02
9.116900000000000546e+02
9.156900000000000546e+02
9.198600000000000136e+02
9.271200000000000045e+02
9.313000000000000682e+02
9.351599999999999682e+02
9.471900000000000546e+02
9.551299999999999955e+02
9.596000000000000227e+02
9.633400000000000318e+02
9.757400000000000091e+02
9.832599999999999909e+02
9.912900000000000773e+02
9.994500000000000455e+02
