8.550000000000000711e+00
1.842000000000000171e+01
2.046000000000000085e+01
2.544000000000000128e+01
3.140000000000000213e+01
3.345000000000000284e+01
4.043999999999999773e+01
4.531000000000000227e+01
5.032000000000000028e+01
5.441000000000000369e+01
6.640999999999999659e+01
7.242000000000000171e+01
9.237999999999999545e+01
9.440999999999999659e+01
1.054099999999999966e+02
1.143400000000000034e+02
1.184000000000000057e+02
1.222699999999999960e+02
1.243400000000000034e+02
1.302700000000000102e+02
1.403199999999999932e+02
1.502899999999999920e+02
1.683000000000000114e+02
1.841200000000000045e+02
1.992300000000000182e+02
2.013300000000000125e+02
2.033700000000000045e+02
2.121800000000000068e+02
2.143000000000000114e+02
2.182899999999999920e+02
2.241400000000000148e+02
2.293600000000000136e+02
2.322500000000000000e+02
2.392000000000000171e+02
2.511700000000000159e+02
2.602200000000000273e+02
2.692800000000000296e+02
2.730699999999999932e+02
2.762400000000000091e+02
2.962699999999999818e+02
2.983000000000000114e+02
3.032200000000000273e+02
3.101299999999999955e+02
3.141200000000000045e+02
3.182400000000000091e+02
3.251500000000000341e+02
3.452599999999999909e+02
3.819700000000000273e+02
3.908500000000000227e+02
3.940799999999999841e+02
4.001500000000000341e+02
4.021800000000000068e+02
4.139499999999999886e+02
4.210000000000000000e+02
4.230799999999999841e+02
4.311500000000000341e+02
4.371000000000000227e+02
4.559800000000000182e+02
4.589399999999999977e+02
4.680699999999999932e+02
4.711000000000000227e+02
4.760900000000000318e+02
4.810900000000000318e+02
4.870099999999999909e+02
4.919700000000000273e+02
5.001000000000000227e+02
5.189199999999999591e+02
5.240000000000000000e+02
5.320299999999999727e+02
5.360600000000000591e+02
5.570600000000000591e+02
5.649900000000000091e+02
5.729400000000000546e+02
5.760299999999999727e+02
5.849300000000000637e+02
5.939600000000000364e+02
5.978000000000000682e+02
6.109600000000000364e+02
6.139500000000000455e+02
6.160299999999999727e+02
6.218700000000000045e+02
6.289300000000000637e+02
6.399500000000000455e+02
6.459400000000000546e+02
6.479700000000000273e+02
6.509700000000000273e+02
6.538600000000000136e+02
6.678400000000000318e+02
6.728600000000000136e+02
6.758700000000000045e+02
6.788200000000000500e+02
6.809600000000000364e+02
6.888400000000000318e+02
6.998400000000000318e+02
7.058999999999999773e+02
7.079500000000000455e+02
7.128600000000000136e+02
7.199199999999999591e+02
7.277699999999999818e+02
7.367799999999999727e+02
7.407300000000000182e+02
7.487599999999999909e+02
7.518200000000000500e+02
7.707500000000000000e+02
7.827899999999999636e+02
7.926200000000000045e+02
7.948100000000000591e+02
8.047100000000000364e+02
8.137200000000000273e+02
8.287500000000000000e+02
8.336499999999999773e+02
8.417799999999999727e+02
8.467400000000000091e+02
8.517899999999999636e+02
8.577000000000000455e+02
8.756599999999999682e+02
8.856200000000000045e+02
8.947200000000000273e+02
9.035900000000000318e+02
9.087200000000000273e+02
9.345700000000000500e+02
9.416499999999999773e+02
9.465700000000000500e+02
9.646000000000000227e+02
9.816800000000000637e+02
9.837599999999999909e+02
9.864700000000000273e+02
9.895900000000000318e+02
9.924900000000000091e+02
9.945900000000000318e+02
9.977100000000000364e+02
