6.330000000000000071e+00
2.437999999999999901e+01
4.981000000000000227e+01
5.217000000000000171e+01
1.182999999999999972e+02
1.523100000000000023e+02
1.999699999999999989e+02
2.063199999999999932e+02
2.541400000000000148e+02
3.019700000000000273e+02
3.139000000000000341e+02
3.460300000000000296e+02
3.702099999999999795e+02
4.078799999999999955e+02
4.160799999999999841e+02
4.939300000000000068e+02
5.075099999999999909e+02
5.276399999999999864e+02
5.977100000000000364e+02
6.075099999999999909e+02
6.496800000000000637e+02
6.856499999999999773e+02
7.014300000000000637e+02
7.177200000000000273e+02
7.635000000000000000e+02
7.753100000000000591e+02
8.012699999999999818e+02
8.335000000000000000e+02
9.735199999999999818e+02
