1.760000000000000142e+01
5.714999999999999858e+01
7.687000000000000455e+01
8.648000000000000398e+01
9.351000000000000512e+01
1.039399999999999977e+02
1.067100000000000080e+02
1.139900000000000091e+02
1.209399999999999977e+02
1.271700000000000017e+02
1.508900000000000148e+02
1.766100000000000136e+02
1.789300000000000068e+02
1.838400000000000034e+02
1.883499999999999943e+02
1.981299999999999955e+02
2.094699999999999989e+02
2.281700000000000159e+02
2.430300000000000011e+02
2.437300000000000182e+02
2.481500000000000057e+02
2.683700000000000045e+02
2.708999999999999773e+02
2.728500000000000227e+02
2.805099999999999909e+02
2.988500000000000227e+02
3.062800000000000296e+02
3.209000000000000341e+02
3.338299999999999841e+02
3.405400000000000205e+02
3.480699999999999932e+02
3.517099999999999795e+02
3.598899999999999864e+02
3.754800000000000182e+02
3.826500000000000341e+02
3.981999999999999886e+02
4.065500000000000114e+02
4.261999999999999886e+02
4.274700000000000273e+02
4.293500000000000227e+02
4.314200000000000159e+02
4.460699999999999932e+02
4.568700000000000045e+02
4.687699999999999818e+02
5.304300000000000637e+02
5.437200000000000273e+02
5.559700000000000273e+02
5.711599999999999682e+02
5.833400000000000318e+02
5.864099999999999682e+02
5.928600000000000136e+02
5.953200000000000500e+02
6.117500000000000000e+02
6.218999999999999773e+02
6.339800000000000182e+02
6.384400000000000546e+02
6.445199999999999818e+02
6.481299999999999955e+02
6.694300000000000637e+02
6.752200000000000273e+02
6.890000000000000000e+02
6.958500000000000227e+02
7.113400000000000318e+02
7.183500000000000227e+02
7.202200000000000273e+02
7.229400000000000546e+02
7.304800000000000182e+02
7.337500000000000000e+02
7.404900000000000091e+02
7.445199999999999818e+02
7.555399999999999636e+02
7.577799999999999727e+02
7.587300000000000182e+02
7.820399999999999636e+02
8.054700000000000273e+02
8.085700000000000500e+02
8.163400000000000318e+02
8.167799999999999727e+02
8.214800000000000182e+02
8.246700000000000728e+02
8.259300000000000637e+02
8.428200000000000500e+02
8.536800000000000637e+02
8.580900000000000318e+02
8.829200000000000728e+02
9.092599999999999909e+02
9.358200000000000500e+02
9.406000000000000227e+02
9.817899999999999636e+02
9.892000000000000455e+02
