1.510999999999999943e+01
2.441000000000000014e+01
4.417000000000000171e+01
5.500000000000000000e+01
7.437999999999999545e+01
1.047000000000000028e+02
1.237900000000000063e+02
1.248100000000000023e+02
1.455300000000000011e+02
1.548499999999999943e+02
1.740300000000000011e+02
1.845099999999999909e+02
1.848100000000000023e+02
1.937199999999999989e+02
2.146400000000000148e+02
2.249600000000000080e+02
2.254399999999999977e+02
2.438100000000000023e+02
2.546800000000000068e+02
2.648600000000000136e+02
2.961600000000000250e+02
3.046800000000000068e+02
3.046800000000000068e+02
3.250699999999999932e+02
3.357500000000000000e+02
3.439000000000000341e+02
3.458199999999999932e+02
3.944200000000000159e+02
3.951800000000000068e+02
4.046000000000000227e+02
4.056600000000000250e+02
4.242699999999999818e+02
4.337800000000000296e+02
4.347599999999999909e+02
4.539600000000000364e+02
4.645199999999999818e+02
4.833600000000000136e+02
4.947200000000000273e+02
5.034900000000000091e+02
5.036299999999999955e+02
5.246599999999999682e+02
5.331900000000000546e+02
5.342500000000000000e+02
5.738999999999999773e+02
5.839099999999999682e+02
6.039199999999999591e+02
6.140900000000000318e+02
6.144500000000000455e+02
6.340099999999999909e+02
6.441299999999999955e+02
6.537300000000000182e+02
6.742100000000000364e+02
6.842500000000000000e+02
6.853200000000000500e+02
6.937300000000000182e+02
7.136699999999999591e+02
7.241900000000000546e+02
7.335600000000000591e+02
7.536699999999999591e+02
7.539300000000000637e+02
7.732200000000000273e+02
7.933700000000000045e+02
7.944800000000000182e+02
8.046200000000000045e+02
8.150000000000000000e+02
8.339600000000000364e+02
8.453500000000000227e+02
8.627899999999999636e+02
8.646000000000000227e+02
8.742300000000000182e+02
8.751900000000000546e+02
8.827899999999999636e+02
8.935900000000000318e+02
8.936700000000000728e+02
9.044700000000000273e+02
9.046700000000000728e+02
9.135299999999999727e+02
9.333000000000000682e+02
9.540399999999999636e+02
9.629400000000000546e+02
9.840000000000000000e+02
9.841499999999999773e+02
9.933700000000000045e+02
9.936200000000000045e+02
