3.990000000000000213e+00
6.060000000000000497e+00
1.415000000000000036e+01
1.616000000000000014e+01
2.474000000000000199e+01
3.453999999999999915e+01
3.657000000000000028e+01
4.431000000000000227e+01
4.717000000000000171e+01
5.450999999999999801e+01
5.653999999999999915e+01
6.540999999999999659e+01
7.443999999999999773e+01
8.435999999999999943e+01
8.659000000000000341e+01
9.423999999999999488e+01
9.629000000000000625e+01
1.041099999999999994e+02
1.061200000000000045e+02
1.151700000000000017e+02
1.236300000000000097e+02
1.256500000000000057e+02
1.342500000000000000e+02
1.441400000000000148e+02
1.461500000000000057e+02
1.552299999999999898e+02
1.649600000000000080e+02
1.670200000000000102e+02
1.744900000000000091e+02
1.765200000000000102e+02
1.844399999999999977e+02
1.941800000000000068e+02
2.045300000000000011e+02
2.145800000000000125e+02
2.238100000000000023e+02
2.258300000000000125e+02
2.347800000000000011e+02
2.368100000000000023e+02
2.441800000000000068e+02
2.552600000000000193e+02
2.647800000000000296e+02
2.667900000000000205e+02
2.739200000000000159e+02
2.845799999999999841e+02
2.871600000000000250e+02
2.949800000000000182e+02
2.970000000000000000e+02
3.035500000000000114e+02
3.055699999999999932e+02
3.142599999999999909e+02
3.165000000000000000e+02
3.239499999999999886e+02
3.261000000000000227e+02
3.360099999999999909e+02
3.444399999999999977e+02
3.469399999999999977e+02
3.538799999999999955e+02
3.565699999999999932e+02
3.632300000000000182e+02
3.652699999999999818e+02
3.741500000000000341e+02
3.840600000000000023e+02
3.864800000000000182e+02
3.945799999999999841e+02
4.035500000000000114e+02
4.060300000000000296e+02
4.134399999999999977e+02
4.240799999999999841e+02
4.261399999999999864e+02
4.339499999999999886e+02
4.363199999999999932e+02
4.445600000000000023e+02
4.466200000000000045e+02
4.536899999999999977e+02
4.563299999999999841e+02
4.632100000000000364e+02
4.652200000000000273e+02
4.739800000000000182e+02
4.760000000000000000e+02
4.838600000000000136e+02
4.942700000000000387e+02
5.036600000000000250e+02
5.059100000000000250e+02
5.130499999999999545e+02
5.155499999999999545e+02
5.230700000000000500e+02
5.262400000000000091e+02
5.336100000000000136e+02
5.362899999999999636e+02
5.426900000000000546e+02
5.454199999999999591e+02
5.531599999999999682e+02
5.552899999999999636e+02
5.634900000000000091e+02
5.740700000000000500e+02
5.837400000000000091e+02
5.857899999999999636e+02
5.934400000000000546e+02
5.954500000000000455e+02
6.045199999999999818e+02
6.141599999999999682e+02
6.163200000000000500e+02
6.229199999999999591e+02
6.260199999999999818e+02
6.333899999999999864e+02
6.353999999999999773e+02
6.438700000000000045e+02
6.462400000000000091e+02
6.529199999999999591e+02
6.549300000000000637e+02
6.653999999999999773e+02
6.728899999999999864e+02
6.748999999999999773e+02
6.838799999999999955e+02
6.859099999999999682e+02
6.937799999999999727e+02
7.043700000000000045e+02
7.129900000000000091e+02
7.150000000000000000e+02
7.240099999999999909e+02
7.339900000000000091e+02
7.360199999999999818e+02
7.430600000000000591e+02
7.457500000000000000e+02
7.533500000000000227e+02
7.553700000000000045e+02
7.638300000000000409e+02
7.658799999999999955e+02
7.737500000000000000e+02
7.833200000000000500e+02
7.859700000000000273e+02
7.930700000000000500e+02
7.951000000000000227e+02
8.027799999999999727e+02
8.052000000000000455e+02
8.134800000000000182e+02
8.155500000000000682e+02
8.225800000000000409e+02
8.245900000000000318e+02
8.334200000000000728e+02
8.430399999999999636e+02
8.450600000000000591e+02
8.527899999999999636e+02
8.563600000000000136e+02
8.632300000000000182e+02
8.652400000000000091e+02
8.738000000000000682e+02
8.758100000000000591e+02
8.825800000000000409e+02
8.846399999999999864e+02
8.935299999999999727e+02
8.961000000000000227e+02
9.030199999999999818e+02
9.050399999999999636e+02
9.131900000000000546e+02
9.152100000000000364e+02
9.258899999999999864e+02
9.328100000000000591e+02
9.348600000000000136e+02
9.430500000000000682e+02
9.532200000000000273e+02
9.553899999999999864e+02
9.627599999999999909e+02
9.647799999999999727e+02
9.733600000000000136e+02
9.828500000000000227e+02
9.848899999999999864e+02
9.931100000000000136e+02
9.951299999999999955e+02
