6.610000000000000320e+00
9.259999999999999787e+00
2.656000000000000227e+01
4.610999999999999943e+01
4.913000000000000256e+01
6.671000000000000796e+01
8.798000000000000398e+01
1.058599999999999994e+02
1.260499999999999972e+02
1.289499999999999886e+02
1.457000000000000171e+02
1.666200000000000045e+02
1.840900000000000034e+02
1.869799999999999898e+02
2.055200000000000102e+02
2.084399999999999977e+02
2.298400000000000034e+02
2.455399999999999920e+02
2.483300000000000125e+02
2.663700000000000045e+02
2.857400000000000091e+02
2.892699999999999818e+02
3.075500000000000114e+02
3.243899999999999864e+02
3.274800000000000182e+02
3.465300000000000296e+02
3.666999999999999886e+02
3.859000000000000341e+02
4.054100000000000250e+02
4.262400000000000091e+02
4.464900000000000091e+02
4.649900000000000091e+02
4.852300000000000182e+02
4.874900000000000091e+02
5.059900000000000091e+02
5.261200000000000045e+02
5.286699999999999591e+02
5.456200000000000045e+02
5.650099999999999909e+02
5.678300000000000409e+02
5.869400000000000546e+02
6.054300000000000637e+02
6.079700000000000273e+02
6.256599999999999682e+02
6.440199999999999818e+02
6.467000000000000455e+02
6.846000000000000227e+02
6.887500000000000000e+02
7.245099999999999909e+02
7.273300000000000409e+02
7.647699999999999818e+02
7.856200000000000045e+02
8.048899999999999864e+02
8.079800000000000182e+02
8.242000000000000455e+02
8.435700000000000500e+02
8.664200000000000728e+02
8.846900000000000546e+02
8.880199999999999818e+02
9.049400000000000546e+02
9.248300000000000409e+02
9.272799999999999727e+02
9.456200000000000045e+02
9.643799999999999955e+02
9.668200000000000500e+02
9.848100000000000591e+02
9.877000000000000455e+02
