5.320000000000000284e+00
4.452000000000000313e+01
1.862000000000000171e+02
3.202599999999999909e+02
5.320000000000000284e+00
4.452000000000000313e+01
1.142400000000000091e+02
1.187800000000000011e+02
1.861899999999999977e+02
3.202599999999999909e+02
4.963000000000000114e+02
5.320000000000000284e+00
4.452000000000000313e+01
1.142600000000000051e+02
1.861899999999999977e+02
3.202599999999999909e+02
4.963299999999999841e+02
5.320000000000000284e+00
4.452000000000000313e+01
1.142800000000000011e+02
1.861899999999999977e+02
3.202599999999999909e+02
4.963700000000000045e+02
5.320000000000000284e+00
4.452000000000000313e+01
1.143200000000000074e+02
1.862000000000000171e+02
3.202599999999999909e+02
5.320000000000000284e+00
4.452000000000000313e+01
1.862000000000000171e+02
3.202599999999999909e+02
5.320000000000000284e+00
4.452000000000000313e+01
1.862000000000000171e+02
3.202599999999999909e+02
5.320000000000000284e+00
4.452000000000000313e+01
1.862000000000000171e+02
3.202599999999999909e+02
5.320000000000000284e+00
4.452000000000000313e+01
1.862000000000000171e+02
3.202599999999999909e+02
5.320000000000000284e+00
4.452000000000000313e+01
1.862000000000000171e+02
3.202599999999999909e+02
