4.709999999999999964e+00
6.730000000000000426e+00
1.497000000000000064e+01
1.719999999999999929e+01
2.560000000000000142e+01
3.421999999999999886e+01
3.623000000000000398e+01
4.446999999999999886e+01
5.467000000000000171e+01
6.456000000000000227e+01
7.479999999999999716e+01
7.690999999999999659e+01
8.510999999999999943e+01
8.714000000000000057e+01
9.367000000000000171e+01
9.674000000000000909e+01
1.043100000000000023e+02
1.063200000000000074e+02
1.138799999999999955e+02
1.161000000000000085e+02
1.234699999999999989e+02
1.254800000000000040e+02
1.337800000000000011e+02
1.357899999999999920e+02
1.439799999999999898e+02
1.460000000000000000e+02
1.544399999999999977e+02
1.564500000000000171e+02
1.643400000000000034e+02
1.747000000000000171e+02
1.772700000000000102e+02
1.846500000000000057e+02
1.866800000000000068e+02
1.935900000000000034e+02
1.955999999999999943e+02
2.047800000000000011e+02
2.139800000000000182e+02
2.243600000000000136e+02
2.263700000000000045e+02
2.341500000000000057e+02
2.365999999999999943e+02
2.438000000000000114e+02
2.458199999999999932e+02
2.538000000000000114e+02
2.560300000000000296e+02
2.639399999999999977e+02
2.662200000000000273e+02
2.735400000000000205e+02
2.755799999999999841e+02
2.838400000000000318e+02
2.862800000000000296e+02
2.937200000000000273e+02
2.957300000000000182e+02
3.053600000000000136e+02
3.146100000000000136e+02
3.238899999999999864e+02
3.259100000000000250e+02
3.335000000000000000e+02
3.355199999999999818e+02
3.445400000000000205e+02
3.474100000000000250e+02
3.556200000000000045e+02
3.636200000000000045e+02
3.656299999999999955e+02
3.746800000000000068e+02
3.840199999999999818e+02
3.945400000000000205e+02
3.965699999999999932e+02
4.036299999999999955e+02
4.060199999999999818e+02
4.140000000000000000e+02
4.167699999999999818e+02
4.231500000000000341e+02
4.259399999999999977e+02
4.338400000000000318e+02
4.438899999999999864e+02
4.464800000000000182e+02
4.537699999999999818e+02
4.557900000000000205e+02
4.640199999999999818e+02
4.660500000000000114e+02
4.734100000000000250e+02
4.762300000000000182e+02
4.846899999999999977e+02
4.928000000000000114e+02
4.950200000000000387e+02
5.043799999999999955e+02
5.136000000000000227e+02
5.163300000000000409e+02
5.245499999999999545e+02
5.337400000000000091e+02
5.436100000000000136e+02
5.456399999999999864e+02
5.538799999999999955e+02
5.563400000000000318e+02
5.636699999999999591e+02
5.657500000000000000e+02
5.734099999999999682e+02
5.836900000000000546e+02
5.859700000000000273e+02
5.943400000000000318e+02
5.963600000000000136e+02
6.040299999999999727e+02
6.061100000000000136e+02
6.140299999999999727e+02
6.160399999999999636e+02
6.247000000000000455e+02
6.329199999999999591e+02
6.349300000000000637e+02
6.440299999999999727e+02
6.535099999999999909e+02
6.630399999999999636e+02
6.650700000000000500e+02
6.732699999999999818e+02
6.755900000000000318e+02
6.841599999999999682e+02
6.863200000000000500e+02
6.940399999999999636e+02
6.960600000000000591e+02
7.033000000000000682e+02
7.055700000000000500e+02
7.140500000000000682e+02
7.160700000000000500e+02
7.242799999999999727e+02
7.266299999999999955e+02
7.337000000000000455e+02
7.357100000000000364e+02
7.433799999999999955e+02
7.463100000000000591e+02
7.535700000000000500e+02
7.556299999999999955e+02
7.627799999999999727e+02
7.648000000000000682e+02
7.731000000000000227e+02
7.751100000000000136e+02
7.832000000000000455e+02
7.852100000000000364e+02
7.929099999999999682e+02
7.949700000000000273e+02
8.031299999999999955e+02
8.051399999999999864e+02
8.152899999999999636e+02
8.235099999999999909e+02
8.331800000000000637e+02
8.427500000000000000e+02
8.447699999999999818e+02
8.533200000000000500e+02
8.558500000000000227e+02
8.633899999999999864e+02
8.728999999999999773e+02
8.757799999999999727e+02
8.833100000000000591e+02
8.861299999999999955e+02
8.926299999999999955e+02
8.946499999999999773e+02
9.036299999999999955e+02
9.056599999999999682e+02
9.131700000000000728e+02
9.152300000000000182e+02
9.235500000000000682e+02
9.333700000000000045e+02
9.361599999999999682e+02
9.436800000000000637e+02
9.458600000000000136e+02
9.535099999999999909e+02
9.560900000000000318e+02
9.628899999999999864e+02
9.649200000000000728e+02
9.731599999999999682e+02
9.751700000000000728e+02
9.834500000000000455e+02
9.858300000000000409e+02
9.928100000000000591e+02
9.949400000000000546e+02
