6.320000000000000284e+00
9.080000000000000071e+00
1.009999999999999964e+01
2.633999999999999986e+01
2.706000000000000227e+01
2.930000000000000071e+01
4.603999999999999915e+01
4.663000000000000256e+01
4.882999999999999829e+01
4.942000000000000171e+01
6.465000000000000568e+01
6.648000000000000398e+01
6.728000000000000114e+01
7.032000000000000739e+01
8.804000000000000625e+01
8.804000000000000625e+01
1.056299999999999955e+02
1.065300000000000011e+02
1.252300000000000040e+02
1.280000000000000000e+02
1.461200000000000045e+02
1.467599999999999909e+02
1.658000000000000114e+02
1.672199999999999989e+02
1.685999999999999943e+02
1.846200000000000045e+02
1.857299999999999898e+02
1.868900000000000148e+02
2.052400000000000091e+02
2.065399999999999920e+02
2.105200000000000102e+02
2.274099999999999966e+02
2.297500000000000000e+02
2.452199999999999989e+02
2.456100000000000136e+02
2.463400000000000034e+02
2.483799999999999955e+02
2.484600000000000080e+02
2.660500000000000114e+02
2.667900000000000205e+02
2.886899999999999977e+02
3.059000000000000341e+02
3.073600000000000136e+02
3.085300000000000296e+02
3.242800000000000296e+02
3.273400000000000318e+02
3.662300000000000182e+02
3.671399999999999864e+02
3.843000000000000114e+02
3.884499999999999886e+02
4.049200000000000159e+02
4.262599999999999909e+02
4.464200000000000159e+02
4.477100000000000364e+02
4.645900000000000318e+02
4.658500000000000227e+02
4.693799999999999955e+02
4.866500000000000341e+02
4.869399999999999977e+02
4.871800000000000068e+02
5.056999999999999886e+02
5.091100000000000136e+02
5.255099999999999909e+02
5.271399999999999864e+02
5.279500000000000455e+02
5.435499999999999545e+02
5.460000000000000000e+02
5.498799999999999955e+02
5.647599999999999909e+02
5.670700000000000500e+02
5.679700000000000273e+02
5.871000000000000227e+02
5.886599999999999682e+02
6.054300000000000637e+02
6.067400000000000091e+02
6.077699999999999818e+02
6.242599999999999909e+02
6.257500000000000000e+02
6.289099999999999682e+02
6.437200000000000273e+02
6.442200000000000273e+02
6.467599999999999909e+02
6.468000000000000682e+02
6.473200000000000500e+02
6.491200000000000045e+02
6.644800000000000182e+02
6.838500000000000227e+02
6.850600000000000591e+02
6.876100000000000136e+02
7.062699999999999818e+02
7.244400000000000546e+02
7.245600000000000591e+02
7.270800000000000409e+02
7.300000000000000000e+02
7.646900000000000546e+02
7.684800000000000182e+02
7.853600000000000136e+02
7.864300000000000637e+02
7.877300000000000182e+02
8.048500000000000227e+02
8.052599999999999909e+02
8.079200000000000728e+02
8.241700000000000728e+02
8.252599999999999909e+02
8.431399999999999864e+02
8.460900000000000318e+02
8.477500000000000000e+02
8.667300000000000182e+02
8.670000000000000000e+02
8.846399999999999864e+02
8.858000000000000682e+02
8.870199999999999818e+02
9.045600000000000591e+02
9.077100000000000364e+02
9.229500000000000455e+02
9.267400000000000091e+02
9.450399999999999636e+02
9.636700000000000728e+02
9.659600000000000364e+02
9.669700000000000273e+02
9.679900000000000091e+02
9.853300000000000409e+02
