2.850000000000000089e+00
1.102999999999999936e+01
1.953000000000000114e+01
2.753999999999999915e+01
3.175000000000000000e+01
3.488000000000000256e+01
3.957999999999999829e+01
4.328999999999999915e+01
5.099000000000000199e+01
5.532000000000000028e+01
5.910999999999999943e+01
6.317999999999999972e+01
7.107999999999999829e+01
7.501000000000000512e+01
7.898000000000000398e+01
8.301000000000000512e+01
9.101999999999999602e+01
9.882000000000000739e+01
1.029399999999999977e+02
1.072500000000000000e+02
1.108200000000000074e+02
1.153900000000000006e+02
1.229900000000000091e+02
1.269900000000000091e+02
1.349900000000000091e+02
1.468499999999999943e+02
1.508499999999999943e+02
1.553499999999999943e+02
1.671500000000000057e+02
1.710699999999999932e+02
1.750000000000000000e+02
1.789300000000000068e+02
1.830600000000000023e+02
1.909799999999999898e+02
1.987500000000000000e+02
2.030900000000000034e+02
2.067599999999999909e+02
2.109000000000000057e+02
2.149900000000000091e+02
2.274600000000000080e+02
2.348199999999999932e+02
2.389600000000000080e+02
2.430399999999999920e+02
2.475200000000000102e+02
2.509200000000000159e+02
2.551100000000000136e+02
2.628000000000000114e+02
2.668400000000000318e+02
2.752900000000000205e+02
2.787800000000000296e+02
2.827200000000000273e+02
2.868299999999999841e+02
2.952699999999999818e+02
2.991100000000000136e+02
3.028400000000000318e+02
3.068700000000000045e+02
3.103799999999999955e+02
3.146100000000000136e+02
3.189200000000000159e+02
3.229800000000000182e+02
3.267300000000000182e+02
3.349900000000000091e+02
3.391600000000000250e+02
3.432599999999999909e+02
3.464100000000000250e+02
3.508000000000000114e+02
3.549900000000000091e+02
3.593899999999999864e+02
3.666100000000000136e+02
3.704900000000000091e+02
3.746600000000000250e+02
3.788799999999999955e+02
3.825900000000000318e+02
3.949900000000000091e+02
4.027300000000000182e+02
4.064300000000000068e+02
4.105300000000000296e+02
4.226999999999999886e+02
4.265199999999999818e+02
4.306899999999999977e+02
4.430000000000000000e+02
4.464900000000000091e+02
4.506800000000000068e+02
4.543899999999999864e+02
4.587699999999999818e+02
4.626500000000000341e+02
4.707599999999999909e+02
4.748899999999999864e+02
4.824499999999999886e+02
4.867599999999999909e+02
4.909700000000000273e+02
4.944800000000000182e+02
4.986700000000000159e+02
5.028700000000000045e+02
5.103400000000000318e+02
5.142799999999999727e+02
5.223300000000000409e+02
5.344400000000000546e+02
5.420099999999999909e+02
5.462899999999999636e+02
5.506599999999999682e+02
5.623100000000000591e+02
5.664099999999999682e+02
5.703500000000000227e+02
5.787300000000000182e+02
5.827599999999999909e+02
5.902300000000000182e+02
5.942500000000000000e+02
5.987699999999999818e+02
6.061100000000000136e+02
6.104700000000000273e+02
6.144900000000000091e+02
6.227400000000000091e+02
6.263400000000000318e+02
6.342500000000000000e+02
6.383300000000000409e+02
6.426200000000000045e+02
6.464300000000000637e+02
6.504099999999999682e+02
6.546800000000000637e+02
6.583999999999999773e+02
6.668799999999999955e+02
6.703600000000000136e+02
6.782799999999999727e+02
6.822599999999999909e+02
6.861499999999999773e+02
6.946299999999999955e+02
7.022400000000000091e+02
7.062899999999999636e+02
7.100500000000000682e+02
7.149400000000000546e+02
7.221599999999999682e+02
7.263300000000000409e+02
7.304500000000000455e+02
7.344300000000000637e+02
7.386100000000000136e+02
7.460299999999999727e+02
7.502200000000000273e+02
7.541200000000000045e+02
7.662699999999999818e+02
7.700600000000000591e+02
7.818500000000000227e+02
7.862500000000000000e+02
7.944900000000000091e+02
7.985700000000000500e+02
8.021700000000000728e+02
8.143200000000000500e+02
8.222899999999999636e+02
8.347100000000000364e+02
8.379400000000000546e+02
8.421299999999999955e+02
8.462699999999999818e+02
8.501200000000000045e+02
8.623700000000000045e+02
8.699400000000000546e+02
8.739200000000000728e+02
8.785500000000000682e+02
8.820600000000000591e+02
8.860700000000000500e+02
8.901399999999999864e+02
8.939200000000000728e+02
8.981000000000000227e+02
9.019900000000000091e+02
9.060600000000000591e+02
9.098200000000000500e+02
9.143400000000000318e+02
9.184099999999999682e+02
9.219300000000000637e+02
9.258200000000000500e+02
9.299200000000000728e+02
9.338700000000000045e+02
9.420900000000000318e+02
9.458000000000000682e+02
9.499099999999999682e+02
9.538500000000000227e+02
9.576599999999999682e+02
9.619500000000000455e+02
9.663799999999999955e+02
9.701299999999999955e+02
9.741800000000000637e+02
9.821000000000000227e+02
9.899600000000000364e+02
9.978600000000000136e+02
