8.385999999999999943e+01
9.439000000000000057e+01
1.264699999999999989e+02
1.287599999999999909e+02
1.308100000000000023e+02
1.673100000000000023e+02
2.033499999999999943e+02
2.071100000000000136e+02
2.142500000000000000e+02
2.516299999999999955e+02
2.656399999999999864e+02
2.907300000000000182e+02
2.933299999999999841e+02
3.036000000000000227e+02
3.272699999999999818e+02
3.683299999999999841e+02
4.304900000000000091e+02
4.411000000000000227e+02
4.750400000000000205e+02
5.359400000000000546e+02
5.945399999999999636e+02
5.978000000000000682e+02
6.434400000000000546e+02
6.553400000000000318e+02
7.232500000000000000e+02
7.304800000000000182e+02
7.793500000000000227e+02
8.782300000000000182e+02
9.002799999999999727e+02
9.162400000000000091e+02
9.677599999999999909e+02
