6.910000000000000142e+00
9.910000000000000142e+00
1.241000000000000014e+01
1.457000000000000028e+01
1.667999999999999972e+01
1.878000000000000114e+01
5.838000000000000256e+01
6.055000000000000426e+01
6.353999999999999915e+01
6.567000000000000171e+01
6.776000000000000512e+01
7.101999999999999602e+01
1.055199999999999960e+02
1.077500000000000000e+02
1.099000000000000057e+02
1.139800000000000040e+02
1.162999999999999972e+02
1.184399999999999977e+02
1.582700000000000102e+02
1.608700000000000045e+02
1.631299999999999955e+02
1.652700000000000102e+02
1.676700000000000159e+02
2.068700000000000045e+02
2.092000000000000171e+02
2.117800000000000011e+02
2.139399999999999977e+02
2.160699999999999932e+02
2.181899999999999977e+02
2.204600000000000080e+02
2.587500000000000000e+02
2.616999999999999886e+02
2.641800000000000068e+02
2.664599999999999795e+02
2.718199999999999932e+02
3.066399999999999864e+02
3.095600000000000023e+02
3.118500000000000227e+02
3.142099999999999795e+02
3.165500000000000114e+02
3.194800000000000182e+02
3.220300000000000296e+02
3.592099999999999795e+02
3.633500000000000227e+02
3.664599999999999795e+02
3.690000000000000000e+02
4.096200000000000045e+02
4.117400000000000091e+02
4.145600000000000023e+02
4.181399999999999864e+02
4.203899999999999864e+02
4.568500000000000227e+02
4.610799999999999841e+02
4.632900000000000205e+02
4.660300000000000296e+02
4.683500000000000227e+02
4.705799999999999841e+02
5.086800000000000068e+02
5.125900000000000318e+02
5.146900000000000546e+02
5.176800000000000637e+02
5.214800000000000182e+02
5.623500000000000227e+02
5.648400000000000318e+02
5.681499999999999773e+02
5.703799999999999955e+02
6.087100000000000364e+02
6.111499999999999773e+02
6.133000000000000682e+02
6.154800000000000182e+02
6.177000000000000455e+02
6.592000000000000455e+02
6.622599999999999909e+02
6.643600000000000136e+02
6.664199999999999591e+02
6.688799999999999955e+02
6.729199999999999591e+02
7.080000000000000000e+02
7.102100000000000364e+02
7.123400000000000318e+02
7.147699999999999818e+02
7.173700000000000045e+02
7.196599999999999682e+02
7.218200000000000500e+02
7.240000000000000000e+02
7.591200000000000045e+02
7.626900000000000546e+02
7.647899999999999636e+02
7.672100000000000364e+02
7.701299999999999955e+02
8.100700000000000500e+02
8.122699999999999818e+02
8.145000000000000000e+02
8.166200000000000045e+02
8.187699999999999818e+02
8.607100000000000364e+02
8.634200000000000728e+02
8.658500000000000227e+02
8.680299999999999727e+02
8.716299999999999955e+02
9.066599999999999682e+02
9.089300000000000637e+02
9.115700000000000500e+02
9.137100000000000364e+02
9.168100000000000591e+02
9.199500000000000455e+02
9.230600000000000591e+02
9.563700000000000045e+02
9.632400000000000091e+02
9.671000000000000227e+02
9.706700000000000728e+02
