5.919999999999999929e+00
9.189999999999999503e+00
2.514000000000000057e+01
2.744999999999999929e+01
3.046999999999999886e+01
4.589999999999999858e+01
4.796999999999999886e+01
5.032999999999999829e+01
6.478000000000000114e+01
6.704999999999999716e+01
6.948999999999999488e+01
8.492000000000000171e+01
8.778000000000000114e+01
1.047999999999999972e+02
1.069000000000000057e+02
1.242900000000000063e+02
1.264500000000000028e+02
1.290500000000000114e+02
1.458700000000000045e+02
1.480000000000000000e+02
1.646899999999999977e+02
1.670900000000000034e+02
1.839000000000000057e+02
1.875399999999999920e+02
2.041200000000000045e+02
2.067899999999999920e+02
2.088900000000000148e+02
2.249399999999999977e+02
2.276100000000000136e+02
2.454300000000000068e+02
2.479000000000000057e+02
2.663000000000000114e+02
2.684499999999999886e+02
2.845699999999999932e+02
2.888600000000000136e+02
3.030900000000000318e+02
3.052500000000000000e+02
3.074800000000000182e+02
3.104599999999999795e+02
3.243899999999999864e+02
3.266000000000000227e+02
3.438899999999999864e+02
3.645300000000000296e+02
3.666700000000000159e+02
3.689399999999999977e+02
3.852300000000000182e+02
3.874100000000000250e+02
4.043400000000000318e+02
4.065900000000000318e+02
4.087500000000000000e+02
4.268600000000000136e+02
4.293899999999999864e+02
4.444399999999999977e+02
4.471000000000000227e+02
4.654300000000000068e+02
4.688400000000000318e+02
4.849499999999999886e+02
4.877900000000000205e+02
5.042500000000000000e+02
5.065200000000000387e+02
5.251399999999999864e+02
5.280000000000000000e+02
5.466399999999999864e+02
5.630800000000000409e+02
5.655700000000000500e+02
5.680099999999999909e+02
5.843899999999999864e+02
5.867599999999999909e+02
6.035399999999999636e+02
6.056399999999999864e+02
6.239900000000000091e+02
6.268899999999999864e+02
6.436699999999999591e+02
6.457699999999999818e+02
6.482599999999999909e+02
6.639300000000000637e+02
6.661000000000000227e+02
6.693999999999999773e+02
6.848899999999999864e+02
6.873600000000000136e+02
7.053700000000000045e+02
7.075099999999999909e+02
7.225700000000000500e+02
7.251599999999999682e+02
7.275099999999999909e+02
7.431699999999999591e+02
7.453500000000000227e+02
7.486000000000000227e+02
7.643999999999999773e+02
7.670900000000000318e+02
7.837400000000000091e+02
7.858799999999999955e+02
8.034099999999999682e+02
8.055800000000000409e+02
8.077899999999999636e+02
8.232699999999999818e+02
8.253600000000000136e+02
8.276700000000000728e+02
8.445600000000000591e+02
8.482100000000000364e+02
8.635600000000000591e+02
8.657699999999999818e+02
8.690600000000000591e+02
8.841700000000000728e+02
8.868200000000000500e+02
9.026100000000000136e+02
9.049900000000000091e+02
9.071000000000000227e+02
9.234600000000000364e+02
9.258700000000000045e+02
9.280800000000000409e+02
9.430399999999999636e+02
9.451200000000000045e+02
9.479099999999999682e+02
9.640199999999999818e+02
9.669900000000000091e+02
9.820900000000000318e+02
9.843799999999999955e+02
9.867100000000000364e+02
