1.000000000000000000e+01
1.251999999999999957e+01
1.473000000000000043e+01
1.691000000000000014e+01
1.926999999999999957e+01
6.007000000000000028e+01
6.359000000000000341e+01
6.585999999999999943e+01
6.814000000000000057e+01
7.129000000000000625e+01
1.057600000000000051e+02
1.087400000000000091e+02
1.140400000000000063e+02
1.165199999999999960e+02
1.188299999999999983e+02
1.583900000000000148e+02
1.614000000000000057e+02
1.637400000000000091e+02
1.662599999999999909e+02
1.695099999999999909e+02
2.069500000000000171e+02
2.095300000000000011e+02
2.119000000000000057e+02
2.145399999999999920e+02
2.175900000000000034e+02
2.199000000000000057e+02
2.589700000000000273e+02
2.618299999999999841e+02
2.643199999999999932e+02
2.666000000000000227e+02
2.719300000000000068e+02
3.077300000000000182e+02
3.118400000000000318e+02
3.143000000000000114e+02
3.195400000000000205e+02
3.224700000000000273e+02
3.592900000000000205e+02
3.640500000000000114e+02
3.665699999999999932e+02
3.691899999999999977e+02
4.105300000000000296e+02
4.137800000000000296e+02
4.182900000000000205e+02
4.214100000000000250e+02
4.572800000000000296e+02
4.611399999999999864e+02
4.636000000000000227e+02
4.672100000000000364e+02
4.701800000000000068e+02
5.088000000000000114e+02
5.126900000000000546e+02
5.148700000000000045e+02
5.178300000000000409e+02
5.215900000000000318e+02
5.624600000000000364e+02
5.655500000000000682e+02
5.684099999999999682e+02
6.088600000000000136e+02
6.129500000000000455e+02
6.152599999999999909e+02
6.177100000000000364e+02
6.593100000000000591e+02
6.629400000000000546e+02
6.651399999999999864e+02
6.674300000000000637e+02
6.698000000000000682e+02
6.730199999999999818e+02
7.081100000000000136e+02
7.103100000000000591e+02
7.125099999999999909e+02
7.154900000000000091e+02
7.182300000000000182e+02
7.206599999999999682e+02
7.239700000000000273e+02
7.591800000000000637e+02
7.635000000000000000e+02
7.656800000000000637e+02
7.685000000000000000e+02
8.102000000000000455e+02
8.140399999999999636e+02
8.165500000000000682e+02
8.188799999999999955e+02
8.610000000000000000e+02
8.635000000000000000e+02
8.659500000000000455e+02
8.683400000000000318e+02
8.718400000000000318e+02
9.068200000000000500e+02
9.102699999999999818e+02
9.136499999999999773e+02
9.169500000000000455e+02
9.201599999999999682e+02
9.232599999999999909e+02
9.633600000000000136e+02
9.675099999999999909e+02
9.707899999999999636e+02
