4.830000000000000071e+00
1.191999999999999993e+01
5.577000000000000313e+01
9.970000000000000284e+01
1.108100000000000023e+02
1.287899999999999920e+02
1.756599999999999966e+02
2.026400000000000148e+02
2.057100000000000080e+02
2.315200000000000102e+02
2.336200000000000045e+02
2.576200000000000045e+02
3.115699999999999932e+02
3.244700000000000273e+02
3.335400000000000205e+02
4.065099999999999909e+02
4.335799999999999841e+02
4.555099999999999909e+02
4.734000000000000341e+02
4.855400000000000205e+02
5.144700000000000273e+02
5.373400000000000318e+02
5.623600000000000136e+02
6.085299999999999727e+02
6.163999999999999773e+02
6.363700000000000045e+02
6.563999999999999773e+02
7.240399999999999636e+02
7.331000000000000227e+02
7.383200000000000500e+02
7.552100000000000364e+02
7.692500000000000000e+02
7.761299999999999955e+02
7.901900000000000546e+02
8.240700000000000500e+02
8.591399999999999864e+02
9.059600000000000364e+02
9.220600000000000591e+02
9.308799999999999955e+02
9.380700000000000500e+02
