4.299999999999999822e+00
1.475000000000000000e+01
2.410000000000000142e+01
3.402000000000000313e+01
4.356000000000000227e+01
5.391000000000000369e+01
7.385000000000000853e+01
8.467000000000000171e+01
9.362000000000000455e+01
1.042500000000000000e+02
1.237800000000000011e+02
1.338600000000000136e+02
1.435500000000000114e+02
1.458300000000000125e+02
1.547100000000000080e+02
1.657000000000000171e+02
1.738600000000000136e+02
1.840900000000000034e+02
1.951899999999999977e+02
2.038400000000000034e+02
2.141800000000000068e+02
2.248000000000000114e+02
2.340000000000000000e+02
2.436700000000000159e+02
2.545300000000000011e+02
2.643199999999999932e+02
2.853299999999999841e+02
2.955000000000000000e+02
3.031700000000000159e+02
3.137099999999999795e+02
3.232699999999999818e+02
3.351500000000000341e+02
3.435799999999999841e+02
3.536000000000000227e+02
3.641100000000000136e+02
3.836000000000000227e+02
3.940600000000000023e+02
4.037100000000000364e+02
4.133899999999999864e+02
4.239399999999999977e+02
4.332599999999999909e+02
4.439100000000000250e+02
4.537200000000000273e+02
4.639900000000000091e+02
4.739200000000000159e+02
4.830500000000000114e+02
4.946399999999999864e+02
5.030900000000000318e+02
5.148300000000000409e+02
5.231800000000000637e+02
5.328600000000000136e+02
5.552699999999999818e+02
5.637400000000000091e+02
5.738200000000000500e+02
5.834800000000000182e+02
6.037799999999999727e+02
6.134900000000000091e+02
6.228700000000000045e+02
6.337400000000000091e+02
6.432300000000000182e+02
6.536800000000000637e+02
6.648600000000000136e+02
6.746699999999999591e+02
6.833600000000000136e+02
6.929400000000000546e+02
7.129600000000000364e+02
7.152400000000000091e+02
7.236200000000000045e+02
7.331699999999999591e+02
7.448600000000000136e+02
7.534600000000000364e+02
7.632100000000000364e+02
7.729900000000000091e+02
7.828700000000000045e+02
7.933500000000000227e+02
8.032799999999999727e+02
8.235600000000000591e+02
8.331100000000000136e+02
8.449700000000000273e+02
8.528600000000000136e+02
8.627100000000000364e+02
8.649800000000000182e+02
8.729700000000000273e+02
8.820299999999999727e+02
8.850900000000000318e+02
8.928700000000000045e+02
9.035000000000000000e+02
9.136499999999999773e+02
9.324400000000000546e+02
9.438799999999999955e+02
9.537300000000000182e+02
9.632000000000000455e+02
9.825000000000000000e+02
9.929300000000000637e+02
