6.759999999999999787e+00
1.014000000000000057e+01
1.341999999999999993e+01
1.555000000000000071e+01
1.758000000000000185e+01
1.960999999999999943e+01
2.382000000000000028e+01
5.691000000000000369e+01
6.038000000000000256e+01
6.404999999999999716e+01
6.659000000000000341e+01
6.885000000000000853e+01
7.168000000000000682e+01
1.059099999999999966e+02
1.086500000000000057e+02
1.106700000000000017e+02
1.138299999999999983e+02
1.158500000000000085e+02
1.184600000000000080e+02
1.204699999999999989e+02
1.244200000000000017e+02
1.575500000000000114e+02
1.595900000000000034e+02
1.615999999999999943e+02
1.636200000000000045e+02
1.656599999999999966e+02
1.683000000000000114e+02
1.703199999999999932e+02
1.738100000000000023e+02
2.076100000000000136e+02
2.096500000000000057e+02
2.116700000000000159e+02
2.145900000000000034e+02
2.166899999999999977e+02
2.187199999999999989e+02
2.207800000000000011e+02
2.587900000000000205e+02
2.608000000000000114e+02
2.629499999999999886e+02
2.652300000000000182e+02
2.673799999999999955e+02
2.695600000000000023e+02
2.716800000000000068e+02
3.075300000000000296e+02
3.103299999999999841e+02
3.125300000000000296e+02
3.151800000000000068e+02
3.174599999999999795e+02
3.194700000000000273e+02
3.218899999999999864e+02
3.239100000000000250e+02
3.586100000000000136e+02
3.606200000000000045e+02
3.643299999999999841e+02
3.671000000000000227e+02
3.692400000000000091e+02
3.715600000000000023e+02
4.081500000000000341e+02
4.104100000000000250e+02
4.124300000000000068e+02
4.144499999999999886e+02
4.168799999999999955e+02
4.189200000000000159e+02
4.209800000000000182e+02
4.244399999999999977e+02
4.573299999999999841e+02
4.606200000000000045e+02
4.640300000000000296e+02
4.660699999999999932e+02
4.681299999999999955e+02
4.708100000000000023e+02
4.748700000000000045e+02
5.075500000000000114e+02
5.096600000000000250e+02
5.117700000000000387e+02
5.138300000000000409e+02
5.158899999999999864e+02
5.185499999999999545e+02
5.223400000000000318e+02
5.247799999999999727e+02
5.581900000000000546e+02
5.603400000000000318e+02
5.624800000000000182e+02
5.645199999999999818e+02
5.665299999999999727e+02
5.688600000000000136e+02
5.709199999999999591e+02
5.735299999999999727e+02
6.085800000000000409e+02
6.106299999999999955e+02
6.135000000000000000e+02
6.159300000000000637e+02
6.183799999999999955e+02
6.207400000000000091e+02
6.243799999999999955e+02
6.575199999999999818e+02
6.599600000000000364e+02
6.619700000000000273e+02
6.640199999999999818e+02
6.660600000000000591e+02
6.681000000000000227e+02
6.714199999999999591e+02
6.736399999999999864e+02
7.060600000000000591e+02
7.085800000000000409e+02
7.108000000000000682e+02
7.129400000000000546e+02
7.152100000000000364e+02
7.172599999999999909e+02
7.192899999999999636e+02
7.217200000000000273e+02
7.237599999999999909e+02
7.572899999999999636e+02
7.600199999999999818e+02
7.622300000000000182e+02
7.642500000000000000e+02
7.666100000000000136e+02
7.689300000000000637e+02
7.709400000000000546e+02
7.759400000000000546e+02
8.068799999999999955e+02
8.088899999999999864e+02
8.109800000000000182e+02
8.148999999999999773e+02
8.172899999999999636e+02
8.196399999999999864e+02
8.216599999999999682e+02
8.601100000000000136e+02
8.621299999999999955e+02
8.644900000000000091e+02
8.668600000000000136e+02
8.689099999999999682e+02
8.709200000000000728e+02
8.736200000000000045e+02
8.758400000000000318e+02
9.065399999999999636e+02
9.091200000000000045e+02
9.111499999999999773e+02
9.144500000000000455e+02
9.167500000000000000e+02
9.187699999999999818e+02
9.210600000000000591e+02
9.239099999999999682e+02
9.267500000000000000e+02
9.559700000000000273e+02
9.583899999999999864e+02
9.614700000000000273e+02
9.644200000000000728e+02
9.685399999999999636e+02
9.712400000000000091e+02
9.737200000000000273e+02
