4.879999999999999893e+00
2.076000000000000156e+01
3.082000000000000028e+01
3.491000000000000369e+01
4.291000000000000369e+01
5.884000000000000341e+01
7.079000000000000625e+01
7.876999999999999602e+01
9.273000000000000398e+01
9.651000000000000512e+01
9.871000000000000796e+01
1.064600000000000080e+02
1.168299999999999983e+02
1.266599999999999966e+02
1.386500000000000057e+02
1.508700000000000045e+02
1.547100000000000080e+02
1.628400000000000034e+02
1.706299999999999955e+02
1.746100000000000136e+02
1.784500000000000171e+02
1.806400000000000148e+02
1.906100000000000136e+02
2.105600000000000023e+02
2.227500000000000000e+02
2.367800000000000011e+02
2.504900000000000091e+02
2.525699999999999932e+02
2.565300000000000296e+02
2.722800000000000296e+02
2.764700000000000273e+02
2.805699999999999932e+02
2.885199999999999818e+02
2.966600000000000250e+02
3.127300000000000182e+02
3.149000000000000341e+02
3.225900000000000318e+02
3.503500000000000227e+02
3.563799999999999955e+02
3.745000000000000000e+02
3.824300000000000068e+02
3.883299999999999841e+02
4.043500000000000227e+02
4.106000000000000227e+02
4.162599999999999909e+02
4.262900000000000205e+02
4.344900000000000091e+02
4.383000000000000114e+02
4.405500000000000114e+02
4.503600000000000136e+02
4.564200000000000159e+02
4.605199999999999818e+02
4.642400000000000091e+02
4.821500000000000341e+02
4.843299999999999841e+02
4.882500000000000000e+02
4.922700000000000387e+02
5.022400000000000091e+02
5.061000000000000227e+02
5.102400000000000091e+02
5.221399999999999864e+02
5.323100000000000591e+02
5.344400000000000546e+02
5.502599999999999909e+02
5.643899999999999864e+02
5.742400000000000091e+02
5.884700000000000273e+02
5.962699999999999818e+02
6.042500000000000000e+02
6.082300000000000182e+02
6.104600000000000364e+02
6.182200000000000273e+02
6.221000000000000227e+02
6.382000000000000455e+02
6.562599999999999909e+02
6.621900000000000546e+02
6.701200000000000045e+02
6.724199999999999591e+02
6.917799999999999727e+02
7.018500000000000227e+02
7.182699999999999818e+02
7.221100000000000136e+02
7.341800000000000637e+02
7.420800000000000409e+02
7.498200000000000500e+02
7.600700000000000500e+02
7.679099999999999682e+02
7.700800000000000409e+02
7.760500000000000682e+02
7.821599999999999682e+02
7.998200000000000500e+02
8.059200000000000728e+02
8.238100000000000591e+02
8.400399999999999636e+02
8.479700000000000273e+02
8.501299999999999955e+02
8.539200000000000728e+02
8.560800000000000409e+02
8.601100000000000136e+02
8.641399999999999864e+02
8.818899999999999864e+02
8.918200000000000500e+02
8.939600000000000364e+02
8.980600000000000591e+02
9.058500000000000227e+02
9.138400000000000318e+02
9.178799999999999955e+02
9.239099999999999682e+02
9.279500000000000455e+02
9.354900000000000091e+02
9.398700000000000045e+02
9.420700000000000500e+02
9.458400000000000318e+02
9.519900000000000091e+02
9.680900000000000318e+02
9.717699999999999818e+02
9.818400000000000318e+02
9.857799999999999727e+02
9.899500000000000455e+02
