2.609999999999999876e+00
4.660000000000000142e+00
6.690000000000000391e+00
1.051999999999999957e+01
1.283999999999999986e+01
1.306000000000000050e+01
2.044999999999999929e+01
2.083000000000000185e+01
2.455000000000000071e+01
2.660999999999999943e+01
3.050000000000000000e+01
3.256000000000000227e+01
3.263000000000000256e+01
3.466000000000000369e+01
3.855000000000000426e+01
4.263000000000000256e+01
4.660000000000000142e+01
5.442999999999999972e+01
5.473000000000000398e+01
5.853999999999999915e+01
5.877000000000000313e+01
6.856000000000000227e+01
7.039000000000000057e+01
7.073000000000000398e+01
7.276000000000000512e+01
7.670000000000000284e+01
7.839000000000000057e+01
7.881000000000000227e+01
8.076999999999999602e+01
8.251000000000000512e+01
9.253000000000000114e+01
9.273999999999999488e+01
9.637000000000000455e+01
9.654000000000000625e+01
9.846999999999999886e+01
9.890000000000000568e+01
1.024800000000000040e+02
1.044699999999999989e+02
1.063100000000000023e+02
1.064099999999999966e+02
1.067100000000000080e+02
1.086200000000000045e+02
1.125499999999999972e+02
1.145100000000000051e+02
1.165400000000000063e+02
1.166299999999999955e+02
1.205400000000000063e+02
1.265100000000000051e+02
1.267800000000000011e+02
1.303300000000000125e+02
1.324099999999999966e+02
1.369200000000000159e+02
1.384200000000000159e+02
1.405800000000000125e+02
1.425200000000000102e+02
1.485900000000000034e+02
1.505900000000000034e+02
1.524000000000000057e+02
1.526200000000000045e+02
1.546599999999999966e+02
1.546899999999999977e+02
1.567400000000000091e+02
1.583799999999999955e+02
1.605099999999999909e+02
1.608100000000000023e+02
1.628700000000000045e+02
1.644699999999999989e+02
1.685999999999999943e+02
1.705300000000000011e+02
1.745399999999999920e+02
1.745399999999999920e+02
1.783900000000000148e+02
1.784200000000000159e+02
1.804900000000000091e+02
1.807400000000000091e+02
1.845999999999999943e+02
1.867299999999999898e+02
1.902800000000000011e+02
2.025500000000000114e+02
2.044200000000000159e+02
2.061500000000000057e+02
2.104000000000000057e+02
2.104200000000000159e+02
2.125900000000000034e+02
2.144200000000000159e+02
2.165500000000000114e+02
2.201700000000000159e+02
2.226500000000000057e+02
2.244600000000000080e+02
2.244600000000000080e+02
2.264399999999999977e+02
2.345099999999999909e+02
2.365300000000000011e+02
2.367400000000000091e+02
2.447400000000000091e+02
2.482600000000000193e+02
2.503199999999999932e+02
2.504800000000000182e+02
2.505500000000000114e+02
2.525600000000000023e+02
2.564100000000000250e+02
2.564599999999999795e+02
2.585000000000000000e+02
2.626399999999999864e+02
2.646999999999999886e+02
2.720099999999999909e+02
2.721899999999999977e+02
2.743700000000000045e+02
2.762400000000000091e+02
2.781600000000000250e+02
2.802200000000000273e+02
2.825799999999999841e+02
2.864100000000000250e+02
2.884599999999999795e+02
2.939399999999999977e+02
2.963899999999999864e+02
2.965400000000000205e+02
2.985300000000000296e+02
3.004499999999999886e+02
3.045400000000000205e+02
3.062900000000000205e+02
3.123199999999999932e+02
3.125300000000000296e+02
3.145600000000000023e+02
3.184900000000000091e+02
3.185300000000000296e+02
3.200400000000000205e+02
3.224100000000000250e+02
3.243000000000000114e+02
3.302400000000000091e+02
3.323899999999999864e+02
3.344100000000000250e+02
3.362800000000000296e+02
3.401800000000000068e+02
3.465600000000000023e+02
3.486299999999999955e+02
3.501800000000000068e+02
3.502900000000000205e+02
3.559300000000000068e+02
3.561999999999999886e+02
3.581399999999999864e+02
3.583000000000000114e+02
3.601899999999999977e+02
3.622500000000000000e+02
3.742200000000000273e+02
3.744599999999999795e+02
3.761600000000000250e+02
3.781500000000000341e+02
3.783100000000000023e+02
3.802599999999999909e+02
3.823199999999999932e+02
3.846600000000000250e+02
3.879499999999999886e+02
3.883600000000000136e+02
3.924600000000000364e+02
3.963400000000000318e+02
3.986200000000000045e+02
4.041600000000000250e+02
4.041999999999999886e+02
4.062400000000000091e+02
4.101299999999999955e+02
4.123100000000000023e+02
4.123400000000000318e+02
4.141800000000000068e+02
4.162100000000000364e+02
4.162699999999999818e+02
4.162800000000000296e+02
4.182599999999999909e+02
4.201700000000000159e+02
4.222400000000000091e+02
4.259900000000000091e+02
4.343100000000000023e+02
4.343500000000000227e+02
4.380699999999999932e+02
4.386000000000000227e+02
4.404200000000000159e+02
4.424600000000000364e+02
4.501100000000000136e+02
4.504399999999999977e+02
4.524700000000000273e+02
4.539900000000000091e+02
4.562699999999999818e+02
4.583600000000000136e+02
4.603400000000000318e+02
4.639900000000000091e+02
4.657599999999999909e+02
4.722599999999999909e+02
4.743500000000000227e+02
4.764499999999999886e+02
4.802100000000000364e+02
4.820900000000000318e+02
4.822300000000000182e+02
4.839600000000000364e+02
4.842500000000000000e+02
4.881399999999999864e+02
4.901899999999999977e+02
4.922300000000000182e+02
4.923500000000000227e+02
4.961700000000000159e+02
5.001399999999999864e+02
5.020500000000000114e+02
5.021800000000000068e+02
5.058700000000000045e+02
5.060099999999999909e+02
5.080300000000000296e+02
5.100400000000000205e+02
5.101700000000000159e+02
5.122100000000000364e+02
5.138799999999999955e+02
5.181299999999999955e+02
5.218600000000000136e+02
5.220099999999999909e+02
5.261299999999999955e+02
5.299900000000000091e+02
5.320199999999999818e+02
5.340299999999999727e+02
5.340800000000000409e+02
5.361100000000000136e+02
5.418799999999999955e+02
5.442699999999999818e+02
5.443500000000000227e+02
5.500099999999999909e+02
5.561299999999999955e+02
5.579700000000000273e+02
5.641100000000000136e+02
5.720900000000000318e+02
5.738000000000000682e+02
5.780800000000000409e+02
5.821800000000000637e+02
5.883000000000000682e+02
5.960900000000000318e+02
5.979500000000000455e+02
6.000600000000000591e+02
6.019600000000000364e+02
6.039900000000000091e+02
6.079099999999999682e+02
6.082200000000000273e+02
6.100000000000000000e+02
6.102699999999999818e+02
6.141000000000000227e+02
6.162000000000000455e+02
6.182300000000000182e+02
6.219600000000000364e+02
6.320399999999999636e+02
6.339300000000000637e+02
6.359800000000000182e+02
6.378500000000000227e+02
6.401800000000000637e+02
6.418000000000000682e+02
6.423100000000000591e+02
6.520500000000000682e+02
6.560099999999999909e+02
6.580299999999999727e+02
6.598799999999999955e+02
6.619500000000000455e+02
6.622300000000000182e+02
6.660600000000000591e+02
6.681200000000000045e+02
6.681399999999999864e+02
6.701599999999999682e+02
6.721699999999999591e+02
6.797500000000000000e+02
6.820800000000000409e+02
6.840900000000000318e+02
6.857200000000000273e+02
6.916499999999999773e+02
6.916499999999999773e+02
6.938500000000000227e+02
6.962599999999999909e+02
6.998300000000000409e+02
7.018500000000000227e+02
7.040800000000000409e+02
7.058500000000000227e+02
7.116399999999999864e+02
7.181800000000000637e+02
7.198799999999999955e+02
7.218200000000000500e+02
7.220199999999999818e+02
7.237400000000000091e+02
7.238600000000000136e+02
7.296200000000000045e+02
7.339099999999999682e+02
7.362799999999999727e+02
7.383400000000000318e+02
7.418600000000000136e+02
7.495800000000000409e+02
7.517500000000000000e+02
7.536699999999999591e+02
7.561000000000000227e+02
7.578200000000000500e+02
7.597500000000000000e+02
7.600099999999999909e+02
7.618000000000000682e+02
7.655600000000000591e+02
7.677599999999999909e+02
7.677799999999999727e+02
7.698200000000000500e+02
7.719900000000000091e+02
7.758999999999999773e+02
7.779900000000000091e+02
7.818700000000000045e+02
7.838999999999999773e+02
7.839300000000000637e+02
7.879700000000000273e+02
7.899600000000000364e+02
7.938799999999999955e+02
7.979700000000000273e+02
7.996200000000000045e+02
8.002300000000000182e+02
8.037500000000000000e+02
8.056700000000000728e+02
8.058999999999999773e+02
8.079700000000000273e+02
8.119200000000000728e+02
8.158500000000000227e+02
8.176800000000000637e+02
8.236599999999999682e+02
8.237000000000000455e+02
8.377699999999999818e+02
8.380399999999999636e+02
8.398000000000000682e+02
8.417200000000000273e+02
8.418899999999999864e+02
8.477300000000000182e+02
8.495700000000000500e+02
8.498999999999999773e+02
8.535500000000000682e+02
8.538799999999999955e+02
8.558999999999999773e+02
8.580199999999999818e+02
8.600700000000000500e+02
8.615800000000000409e+02
8.677500000000000000e+02
8.698300000000000409e+02
8.718100000000000591e+02
8.817799999999999727e+02
8.818200000000000500e+02
8.877200000000000273e+02
8.916000000000000227e+02
8.919099999999999682e+02
8.935600000000000591e+02
8.959099999999999682e+02
8.979300000000000637e+02
9.018000000000000682e+02
9.057400000000000091e+02
9.057500000000000000e+02
9.058500000000000227e+02
9.118799999999999955e+02
9.136499999999999773e+02
9.137300000000000182e+02
9.160099999999999909e+02
9.199800000000000182e+02
9.234900000000000091e+02
9.236499999999999773e+02
9.276900000000000546e+02
9.278400000000000318e+02
9.338200000000000500e+02
9.354200000000000728e+02
9.358700000000000045e+02
9.359200000000000728e+02
9.377899999999999636e+02
9.398500000000000227e+02
9.416700000000000728e+02
9.418899999999999864e+02
9.453100000000000591e+02
9.460700000000000500e+02
9.496200000000000045e+02
9.498700000000000045e+02
9.519099999999999682e+02
9.577899999999999636e+02
9.678899999999999864e+02
9.680099999999999909e+02
9.715199999999999818e+02
9.717799999999999727e+02
9.736700000000000728e+02
9.779300000000000637e+02
9.816499999999999773e+02
9.817400000000000091e+02
9.836100000000000136e+02
9.836800000000000637e+02
9.856299999999999955e+02
9.858899999999999864e+02
9.877000000000000455e+02
9.879500000000000455e+02
9.897300000000000182e+02
9.900000000000000000e+02
9.977500000000000000e+02
9.996399999999999864e+02
