5.020000000000000462e+00
7.040000000000000036e+00
9.870000000000000995e+00
2.476000000000000156e+01
2.707000000000000028e+01
2.912999999999999901e+01
3.144999999999999929e+01
4.517999999999999972e+01
4.720000000000000284e+01
4.921000000000000085e+01
5.127000000000000313e+01
6.526999999999999602e+01
6.728000000000000114e+01
6.929000000000000625e+01
8.562000000000000455e+01
8.835999999999999943e+01
9.037999999999999545e+01
9.256000000000000227e+01
1.057000000000000028e+02
1.077100000000000080e+02
1.097400000000000091e+02
1.252800000000000011e+02
1.272900000000000063e+02
1.294699999999999989e+02
1.314900000000000091e+02
1.469500000000000171e+02
1.489699999999999989e+02
1.511100000000000136e+02
1.652899999999999920e+02
1.673199999999999932e+02
1.698300000000000125e+02
1.847599999999999909e+02
1.883900000000000148e+02
1.904200000000000159e+02
2.047400000000000091e+02
2.078700000000000045e+02
2.099000000000000057e+02
2.251700000000000159e+02
2.271800000000000068e+02
2.291899999999999977e+02
2.464099999999999966e+02
2.484600000000000080e+02
2.504900000000000091e+02
2.641499999999999773e+02
2.672599999999999909e+02
2.693299999999999841e+02
2.853199999999999932e+02
2.873500000000000227e+02
2.900400000000000205e+02
3.036200000000000045e+02
3.062599999999999909e+02
3.083500000000000227e+02
3.111800000000000068e+02
3.242500000000000000e+02
3.268500000000000227e+02
3.292200000000000273e+02
3.447900000000000205e+02
3.468000000000000114e+02
3.504700000000000273e+02
3.652200000000000273e+02
3.672500000000000000e+02
3.709000000000000341e+02
3.841700000000000159e+02
3.862599999999999909e+02
3.883700000000000045e+02
3.905400000000000205e+02
4.038799999999999955e+02
4.058899999999999864e+02
4.079000000000000341e+02
4.099100000000000250e+02
4.119300000000000068e+02
4.248000000000000114e+02
4.269600000000000364e+02
4.289800000000000182e+02
4.310000000000000000e+02
4.452699999999999818e+02
4.484000000000000341e+02
4.632800000000000296e+02
4.661800000000000068e+02
4.693400000000000318e+02
4.840300000000000296e+02
4.860600000000000023e+02
4.885400000000000205e+02
4.905900000000000318e+02
5.051000000000000227e+02
5.072300000000000182e+02
5.092500000000000000e+02
5.247999999999999545e+02
5.268300000000000409e+02
5.288500000000000227e+02
5.437400000000000091e+02
5.461100000000000136e+02
5.481299999999999955e+02
5.507100000000000364e+02
5.635800000000000409e+02
5.656000000000000227e+02
5.689099999999999682e+02
5.850500000000000682e+02
5.870700000000000500e+02
5.892799999999999727e+02
6.034900000000000091e+02
6.060500000000000682e+02
6.238600000000000136e+02
6.258700000000000045e+02
6.278899999999999864e+02
6.303000000000000682e+02
6.439199999999999591e+02
6.459300000000000637e+02
6.479500000000000455e+02
6.500600000000000591e+02
6.647500000000000000e+02
6.667599999999999909e+02
6.692100000000000364e+02
6.856000000000000227e+02
6.876200000000000045e+02
7.050199999999999818e+02
7.070299999999999727e+02
7.090500000000000682e+02
7.233000000000000682e+02
7.253500000000000227e+02
7.273600000000000136e+02
7.293899999999999864e+02
7.428200000000000500e+02
7.458700000000000045e+02
7.478899999999999864e+02
7.499099999999999682e+02
7.633799999999999955e+02
7.653999999999999773e+02
7.681399999999999864e+02
7.840299999999999727e+02
7.860500000000000682e+02
7.888000000000000682e+02
8.041299999999999955e+02
8.063200000000000500e+02
8.083400000000000318e+02
8.237899999999999636e+02
8.261900000000000546e+02
8.293700000000000045e+02
8.426000000000000227e+02
8.453799999999999955e+02
8.485900000000000318e+02
8.506200000000000045e+02
8.643500000000000227e+02
8.668100000000000591e+02
8.699900000000000091e+02
8.828899999999999864e+02
8.849099999999999682e+02
8.871100000000000136e+02
9.035700000000000500e+02
9.056800000000000637e+02
9.077100000000000364e+02
9.242599999999999909e+02
9.268700000000000045e+02
9.438899999999999864e+02
9.458999999999999773e+02
9.493500000000000227e+02
9.647000000000000455e+02
9.667200000000000273e+02
9.696800000000000637e+02
9.827400000000000091e+02
9.847599999999999909e+02
9.867699999999999818e+02
9.887799999999999727e+02
9.908000000000000682e+02
