7.379999999999999893e+00
1.026999999999999957e+01
2.741000000000000014e+01
3.017999999999999972e+01
3.254999999999999716e+01
4.711999999999999744e+01
4.925999999999999801e+01
6.568000000000000682e+01
6.778000000000000114e+01
7.078000000000000114e+01
8.796999999999999886e+01
1.067400000000000091e+02
1.096400000000000006e+02
1.263800000000000097e+02
1.297700000000000102e+02
1.469600000000000080e+02
1.490800000000000125e+02
1.668400000000000034e+02
1.696899999999999977e+02
1.856400000000000148e+02
1.879600000000000080e+02
2.058799999999999955e+02
2.080000000000000000e+02
2.116299999999999955e+02
2.256200000000000045e+02
2.284000000000000057e+02
2.308100000000000023e+02
2.463499999999999943e+02
2.494699999999999989e+02
2.520200000000000102e+02
2.670500000000000114e+02
2.868400000000000318e+02
2.898299999999999841e+02
3.069399999999999977e+02
3.096600000000000250e+02
3.254200000000000159e+02
3.285199999999999818e+02
3.455600000000000023e+02
3.479000000000000341e+02
3.664900000000000091e+02
3.691299999999999955e+02
3.854000000000000341e+02
3.896000000000000227e+02
4.060000000000000000e+02
4.081299999999999955e+02
4.274200000000000159e+02
4.310400000000000205e+02
4.470099999999999909e+02
4.656100000000000136e+02
4.680900000000000318e+02
4.705099999999999909e+02
4.877800000000000296e+02
5.068100000000000023e+02
5.090300000000000296e+02
5.114499999999999886e+02
5.266399999999999864e+02
5.288700000000000045e+02
5.445700000000000500e+02
5.466499999999999773e+02
5.510600000000000591e+02
5.656800000000000637e+02
5.679300000000000637e+02
5.882400000000000091e+02
6.065299999999999727e+02
6.086499999999999773e+02
6.252799999999999727e+02
6.300900000000000318e+02
6.447899999999999636e+02
6.477500000000000000e+02
6.502599999999999909e+02
6.656100000000000136e+02
6.693799999999999955e+02
6.849600000000000364e+02
6.886399999999999864e+02
7.063100000000000591e+02
7.254600000000000364e+02
7.282599999999999909e+02
7.311299999999999955e+02
7.658500000000000227e+02
7.696599999999999682e+02
7.863200000000000500e+02
7.888500000000000227e+02
8.059700000000000273e+02
8.090800000000000409e+02
8.252699999999999818e+02
8.436200000000000045e+02
8.457899999999999636e+02
8.488200000000000500e+02
8.677699999999999818e+02
8.857699999999999818e+02
8.880600000000000591e+02
9.056900000000000546e+02
9.088300000000000409e+02
9.240600000000000591e+02
9.261599999999999682e+02
9.443899999999999864e+02
9.464900000000000091e+02
9.648000000000000682e+02
9.670000000000000000e+02
9.691000000000000227e+02
9.864700000000000273e+02
9.887400000000000091e+02
