6.009999999999999787e+00
3.403000000000000114e+01
3.624000000000000199e+01
4.832999999999999829e+01
1.518900000000000148e+02
1.660099999999999909e+02
2.280699999999999932e+02
2.517600000000000193e+02
3.638500000000000227e+02
3.938199999999999932e+02
4.156899999999999977e+02
4.218100000000000023e+02
4.359100000000000250e+02
4.577699999999999818e+02
4.935200000000000387e+02
5.036600000000000250e+02
5.073299999999999841e+02
5.234300000000000637e+02
5.356800000000000637e+02
5.515800000000000409e+02
6.176699999999999591e+02
6.575000000000000000e+02
8.010500000000000682e+02
8.072000000000000455e+02
8.411200000000000045e+02
8.951200000000000045e+02
9.433400000000000318e+02
9.470299999999999727e+02
9.651000000000000227e+02
9.732599999999999909e+02
9.830800000000000409e+02
6.009999999999999787e+00
3.403000000000000114e+01
3.624000000000000199e+01
4.835000000000000142e+01
1.519099999999999966e+02
1.660500000000000114e+02
2.517600000000000193e+02
3.638500000000000227e+02
3.938199999999999932e+02
4.157200000000000273e+02
4.218100000000000023e+02
4.577900000000000205e+02
4.935200000000000387e+02
5.036700000000000159e+02
5.073600000000000136e+02
5.234600000000000364e+02
5.357000000000000455e+02
5.515800000000000409e+02
6.176800000000000637e+02
6.575099999999999909e+02
8.010600000000000591e+02
8.072100000000000364e+02
8.411399999999999864e+02
9.433700000000000045e+02
9.470399999999999636e+02
9.651200000000000045e+02
9.831000000000000227e+02
6.009999999999999787e+00
3.403000000000000114e+01
3.624000000000000199e+01
4.837000000000000455e+01
1.519300000000000068e+02
2.517600000000000193e+02
3.638500000000000227e+02
3.938199999999999932e+02
4.177500000000000000e+02
4.218100000000000023e+02
4.935300000000000296e+02
5.036899999999999977e+02
5.073899999999999864e+02
5.234900000000000091e+02
5.357400000000000091e+02
5.515800000000000409e+02
6.176900000000000546e+02
6.575299999999999727e+02
8.010600000000000591e+02
8.072200000000000273e+02
8.411599999999999682e+02
9.651499999999999773e+02
9.831100000000000136e+02
6.009999999999999787e+00
3.403000000000000114e+01
3.624000000000000199e+01
1.519600000000000080e+02
2.517600000000000193e+02
3.638500000000000227e+02
3.938299999999999841e+02
4.177599999999999909e+02
4.218100000000000023e+02
4.935300000000000296e+02
5.036999999999999886e+02
5.074399999999999977e+02
5.235299999999999727e+02
5.515800000000000409e+02
6.177000000000000455e+02
6.575500000000000682e+02
8.010700000000000500e+02
8.072200000000000273e+02
8.411900000000000546e+02
9.831299999999999955e+02
6.009999999999999787e+00
3.403999999999999915e+01
3.625000000000000000e+01
1.519900000000000091e+02
2.517600000000000193e+02
3.638500000000000227e+02
3.938299999999999841e+02
4.177699999999999818e+02
4.218100000000000023e+02
4.935300000000000296e+02
5.037200000000000273e+02
5.515800000000000409e+02
6.177200000000000273e+02
6.576000000000000227e+02
8.010700000000000500e+02
8.072300000000000182e+02
8.412200000000000273e+02
9.831499999999999773e+02
6.009999999999999787e+00
3.403999999999999915e+01
3.625000000000000000e+01
2.517700000000000102e+02
3.638500000000000227e+02
3.938299999999999841e+02
4.177800000000000296e+02
4.218100000000000023e+02
4.935400000000000205e+02
5.037500000000000000e+02
5.515800000000000409e+02
8.010700000000000500e+02
8.072400000000000091e+02
6.009999999999999787e+00
3.403999999999999915e+01
3.625000000000000000e+01
2.517700000000000102e+02
3.638500000000000227e+02
3.938400000000000318e+02
4.178199999999999932e+02
4.218199999999999932e+02
4.935500000000000114e+02
5.515900000000000318e+02
8.010800000000000409e+02
8.072599999999999909e+02
6.009999999999999787e+00
2.219000000000000128e+01
3.224000000000000199e+01
3.436999999999999744e+01
4.011999999999999744e+01
4.417000000000000171e+01
4.830000000000000426e+01
5.210999999999999943e+01
5.631000000000000227e+01
7.207999999999999829e+01
7.590000000000000568e+01
9.820000000000000284e+01
1.041500000000000057e+02
1.078500000000000085e+02
1.181299999999999955e+02
1.282400000000000091e+02
1.518199999999999932e+02
1.559699999999999989e+02
1.659399999999999977e+02
1.720699999999999932e+02
1.860999999999999943e+02
1.920000000000000000e+02
2.059000000000000057e+02
2.119300000000000068e+02
2.280200000000000102e+02
2.320200000000000102e+02
2.360099999999999909e+02
2.517600000000000193e+02
2.540200000000000102e+02
2.579800000000000182e+02
2.640799999999999841e+02
2.818400000000000318e+02
3.136000000000000227e+02
3.638500000000000227e+02
3.758700000000000045e+02
3.938199999999999932e+02
4.056600000000000250e+02
4.156399999999999864e+02
4.177599999999999909e+02
4.218000000000000114e+02
4.358299999999999841e+02
4.417300000000000182e+02
4.577400000000000091e+02
4.617400000000000091e+02
4.656500000000000341e+02
4.776899999999999977e+02
4.816399999999999864e+02
4.856700000000000159e+02
4.935099999999999909e+02
4.956899999999999977e+02
5.016700000000000159e+02
5.037500000000000000e+02
5.072500000000000000e+02
5.175900000000000318e+02
5.233799999999999955e+02
5.316100000000000136e+02
5.356299999999999955e+02
5.515800000000000409e+02
5.956699999999999591e+02
6.176499999999999773e+02
6.356399999999999864e+02
6.574700000000000273e+02
6.931699999999999591e+02
7.013100000000000591e+02
7.173600000000000136e+02
7.254400000000000546e+02
7.313700000000000045e+02
7.632100000000000364e+02
7.692500000000000000e+02
7.752200000000000273e+02
7.832599999999999909e+02
8.010399999999999636e+02
8.071700000000000728e+02
8.173400000000000318e+02
8.334700000000000273e+02
8.410600000000000591e+02
8.432000000000000455e+02
8.513700000000000045e+02
8.933500000000000227e+02
9.033200000000000500e+02
9.152899999999999636e+02
9.250700000000000500e+02
9.292100000000000364e+02
9.352400000000000091e+02
9.432899999999999636e+02
9.470000000000000000e+02
9.512500000000000000e+02
9.650800000000000409e+02
9.711000000000000227e+02
9.731700000000000728e+02
9.830500000000000682e+02
9.870099999999999909e+02
9.911399999999999864e+02
6.009999999999999787e+00
2.224000000000000199e+01
3.402000000000000313e+01
3.624000000000000199e+01
4.421000000000000085e+01
4.831000000000000227e+01
7.596000000000000796e+01
9.820000000000000284e+01
1.078799999999999955e+02
1.518400000000000034e+02
1.659699999999999989e+02
1.721299999999999955e+02
1.861599999999999966e+02
2.059300000000000068e+02
2.280300000000000011e+02
2.380200000000000102e+02
2.517600000000000193e+02
2.540600000000000023e+02
2.580799999999999841e+02
3.137099999999999795e+02
3.638500000000000227e+02
3.938199999999999932e+02
4.056999999999999886e+02
4.156500000000000341e+02
4.177800000000000296e+02
4.218000000000000114e+02
4.358500000000000227e+02
4.417500000000000000e+02
4.577500000000000000e+02
4.618500000000000227e+02
4.656899999999999977e+02
4.935099999999999909e+02
4.957700000000000387e+02
5.017300000000000182e+02
5.038199999999999932e+02
5.072800000000000296e+02
5.233999999999999773e+02
5.356399999999999864e+02
5.515800000000000409e+02
5.957699999999999818e+02
6.176499999999999773e+02
6.356699999999999591e+02
6.574800000000000182e+02
7.013600000000000136e+02
7.174099999999999682e+02
7.752500000000000000e+02
8.010500000000000682e+02
8.071800000000000637e+02
8.173799999999999955e+02
8.410800000000000409e+02
8.432500000000000000e+02
8.950600000000000591e+02
9.033400000000000318e+02
9.251599999999999682e+02
9.433000000000000682e+02
9.470099999999999909e+02
9.650900000000000318e+02
9.711299999999999955e+02
9.732200000000000273e+02
9.830600000000000591e+02
9.871399999999999864e+02
9.912000000000000455e+02
6.009999999999999787e+00
3.402000000000000313e+01
3.624000000000000199e+01
4.428999999999999915e+01
4.832000000000000028e+01
9.820000000000000284e+01
1.079200000000000017e+02
1.518700000000000045e+02
1.659900000000000091e+02
2.059900000000000091e+02
2.280399999999999920e+02
2.517600000000000193e+02
3.638500000000000227e+02
3.938199999999999932e+02
4.057800000000000296e+02
4.156700000000000159e+02
4.178199999999999932e+02
4.218100000000000023e+02
4.358700000000000045e+02
4.417900000000000205e+02
4.577599999999999909e+02
4.935099999999999909e+02
5.036500000000000341e+02
5.073100000000000023e+02
5.234099999999999682e+02
5.356599999999999682e+02
5.515800000000000409e+02
6.176599999999999682e+02
6.357200000000000273e+02
6.574900000000000091e+02
8.010500000000000682e+02
8.071900000000000546e+02
8.411000000000000227e+02
8.950800000000000409e+02
9.033600000000000136e+02
9.433200000000000500e+02
9.470199999999999818e+02
9.650900000000000318e+02
9.711800000000000637e+02
9.733400000000000318e+02
9.830700000000000500e+02
9.912599999999999909e+02
