2.399999999999999911e+00
6.500000000000000000e+00
9.370000000000000995e+00
1.246000000000000085e+01
1.542999999999999972e+01
1.942000000000000171e+01
2.939000000000000057e+01
3.236999999999999744e+01
4.250000000000000000e+01
5.330000000000000426e+01
7.028000000000000114e+01
7.940999999999999659e+01
8.237000000000000455e+01
9.032000000000000739e+01
9.740000000000000568e+01
1.043700000000000045e+02
1.093299999999999983e+02
1.123799999999999955e+02
1.163799999999999955e+02
1.193799999999999955e+02
1.214399999999999977e+02
1.252600000000000051e+02
1.273599999999999994e+02
1.333300000000000125e+02
1.383300000000000125e+02
1.643799999999999955e+02
1.691700000000000159e+02
1.792899999999999920e+02
1.863300000000000125e+02
1.942599999999999909e+02
2.023799999999999955e+02
2.122500000000000000e+02
2.232400000000000091e+02
2.322100000000000080e+02
2.471800000000000068e+02
2.521899999999999977e+02
2.562200000000000273e+02
2.812099999999999795e+02
3.022599999999999909e+02
3.231200000000000045e+02
3.251899999999999977e+02
3.331399999999999864e+02
3.382699999999999818e+02
3.461500000000000341e+02
3.590300000000000296e+02
3.632200000000000273e+02
3.691600000000000250e+02
3.811800000000000068e+02
3.901899999999999977e+02
3.940400000000000205e+02
3.990099999999999909e+02
4.010500000000000114e+02
4.031800000000000068e+02
4.110000000000000000e+02
4.140699999999999932e+02
4.260099999999999909e+02
4.310099999999999909e+02
4.380500000000000114e+02
4.470000000000000000e+02
4.540000000000000000e+02
4.581000000000000227e+02
4.609000000000000341e+02
4.641299999999999955e+02
4.719900000000000091e+02
4.830500000000000114e+02
5.129900000000000091e+02
5.280199999999999818e+02
5.358400000000000318e+02
5.379900000000000091e+02
5.578899999999999864e+02
5.600800000000000409e+02
5.809300000000000637e+02
5.870000000000000000e+02
5.900199999999999818e+02
5.968899999999999864e+02
6.068899999999999864e+02
6.158999999999999773e+02
6.228500000000000227e+02
6.307599999999999909e+02
6.349099999999999682e+02
6.438799999999999955e+02
6.489400000000000546e+02
6.528600000000000136e+02
6.549199999999999591e+02
6.569600000000000364e+02
6.688899999999999864e+02
6.797699999999999818e+02
6.929199999999999591e+02
6.968799999999999955e+02
7.168000000000000682e+02
7.226900000000000546e+02
7.268400000000000318e+02
7.317500000000000000e+02
7.367699999999999818e+02
7.398700000000000045e+02
7.419300000000000637e+02
7.448200000000000500e+02
7.478500000000000227e+02
7.537699999999999818e+02
7.588799999999999955e+02
7.616699999999999591e+02
7.678400000000000318e+02
7.728500000000000227e+02
7.749200000000000728e+02
7.887799999999999727e+02
7.947000000000000455e+02
7.996399999999999864e+02
8.177500000000000000e+02
8.218400000000000318e+02
8.336200000000000045e+02
8.416599999999999682e+02
8.476000000000000227e+02
8.576900000000000546e+02
8.615700000000000500e+02
8.637400000000000091e+02
8.737300000000000182e+02
8.935800000000000409e+02
9.045500000000000682e+02
9.066200000000000045e+02
9.205500000000000682e+02
9.296000000000000227e+02
9.365399999999999636e+02
9.396499999999999773e+02
9.566299999999999955e+02
9.595500000000000682e+02
9.616800000000000637e+02
9.835500000000000682e+02
9.865199999999999818e+02
9.937100000000000364e+02
