4.160000000000000142e+00
3.653999999999999915e+01
1.044099999999999966e+02
1.203500000000000085e+02
2.046299999999999955e+02
2.642200000000000273e+02
3.282099999999999795e+02
4.276200000000000045e+02
4.839000000000000341e+02
5.841000000000000227e+02
5.916200000000000045e+02
6.114400000000000546e+02
6.834700000000000273e+02
7.153500000000000227e+02
7.954800000000000182e+02
8.034400000000000546e+02
8.833300000000000409e+02
9.311200000000000045e+02
9.590800000000000409e+02
9.830700000000000500e+02
4.160000000000000142e+00
1.247000000000000064e+01
2.069000000000000128e+01
2.496000000000000085e+01
3.643999999999999773e+01
4.420000000000000284e+01
4.860000000000000142e+01
5.656000000000000227e+01
6.034000000000000341e+01
6.450000000000000000e+01
7.626000000000000512e+01
8.032000000000000739e+01
8.485000000000000853e+01
9.235000000000000853e+01
9.593000000000000682e+01
1.002999999999999972e+02
1.043200000000000074e+02
1.086299999999999955e+02
1.121200000000000045e+02
1.161800000000000068e+02
1.202999999999999972e+02
1.242100000000000080e+02
1.283499999999999943e+02
1.325000000000000000e+02
1.361500000000000057e+02
1.401700000000000159e+02
1.484399999999999977e+02
1.521400000000000148e+02
1.645399999999999920e+02
1.681700000000000159e+02
1.723700000000000045e+02
1.762199999999999989e+02
1.802199999999999989e+02
1.844300000000000068e+02
1.884500000000000171e+02
1.922500000000000000e+02
1.962400000000000091e+02
2.001100000000000136e+02
2.045000000000000000e+02
2.122400000000000091e+02
2.163900000000000148e+02
2.281400000000000148e+02
2.360000000000000000e+02
2.406400000000000148e+02
2.440300000000000011e+02
2.484600000000000080e+02
2.524200000000000159e+02
2.642200000000000273e+02
2.681800000000000068e+02
2.878100000000000023e+02
2.965300000000000296e+02
2.999599999999999795e+02
3.040199999999999818e+02
3.081700000000000159e+02
3.118700000000000045e+02
3.201399999999999864e+02
3.241600000000000250e+02
3.281200000000000045e+02
3.359399999999999977e+02
3.402699999999999818e+02
3.476700000000000159e+02
3.521000000000000227e+02
3.562900000000000205e+02
3.604399999999999977e+02
3.679300000000000068e+02
3.758500000000000227e+02
3.799599999999999795e+02
3.841299999999999955e+02
3.881100000000000136e+02
3.957900000000000205e+02
4.076299999999999955e+02
4.119300000000000068e+02
4.157599999999999909e+02
4.276200000000000045e+02
4.319499999999999886e+02
4.439499999999999886e+02
4.478400000000000318e+02
4.557699999999999818e+02
4.599100000000000250e+02
4.837400000000000091e+02
4.879399999999999977e+02
4.918899999999999864e+02
4.956200000000000045e+02
5.038799999999999955e+02
5.157599999999999909e+02
5.476599999999999682e+02
5.521100000000000136e+02
5.638200000000000500e+02
5.676200000000000045e+02
5.716900000000000546e+02
5.801200000000000045e+02
5.840700000000000500e+02
5.916200000000000045e+02
6.114400000000000546e+02
6.156699999999999591e+02
6.238000000000000682e+02
6.274700000000000273e+02
6.317500000000000000e+02
6.357599999999999909e+02
6.394800000000000182e+02
6.517699999999999818e+02
6.595500000000000682e+02
6.714400000000000546e+02
6.796399999999999864e+02
6.833899999999999864e+02
6.873000000000000682e+02
6.956699999999999591e+02
7.035299999999999727e+02
7.080299999999999727e+02
7.114500000000000455e+02
7.153000000000000682e+02
7.239099999999999682e+02
7.278200000000000500e+02
7.313600000000000136e+02
7.355199999999999818e+02
7.397799999999999727e+02
7.434300000000000637e+02
7.512799999999999727e+02
7.553200000000000500e+02
7.716599999999999682e+02
7.757599999999999909e+02
7.794600000000000364e+02
7.831000000000000227e+02
7.914700000000000273e+02
7.954300000000000637e+02
8.033999999999999773e+02
8.156399999999999864e+02
8.236000000000000227e+02
8.276800000000000637e+02
8.352899999999999636e+02
8.392300000000000182e+02
8.434099999999999682e+02
8.473999999999999773e+02
8.712500000000000000e+02
8.833000000000000682e+02
8.873700000000000045e+02
8.951299999999999955e+02
8.998999999999999773e+02
9.072300000000000182e+02
9.113200000000000500e+02
9.196900000000000546e+02
9.233300000000000409e+02
9.311100000000000136e+02
9.350900000000000318e+02
9.432899999999999636e+02
9.474700000000000273e+02
9.514700000000000273e+02
9.551100000000000136e+02
9.590399999999999636e+02
9.633300000000000409e+02
9.675800000000000409e+02
9.755700000000000500e+02
9.830700000000000500e+02
9.870500000000000682e+02
9.912500000000000000e+02
9.953200000000000500e+02
9.990800000000000409e+02
4.160000000000000142e+00
1.253000000000000114e+01
2.080000000000000071e+01
2.501999999999999957e+01
3.645000000000000284e+01
4.421999999999999886e+01
4.866000000000000369e+01
5.657999999999999829e+01
6.037000000000000455e+01
7.635000000000000853e+01
8.121000000000000796e+01
8.493000000000000682e+01
9.596000000000000796e+01
1.043299999999999983e+02
1.086400000000000006e+02
1.162000000000000028e+02
1.203100000000000023e+02
1.242300000000000040e+02
1.283799999999999955e+02
1.361899999999999977e+02
1.401899999999999977e+02
1.682299999999999898e+02
1.725000000000000000e+02
1.802800000000000011e+02
1.845099999999999909e+02
1.884900000000000091e+02
1.922800000000000011e+02
2.003400000000000034e+02
2.045099999999999909e+02
2.125800000000000125e+02
2.282199999999999989e+02
2.360200000000000102e+02
2.406899999999999977e+02
2.441299999999999955e+02
2.487500000000000000e+02
2.524600000000000080e+02
2.642200000000000273e+02
2.878600000000000136e+02
2.965500000000000114e+02
3.000000000000000000e+02
3.040900000000000318e+02
3.201899999999999977e+02
3.281299999999999955e+02
3.359599999999999795e+02
3.403000000000000114e+02
3.477200000000000273e+02
3.522099999999999795e+02
3.563199999999999932e+02
3.604599999999999795e+02
3.679599999999999795e+02
3.758799999999999955e+02
3.801299999999999955e+02
3.841399999999999864e+02
3.958299999999999841e+02
4.077800000000000296e+02
4.119499999999999886e+02
4.276200000000000045e+02
4.320300000000000296e+02
4.439800000000000182e+02
4.479399999999999977e+02
4.558199999999999932e+02
4.599499999999999886e+02
4.837500000000000000e+02
4.879700000000000273e+02
4.919900000000000091e+02
4.956399999999999864e+02
5.039300000000000068e+02
5.157599999999999909e+02
5.521200000000000045e+02
5.638600000000000136e+02
5.676299999999999955e+02
5.717200000000000273e+02
5.801800000000000637e+02
5.840700000000000500e+02
5.916200000000000045e+02
6.114400000000000546e+02
6.156900000000000546e+02
6.275099999999999909e+02
6.358100000000000591e+02
6.518000000000000682e+02
6.714600000000000364e+02
6.796800000000000637e+02
6.833999999999999773e+02
6.873300000000000409e+02
6.957799999999999727e+02
7.035500000000000682e+02
7.114700000000000273e+02
7.153000000000000682e+02
7.239700000000000273e+02
7.279099999999999682e+02
7.313999999999999773e+02
7.359900000000000091e+02
7.553500000000000227e+02
7.716800000000000637e+02
7.758000000000000682e+02
7.831299999999999955e+02
7.914800000000000182e+02
7.954400000000000546e+02
8.034099999999999682e+02
8.156599999999999682e+02
8.277000000000000455e+02
8.393300000000000409e+02
8.434400000000000546e+02
8.712799999999999727e+02
8.833100000000000591e+02
8.874200000000000728e+02
8.951599999999999682e+02
9.072400000000000091e+02
9.197100000000000364e+02
9.233999999999999773e+02
9.311100000000000136e+02
9.351700000000000728e+02
9.433100000000000591e+02
9.474900000000000091e+02
9.514900000000000091e+02
9.551299999999999955e+02
9.590399999999999636e+02
9.755900000000000318e+02
9.830700000000000500e+02
9.870900000000000318e+02
9.991000000000000227e+02
4.160000000000000142e+00
1.258999999999999986e+01
2.512999999999999901e+01
3.646000000000000085e+01
4.424000000000000199e+01
5.663000000000000256e+01
6.039000000000000057e+01
9.600000000000000000e+01
1.043400000000000034e+02
1.086400000000000006e+02
1.162199999999999989e+02
1.203100000000000023e+02
1.242500000000000000e+02
1.284099999999999966e+02
1.362299999999999898e+02
1.402100000000000080e+02
1.683000000000000114e+02
1.803300000000000125e+02
1.885300000000000011e+02
1.923100000000000023e+02
2.045300000000000011e+02
2.126500000000000057e+02
2.360699999999999932e+02
2.407500000000000000e+02
2.442400000000000091e+02
2.525000000000000000e+02
2.642200000000000273e+02
2.878899999999999864e+02
2.965699999999999932e+02
3.000600000000000023e+02
3.041299999999999955e+02
3.202599999999999909e+02
3.281399999999999864e+02
3.359800000000000182e+02
3.403299999999999841e+02
3.477699999999999818e+02
3.563500000000000227e+02
3.604900000000000091e+02
3.679900000000000091e+02
3.759200000000000159e+02
3.802699999999999818e+02
3.841600000000000250e+02
3.958799999999999955e+02
4.119800000000000182e+02
4.276200000000000045e+02
4.440199999999999818e+02
4.480500000000000114e+02
4.558600000000000136e+02
4.599700000000000273e+02
4.837599999999999909e+02
4.880000000000000000e+02
4.956600000000000250e+02
5.040799999999999841e+02
5.157699999999999818e+02
5.521399999999999864e+02
5.639199999999999591e+02
5.676399999999999864e+02
5.717500000000000000e+02
5.840700000000000500e+02
5.916200000000000045e+02
6.114400000000000546e+02
6.157100000000000364e+02
6.275600000000000591e+02
6.358799999999999955e+02
6.518200000000000500e+02
6.714900000000000091e+02
6.797200000000000273e+02
6.834099999999999682e+02
6.873600000000000136e+02
7.035800000000000409e+02
7.115000000000000000e+02
7.153100000000000591e+02
7.240399999999999636e+02
7.280099999999999909e+02
7.314300000000000637e+02
7.553799999999999955e+02
7.717000000000000455e+02
7.758400000000000318e+02
7.831599999999999682e+02
7.915099999999999909e+02
7.954400000000000546e+02
8.034099999999999682e+02
8.156800000000000637e+02
8.277300000000000182e+02
8.394099999999999682e+02
8.434700000000000273e+02
8.713100000000000591e+02
8.833100000000000591e+02
8.874600000000000364e+02
8.951900000000000546e+02
9.072500000000000000e+02
9.197300000000000182e+02
9.311100000000000136e+02
9.352300000000000182e+02
9.433300000000000409e+02
9.475000000000000000e+02
9.515199999999999818e+02
9.551599999999999682e+02
9.590399999999999636e+02
9.756100000000000136e+02
9.830700000000000500e+02
9.871200000000000045e+02
9.991299999999999955e+02
4.160000000000000142e+00
1.271000000000000085e+01
3.646999999999999886e+01
4.425999999999999801e+01
6.042999999999999972e+01
9.607000000000000739e+01
1.043500000000000085e+02
1.086500000000000057e+02
1.162600000000000051e+02
1.203100000000000023e+02
1.242800000000000011e+02
1.284399999999999977e+02
1.363000000000000114e+02
1.402299999999999898e+02
1.684500000000000171e+02
1.804300000000000068e+02
1.885800000000000125e+02
1.923600000000000136e+02
2.045399999999999920e+02
2.127199999999999989e+02
2.361200000000000045e+02
2.525500000000000114e+02
2.642200000000000273e+02
2.879200000000000159e+02
2.965900000000000318e+02
3.041700000000000159e+02
3.281500000000000341e+02
3.360099999999999909e+02
3.403700000000000045e+02
3.478100000000000023e+02
3.563899999999999864e+02
3.759599999999999795e+02
3.841700000000000159e+02
4.120000000000000000e+02
4.276200000000000045e+02
4.444200000000000159e+02
4.559100000000000250e+02
4.600000000000000000e+02
4.837800000000000296e+02
4.880400000000000205e+02
4.956999999999999886e+02
5.157799999999999727e+02
5.521699999999999591e+02
5.676499999999999773e+02
5.717799999999999727e+02
5.840800000000000409e+02
5.916200000000000045e+02
6.114400000000000546e+02
6.157300000000000182e+02
6.518500000000000227e+02
6.715099999999999909e+02
6.797799999999999727e+02
6.834199999999999591e+02
6.874099999999999682e+02
7.036100000000000136e+02
7.115399999999999636e+02
7.153100000000000591e+02
7.314600000000000364e+02
7.554099999999999682e+02
7.717300000000000182e+02
7.758999999999999773e+02
7.832000000000000455e+02
7.915399999999999636e+02
7.954400000000000546e+02
8.034099999999999682e+02
8.157100000000000364e+02
8.435199999999999818e+02
8.713400000000000318e+02
8.833100000000000591e+02
8.875000000000000000e+02
8.952300000000000182e+02
9.072699999999999818e+02
9.197500000000000000e+02
9.311100000000000136e+02
9.352799999999999727e+02
9.433500000000000227e+02
9.475299999999999727e+02
9.515500000000000682e+02
9.590500000000000682e+02
9.756399999999999864e+02
9.830700000000000500e+02
9.871599999999999682e+02
9.991599999999999682e+02
4.160000000000000142e+00
3.648000000000000398e+01
4.428000000000000114e+01
6.050000000000000000e+01
1.043599999999999994e+02
1.086500000000000057e+02
1.203200000000000074e+02
1.243100000000000023e+02
1.402599999999999909e+02
2.045500000000000114e+02
2.361599999999999966e+02
2.642200000000000273e+02
2.879499999999999886e+02
2.966200000000000045e+02
3.042200000000000273e+02
3.281600000000000250e+02
3.404499999999999886e+02
3.478700000000000045e+02
3.564599999999999795e+02
3.841899999999999977e+02
4.120400000000000205e+02
4.276200000000000045e+02
4.559600000000000364e+02
4.600400000000000205e+02
4.838100000000000023e+02
4.881200000000000045e+02
5.157899999999999636e+02
5.522100000000000364e+02
5.676599999999999682e+02
5.718100000000000591e+02
5.840800000000000409e+02
5.916200000000000045e+02
6.114400000000000546e+02
6.157500000000000000e+02
6.518899999999999864e+02
6.715299999999999727e+02
6.834300000000000637e+02
7.036399999999999864e+02
7.153100000000000591e+02
7.315000000000000000e+02
7.554500000000000455e+02
7.717799999999999727e+02
7.954500000000000455e+02
8.034200000000000728e+02
8.833200000000000500e+02
8.875900000000000318e+02
9.072799999999999727e+02
9.197899999999999636e+02
9.311100000000000136e+02
9.353300000000000409e+02
9.433799999999999955e+02
9.475600000000000591e+02
9.515900000000000318e+02
9.590500000000000682e+02
9.830700000000000500e+02
9.872300000000000182e+02
9.992000000000000455e+02
4.160000000000000142e+00
3.649000000000000199e+01
4.431000000000000227e+01
1.043700000000000045e+02
1.086599999999999966e+02
1.203200000000000074e+02
1.243500000000000085e+02
1.402899999999999920e+02
2.045600000000000023e+02
2.362199999999999989e+02
2.642200000000000273e+02
2.879900000000000091e+02
2.966700000000000159e+02
3.281700000000000159e+02
3.842100000000000364e+02
4.276200000000000045e+02
4.601100000000000136e+02
4.838299999999999841e+02
5.158200000000000500e+02
5.676699999999999591e+02
5.718400000000000318e+02
5.840800000000000409e+02
5.916200000000000045e+02
6.114400000000000546e+02
6.157699999999999818e+02
6.715600000000000591e+02
6.834400000000000546e+02
7.153200000000000500e+02
7.555199999999999818e+02
7.954500000000000455e+02
8.034200000000000728e+02
8.833200000000000500e+02
9.072899999999999636e+02
9.198600000000000136e+02
9.311100000000000136e+02
9.434300000000000637e+02
9.590600000000000591e+02
9.830700000000000500e+02
4.160000000000000142e+00
3.650000000000000000e+01
4.436999999999999744e+01
1.043700000000000045e+02
1.086700000000000017e+02
1.203299999999999983e+02
1.243800000000000097e+02
2.045699999999999932e+02
2.642200000000000273e+02
3.281800000000000068e+02
3.842300000000000182e+02
4.276200000000000045e+02
4.838500000000000227e+02
5.676800000000000637e+02
5.718799999999999955e+02
5.840900000000000318e+02
5.916200000000000045e+02
6.114400000000000546e+02
6.158100000000000591e+02
6.715900000000000318e+02
6.834400000000000546e+02
7.153200000000000500e+02
7.954600000000000364e+02
8.034200000000000728e+02
8.833200000000000500e+02
9.073100000000000591e+02
9.311200000000000045e+02
9.590600000000000591e+02
9.830700000000000500e+02
4.160000000000000142e+00
3.650000000000000000e+01
4.448000000000000398e+01
1.043799999999999955e+02
1.086800000000000068e+02
1.203299999999999983e+02
1.244200000000000017e+02
2.045800000000000125e+02
2.642200000000000273e+02
3.281800000000000068e+02
4.276200000000000045e+02
4.838600000000000136e+02
5.677000000000000455e+02
5.840900000000000318e+02
5.916200000000000045e+02
6.114400000000000546e+02
6.716599999999999682e+02
6.834500000000000455e+02
7.153300000000000409e+02
7.954600000000000364e+02
8.034300000000000637e+02
8.833200000000000500e+02
9.073400000000000318e+02
9.311200000000000045e+02
9.590600000000000591e+02
9.830700000000000500e+02
4.160000000000000142e+00
3.650999999999999801e+01
4.459000000000000341e+01
1.043900000000000006e+02
1.203400000000000034e+02
1.245199999999999960e+02
2.045999999999999943e+02
2.642200000000000273e+02
3.281899999999999977e+02
4.276200000000000045e+02
4.838700000000000045e+02
5.677200000000000273e+02
5.840900000000000318e+02
5.916200000000000045e+02
6.114400000000000546e+02
6.834600000000000364e+02
7.153400000000000318e+02
7.954700000000000273e+02
8.034300000000000637e+02
8.833300000000000409e+02
9.311200000000000045e+02
9.590700000000000500e+02
9.830700000000000500e+02
