5.810000000000000497e+00
1.238000000000000078e+01
1.773000000000000043e+01
2.389000000000000057e+01
3.023000000000000043e+01
3.227000000000000313e+01
3.613000000000000256e+01
4.003999999999999915e+01
4.410000000000000142e+01
4.824000000000000199e+01
5.170000000000000284e+01
5.621000000000000085e+01
6.403000000000000114e+01
6.773999999999999488e+01
7.184000000000000341e+01
7.570000000000000284e+01
8.787999999999999545e+01
8.993000000000000682e+01
9.210000000000000853e+01
9.581000000000000227e+01
9.801999999999999602e+01
1.040900000000000034e+02
1.097100000000000080e+02
1.119099999999999966e+02
1.140100000000000051e+02
1.160600000000000023e+02
1.181200000000000045e+02
1.238100000000000023e+02
1.378000000000000114e+02
1.439900000000000091e+02
1.460399999999999920e+02
1.517700000000000102e+02
1.556899999999999977e+02
1.615200000000000102e+02
1.659099999999999966e+02
1.718799999999999955e+02
1.815800000000000125e+02
1.860000000000000000e+02
1.919200000000000159e+02
1.995500000000000114e+02
2.015900000000000034e+02
2.057899999999999920e+02
2.094399999999999977e+02
2.118100000000000023e+02
2.159000000000000057e+02
2.279500000000000171e+02
2.318000000000000114e+02
2.359200000000000159e+02
2.379900000000000091e+02
2.400399999999999920e+02
2.420900000000000034e+02
2.478600000000000136e+02
2.517000000000000171e+02
2.537500000000000000e+02
2.596200000000000045e+02
2.638299999999999841e+02
2.715400000000000205e+02
2.759800000000000182e+02
2.798299999999999841e+02
2.818700000000000045e+02
2.998100000000000023e+02
3.096100000000000136e+02
3.134000000000000341e+02
3.255799999999999841e+02
3.340199999999999818e+02
3.360799999999999841e+02
3.437200000000000273e+02
3.458600000000000136e+02
3.495500000000000114e+02
3.637800000000000296e+02
3.696500000000000341e+02
3.735199999999999818e+02
3.774700000000000273e+02
3.936399999999999864e+02
4.038199999999999932e+02
4.074300000000000068e+02
4.155099999999999909e+02
4.217200000000000273e+02
4.255799999999999841e+02
4.414499999999999886e+02
4.475600000000000023e+02
4.575900000000000318e+02
4.615199999999999818e+02
4.635600000000000023e+02
4.656100000000000136e+02
4.677100000000000364e+02
4.772400000000000091e+02
4.813700000000000045e+02
4.835000000000000000e+02
4.855699999999999932e+02
4.876700000000000159e+02
4.933899999999999864e+02
4.954600000000000364e+02
5.014499999999999886e+02
5.035300000000000296e+02
5.071000000000000227e+02
5.152999999999999545e+02
5.173500000000000227e+02
5.193899999999999864e+02
5.233999999999999773e+02
5.272300000000000182e+02
5.315399999999999636e+02
5.434900000000000091e+02
5.455299999999999727e+02
5.495800000000000409e+02
5.516200000000000045e+02
5.554400000000000546e+02
5.792500000000000000e+02
5.914300000000000637e+02
5.954800000000000182e+02
6.012300000000000182e+02
6.071000000000000227e+02
6.175099999999999909e+02
6.213600000000000136e+02
6.250800000000000409e+02
6.271299999999999955e+02
6.355600000000000591e+02
6.453300000000000409e+02
6.473700000000000045e+02
6.494400000000000546e+02
6.532899999999999636e+02
6.573300000000000409e+02
6.672100000000000364e+02
6.793000000000000682e+02
6.814099999999999682e+02
6.851399999999999864e+02
6.891000000000000227e+02
7.009199999999999591e+02
7.110299999999999727e+02
7.132200000000000273e+02
7.171200000000000045e+02
7.250500000000000682e+02
7.291599999999999682e+02
7.312200000000000273e+02
7.332699999999999818e+02
7.371499999999999773e+02
7.411000000000000227e+02
7.431399999999999864e+02
7.471299999999999955e+02
7.533300000000000409e+02
7.553899999999999864e+02
7.613500000000000227e+02
7.672599999999999909e+02
7.729099999999999682e+02
7.749600000000000364e+02
7.830900000000000318e+02
7.893100000000000591e+02
7.931399999999999864e+02
7.953400000000000318e+02
8.008799999999999955e+02
8.030900000000000318e+02
8.071499999999999773e+02
8.114500000000000455e+02
8.151200000000000045e+02
8.171700000000000728e+02
8.294700000000000273e+02
8.329600000000000364e+02
8.390399999999999636e+02
8.410800000000000409e+02
8.809800000000000182e+02
8.872400000000000091e+02
8.949500000000000455e+02
9.032400000000000091e+02
9.110500000000000682e+02
9.152200000000000273e+02
9.209700000000000273e+02
9.248600000000000136e+02
9.288799999999999955e+02
9.309300000000000637e+02
9.349300000000000637e+02
9.412300000000000182e+02
9.469400000000000546e+02
9.508799999999999955e+02
9.549300000000000637e+02
9.589200000000000728e+02
9.648300000000000409e+02
9.709099999999999682e+02
9.730600000000000591e+02
9.772100000000000364e+02
9.829300000000000637e+02
9.866299999999999955e+02
9.909500000000000455e+02
9.970400000000000773e+02
