3.060000000000000053e+00
1.125000000000000000e+01
2.774000000000000199e+01
3.509000000000000341e+01
4.346000000000000085e+01
5.124000000000000199e+01
5.555000000000000426e+01
5.966000000000000369e+01
6.337000000000000455e+01
7.143999999999999773e+01
9.904000000000000625e+01
1.031099999999999994e+02
1.231400000000000006e+02
1.271400000000000006e+02
1.351700000000000159e+02
1.470800000000000125e+02
1.509900000000000091e+02
1.672800000000000011e+02
1.712599999999999909e+02
1.752199999999999989e+02
1.790699999999999932e+02
1.832599999999999909e+02
1.912199999999999989e+02
1.988799999999999955e+02
2.112599999999999909e+02
2.151599999999999966e+02
2.275999999999999943e+02
2.350399999999999920e+02
2.433499999999999943e+02
2.477000000000000171e+02
2.510800000000000125e+02
2.631800000000000068e+02
2.670000000000000000e+02
2.756000000000000227e+02
2.789000000000000341e+02
2.828799999999999955e+02
2.869900000000000091e+02
3.031000000000000227e+02
3.072400000000000091e+02
3.105400000000000205e+02
3.191399999999999864e+02
3.231700000000000159e+02
3.268400000000000318e+02
3.352599999999999909e+02
3.395300000000000296e+02
3.466600000000000250e+02
3.553000000000000114e+02
3.668000000000000114e+02
3.706899999999999977e+02
3.828000000000000114e+02
3.951399999999999864e+02
4.031299999999999955e+02
4.065699999999999932e+02
4.106999999999999886e+02
4.229000000000000341e+02
4.270799999999999841e+02
4.309900000000000091e+02
4.547599999999999909e+02
4.589100000000000250e+02
4.628500000000000227e+02
4.750300000000000296e+02
4.827699999999999818e+02
4.869399999999999977e+02
4.910900000000000318e+02
4.949499999999999886e+02
4.988700000000000045e+02
5.105900000000000318e+02
5.226399999999999864e+02
5.425600000000000591e+02
5.467200000000000273e+02
5.509300000000000637e+02
5.625500000000000682e+02
5.705099999999999909e+02
5.792799999999999727e+02
5.904600000000000364e+02
6.063799999999999955e+02
6.108300000000000409e+02
6.147000000000000455e+02
6.269800000000000182e+02
6.344800000000000182e+02
6.468300000000000409e+02
6.506399999999999864e+02
6.586599999999999682e+02
6.705900000000000318e+02
6.785399999999999636e+02
6.824400000000000546e+02
6.864600000000000364e+02
6.949099999999999682e+02
7.102500000000000000e+02
7.264400000000000546e+02
7.307300000000000182e+02
7.346299999999999955e+02
7.463600000000000136e+02
7.504900000000000091e+02
7.543899999999999864e+02
7.668100000000000591e+02
7.704900000000000091e+02
7.820199999999999818e+02
7.988000000000000682e+02
8.023100000000000591e+02
8.224400000000000546e+02
8.382200000000000273e+02
8.424700000000000273e+02
8.464600000000000364e+02
8.626499999999999773e+02
8.701499999999999773e+02
8.741499999999999773e+02
8.822699999999999818e+02
8.862599999999999909e+02
8.904400000000000546e+02
8.940399999999999636e+02
9.100600000000000591e+02
9.145000000000000000e+02
9.186000000000000227e+02
9.260000000000000000e+02
9.340500000000000682e+02
9.422899999999999636e+02
9.459900000000000091e+02
9.501599999999999682e+02
9.539800000000000182e+02
9.578400000000000318e+02
9.624400000000000546e+02
9.744900000000000091e+02
9.826100000000000136e+02
9.902699999999999818e+02
9.980700000000000500e+02
