5.790000000000000036e+00
7.820000000000000284e+00
9.900000000000000355e+00
2.362999999999999901e+01
2.596999999999999886e+01
2.799000000000000199e+01
3.021999999999999886e+01
4.452000000000000313e+01
4.681000000000000227e+01
4.887000000000000455e+01
6.412999999999999545e+01
6.628000000000000114e+01
6.835999999999999943e+01
7.039000000000000057e+01
8.484000000000000341e+01
8.703000000000000114e+01
8.914000000000000057e+01
1.039900000000000091e+02
1.060900000000000034e+02
1.087699999999999960e+02
1.241500000000000057e+02
1.262100000000000080e+02
1.282299999999999898e+02
1.302899999999999920e+02
1.458000000000000114e+02
1.478300000000000125e+02
1.504600000000000080e+02
1.642100000000000080e+02
1.662500000000000000e+02
1.682899999999999920e+02
1.837800000000000011e+02
1.873499999999999943e+02
2.040200000000000102e+02
2.064000000000000057e+02
2.085200000000000102e+02
2.240999999999999943e+02
2.261500000000000057e+02
2.281800000000000068e+02
2.453400000000000034e+02
2.478000000000000114e+02
2.661999999999999886e+02
2.682400000000000091e+02
2.844000000000000341e+02
2.874200000000000159e+02
3.029499999999999886e+02
3.051500000000000341e+02
3.073600000000000136e+02
3.103100000000000023e+02
3.233400000000000318e+02
3.258000000000000114e+02
3.279499999999999886e+02
3.436700000000000159e+02
3.471200000000000045e+02
3.642099999999999795e+02
3.663199999999999932e+02
3.686299999999999955e+02
3.836600000000000250e+02
3.856800000000000068e+02
3.877599999999999909e+02
4.040699999999999932e+02
4.063799999999999955e+02
4.084300000000000068e+02
4.104900000000000091e+02
4.238600000000000136e+02
4.259300000000000068e+02
4.280600000000000023e+02
4.442300000000000182e+02
4.465199999999999818e+02
4.651999999999999886e+02
4.687599999999999909e+02
4.847800000000000296e+02
4.869100000000000250e+02
4.895600000000000023e+02
5.040500000000000114e+02
5.060699999999999932e+02
5.081000000000000227e+02
5.250099999999999909e+02
5.278700000000000045e+02
5.465199999999999818e+02
5.496499999999999773e+02
5.629700000000000273e+02
5.653999999999999773e+02
5.678700000000000045e+02
5.841900000000000546e+02
5.863400000000000318e+02
5.883700000000000045e+02
6.033799999999999955e+02
6.053999999999999773e+02
6.238700000000000045e+02
6.259700000000000273e+02
6.283899999999999864e+02
6.433799999999999955e+02
6.453999999999999773e+02
6.474500000000000455e+02
6.637599999999999909e+02
6.657899999999999636e+02
6.682200000000000273e+02
6.847899999999999636e+02
6.870099999999999909e+02
6.890500000000000682e+02
7.037200000000000273e+02
7.057400000000000091e+02
7.077799999999999727e+02
7.223899999999999864e+02
7.245099999999999909e+02
7.265299999999999727e+02
7.286800000000000637e+02
7.430500000000000682e+02
7.451299999999999955e+02
7.483700000000000045e+02
7.642400000000000091e+02
7.663100000000000591e+02
7.835399999999999636e+02
7.857000000000000455e+02
7.877599999999999909e+02
8.031200000000000045e+02
8.051700000000000728e+02
8.072200000000000273e+02
8.231599999999999682e+02
8.252000000000000455e+02
8.272599999999999909e+02
8.416000000000000227e+02
8.443799999999999955e+02
8.480600000000000591e+02
8.633300000000000409e+02
8.655800000000000409e+02
8.689099999999999682e+02
8.840099999999999909e+02
8.866900000000000546e+02
9.023999999999999773e+02
9.047799999999999727e+02
9.068000000000000682e+02
9.233100000000000591e+02
9.253799999999999955e+02
9.274099999999999682e+02
9.428899999999999864e+02
9.449099999999999682e+02
9.471399999999999864e+02
9.638799999999999955e+02
9.659099999999999682e+02
9.817200000000000273e+02
9.838200000000000500e+02
9.865400000000000773e+02
