2.760000000000000231e+00
3.419999999999999929e+00
6.570000000000000284e+00
7.250000000000000000e+00
7.810000000000000497e+00
1.104000000000000092e+01
1.105000000000000071e+01
1.530000000000000071e+01
1.853999999999999915e+01
2.258999999999999986e+01
2.337999999999999901e+01
2.705000000000000071e+01
3.083000000000000185e+01
3.162000000000000099e+01
3.516000000000000369e+01
4.268999999999999773e+01
4.278999999999999915e+01
4.323000000000000398e+01
4.710000000000000142e+01
4.728000000000000114e+01
5.506000000000000227e+01
5.600000000000000000e+01
5.887000000000000455e+01
5.900000000000000000e+01
6.271000000000000085e+01
6.289999999999999858e+01
6.704000000000000625e+01
7.090999999999999659e+01
7.135999999999999943e+01
7.482999999999999829e+01
7.898000000000000398e+01
7.937000000000000455e+01
7.957999999999999829e+01
8.339000000000000057e+01
8.348000000000000398e+01
8.628000000000000114e+01
8.690999999999999659e+01
8.695000000000000284e+01
9.090000000000000568e+01
9.095000000000000284e+01
9.159000000000000341e+01
9.437000000000000455e+01
9.450000000000000000e+01
9.467000000000000171e+01
9.971000000000000796e+01
1.030900000000000034e+02
1.068599999999999994e+02
1.105799999999999983e+02
1.146299999999999955e+02
1.190499999999999972e+02
1.190900000000000034e+02
1.226599999999999966e+02
1.230900000000000034e+02
1.270700000000000074e+02
1.306200000000000045e+02
1.310000000000000000e+02
1.345900000000000034e+02
1.385900000000000034e+02
1.387599999999999909e+02
1.389200000000000159e+02
1.428000000000000114e+02
1.468600000000000136e+02
1.469500000000000171e+02
1.469799999999999898e+02
1.545099999999999909e+02
1.628799999999999955e+02
1.632299999999999898e+02
1.663700000000000045e+02
1.667700000000000102e+02
1.670900000000000034e+02
1.709200000000000159e+02
1.712299999999999898e+02
1.747100000000000080e+02
1.747100000000000080e+02
1.787299999999999898e+02
1.790900000000000034e+02
1.824099999999999966e+02
1.831500000000000057e+02
1.868499999999999943e+02
1.871899999999999977e+02
1.908499999999999943e+02
1.909600000000000080e+02
1.946299999999999955e+02
1.948799999999999955e+02
1.987400000000000091e+02
2.031299999999999955e+02
2.067500000000000000e+02
2.070099999999999909e+02
2.112199999999999989e+02
2.113900000000000148e+02
2.146200000000000045e+02
2.149800000000000182e+02
2.183499999999999943e+02
2.194399999999999977e+02
2.226899999999999977e+02
2.229699999999999989e+02
2.267000000000000171e+02
2.270300000000000011e+02
2.344000000000000057e+02
2.350000000000000000e+02
2.352700000000000102e+02
2.392400000000000091e+02
2.394200000000000159e+02
2.426400000000000148e+02
2.433700000000000045e+02
2.465200000000000102e+02
2.470000000000000000e+02
2.475000000000000000e+02
2.513000000000000114e+02
2.549699999999999989e+02
2.627599999999999909e+02
2.668500000000000227e+02
2.704800000000000182e+02
2.709399999999999977e+02
2.747900000000000205e+02
2.788500000000000227e+02
2.788700000000000045e+02
2.790799999999999841e+02
2.834499999999999886e+02
2.863799999999999955e+02
2.912099999999999795e+02
2.948600000000000136e+02
2.949200000000000159e+02
2.982400000000000091e+02
2.985400000000000205e+02
2.990699999999999932e+02
3.025300000000000296e+02
3.028299999999999841e+02
3.066899999999999977e+02
3.069100000000000250e+02
3.111399999999999864e+02
3.113799999999999955e+02
3.148199999999999932e+02
3.183700000000000045e+02
3.226700000000000159e+02
3.232500000000000000e+02
3.267599999999999909e+02
3.268100000000000023e+02
3.303299999999999841e+02
3.308299999999999841e+02
3.344499999999999886e+02
3.345099999999999909e+02
3.389200000000000159e+02
3.393000000000000114e+02
3.423600000000000136e+02
3.462099999999999795e+02
3.466500000000000341e+02
3.504900000000000091e+02
3.506700000000000159e+02
3.541899999999999977e+02
3.588899999999999864e+02
3.621800000000000068e+02
3.631600000000000250e+02
3.665400000000000205e+02
3.707699999999999818e+02
3.710099999999999909e+02
3.743500000000000227e+02
3.745699999999999932e+02
3.750000000000000000e+02
3.779800000000000182e+02
3.784000000000000341e+02
3.827599999999999909e+02
3.828600000000000136e+02
3.864900000000000091e+02
3.866500000000000341e+02
3.866899999999999977e+02
3.908299999999999841e+02
3.940900000000000318e+02
3.942300000000000182e+02
3.981800000000000068e+02
3.981800000000000068e+02
4.023400000000000318e+02
4.029000000000000341e+02
4.061600000000000250e+02
4.105900000000000318e+02
4.107800000000000296e+02
4.142800000000000296e+02
4.182400000000000091e+02
4.228799999999999955e+02
4.261100000000000136e+02
4.301200000000000045e+02
4.307300000000000182e+02
4.341800000000000068e+02
4.342900000000000205e+02
4.345799999999999841e+02
4.390799999999999841e+02
4.424700000000000273e+02
4.424900000000000091e+02
4.431100000000000136e+02
4.464300000000000068e+02
4.467500000000000000e+02
4.503799999999999955e+02
4.511999999999999886e+02
4.544600000000000364e+02
4.544800000000000182e+02
4.580400000000000205e+02
4.586000000000000227e+02
4.662800000000000296e+02
4.668600000000000136e+02
4.739100000000000250e+02
4.781999999999999886e+02
4.821200000000000045e+02
4.823299999999999841e+02
4.826600000000000250e+02
4.864000000000000341e+02
4.866100000000000136e+02
4.902200000000000273e+02
4.941399999999999864e+02
4.985400000000000205e+02
4.993299999999999841e+02
5.019000000000000341e+02
5.022900000000000205e+02
5.023500000000000227e+02
5.067500000000000000e+02
5.142200000000000273e+02
5.144700000000000273e+02
5.180600000000000591e+02
5.185800000000000409e+02
5.188500000000000227e+02
5.230900000000000318e+02
5.231699999999999591e+02
5.304800000000000182e+02
5.305800000000000409e+02
5.345600000000000591e+02
5.348700000000000045e+02
5.384300000000000637e+02
5.387100000000000364e+02
5.418999999999999773e+02
5.427500000000000000e+02
5.463100000000000591e+02
5.506699999999999591e+02
5.542200000000000273e+02
5.543400000000000318e+02
5.583400000000000318e+02
5.586299999999999955e+02
5.624400000000000546e+02
5.660099999999999909e+02
5.663200000000000500e+02
5.701699999999999591e+02
5.704400000000000546e+02
5.819700000000000273e+02
5.861100000000000136e+02
5.902699999999999818e+02
5.905500000000000682e+02
5.941800000000000637e+02
5.946000000000000227e+02
6.022799999999999727e+02
6.066599999999999682e+02
6.098600000000000136e+02
6.103300000000000409e+02
6.142799999999999727e+02
6.181599999999999682e+02
6.190000000000000000e+02
6.221299999999999955e+02
6.228500000000000227e+02
6.259500000000000455e+02
6.261000000000000227e+02
6.270600000000000591e+02
6.302200000000000273e+02
6.302599999999999909e+02
6.343500000000000227e+02
6.344500000000000455e+02
6.380399999999999636e+02
6.384400000000000546e+02
6.427699999999999818e+02
6.461499999999999773e+02
6.504400000000000546e+02
6.539900000000000091e+02
6.543999999999999773e+02
6.547400000000000091e+02
6.577100000000000364e+02
6.577799999999999727e+02
6.626100000000000136e+02
6.667300000000000182e+02
6.696399999999999864e+02
6.700099999999999909e+02
6.740800000000000409e+02
6.782100000000000364e+02
6.815600000000000591e+02
6.822100000000000364e+02
6.857699999999999818e+02
6.859199999999999591e+02
6.901000000000000227e+02
6.906900000000000546e+02
6.938799999999999955e+02
6.982500000000000000e+02
6.985800000000000409e+02
7.022300000000000182e+02
7.057100000000000364e+02
7.066200000000000045e+02
7.105700000000000500e+02
7.136900000000000546e+02
7.141000000000000227e+02
7.186399999999999864e+02
7.223400000000000318e+02
7.227200000000000273e+02
7.262100000000000364e+02
7.270600000000000591e+02
7.297799999999999727e+02
7.300500000000000682e+02
7.301399999999999864e+02
7.339500000000000455e+02
7.345399999999999636e+02
7.380399999999999636e+02
7.381299999999999955e+02
7.419700000000000273e+02
7.423799999999999955e+02
7.465000000000000000e+02
7.468100000000000591e+02
7.496800000000000637e+02
7.508300000000000409e+02
7.538100000000000591e+02
7.538700000000000045e+02
7.580600000000000591e+02
7.582500000000000000e+02
7.622100000000000364e+02
7.625299999999999727e+02
7.665700000000000500e+02
7.698100000000000591e+02
7.740299999999999727e+02
7.744600000000000364e+02
7.776700000000000728e+02
7.817599999999999909e+02
7.822599999999999909e+02
7.857400000000000091e+02
7.898600000000000136e+02
7.938899999999999864e+02
7.943999999999999773e+02
7.980199999999999818e+02
8.020800000000000409e+02
8.021200000000000045e+02
8.062500000000000000e+02
8.062599999999999909e+02
8.106200000000000045e+02
8.142300000000000182e+02
8.178400000000000318e+02
8.179200000000000728e+02
8.186200000000000045e+02
8.217699999999999818e+02
8.261900000000000546e+02
8.268899999999999864e+02
8.296700000000000728e+02
8.335700000000000500e+02
8.338700000000000045e+02
8.376100000000000136e+02
8.381000000000000227e+02
8.417699999999999818e+02
8.419300000000000637e+02
8.420700000000000500e+02
8.458799999999999955e+02
8.494800000000000182e+02
8.539900000000000091e+02
8.546200000000000045e+02
8.578300000000000409e+02
8.585700000000000500e+02
8.619300000000000637e+02
8.662300000000000182e+02
8.668100000000000591e+02
8.668700000000000045e+02
8.698400000000000318e+02
8.699200000000000728e+02
8.702799999999999727e+02
8.741800000000000637e+02
8.785700000000000500e+02
8.817799999999999727e+02
8.856800000000000637e+02
8.896800000000000637e+02
8.903600000000000136e+02
8.937000000000000455e+02
8.940600000000000591e+02
8.979900000000000091e+02
9.022400000000000091e+02
9.055600000000000591e+02
9.058799999999999955e+02
9.099099999999999682e+02
9.101399999999999864e+02
9.180199999999999818e+02
9.218400000000000318e+02
9.297100000000000364e+02
9.298000000000000682e+02
9.335299999999999727e+02
9.337400000000000091e+02
9.373600000000000136e+02
9.378300000000000409e+02
9.385800000000000409e+02
9.417200000000000273e+02
9.458899999999999864e+02
9.460099999999999909e+02
9.460900000000000318e+02
9.537400000000000091e+02
9.576200000000000045e+02
9.581700000000000728e+02
9.618500000000000227e+02
9.660199999999999818e+02
9.695099999999999909e+02
9.776700000000000728e+02
9.782100000000000364e+02
9.817300000000000182e+02
9.817599999999999909e+02
9.818899999999999864e+02
9.854300000000000637e+02
9.859200000000000728e+02
9.860600000000000591e+02
9.898999999999999773e+02
9.935900000000000318e+02
9.936700000000000728e+02
9.975500000000000682e+02
