7.250000000000000000e+00
2.087999999999999901e+01
3.227000000000000313e+01
3.630000000000000426e+01
4.175000000000000000e+01
4.580000000000000426e+01
4.932000000000000028e+01
5.132999999999999829e+01
5.482000000000000028e+01
6.034000000000000341e+01
6.274000000000000199e+01
6.578000000000000114e+01
7.834000000000000341e+01
8.176000000000000512e+01
8.629000000000000625e+01
8.831000000000000227e+01
9.076999999999999602e+01
9.979000000000000625e+01
1.062800000000000011e+02
1.082900000000000063e+02
1.122100000000000080e+02
1.167500000000000000e+02
1.268200000000000074e+02
1.478000000000000114e+02
1.537100000000000080e+02
1.562000000000000171e+02
1.586800000000000068e+02
1.622199999999999989e+02
1.672000000000000171e+02
1.717599999999999909e+02
1.772899999999999920e+02
1.797100000000000080e+02
1.817199999999999989e+02
1.861100000000000136e+02
1.893199999999999932e+02
2.037400000000000091e+02
2.152000000000000171e+02
2.172300000000000182e+02
2.212199999999999989e+02
2.232500000000000000e+02
2.276299999999999955e+02
2.366599999999999966e+02
2.432000000000000171e+02
2.497000000000000171e+02
2.537199999999999989e+02
2.557500000000000000e+02
2.587300000000000182e+02
2.666200000000000045e+02
2.736200000000000045e+02
2.811600000000000250e+02
2.831700000000000159e+02
2.886600000000000250e+02
2.962599999999999909e+02
2.991000000000000227e+02
3.061600000000000250e+02
3.081899999999999977e+02
3.136700000000000159e+02
3.220799999999999841e+02
3.325699999999999932e+02
3.346000000000000227e+02
3.371000000000000227e+02
3.406200000000000045e+02
3.455900000000000318e+02
3.480099999999999909e+02
3.506600000000000250e+02
3.660199999999999818e+02
3.681500000000000341e+02
3.775300000000000296e+02
3.806800000000000068e+02
3.841000000000000227e+02
3.895500000000000114e+02
3.930699999999999932e+02
3.984700000000000273e+02
4.112200000000000273e+02
4.250199999999999818e+02
4.316200000000000045e+02
4.405900000000000318e+02
4.494900000000000091e+02
4.554800000000000182e+02
4.635000000000000000e+02
4.820199999999999818e+02
4.966000000000000227e+02
5.045400000000000205e+02
5.174400000000000546e+02
5.255099999999999909e+02
5.275199999999999818e+02
5.295600000000000591e+02
5.315900000000000318e+02
5.357999999999999545e+02
5.464400000000000546e+02
5.534600000000000364e+02
5.605800000000000409e+02
5.714500000000000455e+02
5.878999999999999773e+02
5.923500000000000227e+02
5.960099999999999909e+02
6.009600000000000364e+02
6.048500000000000227e+02
6.103799999999999955e+02
6.173100000000000591e+02
6.214800000000000182e+02
6.349099999999999682e+02
6.383799999999999955e+02
6.411299999999999955e+02
6.453000000000000682e+02
6.478100000000000591e+02
6.498400000000000318e+02
6.518600000000000136e+02
6.894199999999999591e+02
6.933400000000000318e+02
6.968200000000000500e+02
7.004500000000000455e+02
7.139199999999999591e+02
7.218600000000000136e+02
7.373899999999999864e+02
7.399300000000000637e+02
7.419600000000000364e+02
7.518400000000000318e+02
7.554099999999999682e+02
7.582799999999999727e+02
7.608100000000000591e+02
7.718700000000000045e+02
7.830000000000000000e+02
7.897899999999999636e+02
7.928700000000000045e+02
7.963600000000000136e+02
7.983700000000000045e+02
8.083000000000000682e+02
8.148100000000000591e+02
8.417699999999999818e+02
8.518600000000000136e+02
8.538700000000000045e+02
8.768100000000000591e+02
8.823000000000000682e+02
8.858100000000000591e+02
8.947899999999999636e+02
9.032899999999999636e+02
9.111900000000000546e+02
9.147899999999999636e+02
9.197300000000000182e+02
9.246900000000000546e+02
9.267300000000000182e+02
9.297500000000000000e+02
9.333300000000000409e+02
9.417599999999999909e+02
9.476499999999999773e+02
9.602300000000000182e+02
9.657000000000000455e+02
9.706100000000000136e+02
9.737599999999999909e+02
9.796900000000000546e+02
