7.650000000000000355e+00
3.302000000000000313e+01
5.584000000000000341e+01
6.643999999999999773e+01
1.070100000000000051e+02
1.677199999999999989e+02
2.177500000000000000e+02
2.239399999999999977e+02
2.741399999999999864e+02
2.998799999999999955e+02
3.330799999999999841e+02
3.484200000000000159e+02
3.779900000000000091e+02
3.990799999999999841e+02
4.416999999999999886e+02
4.503799999999999955e+02
5.367599999999999909e+02
5.721800000000000637e+02
5.883999999999999773e+02
5.967599999999999909e+02
6.220700000000000500e+02
6.419600000000000364e+02
6.457000000000000455e+02
6.500600000000000591e+02
6.943500000000000227e+02
7.590399999999999636e+02
7.836499999999999773e+02
7.911100000000000136e+02
8.531700000000000728e+02
9.345700000000000500e+02
