4.730000000000000426e+00
6.790000000000000036e+00
8.929999999999999716e+00
2.546999999999999886e+01
2.750000000000000000e+01
3.082000000000000028e+01
4.514000000000000057e+01
4.716000000000000369e+01
4.918999999999999773e+01
6.417000000000000171e+01
6.625000000000000000e+01
6.828000000000000114e+01
7.039000000000000057e+01
8.635999999999999943e+01
8.843000000000000682e+01
1.053200000000000074e+02
1.073700000000000045e+02
1.100300000000000011e+02
1.246200000000000045e+02
1.266500000000000057e+02
1.287199999999999989e+02
1.450000000000000000e+02
1.470200000000000102e+02
1.498700000000000045e+02
1.660000000000000000e+02
1.683199999999999932e+02
1.829300000000000068e+02
1.852000000000000171e+02
1.874799999999999898e+02
1.900800000000000125e+02
2.044300000000000068e+02
2.064600000000000080e+02
2.084900000000000091e+02
2.105500000000000114e+02
2.269300000000000068e+02
2.290000000000000000e+02
2.449500000000000171e+02
2.470000000000000000e+02
2.501800000000000068e+02
2.646499999999999773e+02
2.666999999999999886e+02
2.845799999999999841e+02
2.866200000000000045e+02
2.886899999999999977e+02
3.054100000000000250e+02
3.074399999999999977e+02
3.231299999999999955e+02
3.251700000000000159e+02
3.271999999999999886e+02
3.440500000000000114e+02
3.461299999999999955e+02
3.495099999999999909e+02
3.645099999999999909e+02
3.665600000000000023e+02
3.691100000000000136e+02
3.840699999999999932e+02
3.861100000000000136e+02
3.881899999999999977e+02
4.035600000000000023e+02
4.055900000000000318e+02
4.088100000000000023e+02
4.236999999999999886e+02
4.258500000000000227e+02
4.278799999999999955e+02
4.452599999999999909e+02
4.473899999999999864e+02
4.640600000000000023e+02
4.660900000000000318e+02
4.691100000000000136e+02
4.830699999999999932e+02
4.851000000000000227e+02
4.871100000000000136e+02
4.897599999999999909e+02
5.047599999999999909e+02
5.068299999999999841e+02
5.088600000000000136e+02
5.252799999999999727e+02
5.273200000000000500e+02
5.294500000000000455e+02
5.426599999999999682e+02
5.453100000000000591e+02
5.476100000000000136e+02
5.640399999999999636e+02
5.666599999999999682e+02
5.687200000000000273e+02
5.855900000000000318e+02
5.877599999999999909e+02
6.029500000000000455e+02
6.049800000000000182e+02
6.070199999999999818e+02
6.236000000000000227e+02
6.256299999999999955e+02
6.286599999999999682e+02
6.433300000000000409e+02
6.453600000000000136e+02
6.473799999999999955e+02
6.637200000000000273e+02
6.679700000000000273e+02
6.835800000000000409e+02
6.876299999999999955e+02
7.031100000000000136e+02
7.059900000000000091e+02
7.081200000000000045e+02
7.239900000000000091e+02
7.260099999999999909e+02
7.283000000000000682e+02
7.456399999999999864e+02
7.627699999999999818e+02
7.647899999999999636e+02
7.673799999999999955e+02
7.838300000000000409e+02
7.858500000000000227e+02
7.878999999999999773e+02
8.039700000000000273e+02
8.060299999999999727e+02
8.080700000000000500e+02
8.234400000000000546e+02
8.254800000000000182e+02
8.279800000000000182e+02
8.429400000000000546e+02
8.458799999999999955e+02
8.479700000000000273e+02
8.634800000000000182e+02
8.662000000000000455e+02
8.843200000000000500e+02
8.867599999999999909e+02
9.034099999999999682e+02
9.054300000000000637e+02
9.090900000000000318e+02
9.226499999999999773e+02
9.246900000000000546e+02
9.267200000000000273e+02
9.425600000000000591e+02
9.450000000000000000e+02
9.489700000000000273e+02
9.629700000000000273e+02
9.650199999999999818e+02
9.670500000000000682e+02
9.829200000000000728e+02
9.849500000000000455e+02
9.870500000000000682e+02
