9.487000000000000455e+01
1.081500000000000057e+02
1.523400000000000034e+02
1.900000000000000000e+02
1.994500000000000171e+02
2.443499999999999943e+02
2.742599999999999909e+02
3.351500000000000341e+02
3.420099999999999909e+02
3.532500000000000000e+02
3.612699999999999818e+02
4.298700000000000045e+02
4.702100000000000364e+02
5.451100000000000136e+02
5.968400000000000318e+02
6.131100000000000136e+02
6.232699999999999818e+02
6.398899999999999864e+02
6.904400000000000546e+02
7.131200000000000045e+02
7.198799999999999955e+02
7.352200000000000273e+02
7.459800000000000182e+02
7.569400000000000546e+02
9.376299999999999955e+02
9.426900000000000546e+02
