1.016999999999999993e+01
1.238000000000000078e+01
1.447000000000000064e+01
1.653000000000000114e+01
1.858000000000000185e+01
2.076999999999999957e+01
2.283000000000000185e+01
6.050999999999999801e+01
6.275000000000000000e+01
6.676999999999999602e+01
6.989000000000000057e+01
7.225000000000000000e+01
7.451000000000000512e+01
1.098400000000000034e+02
1.157300000000000040e+02
1.177900000000000063e+02
1.198900000000000006e+02
1.223299999999999983e+02
1.594699999999999989e+02
1.628400000000000034e+02
1.649300000000000068e+02
1.670999999999999943e+02
1.692100000000000080e+02
1.714699999999999989e+02
1.748199999999999932e+02
2.097500000000000000e+02
2.120699999999999932e+02
2.166700000000000159e+02
2.196299999999999955e+02
2.227700000000000102e+02
2.615000000000000000e+02
2.635500000000000114e+02
2.685900000000000318e+02
2.708100000000000023e+02
2.744499999999999886e+02
3.063400000000000318e+02
3.095300000000000296e+02
3.115799999999999841e+02
3.136299999999999955e+02
3.163799999999999955e+02
3.195799999999999841e+02
3.223500000000000227e+02
3.580600000000000023e+02
3.628400000000000318e+02
3.649100000000000250e+02
3.671000000000000227e+02
3.716700000000000159e+02
4.051200000000000045e+02
4.117900000000000205e+02
4.139100000000000250e+02
4.161600000000000250e+02
4.184200000000000159e+02
4.208000000000000114e+02
4.595500000000000114e+02
4.618199999999999932e+02
4.667100000000000364e+02
4.688700000000000045e+02
4.709800000000000182e+02
5.059300000000000068e+02
5.088199999999999932e+02
5.108899999999999864e+02
5.131000000000000227e+02
5.166100000000000136e+02
5.187200000000000273e+02
5.213799999999999955e+02
5.599099999999999682e+02
5.625199999999999818e+02
5.653100000000000591e+02
5.678500000000000227e+02
5.713899999999999864e+02
5.734500000000000455e+02
6.078300000000000409e+02
6.103400000000000318e+02
6.125600000000000591e+02
6.149700000000000273e+02
6.173100000000000591e+02
6.204099999999999682e+02
6.242799999999999727e+02
6.582000000000000455e+02
6.605399999999999636e+02
6.635000000000000000e+02
6.660099999999999909e+02
6.683500000000000227e+02
6.708999999999999773e+02
6.729900000000000091e+02
7.060199999999999818e+02
7.105199999999999818e+02
7.125900000000000318e+02
7.146499999999999773e+02
7.167000000000000455e+02
7.187799999999999727e+02
7.216599999999999682e+02
7.248700000000000045e+02
7.269400000000000546e+02
7.562000000000000455e+02
7.593400000000000318e+02
7.631200000000000045e+02
7.657699999999999818e+02
7.678300000000000409e+02
7.701200000000000045e+02
7.758799999999999955e+02
8.074900000000000091e+02
8.104600000000000364e+02
8.126000000000000227e+02
8.146599999999999682e+02
8.167200000000000273e+02
8.187699999999999818e+02
8.208200000000000500e+02
8.234700000000000273e+02
8.261599999999999682e+02
8.592300000000000182e+02
8.612699999999999818e+02
8.648400000000000318e+02
8.682300000000000182e+02
8.736499999999999773e+02
9.066499999999999773e+02
9.116599999999999682e+02
9.151599999999999682e+02
9.172200000000000273e+02
9.192899999999999636e+02
9.215299999999999727e+02
9.250600000000000591e+02
9.563799999999999955e+02
9.607500000000000000e+02
9.643000000000000682e+02
9.670500000000000682e+02
9.734800000000000182e+02
