3.570000000000000284e+00
4.153999999999999915e+01
5.145000000000000284e+01
5.566000000000000369e+01
8.054000000000000625e+01
9.548999999999999488e+01
1.105300000000000011e+02
1.315200000000000102e+02
1.585399999999999920e+02
1.703499999999999943e+02
2.004300000000000068e+02
2.024699999999999989e+02
2.132899999999999920e+02
2.195099999999999909e+02
2.252500000000000000e+02
2.333100000000000023e+02
2.524399999999999977e+02
2.973799999999999955e+02
2.994100000000000250e+02
3.111299999999999955e+02
3.152300000000000182e+02
3.202900000000000205e+02
3.242500000000000000e+02
3.263299999999999841e+02
3.332099999999999795e+02
3.580500000000000114e+02
3.601899999999999977e+02
3.643199999999999932e+02
3.732200000000000273e+02
3.882699999999999818e+02
3.919900000000000091e+02
4.322400000000000091e+02
4.551700000000000159e+02
4.593199999999999932e+02
4.781299999999999955e+02
4.841800000000000068e+02
4.971600000000000250e+02
5.012400000000000091e+02
5.370499999999999545e+02
5.591399999999999864e+02
5.980199999999999818e+02
6.210700000000000500e+02
6.231100000000000136e+02
6.319099999999999682e+02
6.419300000000000637e+02
6.450199999999999818e+02
6.641699999999999591e+02
6.939600000000000364e+02
7.069500000000000455e+02
7.328500000000000227e+02
7.378600000000000136e+02
7.740199999999999818e+02
7.938200000000000500e+02
7.958899999999999864e+02
8.079400000000000546e+02
8.139200000000000728e+02
8.189300000000000637e+02
8.428600000000000136e+02
8.598799999999999955e+02
8.946900000000000546e+02
9.047799999999999727e+02
9.358700000000000045e+02
9.379200000000000728e+02
9.477500000000000000e+02
9.678100000000000591e+02
9.698700000000000045e+02
9.767799999999999727e+02
9.937400000000000091e+02
3.570000000000000284e+00
4.155000000000000426e+01
5.145000000000000284e+01
8.054000000000000625e+01
1.105700000000000074e+02
1.585399999999999920e+02
1.703799999999999955e+02
2.024200000000000159e+02
2.132899999999999920e+02
2.252599999999999909e+02
2.333100000000000023e+02
2.534500000000000171e+02
2.973799999999999955e+02
2.994100000000000250e+02
3.111399999999999864e+02
3.152300000000000182e+02
3.202900000000000205e+02
3.242500000000000000e+02
3.263500000000000227e+02
3.332200000000000273e+02
3.580500000000000114e+02
3.601899999999999977e+02
3.643600000000000136e+02
3.882800000000000296e+02
3.920099999999999909e+02
4.322699999999999818e+02
4.551700000000000159e+02
4.781500000000000341e+02
4.841800000000000068e+02
4.971600000000000250e+02
5.012400000000000091e+02
5.370600000000000591e+02
5.591499999999999773e+02
5.980199999999999818e+02
6.211299999999999955e+02
6.231900000000000546e+02
6.319099999999999682e+02
6.419400000000000546e+02
6.450199999999999818e+02
6.939600000000000364e+02
7.069600000000000364e+02
7.328999999999999773e+02
7.378999999999999773e+02
7.959099999999999682e+02
8.079400000000000546e+02
8.139200000000000728e+02
8.189300000000000637e+02
8.428600000000000136e+02
8.946900000000000546e+02
9.047799999999999727e+02
9.358999999999999773e+02
9.477599999999999909e+02
9.698700000000000045e+02
9.767799999999999727e+02
9.937500000000000000e+02
3.570000000000000284e+00
4.156000000000000227e+01
5.146000000000000085e+01
8.054999999999999716e+01
1.585399999999999920e+02
2.024399999999999977e+02
2.132899999999999920e+02
2.252700000000000102e+02
2.333100000000000023e+02
2.973799999999999955e+02
2.994100000000000250e+02
3.111399999999999864e+02
3.152400000000000091e+02
3.202900000000000205e+02
3.242500000000000000e+02
3.263700000000000045e+02
3.332400000000000091e+02
3.580600000000000023e+02
3.601899999999999977e+02
3.882900000000000205e+02
4.551800000000000068e+02
4.781999999999999886e+02
4.841800000000000068e+02
4.971600000000000250e+02
5.012400000000000091e+02
5.370800000000000409e+02
5.591499999999999773e+02
5.980299999999999727e+02
6.231000000000000227e+02
6.319199999999999591e+02
6.419600000000000364e+02
6.450199999999999818e+02
6.939600000000000364e+02
7.069600000000000364e+02
7.959300000000000637e+02
8.079500000000000455e+02
8.139200000000000728e+02
8.189300000000000637e+02
8.428700000000000045e+02
8.946900000000000546e+02
9.047799999999999727e+02
9.377400000000000091e+02
9.477699999999999818e+02
9.767899999999999636e+02
9.937699999999999818e+02
3.570000000000000284e+00
4.157000000000000028e+01
5.146000000000000085e+01
8.054999999999999716e+01
1.585399999999999920e+02
2.024500000000000171e+02
2.132899999999999920e+02
2.252800000000000011e+02
2.333199999999999932e+02
2.973799999999999955e+02
2.994100000000000250e+02
3.111500000000000341e+02
3.152400000000000091e+02
3.202900000000000205e+02
3.242500000000000000e+02
3.332599999999999909e+02
3.580600000000000023e+02
3.601899999999999977e+02
3.883100000000000023e+02
4.551899999999999977e+02
4.841899999999999977e+02
4.971600000000000250e+02
5.012400000000000091e+02
5.370900000000000318e+02
5.591499999999999773e+02
5.980299999999999727e+02
6.319199999999999591e+02
6.420000000000000000e+02
6.450299999999999727e+02
6.939600000000000364e+02
7.069700000000000273e+02
8.079600000000000364e+02
8.139200000000000728e+02
8.189300000000000637e+02
8.428700000000000045e+02
8.946900000000000546e+02
9.047899999999999636e+02
9.377500000000000000e+02
9.477899999999999636e+02
9.767899999999999636e+02
9.938200000000000500e+02
3.570000000000000284e+00
4.157999999999999829e+01
5.146999999999999886e+01
8.054999999999999716e+01
1.585399999999999920e+02
2.024699999999999989e+02
2.132899999999999920e+02
2.252899999999999920e+02
2.333199999999999932e+02
2.973799999999999955e+02
2.994100000000000250e+02
3.111500000000000341e+02
3.152400000000000091e+02
3.203000000000000114e+02
3.242500000000000000e+02
3.580600000000000023e+02
3.601899999999999977e+02
3.883500000000000227e+02
4.552100000000000364e+02
4.841899999999999977e+02
4.971600000000000250e+02
5.012400000000000091e+02
5.591599999999999682e+02
5.980399999999999636e+02
6.319300000000000637e+02
6.450299999999999727e+02
6.939600000000000364e+02
7.069700000000000273e+02
8.079800000000000182e+02
8.139200000000000728e+02
8.189300000000000637e+02
8.428799999999999955e+02
8.946900000000000546e+02
9.047899999999999636e+02
9.377599999999999909e+02
9.478200000000000500e+02
9.767899999999999636e+02
3.570000000000000284e+00
4.159000000000000341e+01
5.146999999999999886e+01
8.054999999999999716e+01
1.585399999999999920e+02
2.132899999999999920e+02
2.253000000000000114e+02
2.333199999999999932e+02
2.973799999999999955e+02
2.994100000000000250e+02
3.111600000000000250e+02
3.152400000000000091e+02
3.203000000000000114e+02
3.242500000000000000e+02
3.580600000000000023e+02
3.601899999999999977e+02
4.841899999999999977e+02
4.971600000000000250e+02
5.012400000000000091e+02
5.591599999999999682e+02
5.980500000000000682e+02
6.319300000000000637e+02
6.450399999999999636e+02
6.939600000000000364e+02
7.069700000000000273e+02
8.079900000000000091e+02
8.139200000000000728e+02
8.189300000000000637e+02
8.428899999999999864e+02
8.946900000000000546e+02
9.047899999999999636e+02
9.767899999999999636e+02
3.570000000000000284e+00
4.161999999999999744e+01
5.149000000000000199e+01
8.056000000000000227e+01
1.585399999999999920e+02
2.133000000000000114e+02
2.253199999999999932e+02
2.333300000000000125e+02
2.973799999999999955e+02
2.994100000000000250e+02
3.111700000000000159e+02
3.152400000000000091e+02
3.203000000000000114e+02
3.242500000000000000e+02
3.580600000000000023e+02
3.601899999999999977e+02
4.841899999999999977e+02
4.971700000000000159e+02
5.012400000000000091e+02
5.591800000000000637e+02
5.980600000000000591e+02
6.319500000000000455e+02
6.450500000000000682e+02
6.939600000000000364e+02
7.069800000000000182e+02
8.139200000000000728e+02
8.189300000000000637e+02
8.429200000000000728e+02
8.946900000000000546e+02
9.048000000000000682e+02
9.767899999999999636e+02
3.570000000000000284e+00
8.519999999999999574e+00
1.058000000000000007e+01
1.357000000000000028e+01
2.053999999999999915e+01
3.357999999999999829e+01
4.152000000000000313e+01
5.142999999999999972e+01
5.557999999999999829e+01
7.353000000000000114e+01
8.053000000000000114e+01
8.351999999999999602e+01
9.543000000000000682e+01
1.104900000000000091e+02
1.135400000000000063e+02
1.195300000000000011e+02
1.225499999999999972e+02
1.254600000000000080e+02
1.284600000000000080e+02
1.314200000000000159e+02
1.585399999999999920e+02
1.703000000000000114e+02
1.854200000000000159e+02
2.003499999999999943e+02
2.024000000000000057e+02
2.132899999999999920e+02
2.194399999999999977e+02
2.252199999999999989e+02
2.333000000000000114e+02
2.523400000000000034e+02
2.973799999999999955e+02
2.994100000000000250e+02
3.111200000000000045e+02
3.152300000000000182e+02
3.202900000000000205e+02
3.242500000000000000e+02
3.262900000000000205e+02
3.331800000000000068e+02
3.580500000000000114e+02
3.601899999999999977e+02
3.642699999999999818e+02
3.730900000000000318e+02
3.882400000000000091e+02
3.919399999999999977e+02
4.021200000000000045e+02
4.060900000000000318e+02
4.151700000000000159e+02
4.321800000000000068e+02
4.410900000000000318e+02
4.551500000000000341e+02
4.571899999999999977e+02
4.592500000000000000e+02
4.620099999999999909e+02
4.691100000000000136e+02
4.780900000000000318e+02
4.841800000000000068e+02
4.971600000000000250e+02
5.012400000000000091e+02
5.310299999999999727e+02
5.370299999999999727e+02
5.591399999999999864e+02
5.980099999999999909e+02
6.210099999999999909e+02
6.230500000000000682e+02
6.318899999999999864e+02
6.418899999999999864e+02
6.450000000000000000e+02
6.640399999999999636e+02
6.939600000000000364e+02
7.069400000000000546e+02
7.327899999999999636e+02
7.378100000000000591e+02
7.459700000000000273e+02
7.557799999999999727e+02
7.627799999999999727e+02
7.739500000000000455e+02
7.768200000000000500e+02
7.937599999999999909e+02
7.958600000000000136e+02
8.079099999999999682e+02
8.139099999999999682e+02
8.189300000000000637e+02
8.428400000000000318e+02
8.598000000000000682e+02
8.627500000000000000e+02
8.946900000000000546e+02
9.047699999999999818e+02
9.358200000000000500e+02
9.378500000000000227e+02
9.477100000000000364e+02
9.607100000000000364e+02
9.677100000000000364e+02
9.697899999999999636e+02
9.767799999999999727e+02
9.937000000000000455e+02
3.570000000000000284e+00
8.550000000000000711e+00
1.062000000000000099e+01
1.359999999999999964e+01
2.058000000000000185e+01
3.360000000000000142e+01
4.153000000000000114e+01
5.143999999999999773e+01
5.559000000000000341e+01
7.357000000000000739e+01
8.054000000000000625e+01
8.357000000000000739e+01
9.543999999999999773e+01
1.105000000000000000e+02
1.135600000000000023e+02
1.195700000000000074e+02
1.226000000000000085e+02
1.255100000000000051e+02
1.285000000000000000e+02
1.314499999999999886e+02
1.585399999999999920e+02
1.703100000000000023e+02
1.854500000000000171e+02
2.003700000000000045e+02
2.024099999999999966e+02
2.132899999999999920e+02
2.194600000000000080e+02
2.252300000000000182e+02
2.333000000000000114e+02
2.523700000000000045e+02
2.973799999999999955e+02
2.994100000000000250e+02
3.111200000000000045e+02
3.152300000000000182e+02
3.202900000000000205e+02
3.242500000000000000e+02
3.263000000000000114e+02
3.331899999999999977e+02
3.580500000000000114e+02
3.601899999999999977e+02
3.642800000000000296e+02
3.731100000000000136e+02
3.882500000000000000e+02
3.919499999999999886e+02
4.021500000000000341e+02
4.061500000000000341e+02
4.152100000000000364e+02
4.321999999999999886e+02
4.411200000000000045e+02
4.551500000000000341e+02
4.571999999999999886e+02
4.592599999999999909e+02
4.691299999999999955e+02
4.781000000000000227e+02
4.841800000000000068e+02
4.971600000000000250e+02
5.012400000000000091e+02
5.310499999999999545e+02
5.370399999999999636e+02
5.591399999999999864e+02
5.980099999999999909e+02
6.210199999999999818e+02
6.230600000000000591e+02
6.318999999999999773e+02
6.418999999999999773e+02
6.450099999999999909e+02
6.640700000000000500e+02
6.939600000000000364e+02
7.069500000000000455e+02
7.328100000000000591e+02
7.378300000000000409e+02
7.460099999999999909e+02
7.558100000000000591e+02
7.628000000000000682e+02
7.739700000000000273e+02
7.768600000000000136e+02
7.937699999999999818e+02
7.958700000000000045e+02
8.079200000000000728e+02
8.139099999999999682e+02
8.189300000000000637e+02
8.428500000000000227e+02
8.598200000000000500e+02
8.627699999999999818e+02
8.946900000000000546e+02
9.047699999999999818e+02
9.358300000000000409e+02
9.378600000000000136e+02
9.477200000000000273e+02
9.607300000000000182e+02
9.677300000000000182e+02
9.698000000000000682e+02
9.767799999999999727e+02
9.937100000000000364e+02
3.570000000000000284e+00
8.609999999999999432e+00
1.071000000000000085e+01
1.366999999999999993e+01
2.066000000000000014e+01
3.363000000000000256e+01
4.153999999999999915e+01
5.143999999999999773e+01
5.562000000000000455e+01
7.362000000000000455e+01
8.054000000000000625e+01
9.546000000000000796e+01
1.105199999999999960e+02
1.136099999999999994e+02
1.314799999999999898e+02
1.585399999999999920e+02
1.703300000000000125e+02
1.854900000000000091e+02
2.004000000000000057e+02
2.024399999999999977e+02
2.132899999999999920e+02
2.194900000000000091e+02
2.252400000000000091e+02
2.333100000000000023e+02
2.523900000000000148e+02
2.973799999999999955e+02
2.994100000000000250e+02
3.111299999999999955e+02
3.152300000000000182e+02
3.202900000000000205e+02
3.242500000000000000e+02
3.263100000000000023e+02
3.331999999999999886e+02
3.580500000000000114e+02
3.601899999999999977e+02
3.643000000000000114e+02
3.731399999999999864e+02
3.882599999999999909e+02
3.919700000000000273e+02
4.021899999999999977e+02
4.152599999999999909e+02
4.322200000000000273e+02
4.411600000000000250e+02
4.551600000000000250e+02
4.572300000000000182e+02
4.592900000000000205e+02
4.691700000000000159e+02
4.781100000000000136e+02
4.841800000000000068e+02
4.971600000000000250e+02
5.012400000000000091e+02
5.310800000000000409e+02
5.370499999999999545e+02
5.591399999999999864e+02
5.980199999999999818e+02
6.210399999999999636e+02
6.230800000000000409e+02
6.318999999999999773e+02
6.419199999999999591e+02
6.450099999999999909e+02
6.641000000000000227e+02
6.939600000000000364e+02
7.069500000000000455e+02
7.328300000000000409e+02
7.378400000000000318e+02
7.558600000000000136e+02
7.628500000000000227e+02
7.740000000000000000e+02
7.937899999999999636e+02
7.958799999999999955e+02
8.079300000000000637e+02
8.139200000000000728e+02
8.189300000000000637e+02
8.428500000000000227e+02
8.598400000000000318e+02
8.628000000000000682e+02
8.946900000000000546e+02
9.047799999999999727e+02
9.358500000000000227e+02
9.378899999999999864e+02
9.477300000000000182e+02
9.607500000000000000e+02
9.677500000000000000e+02
9.698200000000000500e+02
9.767799999999999727e+02
9.937200000000000273e+02
