6.330000000000000071e+00
2.230000000000000071e+01
9.807000000000000739e+01
1.401500000000000057e+02
1.920800000000000125e+02
2.499399999999999977e+02
2.539300000000000068e+02
2.820900000000000318e+02
3.159800000000000182e+02
3.357599999999999909e+02
3.519499999999999886e+02
3.897100000000000364e+02
4.119499999999999886e+02
4.177900000000000205e+02
4.278199999999999932e+02
4.421500000000000341e+02
4.538299999999999841e+02
4.836299999999999955e+02
5.038899999999999864e+02
5.237899999999999636e+02
5.358200000000000500e+02
5.756699999999999591e+02
5.978300000000000409e+02
6.097400000000000091e+02
6.199600000000000364e+02
6.595000000000000000e+02
6.935299999999999727e+02
7.032400000000000091e+02
7.415600000000000591e+02
7.636599999999999682e+02
7.714099999999999682e+02
8.014500000000000455e+02
8.573999999999999773e+02
8.934500000000000455e+02
9.371700000000000728e+02
9.472200000000000273e+02
