1.115000000000000036e+01
8.113600000000000136e+02
1.115000000000000036e+01
1.428000000000000114e+01
1.699000000000000199e+01
2.196000000000000085e+01
1.156800000000000068e+02
1.183599999999999994e+02
1.205400000000000063e+02
1.666100000000000136e+02
2.173499999999999943e+02
2.195999999999999943e+02
2.223100000000000023e+02
2.618400000000000318e+02
2.641299999999999955e+02
4.121299999999999955e+02
4.170600000000000023e+02
4.193899999999999864e+02
5.205399999999999636e+02
5.645099999999999909e+02
5.672000000000000455e+02
5.693300000000000409e+02
6.129300000000000637e+02
6.176299999999999955e+02
6.210000000000000000e+02
6.647000000000000455e+02
6.673700000000000045e+02
7.117599999999999909e+02
7.158799999999999955e+02
7.607200000000000273e+02
8.113600000000000136e+02
8.159500000000000455e+02
8.625900000000000318e+02
8.651100000000000136e+02
8.693899999999999864e+02
9.151800000000000637e+02
9.183300000000000409e+02
1.115000000000000036e+01
1.157400000000000091e+02
2.196800000000000068e+02
4.121299999999999955e+02
5.645500000000000682e+02
5.672500000000000000e+02
5.693999999999999773e+02
6.647799999999999727e+02
7.607300000000000182e+02
8.113600000000000136e+02
8.626100000000000136e+02
8.651599999999999682e+02
1.115000000000000036e+01
4.121399999999999864e+02
5.646200000000000045e+02
5.673300000000000409e+02
7.607500000000000000e+02
8.113600000000000136e+02
8.627100000000000364e+02
8.652100000000000364e+02
1.115000000000000036e+01
4.121500000000000341e+02
7.607699999999999818e+02
8.113600000000000136e+02
8.627699999999999818e+02
8.653100000000000591e+02
1.115000000000000036e+01
4.121600000000000250e+02
8.113600000000000136e+02
1.115000000000000036e+01
4.121600000000000250e+02
8.113600000000000136e+02
1.115000000000000036e+01
4.121800000000000068e+02
8.113600000000000136e+02
1.115000000000000036e+01
4.121899999999999977e+02
8.113600000000000136e+02
1.115000000000000036e+01
4.122100000000000364e+02
8.113600000000000136e+02
