1.083999999999999986e+01
1.669999999999999929e+01
1.892999999999999972e+01
2.280000000000000071e+01
6.209000000000000341e+01
1.194399999999999977e+02
1.614600000000000080e+02
1.649600000000000080e+02
2.103199999999999932e+02
2.133100000000000023e+02
2.214699999999999989e+02
2.621800000000000068e+02
2.642599999999999909e+02
3.112699999999999818e+02
3.140500000000000114e+02
3.177099999999999795e+02
3.201999999999999886e+02
3.596999999999999886e+02
3.638199999999999932e+02
3.670000000000000000e+02
4.130199999999999818e+02
4.155699999999999932e+02
4.187400000000000091e+02
4.621700000000000159e+02
4.682300000000000182e+02
4.720099999999999909e+02
5.068199999999999932e+02
5.114200000000000159e+02
5.138899999999999864e+02
5.182500000000000000e+02
5.207300000000000182e+02
5.642599999999999909e+02
5.664300000000000637e+02
5.694199999999999591e+02
6.131699999999999591e+02
6.182100000000000364e+02
6.210299999999999727e+02
6.666299999999999955e+02
6.697200000000000273e+02
7.110700000000000500e+02
7.161200000000000045e+02
7.193600000000000136e+02
7.603700000000000045e+02
7.637000000000000455e+02
7.665900000000000318e+02
8.117200000000000273e+02
8.161000000000000227e+02
8.197000000000000455e+02
8.226700000000000728e+02
8.622200000000000273e+02
8.655800000000000409e+02
9.092899999999999636e+02
9.153400000000000318e+02
9.193600000000000136e+02
9.625199999999999818e+02
