3.660000000000000142e+00
4.030000000000000249e+00
1.184999999999999964e+01
4.303999999999999915e+01
4.414000000000000057e+01
5.173000000000000398e+01
5.998000000000000398e+01
6.389000000000000057e+01
1.112999999999999972e+02
1.130199999999999960e+02
1.325800000000000125e+02
1.436599999999999966e+02
1.464600000000000080e+02
1.541700000000000159e+02
1.848600000000000136e+02
1.861400000000000148e+02
1.870399999999999920e+02
1.924200000000000159e+02
2.011500000000000057e+02
2.138499999999999943e+02
2.203900000000000148e+02
2.390999999999999943e+02
2.581100000000000136e+02
2.658400000000000318e+02
2.953100000000000023e+02
2.986600000000000250e+02
3.112200000000000273e+02
3.187500000000000000e+02
4.061600000000000250e+02
4.226500000000000341e+02
4.359700000000000273e+02
4.400199999999999818e+02
4.659700000000000273e+02
4.715500000000000114e+02
4.950699999999999932e+02
5.116000000000000227e+02
5.220600000000000591e+02
5.264099999999999682e+02
5.267999999999999545e+02
5.360399999999999636e+02
5.383500000000000227e+02
5.420700000000000500e+02
5.466599999999999682e+02
5.609600000000000364e+02
5.727000000000000455e+02
6.053400000000000318e+02
6.061299999999999955e+02
6.253500000000000227e+02
6.425199999999999818e+02
6.494300000000000637e+02
6.846299999999999955e+02
6.945900000000000318e+02
7.240000000000000000e+02
7.548000000000000682e+02
7.854500000000000455e+02
8.558799999999999955e+02
8.816700000000000728e+02
9.193400000000000318e+02
9.249900000000000091e+02
9.417300000000000182e+02
9.435700000000000500e+02
9.458899999999999864e+02
9.562100000000000364e+02
9.622599999999999909e+02
9.631399999999999864e+02
9.687100000000000364e+02
9.708100000000000591e+02
