6.259999999999999787e+00
3.135999999999999943e+01
3.589000000000000057e+01
4.080000000000000426e+01
4.841000000000000369e+01
5.389999999999999858e+01
5.431000000000000227e+01
5.950999999999999801e+01
6.487000000000000455e+01
8.089000000000000057e+01
8.540000000000000568e+01
1.054500000000000028e+02
1.112500000000000000e+02
1.273400000000000034e+02
1.528700000000000045e+02
1.552800000000000011e+02
1.577299999999999898e+02
1.662500000000000000e+02
1.807299999999999898e+02
2.162100000000000080e+02
2.173400000000000034e+02
2.223199999999999932e+02
2.267500000000000000e+02
2.548499999999999943e+02
2.657699999999999818e+02
2.726499999999999773e+02
2.802300000000000182e+02
2.957099999999999795e+02
2.981399999999999864e+02
3.067699999999999818e+02
3.226100000000000136e+02
3.316299999999999955e+02
3.447400000000000091e+02
3.470400000000000205e+02
3.651399999999999864e+02
3.765799999999999841e+02
3.886299999999999955e+02
3.975300000000000296e+02
4.255400000000000205e+02
4.403799999999999955e+02
4.490099999999999909e+02
4.550900000000000318e+02
4.625500000000000114e+02
4.811899999999999977e+02
5.251100000000000136e+02
5.265000000000000000e+02
5.300199999999999818e+02
5.348899999999999864e+02
5.455499999999999545e+02
5.525800000000000409e+02
5.708200000000000500e+02
5.869500000000000455e+02
5.914400000000000546e+02
5.954199999999999591e+02
6.049300000000000637e+02
6.094700000000000273e+02
6.163999999999999773e+02
6.207100000000000364e+02
6.209700000000000273e+02
6.378799999999999955e+02
6.404300000000000637e+02
6.443200000000000500e+02
6.485000000000000000e+02
6.928999999999999773e+02
6.968500000000000227e+02
7.367200000000000273e+02
7.390399999999999636e+02
7.573700000000000045e+02
7.598899999999999864e+02
7.822300000000000182e+02
7.889400000000000546e+02
7.897400000000000091e+02
7.919400000000000546e+02
7.974300000000000637e+02
8.074400000000000546e+02
8.517899999999999636e+02
8.941599999999999682e+02
9.102699999999999818e+02
9.157400000000000091e+02
9.238300000000000409e+02
9.331700000000000728e+02
9.697300000000000182e+02
9.788400000000000318e+02
