5.419999999999999929e+00
5.889999999999999680e+00
7.500000000000000000e+00
8.960000000000000853e+00
2.508999999999999986e+01
2.726000000000000156e+01
2.767000000000000171e+01
2.823000000000000043e+01
4.589000000000000057e+01
4.757999999999999829e+01
4.799000000000000199e+01
5.030000000000000426e+01
5.034000000000000341e+01
6.464000000000000057e+01
6.604999999999999716e+01
6.698000000000000398e+01
6.912000000000000455e+01
7.045000000000000284e+01
8.482999999999999829e+01
8.545000000000000284e+01
8.748999999999999488e+01
8.948999999999999488e+01
9.140999999999999659e+01
1.047000000000000028e+02
1.065199999999999960e+02
1.065400000000000063e+02
1.067900000000000063e+02
1.244099999999999966e+02
1.250499999999999972e+02
1.265499999999999972e+02
1.274600000000000080e+02
1.301500000000000057e+02
1.461200000000000045e+02
1.477899999999999920e+02
1.502299999999999898e+02
1.643799999999999955e+02
1.655500000000000114e+02
1.670300000000000011e+02
1.676500000000000057e+02
1.708300000000000125e+02
1.838300000000000125e+02
1.841100000000000136e+02
1.875099999999999909e+02
1.876700000000000159e+02
2.038600000000000136e+02
2.059000000000000057e+02
2.072400000000000091e+02
2.088000000000000114e+02
2.096899999999999977e+02
2.247899999999999920e+02
2.259800000000000182e+02
2.277199999999999989e+02
2.280600000000000023e+02
2.455000000000000000e+02
2.455000000000000000e+02
2.478100000000000023e+02
2.488600000000000136e+02
2.664200000000000159e+02
2.685300000000000296e+02
2.688700000000000045e+02
2.843799999999999955e+02
2.849800000000000182e+02
2.875600000000000023e+02
2.890900000000000318e+02
3.030600000000000023e+02
3.036299999999999955e+02
3.052599999999999909e+02
3.073899999999999864e+02
3.103700000000000045e+02
3.234599999999999795e+02
3.244700000000000273e+02
3.259700000000000273e+02
3.262900000000000205e+02
3.296999999999999886e+02
3.439499999999999886e+02
3.446100000000000136e+02
3.455600000000000023e+02
3.473500000000000227e+02
3.643000000000000114e+02
3.648100000000000023e+02
3.664200000000000159e+02
3.666899999999999977e+02
3.672400000000000091e+02
3.835699999999999932e+02
3.853199999999999932e+02
3.856200000000000045e+02
3.875900000000000318e+02
3.896000000000000227e+02
4.043500000000000227e+02
4.048600000000000136e+02
4.067300000000000182e+02
4.070900000000000318e+02
4.088299999999999841e+02
4.239700000000000273e+02
4.270000000000000000e+02
4.278199999999999932e+02
4.281800000000000068e+02
4.443700000000000045e+02
4.446200000000000045e+02
4.457900000000000205e+02
4.477200000000000273e+02
4.635099999999999909e+02
4.656200000000000045e+02
4.661100000000000136e+02
4.683899999999999864e+02
4.689700000000000273e+02
4.848799999999999955e+02
4.859200000000000159e+02
4.876000000000000227e+02
5.043600000000000136e+02
5.072800000000000296e+02
5.252799999999999727e+02
5.263500000000000227e+02
5.278600000000000136e+02
5.467599999999999909e+02
5.626800000000000637e+02
5.632500000000000000e+02
5.648200000000000500e+02
5.655600000000000591e+02
5.679300000000000637e+02
5.845500000000000682e+02
5.848400000000000318e+02
5.869500000000000455e+02
5.873100000000000591e+02
5.884300000000000637e+02
6.033999999999999773e+02
6.050700000000000500e+02
6.056599999999999682e+02
6.231699999999999591e+02
6.258899999999999864e+02
6.270700000000000500e+02
6.294099999999999682e+02
6.443200000000000500e+02
6.448100000000000591e+02
6.464600000000000364e+02
6.470000000000000000e+02
6.638000000000000682e+02
6.655099999999999909e+02
6.683400000000000318e+02
6.846000000000000227e+02
6.856800000000000637e+02
6.858300000000000409e+02
6.867699999999999818e+02
6.879700000000000273e+02
7.041499999999999773e+02
7.055600000000000591e+02
7.059400000000000546e+02
7.063100000000000591e+02
7.077899999999999636e+02
7.223899999999999864e+02
7.252400000000000091e+02
7.258500000000000227e+02
7.260199999999999818e+02
7.281499999999999773e+02
7.430299999999999727e+02
7.451900000000000546e+02
7.453300000000000409e+02
7.456800000000000637e+02
7.486100000000000136e+02
7.643300000000000409e+02
7.658500000000000227e+02
7.678600000000000136e+02
7.680600000000000591e+02
7.833000000000000682e+02
7.837699999999999818e+02
7.859200000000000728e+02
7.860199999999999818e+02
8.032500000000000000e+02
8.034600000000000364e+02
8.055800000000000409e+02
8.066100000000000136e+02
8.087500000000000000e+02
8.228899999999999864e+02
8.252899999999999636e+02
8.253500000000000227e+02
8.268000000000000682e+02
8.275000000000000000e+02
8.417300000000000182e+02
8.444099999999999682e+02
8.450199999999999818e+02
8.476800000000000637e+02
8.498700000000000045e+02
8.634099999999999682e+02
8.647100000000000364e+02
8.658400000000000318e+02
8.668700000000000045e+02
8.691200000000000045e+02
8.841499999999999773e+02
8.848700000000000045e+02
8.868100000000000591e+02
9.030500000000000682e+02
9.031599999999999682e+02
9.052699999999999818e+02
9.062500000000000000e+02
9.074400000000000546e+02
9.233100000000000591e+02
9.253899999999999864e+02
9.259600000000000364e+02
9.280600000000000591e+02
9.429900000000000091e+02
9.441800000000000637e+02
9.445399999999999636e+02
9.450900000000000318e+02
9.474600000000000364e+02
9.638300000000000409e+02
9.644300000000000637e+02
9.659300000000000637e+02
9.688799999999999955e+02
9.820399999999999636e+02
9.836299999999999955e+02
9.843600000000000136e+02
9.867799999999999727e+02
