8.000000000000000000e+00
2.144000000000000128e+01
2.928999999999999915e+01
4.866000000000000369e+01
6.784000000000000341e+01
8.171999999999999886e+01
8.375000000000000000e+01
9.479000000000000625e+01
1.128400000000000034e+02
1.159099999999999966e+02
1.223500000000000085e+02
1.637800000000000011e+02
1.841100000000000136e+02
1.906299999999999955e+02
2.085699999999999932e+02
2.100399999999999920e+02
2.117599999999999909e+02
2.153700000000000045e+02
2.299600000000000080e+02
2.322300000000000182e+02
2.384200000000000159e+02
2.389600000000000080e+02
2.419600000000000080e+02
2.513600000000000136e+02
2.577599999999999909e+02
2.587900000000000205e+02
2.790699999999999932e+02
2.907900000000000205e+02
2.962900000000000205e+02
3.244000000000000341e+02
3.301600000000000250e+02
3.468500000000000227e+02
3.477500000000000000e+02
3.497400000000000091e+02
3.521100000000000136e+02
3.606700000000000159e+02
3.796399999999999864e+02
3.797500000000000000e+02
3.888100000000000023e+02
3.950000000000000000e+02
4.046399999999999864e+02
4.049900000000000091e+02
4.098799999999999955e+02
4.159499999999999886e+02
4.396200000000000045e+02
4.402900000000000205e+02
4.557400000000000091e+02
4.574800000000000182e+02
4.621200000000000045e+02
4.928700000000000045e+02
5.179900000000000091e+02
5.780099999999999909e+02
5.828700000000000045e+02
5.851699999999999591e+02
6.138500000000000227e+02
6.216699999999999591e+02
6.377500000000000000e+02
6.400800000000000409e+02
6.413000000000000682e+02
6.698999999999999773e+02
7.165199999999999818e+02
7.271499999999999773e+02
7.277100000000000364e+02
7.390900000000000318e+02
7.582799999999999727e+02
7.633400000000000318e+02
7.751000000000000227e+02
7.854500000000000455e+02
7.956800000000000637e+02
8.028899999999999864e+02
8.098000000000000682e+02
8.127400000000000091e+02
8.209800000000000182e+02
8.629200000000000728e+02
8.737300000000000182e+02
8.749700000000000273e+02
8.823600000000000136e+02
8.947899999999999636e+02
9.071800000000000637e+02
9.278300000000000409e+02
9.322300000000000182e+02
9.691499999999999773e+02
9.760800000000000409e+02
9.828999999999999773e+02
9.868300000000000409e+02
