3.700000000000000178e+00
1.166999999999999993e+01
3.550999999999999801e+01
4.375999999999999801e+01
1.035000000000000000e+02
1.234900000000000091e+02
1.274000000000000057e+02
1.795600000000000023e+02
1.990900000000000034e+02
2.514600000000000080e+02
2.673199999999999932e+02
2.795500000000000114e+02
3.271000000000000227e+02
3.472300000000000182e+02
3.671800000000000068e+02
4.070199999999999818e+02
4.113199999999999932e+02
4.551299999999999955e+02
4.753600000000000136e+02
4.952700000000000387e+02
5.709199999999999591e+02
5.908000000000000682e+02
6.152100000000000364e+02
6.791800000000000637e+02
6.826699999999999591e+02
6.869400000000000546e+02
7.267500000000000000e+02
7.310600000000000591e+02
7.349400000000000546e+02
8.226700000000000728e+02
9.189400000000000546e+02
9.462899999999999636e+02
9.504900000000000091e+02
