5.440000000000000391e+00
2.692000000000000171e+01
3.617000000000000171e+01
4.511999999999999744e+01
6.545000000000000284e+01
7.560999999999999943e+01
8.607999999999999829e+01
9.462999999999999545e+01
9.726999999999999602e+01
1.066899999999999977e+02
1.163799999999999955e+02
1.252999999999999972e+02
1.358300000000000125e+02
1.448700000000000045e+02
1.671700000000000159e+02
1.870699999999999932e+02
1.960699999999999932e+02
2.053400000000000034e+02
2.160699999999999932e+02
2.265099999999999909e+02
2.350800000000000125e+02
2.456400000000000148e+02
2.661600000000000250e+02
2.762900000000000205e+02
2.867500000000000000e+02
2.962099999999999795e+02
3.060500000000000114e+02
3.162599999999999909e+02
3.245300000000000296e+02
3.351899999999999977e+02
3.466700000000000159e+02
3.646000000000000227e+02
3.667200000000000273e+02
3.755500000000000114e+02
3.847800000000000296e+02
3.960099999999999909e+02
4.064600000000000364e+02
4.158400000000000318e+02
4.242300000000000182e+02
4.265500000000000114e+02
4.350400000000000205e+02
4.456399999999999864e+02
4.547500000000000000e+02
4.651399999999999864e+02
4.762800000000000296e+02
4.854100000000000250e+02
4.946600000000000250e+02
5.063000000000000114e+02
5.143799999999999955e+02
5.260099999999999909e+02
5.447500000000000000e+02
5.571800000000000637e+02
5.742599999999999909e+02
5.857400000000000091e+02
5.953400000000000318e+02
6.052500000000000000e+02
6.153700000000000045e+02
6.253600000000000136e+02
6.349199999999999591e+02
6.543100000000000591e+02
6.657799999999999727e+02
6.743300000000000409e+02
6.851100000000000136e+02
7.043999999999999773e+02
7.254500000000000455e+02
7.343500000000000227e+02
7.364700000000000273e+02
7.548100000000000591e+02
7.642000000000000455e+02
7.743300000000000409e+02
7.838100000000000591e+02
7.858799999999999955e+02
7.958300000000000409e+02
8.041000000000000227e+02
8.242200000000000273e+02
8.340099999999999909e+02
8.444200000000000728e+02
8.551100000000000136e+02
8.747000000000000455e+02
8.843500000000000227e+02
8.946200000000000045e+02
9.053899999999999864e+02
9.149700000000000273e+02
9.347799999999999727e+02
9.446499999999999773e+02
9.546200000000000045e+02
9.640700000000000500e+02
9.740299999999999727e+02
9.859800000000000182e+02
9.955099999999999909e+02
