3.750000000000000000e+00
2.137999999999999901e+01
2.589000000000000057e+01
4.410000000000000142e+01
5.123000000000000398e+01
6.009000000000000341e+01
6.367999999999999972e+01
1.032100000000000080e+02
1.113400000000000034e+02
1.220199999999999960e+02
1.274699999999999989e+02
1.859099999999999966e+02
1.923799999999999955e+02
1.984600000000000080e+02
2.504600000000000080e+02
2.656700000000000159e+02
2.986600000000000250e+02
3.086200000000000045e+02
3.269200000000000159e+02
3.411999999999999886e+02
3.663000000000000114e+02
3.789300000000000068e+02
3.900500000000000114e+02
3.962599999999999909e+02
4.046800000000000068e+02
4.145600000000000023e+02
4.726700000000000159e+02
5.100099999999999909e+02
5.120800000000000409e+02
5.262999999999999545e+02
5.382400000000000091e+02
5.610099999999999909e+02
5.851399999999999864e+02
6.054400000000000546e+02
6.376299999999999955e+02
6.425299999999999727e+02
6.494099999999999682e+02
6.691599999999999682e+02
6.844900000000000091e+02
6.888000000000000682e+02
6.945800000000000409e+02
7.541399999999999864e+02
7.766399999999999864e+02
7.854500000000000455e+02
7.972200000000000273e+02
8.136700000000000728e+02
8.524500000000000455e+02
8.560000000000000000e+02
8.751000000000000227e+02
8.816499999999999773e+02
9.192100000000000364e+02
9.247899999999999636e+02
9.433999999999999773e+02
9.458000000000000682e+02
9.561800000000000637e+02
9.623000000000000682e+02
9.708700000000000045e+02
9.744900000000000091e+02
9.818000000000000682e+02
