7.390000000000000568e+00
9.419999999999999929e+00
2.540000000000000213e+01
3.135000000000000142e+01
3.428999999999999915e+01
3.728000000000000114e+01
3.991000000000000369e+01
4.192000000000000171e+01
4.507000000000000028e+01
5.780000000000000426e+01
6.077000000000000313e+01
6.429000000000000625e+01
6.979999999999999716e+01
7.378000000000000114e+01
8.465999999999999659e+01
9.523999999999999488e+01
9.729000000000000625e+01
1.073400000000000034e+02
1.093500000000000085e+02
1.167900000000000063e+02
1.272000000000000028e+02
1.296400000000000148e+02
1.316599999999999966e+02
1.377500000000000000e+02
1.537000000000000171e+02
1.561299999999999955e+02
1.658300000000000125e+02
1.681700000000000159e+02
1.702100000000000080e+02
1.942199999999999989e+02
2.041299999999999955e+02
2.072500000000000000e+02
2.111700000000000159e+02
2.151200000000000045e+02
2.172100000000000080e+02
2.272199999999999989e+02
2.311599999999999966e+02
2.331800000000000068e+02
2.357199999999999989e+02
2.471899999999999977e+02
2.521599999999999966e+02
2.551299999999999955e+02
2.661100000000000136e+02
2.696100000000000136e+02
2.716499999999999773e+02
2.801700000000000159e+02
2.871299999999999955e+02
2.915400000000000205e+02
2.941000000000000227e+02
2.961200000000000045e+02
2.981399999999999864e+02
3.042900000000000205e+02
3.080900000000000318e+02
3.116399999999999864e+02
3.147099999999999795e+02
3.176600000000000250e+02
3.281000000000000227e+02
3.306500000000000341e+02
3.357400000000000091e+02
3.391299999999999955e+02
3.515099999999999909e+02
3.595500000000000114e+02
3.615699999999999932e+02
3.690799999999999841e+02
3.730900000000000318e+02
3.805799999999999841e+02
3.876100000000000136e+02
3.932100000000000364e+02
3.961200000000000045e+02
3.986299999999999955e+02
4.021500000000000341e+02
4.065400000000000205e+02
4.214900000000000091e+02
4.235099999999999909e+02
4.310500000000000114e+02
4.336200000000000045e+02
4.400699999999999932e+02
4.421100000000000136e+02
4.500099999999999909e+02
4.565600000000000023e+02
4.634200000000000159e+02
4.697300000000000182e+02
4.717400000000000091e+02
4.754200000000000159e+02
4.799499999999999886e+02
4.845500000000000114e+02
4.865600000000000023e+02
4.929200000000000159e+02
4.949399999999999977e+02
4.969600000000000364e+02
5.084900000000000091e+02
5.308899999999999864e+02
5.340499999999999545e+02
5.364400000000000546e+02
5.389400000000000546e+02
5.431200000000000045e+02
5.455199999999999818e+02
5.593899999999999864e+02
5.614600000000000364e+02
5.660299999999999727e+02
5.754800000000000182e+02
5.789800000000000182e+02
5.828600000000000136e+02
5.944800000000000182e+02
5.978899999999999864e+02
6.129500000000000455e+02
6.159800000000000182e+02
6.204099999999999682e+02
6.229900000000000091e+02
6.299600000000000364e+02
6.348700000000000045e+02
6.388600000000000136e+02
6.408999999999999773e+02
6.443200000000000500e+02
6.469199999999999591e+02
6.513500000000000227e+02
6.559099999999999682e+02
6.599099999999999682e+02
6.693799999999999955e+02
6.843899999999999864e+02
6.923999999999999773e+02
6.944400000000000546e+02
6.973200000000000500e+02
7.028000000000000682e+02
7.199099999999999682e+02
7.238100000000000591e+02
7.288300000000000409e+02
7.319300000000000637e+02
7.353300000000000409e+02
7.468300000000000409e+02
7.554099999999999682e+02
7.593100000000000591e+02
7.778799999999999955e+02
7.799099999999999682e+02
7.958200000000000500e+02
7.978400000000000318e+02
8.023799999999999955e+02
8.043899999999999864e+02
8.128700000000000045e+02
8.188500000000000227e+02
8.308400000000000318e+02
8.333500000000000227e+02
8.383100000000000591e+02
8.472899999999999636e+02
8.493300000000000409e+02
8.733100000000000591e+02
8.767200000000000273e+02
8.787799999999999727e+02
8.822599999999999909e+02
8.872100000000000364e+02
8.926900000000000546e+02
8.982300000000000182e+02
9.011299999999999955e+02
9.048100000000000591e+02
9.097400000000000091e+02
9.161700000000000728e+02
9.186900000000000546e+02
9.237300000000000182e+02
9.282100000000000364e+02
9.302300000000000182e+02
9.442200000000000273e+02
9.462799999999999727e+02
9.483200000000000500e+02
9.631700000000000728e+02
9.656900000000000546e+02
9.686399999999999864e+02
9.711499999999999773e+02
9.771599999999999682e+02
9.797000000000000455e+02
9.841599999999999682e+02
9.868100000000000591e+02
9.902200000000000273e+02
