3.830000000000000071e+00
7.640000000000000568e+00
1.208999999999999986e+01
1.637000000000000099e+01
1.960999999999999943e+01
2.366000000000000014e+01
2.812999999999999901e+01
3.191000000000000014e+01
3.624000000000000199e+01
4.377000000000000313e+01
4.817999999999999972e+01
5.613000000000000256e+01
5.995000000000000284e+01
6.378999999999999915e+01
6.812000000000000455e+01
7.198999999999999488e+01
7.590999999999999659e+01
8.006000000000000227e+01
8.446000000000000796e+01
8.735999999999999943e+01
9.196999999999999886e+01
9.545000000000000284e+01
1.007800000000000011e+02
1.041599999999999966e+02
1.079399999999999977e+02
1.116599999999999966e+02
1.157100000000000080e+02
1.201200000000000045e+02
1.237300000000000040e+02
1.281400000000000148e+02
1.316999999999999886e+02
1.356599999999999966e+02
1.396599999999999966e+02
1.438799999999999955e+02
1.479300000000000068e+02
1.555900000000000034e+02
1.639500000000000171e+02
1.674399999999999977e+02
1.720000000000000000e+02
1.757599999999999909e+02
1.798100000000000023e+02
1.834900000000000091e+02
1.879300000000000068e+02
1.919200000000000159e+02
1.957000000000000171e+02
1.998199999999999932e+02
2.042000000000000171e+02
2.078300000000000125e+02
2.122899999999999920e+02
2.157000000000000171e+02
2.194300000000000068e+02
2.237599999999999909e+02
2.277700000000000102e+02
2.354699999999999989e+02
2.403100000000000023e+02
2.437199999999999989e+02
2.475999999999999943e+02
2.523700000000000045e+02
2.560500000000000114e+02
2.638400000000000318e+02
2.679300000000000068e+02
2.715600000000000023e+02
2.758600000000000136e+02
2.799100000000000250e+02
2.845199999999999818e+02
2.874599999999999795e+02
2.922800000000000296e+02
2.959300000000000068e+02
2.993100000000000023e+02
3.036100000000000136e+02
3.077699999999999818e+02
3.122099999999999795e+02
3.158899999999999864e+02
3.194499999999999886e+02
3.237500000000000000e+02
3.278299999999999841e+02
3.314100000000000250e+02
3.355199999999999818e+02
3.399900000000000091e+02
3.434399999999999977e+02
3.472900000000000205e+02
3.515699999999999932e+02
3.552699999999999818e+02
3.599700000000000273e+02
3.632599999999999909e+02
3.676200000000000045e+02
3.718500000000000227e+02
3.754300000000000068e+02
3.790600000000000023e+02
3.838400000000000318e+02
3.875699999999999932e+02
3.919100000000000250e+02
3.951600000000000250e+02
3.992300000000000182e+02
4.034100000000000250e+02
4.072300000000000182e+02
4.116600000000000250e+02
4.153600000000000136e+02
4.193199999999999932e+02
4.239499999999999886e+02
4.271899999999999977e+02
4.311999999999999886e+02
4.352599999999999909e+02
4.401500000000000341e+02
4.435300000000000296e+02
4.475099999999999909e+02
4.514600000000000364e+02
4.555199999999999818e+02
4.591200000000000045e+02
4.673600000000000136e+02
4.749800000000000182e+02
4.792800000000000296e+02
4.831899999999999977e+02
4.874700000000000273e+02
4.913000000000000114e+02
4.952200000000000273e+02
4.996200000000000045e+02
5.029800000000000182e+02
5.078299999999999841e+02
5.152999999999999545e+02
5.191399999999999864e+02
5.241599999999999682e+02
5.315499999999999545e+02
5.356299999999999955e+02
5.395099999999999909e+02
5.429700000000000273e+02
5.473799999999999955e+02
5.517400000000000091e+02
5.553000000000000682e+02
5.594099999999999682e+02
5.635099999999999909e+02
5.670800000000000409e+02
5.712500000000000000e+02
5.830399999999999636e+02
5.871900000000000546e+02
5.913500000000000227e+02
5.952599999999999909e+02
6.033600000000000136e+02
6.077300000000000182e+02
6.109400000000000546e+02
6.153600000000000136e+02
6.192400000000000091e+02
6.232100000000000364e+02
6.270299999999999727e+02
6.312899999999999636e+02
6.354300000000000637e+02
6.391200000000000045e+02
6.438400000000000318e+02
6.472300000000000182e+02
6.515199999999999818e+02
6.550700000000000500e+02
6.587899999999999636e+02
6.636900000000000546e+02
6.678000000000000682e+02
6.707200000000000273e+02
6.751599999999999682e+02
6.792899999999999636e+02
6.826399999999999864e+02
6.868500000000000227e+02
6.911800000000000637e+02
6.949600000000000364e+02
6.993300000000000409e+02
7.033000000000000682e+02
7.067799999999999727e+02
7.116399999999999864e+02
7.147699999999999818e+02
7.197100000000000364e+02
7.234099999999999682e+02
7.272799999999999727e+02
7.308600000000000136e+02
7.350299999999999727e+02
7.391200000000000045e+02
7.430500000000000682e+02
7.475700000000000500e+02
7.507599999999999909e+02
7.548799999999999955e+02
7.591399999999999864e+02
7.632799999999999727e+02
7.676399999999999864e+02
7.708899999999999864e+02
7.751100000000000136e+02
7.787500000000000000e+02
7.828400000000000318e+02
7.868200000000000500e+02
7.909400000000000546e+02
7.949700000000000273e+02
7.991000000000000227e+02
8.031499999999999773e+02
8.073000000000000682e+02
8.116900000000000546e+02
8.153000000000000682e+02
8.189099999999999682e+02
8.228500000000000227e+02
8.272699999999999818e+02
8.307500000000000000e+02
8.346499999999999773e+02
8.386900000000000546e+02
8.428500000000000227e+02
8.469600000000000364e+02
8.505600000000000591e+02
8.550700000000000500e+02
8.589099999999999682e+02
8.630000000000000000e+02
8.673000000000000682e+02
8.709099999999999682e+02
8.752500000000000000e+02
8.796399999999999864e+02
8.828600000000000136e+02
8.867599999999999909e+02
8.907599999999999909e+02
8.947799999999999727e+02
8.990700000000000500e+02
9.033100000000000591e+02
9.066399999999999864e+02
9.109900000000000091e+02
9.191000000000000227e+02
9.229200000000000728e+02
9.307899999999999636e+02
9.346100000000000136e+02
9.384400000000000546e+02
9.428000000000000682e+02
9.469700000000000273e+02
9.548200000000000500e+02
9.587000000000000455e+02
9.629300000000000637e+02
9.670900000000000318e+02
9.705900000000000318e+02
9.787500000000000000e+02
9.827899999999999636e+02
9.865000000000000000e+02
9.909700000000000273e+02
9.946700000000000728e+02
9.986299999999999955e+02
