6.230000000000000426e+00
1.150999999999999979e+01
2.023000000000000043e+01
2.133999999999999986e+01
2.775000000000000000e+01
2.887999999999999901e+01
4.843999999999999773e+01
5.432999999999999829e+01
6.695000000000000284e+01
7.229999999999999716e+01
7.534000000000000341e+01
7.890000000000000568e+01
8.153000000000000114e+01
8.332000000000000739e+01
8.351000000000000512e+01
9.454999999999999716e+01
9.671000000000000796e+01
1.054699999999999989e+02
1.126700000000000017e+02
1.131200000000000045e+02
1.157100000000000080e+02
1.190900000000000034e+02
1.220499999999999972e+02
1.240600000000000023e+02
1.280999999999999943e+02
1.360699999999999932e+02
1.392199999999999989e+02
1.442500000000000000e+02
1.533600000000000136e+02
1.606599999999999966e+02
1.636700000000000159e+02
1.705000000000000000e+02
1.777000000000000171e+02
1.809000000000000057e+02
1.839099999999999966e+02
1.899500000000000171e+02
1.905000000000000000e+02
1.930600000000000023e+02
1.931700000000000159e+02
2.016700000000000159e+02
2.022400000000000091e+02
2.073100000000000023e+02
2.093499999999999943e+02
2.098600000000000136e+02
2.113000000000000114e+02
2.124300000000000068e+02
2.150200000000000102e+02
2.218100000000000023e+02
2.298000000000000114e+02
2.316200000000000045e+02
2.321200000000000045e+02
2.363100000000000023e+02
2.382700000000000102e+02
2.386500000000000057e+02
2.417500000000000000e+02
2.508700000000000045e+02
2.572200000000000273e+02
2.576299999999999955e+02
2.586499999999999773e+02
2.607699999999999818e+02
2.787800000000000296e+02
2.905300000000000296e+02
2.961600000000000250e+02
3.027699999999999818e+02
3.241500000000000341e+02
3.270799999999999841e+02
3.299399999999999977e+02
3.361899999999999977e+02
3.414000000000000341e+02
3.466000000000000227e+02
3.475099999999999909e+02
3.490500000000000114e+02
3.518799999999999955e+02
3.553799999999999955e+02
3.582300000000000182e+02
3.605699999999999932e+02
3.633799999999999955e+02
3.705099999999999909e+02
3.711999999999999886e+02
3.736200000000000045e+02
3.746399999999999864e+02
3.794499999999999886e+02
3.796100000000000136e+02
3.817699999999999818e+02
3.872300000000000182e+02
3.885699999999999932e+02
3.909700000000000273e+02
3.946500000000000341e+02
4.043899999999999864e+02
4.046100000000000136e+02
4.056700000000000159e+02
4.084300000000000068e+02
4.097500000000000000e+02
4.155799999999999841e+02
4.198199999999999932e+02
4.198799999999999955e+02
4.371999999999999886e+02
4.395000000000000000e+02
4.401000000000000227e+02
4.437500000000000000e+02
4.478600000000000136e+02
4.556299999999999955e+02
4.569399999999999977e+02
4.619800000000000182e+02
4.624300000000000068e+02
4.686399999999999864e+02
4.735000000000000000e+02
4.739800000000000182e+02
4.911299999999999955e+02
4.996399999999999864e+02
5.037599999999999909e+02
5.086000000000000227e+02
5.178600000000000136e+02
5.178999999999999773e+02
5.229800000000000182e+02
5.249300000000000637e+02
5.409900000000000091e+02
5.545199999999999818e+02
5.579700000000000273e+02
5.635600000000000591e+02
5.735800000000000409e+02
5.755399999999999636e+02
5.776900000000000546e+02
5.826399999999999864e+02
5.848700000000000045e+02
5.985399999999999636e+02
6.044900000000000091e+02
6.136100000000000136e+02
6.191299999999999955e+02
6.214800000000000182e+02
6.249099999999999682e+02
6.299199999999999591e+02
6.334300000000000637e+02
6.376699999999999591e+02
6.399199999999999591e+02
6.411100000000000136e+02
6.599800000000000182e+02
6.671100000000000136e+02
6.696299999999999955e+02
6.765299999999999727e+02
6.877400000000000091e+02
6.933999999999999773e+02
7.046100000000000136e+02
7.083700000000000045e+02
7.164400000000000546e+02
7.255000000000000000e+02
7.268999999999999773e+02
7.275800000000000409e+02
7.312599999999999909e+02
7.371100000000000136e+02
7.391299999999999955e+02
7.429800000000000182e+02
7.498999999999999773e+02
7.576900000000000546e+02
7.601599999999999682e+02
7.626900000000000546e+02
7.630800000000000409e+02
7.694600000000000364e+02
7.732799999999999727e+02
7.748700000000000045e+02
7.852100000000000364e+02
7.954800000000000182e+02
7.995299999999999727e+02
8.026700000000000728e+02
8.047100000000000364e+02
8.058700000000000045e+02
8.096100000000000136e+02
8.102000000000000455e+02
8.125000000000000000e+02
8.149099999999999682e+02
8.189600000000000364e+02
8.210199999999999818e+02
8.248100000000000591e+02
8.279200000000000728e+02
8.326700000000000728e+02
8.360800000000000409e+02
8.442500000000000000e+02
8.472400000000000091e+02
8.519900000000000091e+02
8.627699999999999818e+02
8.648500000000000227e+02
8.735700000000000500e+02
8.747899999999999636e+02
8.756399999999999864e+02
8.822200000000000273e+02
8.946100000000000136e+02
8.980500000000000682e+02
9.035600000000000591e+02
9.069700000000000273e+02
9.076499999999999773e+02
9.109800000000000182e+02
9.163799999999999955e+02
9.179400000000000546e+02
9.258799999999999955e+02
9.277400000000000091e+02
9.319300000000000637e+02
9.323799999999999955e+02
9.339900000000000091e+02
9.347799999999999727e+02
9.408700000000000045e+02
9.511700000000000728e+02
9.517400000000000091e+02
9.589800000000000182e+02
9.602799999999999727e+02
9.657699999999999818e+02
9.683799999999999955e+02
9.731100000000000136e+02
9.756200000000000045e+02
9.759400000000000546e+02
9.825500000000000682e+02
9.867400000000000091e+02
9.896000000000000227e+02
9.951900000000000546e+02
9.981200000000000045e+02
