-8.662344096489832168e+00
-3.146117675487173670e+01
-2.006176042568078444e+01
4.547189967301212832e+00
-1.083608943840389394e+01
-3.144449735551340552e+00
1.118631230155055611e+01
-1.495142224990257596e+01
-1.882554974176009921e+00
1.872341142268267333e+01
-1.945096478289176289e+01
-3.637766801045447806e-01
2.465087652390775830e+01
-2.485292802048466498e+01
-1.010257482884533431e-01
3.509963219543211466e+01
-2.694245240224350368e+01
4.078589896594305486e+00
4.008117806794137294e+01
-3.139935345156164104e+01
4.340912308189865954e+00
8.999997265257590584e+01
-9.000000000000000000e+01
-1.367371204707978904e-05
0.000000000000000000e+00
-1.500000000000000000e+01
