4.058972624523193673e+01
3.363407776707026642e+01
3.711190200615109802e+01
4.588565735761935827e+00
-1.081197697026808768e+01
-3.111705617253075928e+00
1.122309267886777562e+01
-1.494153966088710384e+01
-1.859223491009664109e+00
1.875592240288059642e+01
-1.942626110673462492e+01
-3.351693519270142474e-01
2.470838337694061337e+01
-2.483458748965824725e+01
-6.310205635881693809e-02
3.513030213515638422e+01
-2.693632436889009441e+01
4.096988883133144910e+00
4.009074024926167823e+01
1.007256540547432877e+01
2.508165282736800350e+01
8.999997269258679466e+01
5.269340627662585774e+01
7.134668948460632976e+01
1.000000000000000000e+00
3.000000000000000000e+01
