2.309261391634638017e+01
-2.182719623896237238e+01
6.327088386920038943e-01
4.588565735761935827e+00
-1.081197697026808768e+01
-3.111705617253075928e+00
1.122309267886777562e+01
-1.494153966088710384e+01
-1.859223491009664109e+00
1.875592240288059642e+01
-1.942626110673462492e+01
-3.351693519270142474e-01
3.920617406026882179e+01
-2.483458748965824725e+01
7.185793285305287270e+00
8.999997269258679466e+01
-8.249069315083506382e+00
4.087545168875164592e+01
4.009074024926167823e+01
-3.138862920136667967e+01
4.351055523947499282e+00
8.999997269258679466e+01
-9.000000000000000000e+01
-1.365370660266762570e-05
1.000000000000000000e+00
0.000000000000000000e+00
