1.474169931122393962e+01
5.505271391849480267e+01
3.489720661485937114e+01
4.588565735761935827e+00
-1.081197697026808768e+01
-3.111705617253075928e+00
1.122309267886777562e+01
-1.494153966088710384e+01
-1.859223491009664109e+00
1.875592240288059642e+01
1.372544326550172578e+01
1.624068283419116199e+01
2.470838337694061337e+01
-2.483458748965824725e+01
-6.310205635881693809e-02
3.513030213515638422e+01
6.880378359755870576e+01
5.196704286635754499e+01
4.009074024926167823e+01
3.845738552721260106e+01
3.927406288823713965e+01
8.999997269258679466e+01
-6.666567782843259238e+00
4.166670245487176771e+01
1.000000000000000000e+00
6.000000000000000000e+01
