-3.313212376420457872e+01
-8.999999816249173534e+01
-6.156606096334815703e+01
-1.985563253639875958e-01
-1.984416110838006508e-01
-1.984989682238941233e-01
-2.027006107492221598e-01
-2.024000891164615401e-01
-2.025503499328418500e-01
-2.055220437667661659e-01
-2.051398102615914210e-01
-2.053309270141787934e-01
-2.075138124255537508e-01
-2.070667481009863531e-01
-2.072902802632700658e-01
-2.085025450358757859e-01
-2.083051748440537532e-01
-2.084038599399647695e-01
-2.090935351683221310e-01
-2.089776293468914858e-01
-2.090355822576068223e-01
-2.094866001668108380e-01
-2.093739114345144481e-01
-2.094302558006626569e-01
0.000000000000000000e+00
-4.500000000000000000e+01
