2.135000000000000231e+00
2.137999999999999901e+00
2.141999999999999904e+00
2.168000000000000149e+00
2.175000000000000266e+00
2.185000000000000053e+00
2.193000000000000060e+00
2.197000000000000064e+00
2.202999999999999847e+00
2.209999999999999964e+00
2.217000000000000082e+00
2.225000000000000089e+00
2.225999999999999979e+00
2.234999999999999876e+00
2.234999999999999876e+00
2.236000000000000210e+00
2.241000000000000103e+00
2.250999999999999890e+00
2.258000000000000007e+00
2.270000000000000018e+00
2.272000000000000242e+00
2.278999999999999915e+00
2.282999999999999918e+00
2.285000000000000142e+00
2.286000000000000032e+00
2.290999999999999925e+00
2.293000000000000149e+00
2.297000000000000153e+00
2.298000000000000043e+00
2.310999999999999943e+00
2.322999999999999954e+00
2.338999999999999968e+00
2.347999999999999865e+00
2.361000000000000210e+00
2.362999999999999989e+00
2.375999999999999890e+00
2.389000000000000234e+00
2.395000000000000018e+00
2.395999999999999908e+00
2.403999999999999915e+00
2.407000000000000028e+00
2.411999999999999922e+00
2.415000000000000036e+00
2.423999999999999932e+00
2.456999999999999851e+00
2.459999999999999964e+00
2.467000000000000082e+00
2.552000000000000046e+00
3.305000000000000160e+00
3.378000000000000114e+00
3.398000000000000131e+00
4.190999999999999837e+00
4.190999999999999837e+00
4.200000000000000178e+00
4.209999999999999964e+00
4.216000000000000192e+00
4.216000000000000192e+00
4.230000000000000426e+00
4.230999999999999872e+00
4.240000000000000213e+00
4.240999999999999659e+00
4.254999999999999893e+00
4.254999999999999893e+00
4.256999999999999673e+00
4.256999999999999673e+00
4.280999999999999694e+00
4.282000000000000028e+00
4.286000000000000476e+00
4.286999999999999922e+00
4.299000000000000377e+00
4.309000000000000163e+00
4.312000000000000277e+00
4.312999999999999723e+00
4.315000000000000391e+00
4.322000000000000064e+00
4.326000000000000512e+00
4.328999999999999737e+00
4.339000000000000412e+00
4.342000000000000526e+00
4.357000000000000206e+00
4.363999999999999879e+00
4.373000000000000220e+00
4.389999999999999680e+00
4.389999999999999680e+00
4.413000000000000256e+00
4.415000000000000036e+00
4.424999999999999822e+00
4.439000000000000057e+00
4.445999999999999730e+00
4.448000000000000398e+00
4.543000000000000149e+00
4.548000000000000043e+00
4.548000000000000043e+00
4.565999999999999837e+00
4.591000000000000192e+00
4.594999999999999751e+00
4.604000000000000092e+00
5.206999999999999851e+00
5.395000000000000462e+00
5.451999999999999957e+00
5.469999999999999751e+00
5.535000000000000142e+00
5.560999999999999943e+00
6.206999999999999851e+00
6.225999999999999979e+00
6.227000000000000313e+00
6.238000000000000433e+00
6.246000000000000441e+00
6.250000000000000000e+00
6.253000000000000114e+00
6.265000000000000568e+00
6.266000000000000014e+00
6.272000000000000242e+00
6.277000000000000135e+00
6.280000000000000249e+00
6.296999999999999709e+00
6.309000000000000163e+00
6.315999999999999837e+00
6.325000000000000178e+00
6.326000000000000512e+00
6.330000000000000071e+00
6.336000000000000298e+00
6.338000000000000078e+00
6.358000000000000540e+00
6.358999999999999986e+00
6.360000000000000320e+00
6.360999999999999766e+00
6.376000000000000334e+00
6.379000000000000448e+00
6.386000000000000121e+00
6.402000000000000135e+00
6.413999999999999702e+00
6.427000000000000490e+00
6.440999999999999837e+00
6.453999999999999737e+00
6.458000000000000185e+00
6.474000000000000199e+00
6.493000000000000327e+00
6.501999999999999780e+00
6.591000000000000192e+00
6.735999999999999766e+00
7.137000000000000455e+00
7.168000000000000149e+00
7.169000000000000483e+00
7.173000000000000043e+00
7.307999999999999829e+00
7.464000000000000412e+00
7.547000000000000597e+00
7.615000000000000213e+00
7.711999999999999744e+00
8.214000000000000412e+00
8.221999999999999531e+00
8.227999999999999758e+00
8.253000000000000114e+00
8.269000000000000128e+00
8.275999999999999801e+00
8.278999999999999915e+00
8.284000000000000696e+00
8.285000000000000142e+00
8.288000000000000256e+00
8.290000000000000924e+00
8.291000000000000369e+00
8.304999999999999716e+00
8.307000000000000384e+00
8.313000000000000611e+00
8.320999999999999730e+00
8.335000000000000853e+00
8.339999999999999858e+00
8.343999999999999417e+00
8.346999999999999531e+00
8.349000000000000199e+00
8.359999999999999432e+00
8.381000000000000227e+00
8.381999999999999673e+00
8.383000000000000895e+00
8.390000000000000568e+00
8.397000000000000242e+00
8.400999999999999801e+00
8.439999999999999503e+00
8.455999999999999517e+00
8.461000000000000298e+00
8.464999999999999858e+00
8.490000000000000213e+00
8.525999999999999801e+00
8.557999999999999829e+00
8.586999999999999744e+00
8.589999999999999858e+00
8.622999999999999332e+00
8.637000000000000455e+00
8.644000000000000128e+00
9.182999999999999829e+00
9.208999999999999631e+00
9.217000000000000526e+00
9.362000000000000099e+00
9.473000000000000753e+00
9.657000000000000028e+00
9.657000000000000028e+00
