2.107000000000000206e+00
2.107000000000000206e+00
2.125999999999999890e+00
2.184000000000000163e+00
2.186999999999999833e+00
2.193000000000000060e+00
2.214999999999999858e+00
2.222999999999999865e+00
2.258000000000000007e+00
2.358999999999999986e+00
4.113000000000000433e+00
4.118999999999999773e+00
4.134000000000000341e+00
4.190999999999999837e+00
4.195999999999999730e+00
4.200000000000000178e+00
4.224000000000000199e+00
4.240000000000000213e+00
4.272999999999999687e+00
4.371999999999999886e+00
4.387000000000000455e+00
6.120000000000000107e+00
6.125000000000000000e+00
6.137999999999999901e+00
6.198999999999999844e+00
6.206000000000000405e+00
6.222999999999999865e+00
6.246000000000000441e+00
6.267000000000000348e+00
6.290000000000000036e+00
6.399000000000000021e+00
6.424000000000000377e+00
8.128999999999999559e+00
8.131999999999999673e+00
8.144000000000000128e+00
8.204000000000000625e+00
8.214000000000000412e+00
8.236000000000000654e+00
8.253000000000000114e+00
8.279999999999999361e+00
8.314000000000000057e+00
8.461999999999999744e+00
