2.660000000000000142e+00
2.679000000000000270e+00
2.688000000000000167e+00
2.696000000000000174e+00
2.702999999999999847e+00
2.705999999999999961e+00
2.705999999999999961e+00
2.709000000000000075e+00
2.712000000000000188e+00
2.713000000000000078e+00
2.721000000000000085e+00
2.722999999999999865e+00
2.733999999999999986e+00
2.737000000000000099e+00
2.737999999999999989e+00
2.740000000000000213e+00
2.742999999999999883e+00
2.745000000000000107e+00
2.752000000000000224e+00
2.766999999999999904e+00
2.770999999999999908e+00
2.772000000000000242e+00
2.776000000000000245e+00
2.777000000000000135e+00
2.778000000000000025e+00
2.778000000000000025e+00
2.789000000000000146e+00
2.790999999999999925e+00
2.792000000000000259e+00
2.797000000000000153e+00
2.806999999999999940e+00
2.817000000000000171e+00
2.825000000000000178e+00
2.829000000000000181e+00
2.838999999999999968e+00
2.843999999999999861e+00
2.846000000000000085e+00
2.853000000000000203e+00
2.867999999999999883e+00
2.918000000000000149e+00
2.919999999999999929e+00
2.958000000000000185e+00
3.019000000000000128e+00
3.030000000000000249e+00
3.052000000000000046e+00
3.054000000000000270e+00
3.164000000000000146e+00
3.181999999999999940e+00
4.689000000000000057e+00
4.714000000000000412e+00
4.725999999999999979e+00
4.727000000000000313e+00
4.729000000000000092e+00
4.729000000000000092e+00
4.740999999999999659e+00
4.745000000000000107e+00
4.754000000000000448e+00
4.759000000000000341e+00
4.762000000000000455e+00
4.764999999999999680e+00
4.766000000000000014e+00
4.767000000000000348e+00
4.770999999999999908e+00
4.770999999999999908e+00
4.788000000000000256e+00
4.796999999999999709e+00
4.804999999999999716e+00
4.807000000000000384e+00
4.807999999999999829e+00
4.810999999999999943e+00
4.812000000000000277e+00
4.815000000000000391e+00
4.823000000000000398e+00
4.823999999999999844e+00
4.831999999999999851e+00
4.831999999999999851e+00
4.842999999999999972e+00
4.847000000000000419e+00
4.858999999999999986e+00
4.881999999999999673e+00
4.887000000000000455e+00
4.892000000000000348e+00
4.911000000000000476e+00
4.929999999999999716e+00
4.963000000000000078e+00
5.022000000000000242e+00
5.051000000000000156e+00
5.051000000000000156e+00
5.070000000000000284e+00
5.113999999999999879e+00
5.722000000000000419e+00
5.727999999999999758e+00
5.839999999999999858e+00
5.857000000000000206e+00
5.884000000000000341e+00
5.903000000000000469e+00
5.942000000000000171e+00
6.043000000000000149e+00
6.721000000000000085e+00
6.729000000000000092e+00
6.745000000000000107e+00
6.764000000000000234e+00
6.767999999999999794e+00
6.770999999999999908e+00
6.770999999999999908e+00
6.778999999999999915e+00
6.785000000000000142e+00
6.786999999999999922e+00
6.794000000000000483e+00
6.796999999999999709e+00
6.796999999999999709e+00
6.799999999999999822e+00
6.802000000000000490e+00
6.802000000000000490e+00
6.804000000000000270e+00
6.809000000000000163e+00
6.814000000000000057e+00
6.820999999999999730e+00
6.823999999999999844e+00
6.823999999999999844e+00
6.834999999999999964e+00
6.834999999999999964e+00
6.836000000000000298e+00
6.844999999999999751e+00
6.854000000000000092e+00
6.860000000000000320e+00
6.868000000000000327e+00
6.882000000000000561e+00
6.935000000000000497e+00
6.940000000000000391e+00
6.979000000000000092e+00
6.980999999999999872e+00
7.001000000000000334e+00
7.049000000000000377e+00
7.067000000000000171e+00
7.080000000000000071e+00
7.118999999999999773e+00
7.637999999999999901e+00
7.682999999999999829e+00
7.708000000000000185e+00
7.903000000000000469e+00
7.916999999999999815e+00
7.931000000000000050e+00
8.034000000000000696e+00
8.038999999999999702e+00
8.073999999999999844e+00
8.736000000000000654e+00
8.746999999999999886e+00
8.769000000000000128e+00
8.772999999999999687e+00
8.788000000000000256e+00
8.788999999999999702e+00
8.791999999999999815e+00
8.794999999999999929e+00
8.807999999999999829e+00
8.814000000000000057e+00
8.814999999999999503e+00
8.820000000000000284e+00
8.820999999999999730e+00
8.823000000000000398e+00
8.823999999999999844e+00
8.827999999999999403e+00
8.835000000000000853e+00
8.836000000000000298e+00
8.836000000000000298e+00
8.836000000000000298e+00
8.870000000000000995e+00
8.871000000000000441e+00
8.877000000000000668e+00
8.883000000000000895e+00
8.891999999999999460e+00
8.897999999999999687e+00
8.900000000000000355e+00
8.900999999999999801e+00
8.906000000000000583e+00
8.925000000000000711e+00
8.971999999999999531e+00
9.006999999999999673e+00
9.035000000000000142e+00
9.044999999999999929e+00
9.115999999999999659e+00
9.144999999999999574e+00
9.163000000000000256e+00
9.195000000000000284e+00
9.259000000000000341e+00
9.602999999999999758e+00
9.647000000000000242e+00
9.769999999999999574e+00
9.772000000000000242e+00
9.777000000000001023e+00
9.788999999999999702e+00
9.967999999999999972e+00
