1.532000000000000028e+00
1.544999999999999929e+00
1.550000000000000044e+00
1.550999999999999934e+00
1.572999999999999954e+00
1.578000000000000069e+00
1.582000000000000073e+00
1.582999999999999963e+00
1.588000000000000078e+00
1.590999999999999970e+00
1.594999999999999973e+00
1.596999999999999975e+00
1.598999999999999977e+00
1.600000000000000089e+00
1.602000000000000091e+00
1.602999999999999980e+00
1.604999999999999982e+00
1.608999999999999986e+00
1.612999999999999989e+00
1.614000000000000101e+00
1.614999999999999991e+00
1.618000000000000105e+00
1.618000000000000105e+00
1.618999999999999995e+00
1.620000000000000107e+00
1.625000000000000000e+00
1.625000000000000000e+00
1.627000000000000002e+00
1.630000000000000115e+00
1.631000000000000005e+00
1.632000000000000117e+00
1.633000000000000007e+00
1.636000000000000121e+00
1.636000000000000121e+00
1.637000000000000011e+00
1.637000000000000011e+00
1.637000000000000011e+00
1.637000000000000011e+00
1.639000000000000012e+00
1.640000000000000124e+00
1.641000000000000014e+00
1.642000000000000126e+00
1.643000000000000016e+00
1.644000000000000128e+00
1.645000000000000018e+00
1.648000000000000131e+00
1.650000000000000133e+00
1.652000000000000135e+00
1.655000000000000027e+00
1.655000000000000027e+00
1.657000000000000028e+00
1.659000000000000030e+00
1.660000000000000142e+00
1.662000000000000144e+00
1.663000000000000034e+00
1.664000000000000146e+00
1.667000000000000037e+00
1.667999999999999927e+00
1.669999999999999929e+00
1.671000000000000041e+00
1.671000000000000041e+00
1.671000000000000041e+00
1.673999999999999932e+00
1.673999999999999932e+00
1.675999999999999934e+00
1.677000000000000046e+00
1.679000000000000048e+00
1.681999999999999940e+00
1.685000000000000053e+00
1.685999999999999943e+00
1.687000000000000055e+00
1.687999999999999945e+00
1.687999999999999945e+00
1.689999999999999947e+00
1.691000000000000059e+00
1.693999999999999950e+00
1.693999999999999950e+00
1.703000000000000069e+00
1.703999999999999959e+00
1.705000000000000071e+00
1.705000000000000071e+00
1.709000000000000075e+00
1.709000000000000075e+00
1.711999999999999966e+00
1.713000000000000078e+00
1.713999999999999968e+00
1.713999999999999968e+00
1.715000000000000080e+00
1.715000000000000080e+00
1.717999999999999972e+00
1.719000000000000083e+00
1.719999999999999973e+00
1.721000000000000085e+00
1.723999999999999977e+00
1.723999999999999977e+00
1.725000000000000089e+00
1.725999999999999979e+00
1.725999999999999979e+00
1.727999999999999980e+00
1.727999999999999980e+00
1.729000000000000092e+00
1.731999999999999984e+00
1.733000000000000096e+00
1.733000000000000096e+00
1.733999999999999986e+00
1.735999999999999988e+00
1.737999999999999989e+00
1.739000000000000101e+00
1.739000000000000101e+00
1.739999999999999991e+00
1.739999999999999991e+00
1.739999999999999991e+00
1.741000000000000103e+00
1.741000000000000103e+00
1.743000000000000105e+00
1.743999999999999995e+00
1.747000000000000108e+00
1.747000000000000108e+00
1.747000000000000108e+00
1.747999999999999998e+00
1.749000000000000110e+00
1.750000000000000000e+00
1.751000000000000112e+00
1.752000000000000002e+00
1.753000000000000114e+00
1.754000000000000004e+00
1.755000000000000115e+00
1.755000000000000115e+00
1.756000000000000005e+00
1.757000000000000117e+00
1.758000000000000007e+00
1.759000000000000119e+00
1.760000000000000009e+00
1.761000000000000121e+00
1.761000000000000121e+00
1.762000000000000011e+00
1.763000000000000123e+00
1.764000000000000012e+00
1.765000000000000124e+00
1.766000000000000014e+00
1.767000000000000126e+00
1.769000000000000128e+00
1.769000000000000128e+00
1.769000000000000128e+00
1.774000000000000021e+00
1.774000000000000021e+00
1.774000000000000021e+00
1.775000000000000133e+00
1.779000000000000137e+00
1.780000000000000027e+00
1.780000000000000027e+00
1.782000000000000028e+00
1.783000000000000140e+00
1.783000000000000140e+00
1.784000000000000030e+00
1.784000000000000030e+00
1.787000000000000144e+00
1.787000000000000144e+00
1.787000000000000144e+00
1.788000000000000034e+00
1.790000000000000036e+00
1.791000000000000147e+00
1.791000000000000147e+00
1.791000000000000147e+00
1.794999999999999929e+00
1.798999999999999932e+00
1.800000000000000044e+00
1.800999999999999934e+00
1.802000000000000046e+00
1.802999999999999936e+00
1.802999999999999936e+00
1.804999999999999938e+00
1.804999999999999938e+00
1.806999999999999940e+00
1.806999999999999940e+00
1.806999999999999940e+00
1.806999999999999940e+00
1.808000000000000052e+00
1.810000000000000053e+00
1.812000000000000055e+00
1.812000000000000055e+00
1.812999999999999945e+00
1.814999999999999947e+00
1.816000000000000059e+00
1.816000000000000059e+00
1.816999999999999948e+00
1.820000000000000062e+00
1.820999999999999952e+00
1.820999999999999952e+00
1.822000000000000064e+00
1.822999999999999954e+00
1.824000000000000066e+00
1.826999999999999957e+00
1.828999999999999959e+00
1.828999999999999959e+00
1.830000000000000071e+00
1.830999999999999961e+00
1.832000000000000073e+00
1.832000000000000073e+00
1.834000000000000075e+00
1.834000000000000075e+00
1.834000000000000075e+00
1.838999999999999968e+00
1.840999999999999970e+00
1.842000000000000082e+00
1.842999999999999972e+00
1.842999999999999972e+00
1.844000000000000083e+00
1.844999999999999973e+00
1.850999999999999979e+00
1.850999999999999979e+00
1.852000000000000091e+00
1.852999999999999980e+00
1.852999999999999980e+00
1.854000000000000092e+00
1.858000000000000096e+00
1.860000000000000098e+00
1.860000000000000098e+00
1.860000000000000098e+00
1.860000000000000098e+00
1.862000000000000099e+00
1.862000000000000099e+00
1.862999999999999989e+00
1.862999999999999989e+00
1.864999999999999991e+00
1.864999999999999991e+00
1.866000000000000103e+00
1.866000000000000103e+00
1.866999999999999993e+00
1.866999999999999993e+00
1.866999999999999993e+00
1.868000000000000105e+00
1.868999999999999995e+00
1.870000000000000107e+00
1.872000000000000108e+00
1.872999999999999998e+00
1.872999999999999998e+00
1.875000000000000000e+00
1.876000000000000112e+00
1.877000000000000002e+00
1.877000000000000002e+00
1.878000000000000114e+00
1.878000000000000114e+00
1.879000000000000004e+00
1.880000000000000115e+00
1.880000000000000115e+00
1.881000000000000005e+00
1.882000000000000117e+00
1.883000000000000007e+00
1.884000000000000119e+00
1.884000000000000119e+00
1.894000000000000128e+00
1.896000000000000130e+00
1.897000000000000020e+00
1.898000000000000131e+00
1.899000000000000021e+00
1.899000000000000021e+00
1.901000000000000023e+00
1.905000000000000027e+00
1.906000000000000139e+00
1.906000000000000139e+00
1.906000000000000139e+00
1.906000000000000139e+00
1.907000000000000028e+00
1.910000000000000142e+00
1.912000000000000144e+00
1.913000000000000034e+00
1.914000000000000146e+00
1.919999999999999929e+00
1.919999999999999929e+00
1.921000000000000041e+00
1.921000000000000041e+00
1.925000000000000044e+00
1.925999999999999934e+00
1.925999999999999934e+00
1.929000000000000048e+00
1.931999999999999940e+00
1.931999999999999940e+00
1.933999999999999941e+00
1.935000000000000053e+00
1.935000000000000053e+00
1.937000000000000055e+00
1.937000000000000055e+00
1.939999999999999947e+00
1.939999999999999947e+00
1.943000000000000060e+00
1.943999999999999950e+00
1.947000000000000064e+00
1.949000000000000066e+00
1.953999999999999959e+00
1.955000000000000071e+00
1.959999999999999964e+00
1.959999999999999964e+00
1.959999999999999964e+00
1.961999999999999966e+00
1.963000000000000078e+00
1.963000000000000078e+00
1.965000000000000080e+00
1.967999999999999972e+00
1.969999999999999973e+00
1.971000000000000085e+00
1.979000000000000092e+00
1.983000000000000096e+00
1.983999999999999986e+00
1.985999999999999988e+00
1.987999999999999989e+00
1.995999999999999996e+00
1.997000000000000108e+00
1.997999999999999998e+00
2.000000000000000000e+00
2.002000000000000224e+00
2.003000000000000114e+00
2.004999999999999893e+00
2.546000000000000263e+00
2.547000000000000153e+00
2.548999999999999932e+00
2.551000000000000156e+00
2.552999999999999936e+00
2.554000000000000270e+00
2.564000000000000057e+00
2.564999999999999947e+00
2.569999999999999840e+00
2.572000000000000064e+00
2.576999999999999957e+00
2.580999999999999961e+00
2.583000000000000185e+00
2.584999999999999964e+00
2.584999999999999964e+00
2.585999999999999854e+00
2.593999999999999861e+00
2.601999999999999869e+00
2.611000000000000210e+00
2.611000000000000210e+00
2.611000000000000210e+00
2.612000000000000099e+00
2.613999999999999879e+00
2.615000000000000213e+00
2.617999999999999883e+00
2.617999999999999883e+00
2.619000000000000217e+00
2.620999999999999996e+00
2.621999999999999886e+00
2.621999999999999886e+00
2.625999999999999890e+00
2.629000000000000004e+00
2.633999999999999897e+00
2.635000000000000231e+00
2.636000000000000121e+00
2.637000000000000011e+00
2.643000000000000238e+00
2.644000000000000128e+00
2.645000000000000018e+00
2.645000000000000018e+00
2.645999999999999908e+00
2.645999999999999908e+00
2.645999999999999908e+00
2.645999999999999908e+00
2.647000000000000242e+00
2.648000000000000131e+00
2.648000000000000131e+00
2.648000000000000131e+00
2.649000000000000021e+00
2.649000000000000021e+00
2.649999999999999911e+00
2.651000000000000245e+00
2.651000000000000245e+00
2.651000000000000245e+00
2.652000000000000135e+00
2.652000000000000135e+00
2.652000000000000135e+00
2.655000000000000249e+00
2.656000000000000139e+00
2.656000000000000139e+00
2.657000000000000028e+00
2.661000000000000032e+00
2.661999999999999922e+00
2.665999999999999925e+00
2.668000000000000149e+00
2.669000000000000039e+00
2.673000000000000043e+00
2.673999999999999932e+00
2.677000000000000046e+00
2.677000000000000046e+00
2.677999999999999936e+00
2.677999999999999936e+00
2.681000000000000050e+00
2.681000000000000050e+00
2.683000000000000274e+00
2.690999999999999837e+00
2.692000000000000171e+00
2.693999999999999950e+00
2.693999999999999950e+00
2.693999999999999950e+00
2.693999999999999950e+00
2.696000000000000174e+00
2.700000000000000178e+00
2.701000000000000068e+00
2.702999999999999847e+00
2.705000000000000071e+00
2.705000000000000071e+00
2.705999999999999961e+00
2.706999999999999851e+00
2.706999999999999851e+00
2.709999999999999964e+00
2.709999999999999964e+00
2.709999999999999964e+00
2.710999999999999854e+00
2.710999999999999854e+00
2.712000000000000188e+00
2.713000000000000078e+00
2.713000000000000078e+00
2.713999999999999968e+00
2.713999999999999968e+00
2.714999999999999858e+00
2.717999999999999972e+00
2.718999999999999861e+00
2.722999999999999865e+00
2.722999999999999865e+00
2.722999999999999865e+00
2.724000000000000199e+00
2.725000000000000089e+00
2.725999999999999979e+00
2.725999999999999979e+00
2.725999999999999979e+00
2.726999999999999869e+00
2.729000000000000092e+00
2.729000000000000092e+00
2.730999999999999872e+00
2.730999999999999872e+00
2.732000000000000206e+00
2.733000000000000096e+00
2.733000000000000096e+00
2.733000000000000096e+00
2.734999999999999876e+00
2.734999999999999876e+00
2.736000000000000210e+00
2.737000000000000099e+00
2.737000000000000099e+00
2.742999999999999883e+00
2.742999999999999883e+00
2.744000000000000217e+00
2.744000000000000217e+00
2.744000000000000217e+00
2.744000000000000217e+00
2.745999999999999996e+00
2.745999999999999996e+00
2.746999999999999886e+00
2.750000000000000000e+00
2.750999999999999890e+00
2.750999999999999890e+00
2.753000000000000114e+00
2.753000000000000114e+00
2.754000000000000004e+00
2.754000000000000004e+00
2.754999999999999893e+00
2.758000000000000007e+00
2.758999999999999897e+00
2.758999999999999897e+00
2.760000000000000231e+00
2.760000000000000231e+00
2.760000000000000231e+00
2.761000000000000121e+00
2.765000000000000124e+00
2.766000000000000014e+00
2.766000000000000014e+00
2.766000000000000014e+00
2.768000000000000238e+00
2.768000000000000238e+00
2.769000000000000128e+00
2.770000000000000018e+00
2.770000000000000018e+00
2.770999999999999908e+00
2.772000000000000242e+00
2.772000000000000242e+00
2.773000000000000131e+00
2.773000000000000131e+00
2.773000000000000131e+00
2.776000000000000245e+00
2.778000000000000025e+00
2.781000000000000139e+00
2.781000000000000139e+00
2.782000000000000028e+00
2.782999999999999918e+00
2.786000000000000032e+00
2.786000000000000032e+00
2.788000000000000256e+00
2.789000000000000146e+00
2.789000000000000146e+00
2.789000000000000146e+00
2.790000000000000036e+00
2.790000000000000036e+00
2.790000000000000036e+00
2.790999999999999925e+00
2.793000000000000149e+00
2.793000000000000149e+00
2.794000000000000039e+00
2.794000000000000039e+00
2.794000000000000039e+00
2.794999999999999929e+00
2.794999999999999929e+00
2.796000000000000263e+00
2.796000000000000263e+00
2.798999999999999932e+00
2.798999999999999932e+00
2.800000000000000266e+00
2.801000000000000156e+00
2.802999999999999936e+00
2.804000000000000270e+00
2.805000000000000160e+00
2.805000000000000160e+00
2.805000000000000160e+00
2.806000000000000050e+00
2.806000000000000050e+00
2.806000000000000050e+00
2.806999999999999940e+00
2.808000000000000274e+00
2.809000000000000163e+00
2.813000000000000167e+00
2.814000000000000057e+00
2.814999999999999947e+00
2.817000000000000171e+00
2.818999999999999950e+00
2.819999999999999840e+00
2.819999999999999840e+00
2.821000000000000174e+00
2.821000000000000174e+00
2.821000000000000174e+00
2.822000000000000064e+00
2.822999999999999954e+00
2.823999999999999844e+00
2.826999999999999957e+00
2.826999999999999957e+00
2.829000000000000181e+00
2.830000000000000071e+00
2.830000000000000071e+00
2.830999999999999961e+00
2.830999999999999961e+00
2.834000000000000075e+00
2.834000000000000075e+00
2.837000000000000188e+00
2.838000000000000078e+00
2.838999999999999968e+00
2.839999999999999858e+00
2.842000000000000082e+00
2.843999999999999861e+00
2.845000000000000195e+00
2.846000000000000085e+00
2.846999999999999975e+00
2.846999999999999975e+00
2.847999999999999865e+00
2.849000000000000199e+00
2.849000000000000199e+00
2.850000000000000089e+00
2.850000000000000089e+00
2.851999999999999869e+00
2.854000000000000092e+00
2.854000000000000092e+00
2.854999999999999982e+00
2.855999999999999872e+00
2.857000000000000206e+00
2.857000000000000206e+00
2.862000000000000099e+00
2.865000000000000213e+00
2.866000000000000103e+00
2.869000000000000217e+00
2.870000000000000107e+00
2.871999999999999886e+00
2.874000000000000110e+00
2.874000000000000110e+00
2.875999999999999890e+00
2.879000000000000004e+00
2.879999999999999893e+00
2.879999999999999893e+00
2.881000000000000227e+00
2.881000000000000227e+00
2.887000000000000011e+00
2.887999999999999901e+00
2.889000000000000234e+00
2.889000000000000234e+00
2.890000000000000124e+00
2.891999999999999904e+00
2.891999999999999904e+00
2.891999999999999904e+00
2.893000000000000238e+00
2.893000000000000238e+00
2.899999999999999911e+00
2.901000000000000245e+00
2.907000000000000028e+00
2.911000000000000032e+00
2.911000000000000032e+00
2.914000000000000146e+00
2.915000000000000036e+00
2.918000000000000149e+00
2.925000000000000266e+00
2.927999999999999936e+00
2.930000000000000160e+00
2.931000000000000050e+00
2.935999999999999943e+00
2.937000000000000277e+00
2.938000000000000167e+00
2.939999999999999947e+00
2.947000000000000064e+00
2.947000000000000064e+00
2.947000000000000064e+00
2.951000000000000068e+00
2.951999999999999957e+00
2.954000000000000181e+00
2.955000000000000071e+00
2.955999999999999961e+00
2.959999999999999964e+00
2.962000000000000188e+00
2.962000000000000188e+00
2.963000000000000078e+00
2.963999999999999968e+00
2.968999999999999861e+00
2.975999999999999979e+00
2.978000000000000203e+00
2.979000000000000092e+00
2.979000000000000092e+00
2.979999999999999982e+00
2.980999999999999872e+00
2.983999999999999986e+00
2.986000000000000210e+00
2.994000000000000217e+00
3.004999999999999893e+00
3.010000000000000231e+00
3.016999999999999904e+00
3.020999999999999908e+00
3.036999999999999922e+00
3.486000000000000210e+00
3.540999999999999925e+00
3.544999999999999929e+00
3.547000000000000153e+00
3.554000000000000270e+00
3.556999999999999940e+00
3.564000000000000057e+00
3.572999999999999954e+00
3.574000000000000288e+00
3.575000000000000178e+00
3.576999999999999957e+00
3.583000000000000185e+00
3.591000000000000192e+00
3.596999999999999975e+00
3.596999999999999975e+00
3.597999999999999865e+00
3.603000000000000203e+00
3.603000000000000203e+00
3.604999999999999982e+00
3.608999999999999986e+00
3.611000000000000210e+00
3.611000000000000210e+00
3.612999999999999989e+00
3.615000000000000213e+00
3.616999999999999993e+00
3.617999999999999883e+00
3.619000000000000217e+00
3.620999999999999996e+00
3.620999999999999996e+00
3.621999999999999886e+00
3.625999999999999890e+00
3.625999999999999890e+00
3.629000000000000004e+00
3.629999999999999893e+00
3.633000000000000007e+00
3.633999999999999897e+00
3.641000000000000014e+00
3.641000000000000014e+00
3.641999999999999904e+00
3.641999999999999904e+00
3.643000000000000238e+00
3.643000000000000238e+00
3.643000000000000238e+00
3.643000000000000238e+00
3.645000000000000018e+00
3.645999999999999908e+00
3.647000000000000242e+00
3.647000000000000242e+00
3.649000000000000021e+00
3.649000000000000021e+00
3.649999999999999911e+00
3.651000000000000245e+00
3.652000000000000135e+00
3.652000000000000135e+00
3.652000000000000135e+00
3.653000000000000025e+00
3.653000000000000025e+00
3.653999999999999915e+00
3.653999999999999915e+00
3.655000000000000249e+00
3.657999999999999918e+00
3.657999999999999918e+00
3.660000000000000142e+00
3.661000000000000032e+00
3.661999999999999922e+00
3.663000000000000256e+00
3.665000000000000036e+00
3.668000000000000149e+00
3.668000000000000149e+00
3.669999999999999929e+00
3.669999999999999929e+00
3.672000000000000153e+00
3.673000000000000043e+00
3.673000000000000043e+00
3.673000000000000043e+00
3.673999999999999932e+00
3.673999999999999932e+00
3.676000000000000156e+00
3.677000000000000046e+00
3.680000000000000160e+00
3.680000000000000160e+00
3.681999999999999940e+00
3.681999999999999940e+00
3.683000000000000274e+00
3.683000000000000274e+00
3.684000000000000163e+00
3.685000000000000053e+00
3.685999999999999943e+00
3.688000000000000167e+00
3.692000000000000171e+00
3.693000000000000060e+00
3.693999999999999950e+00
3.695000000000000284e+00
3.695000000000000284e+00
3.696000000000000174e+00
3.697000000000000064e+00
3.697999999999999954e+00
3.699000000000000288e+00
3.699000000000000288e+00
3.700000000000000178e+00
3.701000000000000068e+00
3.701000000000000068e+00
3.705000000000000071e+00
3.705999999999999961e+00
3.707000000000000295e+00
3.707000000000000295e+00
3.708000000000000185e+00
3.708000000000000185e+00
3.709000000000000075e+00
3.709000000000000075e+00
3.709000000000000075e+00
3.709999999999999964e+00
3.711000000000000298e+00
3.712000000000000188e+00
3.713000000000000078e+00
3.713999999999999968e+00
3.717000000000000082e+00
3.717999999999999972e+00
3.717999999999999972e+00
3.718999999999999861e+00
3.721000000000000085e+00
3.722999999999999865e+00
3.722999999999999865e+00
3.724000000000000199e+00
3.724000000000000199e+00
3.725000000000000089e+00
3.725999999999999979e+00
3.726999999999999869e+00
3.726999999999999869e+00
3.728000000000000203e+00
3.729999999999999982e+00
3.730999999999999872e+00
3.730999999999999872e+00
3.732000000000000206e+00
3.732000000000000206e+00
3.733000000000000096e+00
3.734999999999999876e+00
3.734999999999999876e+00
3.734999999999999876e+00
3.737999999999999989e+00
3.738999999999999879e+00
3.738999999999999879e+00
3.740000000000000213e+00
3.740000000000000213e+00
3.742999999999999883e+00
3.745000000000000107e+00
3.745999999999999996e+00
3.746999999999999886e+00
3.748000000000000220e+00
3.748000000000000220e+00
3.749000000000000110e+00
3.749000000000000110e+00
3.750999999999999890e+00
3.750999999999999890e+00
3.752000000000000224e+00
3.752000000000000224e+00
3.754000000000000004e+00
3.754000000000000004e+00
3.758000000000000007e+00
3.758000000000000007e+00
3.758999999999999897e+00
3.760000000000000231e+00
3.764000000000000234e+00
3.765000000000000124e+00
3.765000000000000124e+00
3.766000000000000014e+00
3.766999999999999904e+00
3.769000000000000128e+00
3.770000000000000018e+00
3.772000000000000242e+00
3.773000000000000131e+00
3.774000000000000021e+00
3.774000000000000021e+00
3.776000000000000245e+00
3.777000000000000135e+00
3.777000000000000135e+00
3.777000000000000135e+00
3.780000000000000249e+00
3.784000000000000252e+00
3.784000000000000252e+00
3.786999999999999922e+00
3.790999999999999925e+00
3.794999999999999929e+00
3.794999999999999929e+00
3.796000000000000263e+00
3.797000000000000153e+00
3.797000000000000153e+00
3.797000000000000153e+00
3.798000000000000043e+00
3.798000000000000043e+00
3.798999999999999932e+00
3.801000000000000156e+00
3.802000000000000046e+00
3.802000000000000046e+00
3.802000000000000046e+00
3.804000000000000270e+00
3.804000000000000270e+00
3.805000000000000160e+00
3.805000000000000160e+00
3.806999999999999940e+00
3.808000000000000274e+00
3.808000000000000274e+00
3.808000000000000274e+00
3.810000000000000053e+00
3.810000000000000053e+00
3.810000000000000053e+00
3.813000000000000167e+00
3.814000000000000057e+00
3.814000000000000057e+00
3.817000000000000171e+00
3.818000000000000060e+00
3.820000000000000284e+00
3.821000000000000174e+00
3.822999999999999954e+00
3.824000000000000288e+00
3.825000000000000178e+00
3.826999999999999957e+00
3.826999999999999957e+00
3.830999999999999961e+00
3.833000000000000185e+00
3.833000000000000185e+00
3.833000000000000185e+00
3.834000000000000075e+00
3.834999999999999964e+00
3.836000000000000298e+00
3.836000000000000298e+00
3.836000000000000298e+00
3.837000000000000188e+00
3.838999999999999968e+00
3.838999999999999968e+00
3.839999999999999858e+00
3.841000000000000192e+00
3.843999999999999861e+00
3.845000000000000195e+00
3.845000000000000195e+00
3.845000000000000195e+00
3.846000000000000085e+00
3.850000000000000089e+00
3.851999999999999869e+00
3.851999999999999869e+00
3.855999999999999872e+00
3.855999999999999872e+00
3.858000000000000096e+00
3.859999999999999876e+00
3.859999999999999876e+00
3.861000000000000210e+00
3.862000000000000099e+00
3.862999999999999989e+00
3.862999999999999989e+00
3.863999999999999879e+00
3.865000000000000213e+00
3.866000000000000103e+00
3.866999999999999993e+00
3.869000000000000217e+00
3.870000000000000107e+00
3.871999999999999886e+00
3.871999999999999886e+00
3.873000000000000220e+00
3.877000000000000224e+00
3.877000000000000224e+00
3.877000000000000224e+00
3.879000000000000004e+00
3.881000000000000227e+00
3.881000000000000227e+00
3.881000000000000227e+00
3.882000000000000117e+00
3.882000000000000117e+00
3.886000000000000121e+00
3.889000000000000234e+00
3.890000000000000124e+00
3.891000000000000014e+00
3.893000000000000238e+00
3.893000000000000238e+00
3.895999999999999908e+00
3.902000000000000135e+00
3.902000000000000135e+00
3.903000000000000025e+00
3.905000000000000249e+00
3.906000000000000139e+00
3.907000000000000028e+00
3.907000000000000028e+00
3.907999999999999918e+00
3.910000000000000142e+00
3.914000000000000146e+00
3.917000000000000259e+00
3.918000000000000149e+00
3.919000000000000039e+00
3.919000000000000039e+00
3.919999999999999929e+00
3.922000000000000153e+00
3.923000000000000043e+00
3.923999999999999932e+00
3.926000000000000156e+00
3.927000000000000046e+00
3.927999999999999936e+00
3.927999999999999936e+00
3.929000000000000270e+00
3.929000000000000270e+00
3.931000000000000050e+00
3.931999999999999940e+00
3.934000000000000163e+00
3.935999999999999943e+00
3.938000000000000167e+00
3.938000000000000167e+00
3.938000000000000167e+00
3.939999999999999947e+00
3.943000000000000060e+00
3.943999999999999950e+00
3.946000000000000174e+00
3.950000000000000178e+00
3.950000000000000178e+00
3.950000000000000178e+00
3.951000000000000068e+00
3.954000000000000181e+00
3.961000000000000298e+00
3.963999999999999968e+00
3.965000000000000302e+00
3.967000000000000082e+00
3.967999999999999972e+00
3.971999999999999975e+00
3.971999999999999975e+00
3.975999999999999979e+00
3.975999999999999979e+00
3.976999999999999869e+00
3.983000000000000096e+00
3.986000000000000210e+00
3.987000000000000099e+00
3.987999999999999989e+00
3.991999999999999993e+00
3.992999999999999883e+00
3.996999999999999886e+00
3.996999999999999886e+00
4.000000000000000000e+00
4.001999999999999780e+00
4.004999999999999893e+00
4.006000000000000227e+00
4.008000000000000007e+00
4.014999999999999680e+00
4.016000000000000014e+00
4.525000000000000355e+00
4.528000000000000469e+00
4.530999999999999694e+00
4.538999999999999702e+00
4.546999999999999709e+00
4.546999999999999709e+00
4.559000000000000163e+00
4.570000000000000284e+00
4.575000000000000178e+00
4.584000000000000519e+00
4.589999999999999858e+00
4.591000000000000192e+00
4.596000000000000085e+00
4.602999999999999758e+00
4.602999999999999758e+00
4.608000000000000540e+00
4.610000000000000320e+00
4.613000000000000433e+00
4.615000000000000213e+00
4.616999999999999993e+00
4.621999999999999886e+00
4.623999999999999666e+00
4.625000000000000000e+00
4.626000000000000334e+00
4.626999999999999780e+00
4.626999999999999780e+00
4.629999999999999893e+00
4.631999999999999673e+00
4.631999999999999673e+00
4.631999999999999673e+00
4.631999999999999673e+00
4.633000000000000007e+00
4.633000000000000007e+00
4.634000000000000341e+00
4.634000000000000341e+00
4.639000000000000234e+00
4.639999999999999680e+00
4.639999999999999680e+00
4.642000000000000348e+00
4.642999999999999794e+00
4.644000000000000128e+00
4.644000000000000128e+00
4.647000000000000242e+00
4.647000000000000242e+00
4.647999999999999687e+00
4.649000000000000021e+00
4.649000000000000021e+00
4.650999999999999801e+00
4.653000000000000469e+00
4.653000000000000469e+00
4.653999999999999915e+00
4.655999999999999694e+00
4.658000000000000362e+00
4.658999999999999808e+00
4.658999999999999808e+00
4.660000000000000142e+00
4.661000000000000476e+00
4.661999999999999922e+00
4.663999999999999702e+00
4.663999999999999702e+00
4.666999999999999815e+00
4.666999999999999815e+00
4.669999999999999929e+00
4.671999999999999709e+00
4.673000000000000043e+00
4.674000000000000377e+00
4.674999999999999822e+00
4.676000000000000156e+00
4.682000000000000384e+00
4.682000000000000384e+00
4.682999999999999829e+00
4.684000000000000163e+00
4.684000000000000163e+00
4.685999999999999943e+00
4.687999999999999723e+00
4.690000000000000391e+00
4.690999999999999837e+00
4.693000000000000504e+00
4.693000000000000504e+00
4.693999999999999950e+00
4.693999999999999950e+00
4.695000000000000284e+00
4.695000000000000284e+00
4.695999999999999730e+00
4.695999999999999730e+00
4.697000000000000064e+00
4.697000000000000064e+00
4.697000000000000064e+00
4.700000000000000178e+00
4.700000000000000178e+00
4.701999999999999957e+00
4.708000000000000185e+00
4.709000000000000519e+00
4.709000000000000519e+00
4.711000000000000298e+00
4.711000000000000298e+00
4.711999999999999744e+00
4.711999999999999744e+00
4.713000000000000078e+00
4.713000000000000078e+00
4.714000000000000412e+00
4.716000000000000192e+00
4.716000000000000192e+00
4.717000000000000526e+00
4.719000000000000306e+00
4.719000000000000306e+00
4.721000000000000085e+00
4.721000000000000085e+00
4.722000000000000419e+00
4.722999999999999865e+00
4.724000000000000199e+00
4.725000000000000533e+00
4.727000000000000313e+00
4.727999999999999758e+00
4.729000000000000092e+00
4.732000000000000206e+00
4.733999999999999986e+00
4.735000000000000320e+00
4.735999999999999766e+00
4.735999999999999766e+00
4.737000000000000099e+00
4.740999999999999659e+00
4.743000000000000327e+00
4.743999999999999773e+00
4.745000000000000107e+00
4.745000000000000107e+00
4.748000000000000220e+00
4.748000000000000220e+00
4.748999999999999666e+00
4.751000000000000334e+00
4.751000000000000334e+00
4.753000000000000114e+00
4.754000000000000448e+00
4.754999999999999893e+00
4.754999999999999893e+00
4.756999999999999673e+00
4.758000000000000007e+00
4.758000000000000007e+00
4.764000000000000234e+00
4.764999999999999680e+00
4.764999999999999680e+00
4.769000000000000128e+00
4.770000000000000462e+00
4.770999999999999908e+00
4.772000000000000242e+00
4.772000000000000242e+00
4.772999999999999687e+00
4.775000000000000355e+00
4.775999999999999801e+00
4.775999999999999801e+00
4.777000000000000135e+00
4.778000000000000469e+00
4.778999999999999915e+00
4.780000000000000249e+00
4.780000000000000249e+00
4.780999999999999694e+00
4.780999999999999694e+00
4.782000000000000028e+00
4.782000000000000028e+00
4.783999999999999808e+00
4.785000000000000142e+00
4.786999999999999922e+00
4.788999999999999702e+00
4.788999999999999702e+00
4.791000000000000369e+00
4.791999999999999815e+00
4.793000000000000149e+00
4.794000000000000483e+00
4.794000000000000483e+00
4.794999999999999929e+00
4.794999999999999929e+00
4.796999999999999709e+00
4.798000000000000043e+00
4.799000000000000377e+00
4.799999999999999822e+00
4.804000000000000270e+00
4.804999999999999716e+00
4.806000000000000050e+00
4.810999999999999943e+00
4.812000000000000277e+00
4.812000000000000277e+00
4.814000000000000057e+00
4.814000000000000057e+00
4.815000000000000391e+00
4.815999999999999837e+00
4.815999999999999837e+00
4.818999999999999950e+00
4.820000000000000284e+00
4.820000000000000284e+00
4.823000000000000398e+00
4.825000000000000178e+00
4.826000000000000512e+00
4.826999999999999957e+00
4.826999999999999957e+00
4.828000000000000291e+00
4.828000000000000291e+00
4.828000000000000291e+00
4.828000000000000291e+00
4.828000000000000291e+00
4.828999999999999737e+00
4.830000000000000071e+00
4.830000000000000071e+00
4.831000000000000405e+00
4.831000000000000405e+00
4.831999999999999851e+00
4.834000000000000519e+00
4.836000000000000298e+00
4.836000000000000298e+00
4.836000000000000298e+00
4.836999999999999744e+00
4.839999999999999858e+00
4.842999999999999972e+00
4.844000000000000306e+00
4.844999999999999751e+00
4.844999999999999751e+00
4.844999999999999751e+00
4.846000000000000085e+00
4.847000000000000419e+00
4.849000000000000199e+00
4.850000000000000533e+00
4.850999999999999979e+00
4.850999999999999979e+00
4.852000000000000313e+00
4.855000000000000426e+00
4.855000000000000426e+00
4.855000000000000426e+00
4.858999999999999986e+00
4.858999999999999986e+00
4.863000000000000433e+00
4.863999999999999879e+00
4.863999999999999879e+00
4.865000000000000213e+00
4.866999999999999993e+00
4.866999999999999993e+00
4.868000000000000327e+00
4.871000000000000441e+00
4.871000000000000441e+00
4.871999999999999886e+00
4.871999999999999886e+00
4.873000000000000220e+00
4.875000000000000000e+00
4.876999999999999780e+00
4.876999999999999780e+00
4.879000000000000448e+00
4.879999999999999893e+00
4.879999999999999893e+00
4.881000000000000227e+00
4.881000000000000227e+00
4.881999999999999673e+00
4.883000000000000007e+00
4.883000000000000007e+00
4.883000000000000007e+00
4.883000000000000007e+00
4.883000000000000007e+00
4.884999999999999787e+00
4.884999999999999787e+00
4.887000000000000455e+00
4.887000000000000455e+00
4.889000000000000234e+00
4.889999999999999680e+00
4.891000000000000014e+00
4.891000000000000014e+00
4.894000000000000128e+00
4.899000000000000021e+00
4.900000000000000355e+00
4.902000000000000135e+00
4.903000000000000469e+00
4.903999999999999915e+00
4.903999999999999915e+00
4.905000000000000249e+00
4.905999999999999694e+00
4.907000000000000028e+00
4.908000000000000362e+00
4.911000000000000476e+00
4.913000000000000256e+00
4.913000000000000256e+00
4.915000000000000036e+00
4.915000000000000036e+00
4.915000000000000036e+00
4.916000000000000369e+00
4.916000000000000369e+00
4.919000000000000483e+00
4.923000000000000043e+00
4.929999999999999716e+00
4.935000000000000497e+00
4.935000000000000497e+00
4.935000000000000497e+00
4.943999999999999950e+00
4.943999999999999950e+00
4.948999999999999844e+00
4.950000000000000178e+00
4.951000000000000512e+00
4.953999999999999737e+00
4.961000000000000298e+00
4.964000000000000412e+00
4.967000000000000526e+00
4.969000000000000306e+00
4.969999999999999751e+00
4.982000000000000206e+00
4.983999999999999986e+00
4.985000000000000320e+00
4.993999999999999773e+00
5.001000000000000334e+00
5.020000000000000462e+00
5.024000000000000021e+00
5.035000000000000142e+00
5.514999999999999680e+00
5.525000000000000355e+00
5.535000000000000142e+00
5.541000000000000369e+00
5.549999999999999822e+00
5.560000000000000497e+00
5.560000000000000497e+00
5.578999999999999737e+00
5.581000000000000405e+00
5.583000000000000185e+00
5.584000000000000519e+00
5.584000000000000519e+00
5.586999999999999744e+00
5.589999999999999858e+00
5.594000000000000306e+00
5.599000000000000199e+00
5.600000000000000533e+00
5.602999999999999758e+00
5.605999999999999872e+00
5.607000000000000206e+00
5.607000000000000206e+00
5.608999999999999986e+00
5.612000000000000099e+00
5.613000000000000433e+00
5.613999999999999879e+00
5.616999999999999993e+00
5.618000000000000327e+00
5.620000000000000107e+00
5.620000000000000107e+00
5.621000000000000441e+00
5.624000000000000554e+00
5.626999999999999780e+00
5.631000000000000227e+00
5.631000000000000227e+00
5.631000000000000227e+00
5.631999999999999673e+00
5.631999999999999673e+00
5.634999999999999787e+00
5.634999999999999787e+00
5.639000000000000234e+00
5.639000000000000234e+00
5.641000000000000014e+00
5.641000000000000014e+00
5.645000000000000462e+00
5.645999999999999908e+00
5.647000000000000242e+00
5.647000000000000242e+00
5.650999999999999801e+00
5.658000000000000362e+00
5.658000000000000362e+00
5.658999999999999808e+00
5.663999999999999702e+00
5.663999999999999702e+00
5.663999999999999702e+00
5.666999999999999815e+00
5.669000000000000483e+00
5.669000000000000483e+00
5.669000000000000483e+00
5.671999999999999709e+00
5.671999999999999709e+00
5.673000000000000043e+00
5.674999999999999822e+00
5.677000000000000490e+00
5.677000000000000490e+00
5.677999999999999936e+00
5.679000000000000270e+00
5.679999999999999716e+00
5.682000000000000384e+00
5.682000000000000384e+00
5.682999999999999829e+00
5.685000000000000497e+00
5.685000000000000497e+00
5.685999999999999943e+00
5.687000000000000277e+00
5.687000000000000277e+00
5.687999999999999723e+00
5.689000000000000057e+00
5.690999999999999837e+00
5.693999999999999950e+00
5.697000000000000064e+00
5.703000000000000291e+00
5.703000000000000291e+00
5.703999999999999737e+00
5.703999999999999737e+00
5.705000000000000071e+00
5.705000000000000071e+00
5.706000000000000405e+00
5.706999999999999851e+00
5.706999999999999851e+00
5.709000000000000519e+00
5.709000000000000519e+00
5.709999999999999964e+00
5.711999999999999744e+00
5.711999999999999744e+00
5.713000000000000078e+00
5.716000000000000192e+00
5.717000000000000526e+00
5.719999999999999751e+00
5.721000000000000085e+00
5.722000000000000419e+00
5.722999999999999865e+00
5.725000000000000533e+00
5.725999999999999979e+00
5.727000000000000313e+00
5.729000000000000092e+00
5.730000000000000426e+00
5.730000000000000426e+00
5.730000000000000426e+00
5.732000000000000206e+00
5.732000000000000206e+00
5.732000000000000206e+00
5.732000000000000206e+00
5.735000000000000320e+00
5.735000000000000320e+00
5.735999999999999766e+00
5.737000000000000099e+00
5.737000000000000099e+00
5.738000000000000433e+00
5.738000000000000433e+00
5.741000000000000547e+00
5.741000000000000547e+00
5.741999999999999993e+00
5.743000000000000327e+00
5.743000000000000327e+00
5.745000000000000107e+00
5.748000000000000220e+00
5.749000000000000554e+00
5.750000000000000000e+00
5.750000000000000000e+00
5.750000000000000000e+00
5.751000000000000334e+00
5.753000000000000114e+00
5.754000000000000448e+00
5.754000000000000448e+00
5.754000000000000448e+00
5.757000000000000561e+00
5.758000000000000007e+00
5.759000000000000341e+00
5.759000000000000341e+00
5.759000000000000341e+00
5.759999999999999787e+00
5.761000000000000121e+00
5.762000000000000455e+00
5.762999999999999901e+00
5.764000000000000234e+00
5.764000000000000234e+00
5.764999999999999680e+00
5.767999999999999794e+00
5.767999999999999794e+00
5.769000000000000128e+00
5.769000000000000128e+00
5.770000000000000462e+00
5.770999999999999908e+00
5.772999999999999687e+00
5.772999999999999687e+00
5.775999999999999801e+00
5.777000000000000135e+00
5.777000000000000135e+00
5.778000000000000469e+00
5.778000000000000469e+00
5.778999999999999915e+00
5.780000000000000249e+00
5.780000000000000249e+00
5.780999999999999694e+00
5.780999999999999694e+00
5.782000000000000028e+00
5.783000000000000362e+00
5.783000000000000362e+00
5.786999999999999922e+00
5.788000000000000256e+00
5.788999999999999702e+00
5.790000000000000036e+00
5.791000000000000369e+00
5.794999999999999929e+00
5.796000000000000263e+00
5.796000000000000263e+00
5.796999999999999709e+00
5.798000000000000043e+00
5.799000000000000377e+00
5.799999999999999822e+00
5.799999999999999822e+00
5.801000000000000156e+00
5.801000000000000156e+00
5.802000000000000490e+00
5.802000000000000490e+00
5.802999999999999936e+00
5.802999999999999936e+00
5.807000000000000384e+00
5.809000000000000163e+00
5.810999999999999943e+00
5.812999999999999723e+00
5.812999999999999723e+00
5.815000000000000391e+00
5.815999999999999837e+00
5.815999999999999837e+00
5.818000000000000504e+00
5.818999999999999950e+00
5.818999999999999950e+00
5.820000000000000284e+00
5.820999999999999730e+00
5.820999999999999730e+00
5.820999999999999730e+00
5.822000000000000064e+00
5.822000000000000064e+00
5.822000000000000064e+00
5.823000000000000398e+00
5.823999999999999844e+00
5.828000000000000291e+00
5.831000000000000405e+00
5.831999999999999851e+00
5.833000000000000185e+00
5.834000000000000519e+00
5.834999999999999964e+00
5.838000000000000078e+00
5.839000000000000412e+00
5.839999999999999858e+00
5.839999999999999858e+00
5.841000000000000192e+00
5.842999999999999972e+00
5.842999999999999972e+00
5.847999999999999865e+00
5.852999999999999758e+00
5.854000000000000092e+00
5.855000000000000426e+00
5.855999999999999872e+00
5.855999999999999872e+00
5.858000000000000540e+00
5.865000000000000213e+00
5.868000000000000327e+00
5.868999999999999773e+00
5.868999999999999773e+00
5.870000000000000107e+00
5.870000000000000107e+00
5.871000000000000441e+00
5.871000000000000441e+00
5.871999999999999886e+00
5.873000000000000220e+00
5.874000000000000554e+00
5.876000000000000334e+00
5.876000000000000334e+00
5.876000000000000334e+00
5.878000000000000114e+00
5.879000000000000448e+00
5.879999999999999893e+00
5.879999999999999893e+00
5.879999999999999893e+00
5.881000000000000227e+00
5.884000000000000341e+00
5.886000000000000121e+00
5.889999999999999680e+00
5.892999999999999794e+00
5.894000000000000128e+00
5.897000000000000242e+00
5.897999999999999687e+00
5.899000000000000021e+00
5.899000000000000021e+00
5.902000000000000135e+00
5.903999999999999915e+00
5.907000000000000028e+00
5.907000000000000028e+00
5.907000000000000028e+00
5.908999999999999808e+00
5.910000000000000142e+00
5.911999999999999922e+00
5.913000000000000256e+00
5.915000000000000036e+00
5.915000000000000036e+00
5.916000000000000369e+00
5.919000000000000483e+00
5.919000000000000483e+00
5.919999999999999929e+00
5.921999999999999709e+00
5.923000000000000043e+00
5.924000000000000377e+00
5.924999999999999822e+00
5.927999999999999936e+00
5.932000000000000384e+00
5.932999999999999829e+00
5.935999999999999943e+00
5.937999999999999723e+00
5.937999999999999723e+00
5.939000000000000057e+00
5.940999999999999837e+00
5.942000000000000171e+00
5.943000000000000504e+00
5.945999999999999730e+00
5.947000000000000064e+00
5.959999999999999964e+00
5.964999999999999858e+00
5.971000000000000085e+00
5.972999999999999865e+00
5.983000000000000540e+00
5.987000000000000099e+00
5.988000000000000433e+00
5.990000000000000213e+00
5.996000000000000441e+00
5.999000000000000554e+00
6.011000000000000121e+00
6.014000000000000234e+00
6.014000000000000234e+00
6.025000000000000355e+00
6.032000000000000028e+00
6.073999999999999844e+00
6.469999999999999751e+00
6.488999999999999879e+00
6.508000000000000007e+00
6.524000000000000021e+00
6.541000000000000369e+00
6.549999999999999822e+00
6.570000000000000284e+00
6.572000000000000064e+00
6.576000000000000512e+00
6.584999999999999964e+00
6.588000000000000078e+00
6.589000000000000412e+00
6.594000000000000306e+00
6.597000000000000419e+00
6.597999999999999865e+00
6.597999999999999865e+00
6.605000000000000426e+00
6.605999999999999872e+00
6.610999999999999766e+00
6.612000000000000099e+00
6.613999999999999879e+00
6.616000000000000547e+00
6.620000000000000107e+00
6.621999999999999886e+00
6.623000000000000220e+00
6.625000000000000000e+00
6.625000000000000000e+00
6.626999999999999780e+00
6.626999999999999780e+00
6.629000000000000448e+00
6.633000000000000007e+00
6.634000000000000341e+00
6.637000000000000455e+00
6.639000000000000234e+00
6.641000000000000014e+00
6.641000000000000014e+00
6.645999999999999908e+00
6.647000000000000242e+00
6.652000000000000135e+00
6.652000000000000135e+00
6.657000000000000028e+00
6.658000000000000362e+00
6.658999999999999808e+00
6.660000000000000142e+00
6.660000000000000142e+00
6.663000000000000256e+00
6.663000000000000256e+00
6.663999999999999702e+00
6.666999999999999815e+00
6.669999999999999929e+00
6.669999999999999929e+00
6.671999999999999709e+00
6.671999999999999709e+00
6.673000000000000043e+00
6.673000000000000043e+00
6.674999999999999822e+00
6.676000000000000156e+00
6.677000000000000490e+00
6.677999999999999936e+00
6.677999999999999936e+00
6.679999999999999716e+00
6.681000000000000050e+00
6.682999999999999829e+00
6.684000000000000163e+00
6.684000000000000163e+00
6.687000000000000277e+00
6.687999999999999723e+00
6.689000000000000057e+00
6.690000000000000391e+00
6.693999999999999950e+00
6.695000000000000284e+00
6.695000000000000284e+00
6.695000000000000284e+00
6.698999999999999844e+00
6.698999999999999844e+00
6.703999999999999737e+00
6.703999999999999737e+00
6.705000000000000071e+00
6.706000000000000405e+00
6.706000000000000405e+00
6.706999999999999851e+00
6.706999999999999851e+00
6.708000000000000185e+00
6.709000000000000519e+00
6.709999999999999964e+00
6.711000000000000298e+00
6.711000000000000298e+00
6.711999999999999744e+00
6.713000000000000078e+00
6.714000000000000412e+00
6.714999999999999858e+00
6.716000000000000192e+00
6.717999999999999972e+00
6.717999999999999972e+00
6.719000000000000306e+00
6.719999999999999751e+00
6.719999999999999751e+00
6.721000000000000085e+00
6.721000000000000085e+00
6.721000000000000085e+00
6.722999999999999865e+00
6.724000000000000199e+00
6.727000000000000313e+00
6.727000000000000313e+00
6.727000000000000313e+00
6.727999999999999758e+00
6.729000000000000092e+00
6.730000000000000426e+00
6.730999999999999872e+00
6.732000000000000206e+00
6.733000000000000540e+00
6.733999999999999986e+00
6.733999999999999986e+00
6.733999999999999986e+00
6.735000000000000320e+00
6.735999999999999766e+00
6.735999999999999766e+00
6.737000000000000099e+00
6.738000000000000433e+00
6.738000000000000433e+00
6.738000000000000433e+00
6.741000000000000547e+00
6.741999999999999993e+00
6.741999999999999993e+00
6.745000000000000107e+00
6.745000000000000107e+00
6.746000000000000441e+00
6.748000000000000220e+00
6.748000000000000220e+00
6.748000000000000220e+00
6.749000000000000554e+00
6.750000000000000000e+00
6.751000000000000334e+00
6.751000000000000334e+00
6.753000000000000114e+00
6.754000000000000448e+00
6.754000000000000448e+00
6.754000000000000448e+00
6.754000000000000448e+00
6.754999999999999893e+00
6.758000000000000007e+00
6.759000000000000341e+00
6.759999999999999787e+00
6.759999999999999787e+00
6.759999999999999787e+00
6.761000000000000121e+00
6.761000000000000121e+00
6.762000000000000455e+00
6.762000000000000455e+00
6.762999999999999901e+00
6.762999999999999901e+00
6.762999999999999901e+00
6.766000000000000014e+00
6.766000000000000014e+00
6.766000000000000014e+00
6.767000000000000348e+00
6.767999999999999794e+00
6.769000000000000128e+00
6.770000000000000462e+00
6.772000000000000242e+00
6.774000000000000021e+00
6.777000000000000135e+00
6.778000000000000469e+00
6.781000000000000583e+00
6.783000000000000362e+00
6.783999999999999808e+00
6.788000000000000256e+00
6.788000000000000256e+00
6.788999999999999702e+00
6.788999999999999702e+00
6.790000000000000036e+00
6.791000000000000369e+00
6.791000000000000369e+00
6.791999999999999815e+00
6.791999999999999815e+00
6.793000000000000149e+00
6.794000000000000483e+00
6.796000000000000263e+00
6.796999999999999709e+00
6.798000000000000043e+00
6.798000000000000043e+00
6.799999999999999822e+00
6.799999999999999822e+00
6.802000000000000490e+00
6.802000000000000490e+00
6.804999999999999716e+00
6.804999999999999716e+00
6.807000000000000384e+00
6.809000000000000163e+00
6.809000000000000163e+00
6.810000000000000497e+00
6.812999999999999723e+00
6.814000000000000057e+00
6.814000000000000057e+00
6.814000000000000057e+00
6.817000000000000171e+00
6.818000000000000504e+00
6.818999999999999950e+00
6.818999999999999950e+00
6.818999999999999950e+00
6.822000000000000064e+00
6.823000000000000398e+00
6.823000000000000398e+00
6.823999999999999844e+00
6.825000000000000178e+00
6.830000000000000071e+00
6.833000000000000185e+00
6.833000000000000185e+00
6.833000000000000185e+00
6.833000000000000185e+00
6.834000000000000519e+00
6.834999999999999964e+00
6.836000000000000298e+00
6.836999999999999744e+00
6.838000000000000078e+00
6.839000000000000412e+00
6.841000000000000192e+00
6.842000000000000526e+00
6.842999999999999972e+00
6.846000000000000085e+00
6.846000000000000085e+00
6.847000000000000419e+00
6.847000000000000419e+00
6.847000000000000419e+00
6.850000000000000533e+00
6.850999999999999979e+00
6.852000000000000313e+00
6.854000000000000092e+00
6.855000000000000426e+00
6.857000000000000206e+00
6.858999999999999986e+00
6.858999999999999986e+00
6.858999999999999986e+00
6.860999999999999766e+00
6.862000000000000099e+00
6.863999999999999879e+00
6.865000000000000213e+00
6.868000000000000327e+00
6.871000000000000441e+00
6.871000000000000441e+00
6.873000000000000220e+00
6.873000000000000220e+00
6.874000000000000554e+00
6.876000000000000334e+00
6.876999999999999780e+00
6.876999999999999780e+00
6.878000000000000114e+00
6.878000000000000114e+00
6.879000000000000448e+00
6.879000000000000448e+00
6.879000000000000448e+00
6.879000000000000448e+00
6.879999999999999893e+00
6.882000000000000561e+00
6.883000000000000007e+00
6.887000000000000455e+00
6.889000000000000234e+00
6.890000000000000568e+00
6.894000000000000128e+00
6.895000000000000462e+00
6.895000000000000462e+00
6.895999999999999908e+00
6.898000000000000576e+00
6.900000000000000355e+00
6.900999999999999801e+00
6.902000000000000135e+00
6.902000000000000135e+00
6.903000000000000469e+00
6.905000000000000249e+00
6.905000000000000249e+00
6.907000000000000028e+00
6.908999999999999808e+00
6.910000000000000142e+00
6.911999999999999922e+00
6.913000000000000256e+00
6.916000000000000369e+00
6.916000000000000369e+00
6.916000000000000369e+00
6.918000000000000149e+00
6.919000000000000483e+00
6.919999999999999929e+00
6.921999999999999709e+00
6.926000000000000156e+00
6.929000000000000270e+00
6.932000000000000384e+00
6.935000000000000497e+00
6.937000000000000277e+00
6.940999999999999837e+00
6.943999999999999950e+00
6.945000000000000284e+00
6.947000000000000064e+00
6.953999999999999737e+00
6.956000000000000405e+00
6.956999999999999851e+00
6.961000000000000298e+00
6.964000000000000412e+00
6.967000000000000526e+00
6.969000000000000306e+00
6.969000000000000306e+00
6.975999999999999979e+00
6.977999999999999758e+00
6.979000000000000092e+00
6.982000000000000206e+00
6.983999999999999986e+00
6.985999999999999766e+00
6.991999999999999993e+00
6.993000000000000327e+00
6.995000000000000107e+00
6.999000000000000554e+00
7.004000000000000448e+00
7.011000000000000121e+00
7.017000000000000348e+00
7.025000000000000355e+00
7.039000000000000590e+00
7.052000000000000490e+00
7.515000000000000568e+00
7.523000000000000576e+00
7.527000000000000135e+00
7.532000000000000028e+00
7.536999999999999922e+00
7.544000000000000483e+00
7.544000000000000483e+00
7.544999999999999929e+00
7.552999999999999936e+00
7.565000000000000391e+00
7.568000000000000504e+00
7.575000000000000178e+00
7.578000000000000291e+00
7.581000000000000405e+00
7.583000000000000185e+00
7.583000000000000185e+00
7.584999999999999964e+00
7.586000000000000298e+00
7.586999999999999744e+00
7.588000000000000078e+00
7.592999999999999972e+00
7.594999999999999751e+00
7.594999999999999751e+00
7.600000000000000533e+00
7.600000000000000533e+00
7.602000000000000313e+00
7.607000000000000206e+00
7.607000000000000206e+00
7.608999999999999986e+00
7.608999999999999986e+00
7.610000000000000320e+00
7.612000000000000099e+00
7.612000000000000099e+00
7.616000000000000547e+00
7.616000000000000547e+00
7.618999999999999773e+00
7.618999999999999773e+00
7.620000000000000107e+00
7.621999999999999886e+00
7.623000000000000220e+00
7.624000000000000554e+00
7.628000000000000114e+00
7.628000000000000114e+00
7.633000000000000007e+00
7.637000000000000455e+00
7.637000000000000455e+00
7.637999999999999901e+00
7.637999999999999901e+00
7.639000000000000234e+00
7.640000000000000568e+00
7.642000000000000348e+00
7.642000000000000348e+00
7.642999999999999794e+00
7.644000000000000128e+00
7.645000000000000462e+00
7.645000000000000462e+00
7.650000000000000355e+00
7.652000000000000135e+00
7.652000000000000135e+00
7.653000000000000469e+00
7.655000000000000249e+00
7.655000000000000249e+00
7.655000000000000249e+00
7.655000000000000249e+00
7.656000000000000583e+00
7.656000000000000583e+00
7.657000000000000028e+00
7.658000000000000362e+00
7.658999999999999808e+00
7.661999999999999922e+00
7.663000000000000256e+00
7.664000000000000590e+00
7.664000000000000590e+00
7.669000000000000483e+00
7.671000000000000263e+00
7.671000000000000263e+00
7.674000000000000377e+00
7.676000000000000156e+00
7.676000000000000156e+00
7.677000000000000490e+00
7.677999999999999936e+00
7.679000000000000270e+00
7.679999999999999716e+00
7.679999999999999716e+00
7.679999999999999716e+00
7.681000000000000050e+00
7.682999999999999829e+00
7.684000000000000163e+00
7.685000000000000497e+00
7.685999999999999943e+00
7.687999999999999723e+00
7.690999999999999837e+00
7.692000000000000171e+00
7.693000000000000504e+00
7.693999999999999950e+00
7.695000000000000284e+00
7.698000000000000398e+00
7.698000000000000398e+00
7.698999999999999844e+00
7.700000000000000178e+00
7.700000000000000178e+00
7.701000000000000512e+00
7.703000000000000291e+00
7.706000000000000405e+00
7.706000000000000405e+00
7.706000000000000405e+00
7.706999999999999851e+00
7.709000000000000519e+00
7.709999999999999964e+00
7.709999999999999964e+00
7.709999999999999964e+00
7.711000000000000298e+00
7.711000000000000298e+00
7.711000000000000298e+00
7.714000000000000412e+00
7.714000000000000412e+00
7.714999999999999858e+00
7.716000000000000192e+00
7.717999999999999972e+00
7.719000000000000306e+00
7.719999999999999751e+00
7.724000000000000199e+00
7.729000000000000092e+00
7.730000000000000426e+00
7.730999999999999872e+00
7.730999999999999872e+00
7.733999999999999986e+00
7.733999999999999986e+00
7.738000000000000433e+00
7.740000000000000213e+00
7.740000000000000213e+00
7.741000000000000547e+00
7.741999999999999993e+00
7.743999999999999773e+00
7.743999999999999773e+00
7.743999999999999773e+00
7.746000000000000441e+00
7.748000000000000220e+00
7.748000000000000220e+00
7.749000000000000554e+00
7.749000000000000554e+00
7.751999999999999780e+00
7.751999999999999780e+00
7.754000000000000448e+00
7.754999999999999893e+00
7.758000000000000007e+00
7.764000000000000234e+00
7.765000000000000568e+00
7.765000000000000568e+00
7.765000000000000568e+00
7.766000000000000014e+00
7.766000000000000014e+00
7.767999999999999794e+00
7.769000000000000128e+00
7.770999999999999908e+00
7.770999999999999908e+00
7.772000000000000242e+00
7.772000000000000242e+00
7.774000000000000021e+00
7.775000000000000355e+00
7.775000000000000355e+00
7.775000000000000355e+00
7.775999999999999801e+00
7.780000000000000249e+00
7.782000000000000028e+00
7.783000000000000362e+00
7.785000000000000142e+00
7.786000000000000476e+00
7.790000000000000036e+00
7.791000000000000369e+00
7.793000000000000149e+00
7.793000000000000149e+00
7.794999999999999929e+00
7.796000000000000263e+00
7.797000000000000597e+00
7.797000000000000597e+00
7.798000000000000043e+00
7.798000000000000043e+00
7.799000000000000377e+00
7.799999999999999822e+00
7.799999999999999822e+00
7.799999999999999822e+00
7.801000000000000156e+00
7.802999999999999936e+00
7.804000000000000270e+00
7.806000000000000050e+00
7.807000000000000384e+00
7.807999999999999829e+00
7.809000000000000163e+00
7.809000000000000163e+00
7.810000000000000497e+00
7.810000000000000497e+00
7.810999999999999943e+00
7.812000000000000277e+00
7.812999999999999723e+00
7.815999999999999837e+00
7.815999999999999837e+00
7.818999999999999950e+00
7.820999999999999730e+00
7.820999999999999730e+00
7.820999999999999730e+00
7.823000000000000398e+00
7.823000000000000398e+00
7.825000000000000178e+00
7.825000000000000178e+00
7.825000000000000178e+00
7.828000000000000291e+00
7.828999999999999737e+00
7.831000000000000405e+00
7.831000000000000405e+00
7.831000000000000405e+00
7.834000000000000519e+00
7.834000000000000519e+00
7.836999999999999744e+00
7.836999999999999744e+00
7.839000000000000412e+00
7.839000000000000412e+00
7.839999999999999858e+00
7.839999999999999858e+00
7.841000000000000192e+00
7.841000000000000192e+00
7.842000000000000526e+00
7.842000000000000526e+00
7.842999999999999972e+00
7.842999999999999972e+00
7.844000000000000306e+00
7.844000000000000306e+00
7.847999999999999865e+00
7.847999999999999865e+00
7.850999999999999979e+00
7.850999999999999979e+00
7.850999999999999979e+00
7.852000000000000313e+00
7.855000000000000426e+00
7.855999999999999872e+00
7.855999999999999872e+00
7.858000000000000540e+00
7.860000000000000320e+00
7.860000000000000320e+00
7.860999999999999766e+00
7.865000000000000213e+00
7.865000000000000213e+00
7.871999999999999886e+00
7.873000000000000220e+00
7.874000000000000554e+00
7.875000000000000000e+00
7.879000000000000448e+00
7.879999999999999893e+00
7.879999999999999893e+00
7.882000000000000561e+00
7.884000000000000341e+00
7.884000000000000341e+00
7.884999999999999787e+00
7.890000000000000568e+00
7.890000000000000568e+00
7.890000000000000568e+00
7.891000000000000014e+00
7.891000000000000014e+00
7.899000000000000021e+00
7.903999999999999915e+00
7.907000000000000028e+00
7.907000000000000028e+00
7.908999999999999808e+00
7.911999999999999922e+00
7.911999999999999922e+00
7.911999999999999922e+00
7.911999999999999922e+00
7.915000000000000036e+00
7.916999999999999815e+00
7.923000000000000043e+00
7.924000000000000377e+00
7.924000000000000377e+00
7.924000000000000377e+00
7.926000000000000156e+00
7.926000000000000156e+00
7.927000000000000490e+00
7.927999999999999936e+00
7.929000000000000270e+00
7.931000000000000050e+00
7.935000000000000497e+00
7.937999999999999723e+00
7.939000000000000057e+00
7.942000000000000171e+00
7.942000000000000171e+00
7.943000000000000504e+00
7.950000000000000178e+00
7.950000000000000178e+00
7.953000000000000291e+00
7.953999999999999737e+00
7.956999999999999851e+00
7.959000000000000519e+00
7.959000000000000519e+00
7.969000000000000306e+00
7.969999999999999751e+00
7.972000000000000419e+00
7.974000000000000199e+00
7.988999999999999879e+00
7.990000000000000213e+00
8.000000000000000000e+00
8.003999999999999559e+00
8.003999999999999559e+00
8.005000000000000782e+00
8.012999999999999901e+00
8.025999999999999801e+00
8.028000000000000469e+00
8.043000000000001037e+00
8.043000000000001037e+00
8.048999999999999488e+00
8.064999999999999503e+00
8.073000000000000398e+00
8.080999999999999517e+00
8.083999999999999631e+00
8.413999999999999702e+00
8.481999999999999318e+00
8.487999999999999545e+00
8.490000000000000213e+00
8.499000000000000554e+00
8.509000000000000341e+00
8.513999999999999346e+00
8.534000000000000696e+00
8.544999999999999929e+00
8.548000000000000043e+00
8.548999999999999488e+00
8.550000000000000711e+00
8.553000000000000824e+00
8.560999999999999943e+00
8.563000000000000611e+00
8.564000000000000057e+00
8.564999999999999503e+00
8.569000000000000838e+00
8.570000000000000284e+00
8.573000000000000398e+00
8.573999999999999844e+00
8.576000000000000512e+00
8.576999999999999957e+00
8.576999999999999957e+00
8.580000000000000071e+00
8.582000000000000739e+00
8.589999999999999858e+00
8.596999999999999531e+00
8.598000000000000753e+00
8.599999999999999645e+00
8.604000000000000981e+00
8.605000000000000426e+00
8.615000000000000213e+00
8.615999999999999659e+00
8.618999999999999773e+00
8.620000000000000995e+00
8.621000000000000441e+00
8.625000000000000000e+00
8.625999999999999446e+00
8.625999999999999446e+00
8.628999999999999559e+00
8.630000000000000782e+00
8.630000000000000782e+00
8.630000000000000782e+00
8.631999999999999673e+00
8.631999999999999673e+00
8.631999999999999673e+00
8.634000000000000341e+00
8.636000000000001009e+00
8.637000000000000455e+00
8.637000000000000455e+00
8.637000000000000455e+00
8.637999999999999901e+00
8.638999999999999346e+00
8.638999999999999346e+00
8.640000000000000568e+00
8.641000000000000014e+00
8.643000000000000682e+00
8.647999999999999687e+00
8.647999999999999687e+00
8.647999999999999687e+00
8.650999999999999801e+00
8.653000000000000469e+00
8.653999999999999915e+00
8.654999999999999361e+00
8.656000000000000583e+00
8.657999999999999474e+00
8.657999999999999474e+00
8.659000000000000696e+00
8.662000000000000810e+00
8.662000000000000810e+00
8.663000000000000256e+00
8.663000000000000256e+00
8.663999999999999702e+00
8.663999999999999702e+00
8.666000000000000369e+00
8.666999999999999815e+00
8.666999999999999815e+00
8.669000000000000483e+00
8.669999999999999929e+00
8.669999999999999929e+00
8.670999999999999375e+00
8.670999999999999375e+00
8.673000000000000043e+00
8.673000000000000043e+00
8.675000000000000711e+00
8.676000000000000156e+00
8.679000000000000270e+00
8.679999999999999716e+00
8.681000000000000938e+00
8.681000000000000938e+00
8.682000000000000384e+00
8.682999999999999829e+00
8.684000000000001052e+00
8.685000000000000497e+00
8.685000000000000497e+00
8.685999999999999943e+00
8.689999999999999503e+00
8.692000000000000171e+00
8.694000000000000838e+00
8.695000000000000284e+00
8.695999999999999730e+00
8.698999999999999844e+00
8.700000000000001066e+00
8.700000000000001066e+00
8.700000000000001066e+00
8.701000000000000512e+00
8.701000000000000512e+00
8.701999999999999957e+00
8.705000000000000071e+00
8.705999999999999517e+00
8.705999999999999517e+00
8.707000000000000739e+00
8.707000000000000739e+00
8.707000000000000739e+00
8.708000000000000185e+00
8.708000000000000185e+00
8.708999999999999631e+00
8.711000000000000298e+00
8.711999999999999744e+00
8.714000000000000412e+00
8.721999999999999531e+00
8.723000000000000753e+00
8.724999999999999645e+00
8.726000000000000867e+00
8.729000000000000981e+00
8.729000000000000981e+00
8.730999999999999872e+00
8.731999999999999318e+00
8.733000000000000540e+00
8.737000000000000099e+00
8.737999999999999545e+00
8.737999999999999545e+00
8.739000000000000767e+00
8.739000000000000767e+00
8.740999999999999659e+00
8.740999999999999659e+00
8.740999999999999659e+00
8.742000000000000881e+00
8.743000000000000327e+00
8.743000000000000327e+00
8.743999999999999773e+00
8.743999999999999773e+00
8.746000000000000441e+00
8.746000000000000441e+00
8.746000000000000441e+00
8.746999999999999886e+00
8.747999999999999332e+00
8.749000000000000554e+00
8.750000000000000000e+00
8.753000000000000114e+00
8.755000000000000782e+00
8.756000000000000227e+00
8.756999999999999673e+00
8.756999999999999673e+00
8.758000000000000895e+00
8.758000000000000895e+00
8.758000000000000895e+00
8.759999999999999787e+00
8.762000000000000455e+00
8.762000000000000455e+00
8.762999999999999901e+00
8.765000000000000568e+00
8.766000000000000014e+00
8.766000000000000014e+00
8.766000000000000014e+00
8.768000000000000682e+00
8.769000000000000128e+00
8.769000000000000128e+00
8.771000000000000796e+00
8.771000000000000796e+00
8.772999999999999687e+00
8.772999999999999687e+00
8.774000000000000909e+00
8.774000000000000909e+00
8.774000000000000909e+00
8.775999999999999801e+00
8.775999999999999801e+00
8.777000000000001023e+00
8.782000000000000028e+00
8.782999999999999474e+00
8.782999999999999474e+00
8.784000000000000696e+00
8.784000000000000696e+00
8.785000000000000142e+00
8.788000000000000256e+00
8.788999999999999702e+00
8.790000000000000924e+00
8.790000000000000924e+00
8.791000000000000369e+00
8.793000000000001037e+00
8.793000000000001037e+00
8.793000000000001037e+00
8.795999999999999375e+00
8.795999999999999375e+00
8.797000000000000597e+00
8.798000000000000043e+00
8.801000000000000156e+00
8.803000000000000824e+00
8.804000000000000270e+00
8.804999999999999716e+00
8.804999999999999716e+00
8.806000000000000938e+00
8.809000000000001052e+00
8.810999999999999943e+00
8.810999999999999943e+00
8.811999999999999389e+00
8.811999999999999389e+00
8.813000000000000611e+00
8.813000000000000611e+00
8.813000000000000611e+00
8.820000000000000284e+00
8.820000000000000284e+00
8.820999999999999730e+00
8.820999999999999730e+00
8.822000000000000952e+00
8.826000000000000512e+00
8.829000000000000625e+00
8.829000000000000625e+00
8.833000000000000185e+00
8.833999999999999631e+00
8.833999999999999631e+00
8.835000000000000853e+00
8.835000000000000853e+00
8.836000000000000298e+00
8.838000000000000966e+00
8.838000000000000966e+00
8.840999999999999304e+00
8.842000000000000526e+00
8.842999999999999972e+00
8.842999999999999972e+00
8.843999999999999417e+00
8.845000000000000639e+00
8.846999999999999531e+00
8.846999999999999531e+00
8.849000000000000199e+00
8.849999999999999645e+00
8.851000000000000867e+00
8.852000000000000313e+00
8.854000000000000981e+00
8.854000000000000981e+00
8.856999999999999318e+00
8.858999999999999986e+00
8.861000000000000654e+00
8.862000000000000099e+00
8.862000000000000099e+00
8.862000000000000099e+00
8.862999999999999545e+00
8.862999999999999545e+00
8.864000000000000767e+00
8.864000000000000767e+00
8.867000000000000881e+00
8.867000000000000881e+00
8.868000000000000327e+00
8.868999999999999773e+00
8.871999999999999886e+00
8.872999999999999332e+00
8.874000000000000554e+00
8.874000000000000554e+00
8.875000000000000000e+00
8.875999999999999446e+00
8.875999999999999446e+00
8.877000000000000668e+00
8.880000000000000782e+00
8.880000000000000782e+00
8.881999999999999673e+00
8.884000000000000341e+00
8.884000000000000341e+00
8.887000000000000455e+00
8.891000000000000014e+00
8.902000000000001023e+00
8.902000000000001023e+00
8.903999999999999915e+00
8.906000000000000583e+00
8.907000000000000028e+00
8.907999999999999474e+00
8.910000000000000142e+00
8.910999999999999588e+00
8.919999999999999929e+00
8.920999999999999375e+00
8.920999999999999375e+00
8.928000000000000824e+00
8.928000000000000824e+00
8.929999999999999716e+00
8.931000000000000938e+00
8.932000000000000384e+00
8.936999999999999389e+00
8.938000000000000611e+00
8.939999999999999503e+00
8.939999999999999503e+00
8.941000000000000725e+00
8.942000000000000171e+00
8.942999999999999616e+00
8.945000000000000284e+00
8.950000000000001066e+00
8.951999999999999957e+00
8.955000000000000071e+00
8.955999999999999517e+00
8.958999999999999631e+00
8.960000000000000853e+00
8.960000000000000853e+00
8.961999999999999744e+00
8.961999999999999744e+00
8.970000000000000639e+00
8.970000000000000639e+00
8.971000000000000085e+00
8.971999999999999531e+00
8.973000000000000753e+00
8.974999999999999645e+00
8.976000000000000867e+00
8.977999999999999758e+00
8.979000000000000981e+00
8.983999999999999986e+00
8.984999999999999432e+00
8.987999999999999545e+00
8.989000000000000767e+00
8.992000000000000881e+00
8.993000000000000327e+00
8.995000000000000995e+00
9.003000000000000114e+00
9.009000000000000341e+00
9.009999999999999787e+00
9.024000000000000909e+00
9.027000000000001023e+00
9.028000000000000469e+00
9.032000000000000028e+00
9.035999999999999588e+00
9.038999999999999702e+00
9.048999999999999488e+00
9.057999999999999829e+00
9.080999999999999517e+00
9.112000000000000099e+00
9.402000000000001023e+00
9.467999999999999972e+00
9.473000000000000753e+00
9.490999999999999659e+00
9.493999999999999773e+00
9.512999999999999901e+00
9.518000000000000682e+00
9.522999999999999687e+00
9.522999999999999687e+00
9.525000000000000355e+00
9.532999999999999474e+00
9.538999999999999702e+00
9.544000000000000483e+00
9.550000000000000711e+00
9.556000000000000938e+00
9.563000000000000611e+00
9.564000000000000057e+00
9.576999999999999957e+00
9.583000000000000185e+00
9.583000000000000185e+00
9.585000000000000853e+00
9.585000000000000853e+00
9.591000000000001080e+00
9.596000000000000085e+00
9.596999999999999531e+00
9.598000000000000753e+00
9.602999999999999758e+00
9.605999999999999872e+00
9.605999999999999872e+00
9.608000000000000540e+00
9.608999999999999986e+00
9.608999999999999986e+00
9.608999999999999986e+00
9.611000000000000654e+00
9.611000000000000654e+00
9.615999999999999659e+00
9.617000000000000881e+00
9.620000000000000995e+00
9.622999999999999332e+00
9.627000000000000668e+00
9.630000000000000782e+00
9.631999999999999673e+00
9.633000000000000895e+00
9.634999999999999787e+00
9.634999999999999787e+00
9.643000000000000682e+00
9.644999999999999574e+00
9.647000000000000242e+00
9.647000000000000242e+00
9.647000000000000242e+00
9.647999999999999687e+00
9.652000000000001023e+00
9.654999999999999361e+00
9.656000000000000583e+00
9.656000000000000583e+00
9.657000000000000028e+00
9.659000000000000696e+00
9.660999999999999588e+00
9.660999999999999588e+00
9.663000000000000256e+00
9.663999999999999702e+00
9.663999999999999702e+00
9.666000000000000369e+00
9.666000000000000369e+00
9.668000000000001037e+00
9.668000000000001037e+00
9.669000000000000483e+00
9.669999999999999929e+00
9.669999999999999929e+00
9.673000000000000043e+00
9.673999999999999488e+00
9.675000000000000711e+00
9.676000000000000156e+00
9.676999999999999602e+00
9.676999999999999602e+00
9.679000000000000270e+00
9.679000000000000270e+00
9.679999999999999716e+00
9.681000000000000938e+00
9.682000000000000384e+00
9.682999999999999829e+00
9.684000000000001052e+00
9.684000000000001052e+00
9.684000000000001052e+00
9.685000000000000497e+00
9.685000000000000497e+00
9.688000000000000611e+00
9.689000000000000057e+00
9.689999999999999503e+00
9.689999999999999503e+00
9.689999999999999503e+00
9.692000000000000171e+00
9.692999999999999616e+00
9.695000000000000284e+00
9.695999999999999730e+00
9.695999999999999730e+00
9.697000000000000952e+00
9.698000000000000398e+00
9.698000000000000398e+00
9.698000000000000398e+00
9.701000000000000512e+00
9.701999999999999957e+00
9.707000000000000739e+00
9.708000000000000185e+00
9.708999999999999631e+00
9.711999999999999744e+00
9.711999999999999744e+00
9.713000000000000966e+00
9.716000000000001080e+00
9.716000000000001080e+00
9.717000000000000526e+00
9.718999999999999417e+00
9.720000000000000639e+00
9.720000000000000639e+00
9.721000000000000085e+00
9.723000000000000753e+00
9.723000000000000753e+00
9.723000000000000753e+00
9.723000000000000753e+00
9.723000000000000753e+00
9.729000000000000981e+00
9.731999999999999318e+00
9.731999999999999318e+00
9.733000000000000540e+00
9.733999999999999986e+00
9.737999999999999545e+00
9.737999999999999545e+00
9.737999999999999545e+00
9.739000000000000767e+00
9.739000000000000767e+00
9.739000000000000767e+00
9.739000000000000767e+00
9.740000000000000213e+00
9.740000000000000213e+00
9.742000000000000881e+00
9.743000000000000327e+00
9.743000000000000327e+00
9.743999999999999773e+00
9.745000000000000995e+00
9.746999999999999886e+00
9.749000000000000554e+00
9.750000000000000000e+00
9.750000000000000000e+00
9.750999999999999446e+00
9.752000000000000668e+00
9.753000000000000114e+00
9.753999999999999559e+00
9.753999999999999559e+00
9.756000000000000227e+00
9.756999999999999673e+00
9.756999999999999673e+00
9.759000000000000341e+00
9.759000000000000341e+00
9.759999999999999787e+00
9.761000000000001009e+00
9.761000000000001009e+00
9.763999999999999346e+00
9.765000000000000568e+00
9.771000000000000796e+00
9.771000000000000796e+00
9.772999999999999687e+00
9.772999999999999687e+00
9.775000000000000355e+00
9.775000000000000355e+00
9.775000000000000355e+00
9.775999999999999801e+00
9.775999999999999801e+00
9.777000000000001023e+00
9.781000000000000583e+00
9.782000000000000028e+00
9.785000000000000142e+00
9.785000000000000142e+00
9.785999999999999588e+00
9.788000000000000256e+00
9.788999999999999702e+00
9.788999999999999702e+00
9.788999999999999702e+00
9.791000000000000369e+00
9.791000000000000369e+00
9.791999999999999815e+00
9.791999999999999815e+00
9.793000000000001037e+00
9.793000000000001037e+00
9.794000000000000483e+00
9.794999999999999929e+00
9.797000000000000597e+00
9.798000000000000043e+00
9.798999999999999488e+00
9.800000000000000711e+00
9.800000000000000711e+00
9.801999999999999602e+00
9.801999999999999602e+00
9.803000000000000824e+00
9.804000000000000270e+00
9.804999999999999716e+00
9.806000000000000938e+00
9.807000000000000384e+00
9.807000000000000384e+00
9.809000000000001052e+00
9.811999999999999389e+00
9.813000000000000611e+00
9.813000000000000611e+00
9.814999999999999503e+00
9.817000000000000171e+00
9.817999999999999616e+00
9.817999999999999616e+00
9.817999999999999616e+00
9.819000000000000838e+00
9.819000000000000838e+00
9.819000000000000838e+00
9.820999999999999730e+00
9.823999999999999844e+00
9.826999999999999957e+00
9.826999999999999957e+00
9.827999999999999403e+00
9.829000000000000625e+00
9.829000000000000625e+00
9.829000000000000625e+00
9.830999999999999517e+00
9.830999999999999517e+00
9.830999999999999517e+00
9.832000000000000739e+00
9.832000000000000739e+00
9.835000000000000853e+00
9.836000000000000298e+00
9.836999999999999744e+00
9.846000000000000085e+00
9.846000000000000085e+00
9.846999999999999531e+00
9.846999999999999531e+00
9.849999999999999645e+00
9.849999999999999645e+00
9.851000000000000867e+00
9.851000000000000867e+00
9.852000000000000313e+00
9.852999999999999758e+00
9.852999999999999758e+00
9.855000000000000426e+00
9.855999999999999872e+00
9.855999999999999872e+00
9.858000000000000540e+00
9.858000000000000540e+00
9.859999999999999432e+00
9.861000000000000654e+00
9.862000000000000099e+00
9.865000000000000213e+00
9.865000000000000213e+00
9.867000000000000881e+00
9.867000000000000881e+00
9.867000000000000881e+00
9.867000000000000881e+00
9.868000000000000327e+00
9.870000000000000995e+00
9.871999999999999886e+00
9.872999999999999332e+00
9.877000000000000668e+00
9.878000000000000114e+00
9.880000000000000782e+00
9.881000000000000227e+00
9.881000000000000227e+00
9.881999999999999673e+00
9.883000000000000895e+00
9.883000000000000895e+00
9.884000000000000341e+00
9.884999999999999787e+00
9.884999999999999787e+00
9.887999999999999901e+00
9.887999999999999901e+00
9.887999999999999901e+00
9.887999999999999901e+00
9.891000000000000014e+00
9.891999999999999460e+00
9.891999999999999460e+00
9.894000000000000128e+00
9.897999999999999687e+00
9.899000000000000909e+00
9.899000000000000909e+00
9.900999999999999801e+00
9.903000000000000469e+00
9.910000000000000142e+00
9.910999999999999588e+00
9.913000000000000256e+00
9.915000000000000924e+00
9.916999999999999815e+00
9.916999999999999815e+00
9.918000000000001037e+00
9.918000000000001037e+00
9.919999999999999929e+00
9.920999999999999375e+00
9.920999999999999375e+00
9.922000000000000597e+00
9.923000000000000043e+00
9.926000000000000156e+00
9.926000000000000156e+00
9.926000000000000156e+00
9.929000000000000270e+00
9.932999999999999829e+00
9.935000000000000497e+00
9.935000000000000497e+00
9.939000000000000057e+00
9.942000000000000171e+00
9.942000000000000171e+00
9.942999999999999616e+00
9.942999999999999616e+00
9.945999999999999730e+00
9.947000000000000952e+00
9.954000000000000625e+00
9.961999999999999744e+00
9.966000000000001080e+00
9.968999999999999417e+00
9.971000000000000085e+00
9.971999999999999531e+00
9.974000000000000199e+00
9.974000000000000199e+00
9.974999999999999645e+00
9.977000000000000313e+00
9.977999999999999758e+00
9.979000000000000981e+00
9.979000000000000981e+00
9.982000000000001094e+00
9.986000000000000654e+00
9.986000000000000654e+00
9.997999999999999332e+00
