2.890000000000000124e+00
3.129999999999999893e+00
3.180000000000000160e+00
3.280000000000000249e+00
3.310000000000000053e+00
3.320000000000000284e+00
4.740000000000000213e+00
4.910000000000000142e+00
5.209999999999999964e+00
5.299999999999999822e+00
5.339999999999999858e+00
5.339999999999999858e+00
1.298000000000000043e+01
1.304000000000000092e+01
1.306000000000000050e+01
1.333999999999999986e+01
1.420000000000000107e+01
1.473000000000000043e+01
1.500000000000000000e+01
1.506000000000000050e+01
1.507000000000000028e+01
1.624000000000000199e+01
2.296000000000000085e+01
2.325000000000000000e+01
2.337999999999999901e+01
2.340000000000000213e+01
2.353000000000000114e+01
2.426999999999999957e+01
2.469999999999999929e+01
2.498000000000000043e+01
2.526999999999999957e+01
2.546999999999999886e+01
2.555000000000000071e+01
3.299000000000000199e+01
3.336999999999999744e+01
3.366000000000000369e+01
3.435999999999999943e+01
3.435999999999999943e+01
3.461999999999999744e+01
3.502000000000000313e+01
3.541000000000000369e+01
3.568999999999999773e+01
3.628000000000000114e+01
4.266000000000000369e+01
4.275000000000000000e+01
4.278000000000000114e+01
4.336999999999999744e+01
4.346999999999999886e+01
4.460000000000000142e+01
4.470000000000000284e+01
4.480000000000000426e+01
4.492999999999999972e+01
4.539000000000000057e+01
4.548000000000000398e+01
5.295000000000000284e+01
5.310999999999999943e+01
5.323000000000000398e+01
5.349000000000000199e+01
5.378999999999999915e+01
5.496000000000000085e+01
5.513000000000000256e+01
5.525000000000000000e+01
5.581000000000000227e+01
6.282000000000000028e+01
6.285999999999999943e+01
6.355000000000000426e+01
6.369000000000000483e+01
6.395000000000000284e+01
6.484999999999999432e+01
6.498000000000000398e+01
6.557000000000000739e+01
6.575000000000000000e+01
6.590999999999999659e+01
6.651999999999999602e+01
7.239000000000000057e+01
7.257000000000000739e+01
7.278000000000000114e+01
7.339000000000000057e+01
7.343000000000000682e+01
7.365999999999999659e+01
7.451999999999999602e+01
7.459000000000000341e+01
7.479999999999999716e+01
7.542000000000000171e+01
7.548999999999999488e+01
7.687000000000000455e+01
8.201999999999999602e+01
8.301000000000000512e+01
8.312000000000000455e+01
8.321999999999999886e+01
8.379999999999999716e+01
8.409000000000000341e+01
8.473000000000000398e+01
8.503000000000000114e+01
8.515000000000000568e+01
8.523000000000000398e+01
8.567000000000000171e+01
8.634000000000000341e+01
9.262999999999999545e+01
9.285000000000000853e+01
9.292000000000000171e+01
9.329999999999999716e+01
9.348999999999999488e+01
9.370000000000000284e+01
9.468000000000000682e+01
9.490000000000000568e+01
9.492000000000000171e+01
9.495000000000000284e+01
9.532000000000000739e+01
9.551999999999999602e+01
1.021800000000000068e+02
1.024800000000000040e+02
1.024800000000000040e+02
1.030700000000000074e+02
1.037199999999999989e+02
1.037900000000000063e+02
1.043700000000000045e+02
1.044900000000000091e+02
1.046800000000000068e+02
1.050900000000000034e+02
1.057699999999999960e+02
1.116000000000000085e+02
1.126200000000000045e+02
1.126700000000000017e+02
1.129200000000000017e+02
1.134300000000000068e+02
1.134900000000000091e+02
1.146500000000000057e+02
1.146899999999999977e+02
1.149500000000000028e+02
1.155100000000000051e+02
1.155400000000000063e+02
1.157400000000000091e+02
1.222300000000000040e+02
1.227800000000000011e+02
1.227800000000000011e+02
1.232500000000000000e+02
1.242999999999999972e+02
1.244500000000000028e+02
1.247999999999999972e+02
1.250499999999999972e+02
1.253299999999999983e+02
1.254300000000000068e+02
1.268100000000000023e+02
1.325300000000000011e+02
1.327199999999999989e+02
1.330500000000000114e+02
1.334600000000000080e+02
1.344699999999999989e+02
1.345600000000000023e+02
1.350200000000000102e+02
1.350800000000000125e+02
1.354799999999999898e+02
1.365099999999999909e+02
1.418300000000000125e+02
1.423900000000000148e+02
1.425999999999999943e+02
1.431500000000000057e+02
1.433900000000000148e+02
1.438799999999999955e+02
1.443400000000000034e+02
1.444099999999999966e+02
1.451200000000000045e+02
1.454099999999999966e+02
1.459900000000000091e+02
1.463700000000000045e+02
1.518499999999999943e+02
1.524699999999999989e+02
1.525800000000000125e+02
1.527700000000000102e+02
1.530000000000000000e+02
1.539099999999999966e+02
1.540000000000000000e+02
1.544799999999999898e+02
1.547899999999999920e+02
1.550200000000000102e+02
1.559200000000000159e+02
1.560399999999999920e+02
1.614799999999999898e+02
1.622100000000000080e+02
1.626800000000000068e+02
1.629099999999999966e+02
1.631500000000000057e+02
1.641299999999999955e+02
1.642299999999999898e+02
1.649300000000000068e+02
1.651599999999999966e+02
1.669300000000000068e+02
1.672199999999999989e+02
1.672800000000000011e+02
1.715800000000000125e+02
1.721200000000000045e+02
1.732100000000000080e+02
1.734000000000000057e+02
1.736100000000000136e+02
1.741299999999999955e+02
1.742400000000000091e+02
1.752599999999999909e+02
1.754200000000000159e+02
1.756599999999999966e+02
1.766500000000000057e+02
1.818000000000000114e+02
1.823400000000000034e+02
1.825300000000000011e+02
1.834399999999999977e+02
1.839000000000000057e+02
1.840500000000000114e+02
1.843799999999999955e+02
1.845399999999999920e+02
1.845500000000000114e+02
1.851800000000000068e+02
1.854600000000000080e+02
1.870399999999999920e+02
1.915699999999999932e+02
1.925000000000000000e+02
1.925600000000000023e+02
1.926599999999999966e+02
1.936100000000000136e+02
1.939699999999999989e+02
1.945200000000000102e+02
1.952800000000000011e+02
1.960000000000000000e+02
1.980000000000000000e+02
2.017000000000000171e+02
2.022199999999999989e+02
2.025099999999999909e+02
2.033799999999999955e+02
2.037700000000000102e+02
2.045200000000000102e+02
2.046400000000000148e+02
2.050000000000000000e+02
2.054000000000000057e+02
2.064800000000000182e+02
2.068600000000000136e+02
2.120699999999999932e+02
2.121899999999999977e+02
2.131299999999999955e+02
2.134300000000000068e+02
2.141400000000000148e+02
2.142100000000000080e+02
2.151400000000000148e+02
2.154600000000000080e+02
2.161700000000000159e+02
2.163700000000000045e+02
2.220200000000000102e+02
2.222000000000000171e+02
2.224099999999999966e+02
2.226599999999999966e+02
2.237800000000000011e+02
2.243100000000000023e+02
2.244399999999999977e+02
2.245500000000000114e+02
2.257899999999999920e+02
2.264200000000000159e+02
2.265000000000000000e+02
2.265699999999999932e+02
2.302199999999999989e+02
2.319099999999999966e+02
2.321400000000000148e+02
2.325600000000000023e+02
2.334000000000000057e+02
2.339200000000000159e+02
2.345300000000000011e+02
2.345800000000000125e+02
2.354200000000000159e+02
2.365699999999999932e+02
2.366400000000000148e+02
2.410500000000000114e+02
2.420900000000000034e+02
2.424699999999999989e+02
2.430699999999999932e+02
2.432400000000000091e+02
2.441700000000000159e+02
2.444900000000000091e+02
2.446500000000000057e+02
2.452500000000000000e+02
2.456200000000000045e+02
2.466700000000000159e+02
2.479699999999999989e+02
2.503400000000000034e+02
2.516100000000000136e+02
2.523900000000000148e+02
2.524300000000000068e+02
2.531899999999999977e+02
2.536299999999999955e+02
2.544099999999999966e+02
2.549500000000000171e+02
2.552100000000000080e+02
2.569100000000000250e+02
2.569700000000000273e+02
2.605099999999999909e+02
2.614800000000000182e+02
2.627200000000000273e+02
2.629800000000000182e+02
2.633400000000000318e+02
2.635000000000000000e+02
2.647500000000000000e+02
2.653600000000000136e+02
2.656200000000000045e+02
2.663100000000000023e+02
2.679300000000000068e+02
2.683500000000000227e+02
2.708799999999999955e+02
2.712800000000000296e+02
2.726600000000000250e+02
2.728999999999999773e+02
2.733899999999999864e+02
2.734700000000000273e+02
2.743299999999999841e+02
2.746800000000000068e+02
2.754499999999999886e+02
2.764200000000000159e+02
2.768400000000000318e+02
2.813400000000000318e+02
2.814200000000000159e+02
2.823199999999999932e+02
2.833600000000000136e+02
2.833700000000000045e+02
2.843400000000000318e+02
2.847699999999999818e+02
2.853899999999999864e+02
2.866800000000000068e+02
2.867900000000000205e+02
2.905600000000000023e+02
2.910000000000000000e+02
2.925400000000000205e+02
2.930199999999999818e+02
2.930600000000000023e+02
2.937200000000000273e+02
2.945000000000000000e+02
2.945600000000000023e+02
2.957400000000000091e+02
2.965300000000000296e+02
2.975799999999999841e+02
2.997599999999999909e+02
3.004700000000000273e+02
3.012099999999999795e+02
3.027900000000000205e+02
3.028400000000000318e+02
3.032400000000000091e+02
3.039399999999999977e+02
3.048600000000000136e+02
3.050699999999999932e+02
3.059599999999999795e+02
3.067599999999999909e+02
3.070900000000000318e+02
3.113600000000000136e+02
3.118400000000000318e+02
3.125400000000000205e+02
3.138700000000000045e+02
3.139300000000000068e+02
3.145600000000000023e+02
3.152400000000000091e+02
3.159599999999999795e+02
3.160099999999999909e+02
3.172699999999999818e+02
3.200799999999999841e+02
3.204399999999999977e+02
3.221600000000000250e+02
3.223799999999999955e+02
3.232599999999999909e+02
3.239800000000000182e+02
3.244000000000000341e+02
3.250199999999999818e+02
3.260099999999999909e+02
3.271899999999999977e+02
3.272500000000000000e+02
3.302800000000000296e+02
3.321299999999999955e+02
3.324100000000000250e+02
3.325099999999999909e+02
3.336600000000000250e+02
3.341600000000000250e+02
3.345300000000000296e+02
3.354800000000000182e+02
3.356999999999999886e+02
3.366000000000000227e+02
3.375099999999999909e+02
3.390000000000000000e+02
3.404000000000000341e+02
3.411899999999999977e+02
3.416399999999999864e+02
3.431999999999999886e+02
3.436500000000000341e+02
3.436899999999999977e+02
3.456800000000000068e+02
3.457099999999999795e+02
3.457300000000000182e+02
3.465099999999999909e+02
3.507599999999999909e+02
3.511299999999999955e+02
3.523600000000000136e+02
3.531500000000000341e+02
3.537800000000000296e+02
3.543799999999999955e+02
3.554200000000000159e+02
3.558000000000000114e+02
3.574499999999999886e+02
3.576700000000000159e+02
3.591100000000000136e+02
3.592200000000000273e+02
3.612800000000000296e+02
3.617699999999999818e+02
3.630500000000000114e+02
3.638100000000000023e+02
3.642300000000000182e+02
3.650699999999999932e+02
3.651899999999999977e+02
3.662699999999999818e+02
3.672500000000000000e+02
3.675900000000000318e+02
3.698600000000000136e+02
3.713400000000000318e+02
3.719000000000000341e+02
3.723000000000000114e+02
3.733700000000000045e+02
3.739399999999999977e+02
3.743400000000000318e+02
3.752099999999999795e+02
3.759800000000000182e+02
3.772699999999999818e+02
3.779100000000000250e+02
3.793000000000000114e+02
3.802200000000000273e+02
3.806200000000000045e+02
3.826000000000000227e+02
3.826399999999999864e+02
3.836299999999999955e+02
3.846399999999999864e+02
3.856800000000000068e+02
3.857900000000000205e+02
3.869800000000000182e+02
3.878500000000000227e+02
3.888799999999999955e+02
3.894900000000000091e+02
3.913000000000000114e+02
3.915199999999999818e+02
3.919399999999999977e+02
3.933500000000000227e+02
3.935199999999999818e+02
3.939700000000000273e+02
3.955400000000000205e+02
3.955500000000000114e+02
3.975900000000000318e+02
3.978000000000000114e+02
3.994700000000000273e+02
4.010199999999999818e+02
4.023700000000000045e+02
4.030600000000000023e+02
4.041800000000000068e+02
4.044000000000000341e+02
4.062200000000000273e+02
4.066500000000000341e+02
4.074200000000000159e+02
4.088500000000000227e+02
4.095300000000000296e+02
4.108899999999999864e+02
4.109000000000000341e+02
4.127400000000000091e+02
4.129200000000000159e+02
4.132699999999999818e+02
4.147599999999999909e+02
4.152900000000000205e+02
4.153400000000000318e+02
4.173500000000000227e+02
4.173700000000000045e+02
4.189499999999999886e+02
4.200900000000000318e+02
4.201000000000000227e+02
4.221100000000000136e+02
4.221299999999999955e+02
4.235099999999999909e+02
4.241500000000000341e+02
4.241600000000000250e+02
4.255300000000000296e+02
4.257599999999999909e+02
4.277800000000000296e+02
4.278199999999999932e+02
4.281999999999999886e+02
4.289000000000000341e+02
4.298799999999999955e+02
4.311399999999999864e+02
4.312800000000000296e+02
4.319700000000000273e+02
4.332900000000000205e+02
4.333000000000000114e+02
4.346600000000000250e+02
4.353199999999999932e+02
4.359000000000000341e+02
4.373799999999999955e+02
4.379200000000000159e+02
4.391200000000000045e+02
4.394800000000000182e+02
4.405799999999999841e+02
4.424100000000000250e+02
4.426000000000000227e+02
4.437800000000000296e+02
4.444300000000000068e+02
4.458000000000000114e+02
4.458700000000000045e+02
4.478899999999999864e+02
4.481999999999999886e+02
4.504700000000000273e+02
4.521100000000000136e+02
4.524900000000000091e+02
4.541299999999999955e+02
4.543899999999999864e+02
4.564300000000000068e+02
4.565699999999999932e+02
4.575699999999999932e+02
4.589499999999999886e+02
4.593500000000000227e+02
4.596200000000000045e+02
4.610799999999999841e+02
4.616899999999999977e+02
4.631000000000000227e+02
4.637100000000000364e+02
4.641500000000000341e+02
4.657400000000000091e+02
4.661899999999999977e+02
4.677800000000000296e+02
4.681100000000000136e+02
4.691500000000000341e+02
4.699499999999999886e+02
4.712500000000000000e+02
4.715000000000000000e+02
4.719600000000000364e+02
4.731299999999999955e+02
4.735300000000000296e+02
4.751700000000000159e+02
4.757200000000000273e+02
4.777699999999999818e+02
4.784200000000000159e+02
4.791000000000000227e+02
4.798299999999999841e+02
4.804200000000000159e+02
4.818500000000000227e+02
4.826000000000000227e+02
4.839000000000000341e+02
4.839600000000000364e+02
4.846200000000000045e+02
4.859800000000000182e+02
4.861500000000000341e+02
4.869800000000000182e+02
4.881999999999999886e+02
4.897900000000000205e+02
4.899300000000000068e+02
4.918199999999999932e+02
4.922599999999999909e+02
4.932500000000000000e+02
4.942800000000000296e+02
4.953000000000000114e+02
4.959300000000000068e+02
4.979600000000000364e+02
4.983100000000000023e+02
5.009100000000000250e+02
5.010900000000000318e+02
5.019300000000000068e+02
5.033199999999999932e+02
5.039499999999999886e+02
5.041500000000000341e+02
5.060699999999999932e+02
5.061700000000000159e+02
5.073899999999999864e+02
5.089000000000000341e+02
5.089600000000000364e+02
5.094700000000000273e+02
5.106200000000000045e+02
5.114900000000000091e+02
5.117500000000000000e+02
5.140499999999999545e+02
5.143500000000000227e+02
5.160700000000000500e+02
5.163100000000000591e+02
5.178899999999999864e+02
5.181299999999999955e+02
5.183400000000000318e+02
5.196299999999999955e+02
5.199199999999999591e+02
5.217000000000000455e+02
5.218400000000000318e+02
5.236100000000000136e+02
5.238600000000000136e+02
5.256299999999999955e+02
5.258100000000000591e+02
5.278300000000000409e+02
5.292000000000000455e+02
5.297400000000000091e+02
5.309500000000000455e+02
5.318300000000000409e+02
5.330099999999999909e+02
5.338400000000000318e+02
5.338400000000000318e+02
5.358600000000000136e+02
5.360499999999999545e+02
5.368500000000000227e+02
5.375800000000000409e+02
5.380800000000000409e+02
5.387400000000000091e+02
5.396100000000000136e+02
5.406900000000000546e+02
5.407999999999999545e+02
5.413400000000000318e+02
5.427100000000000364e+02
5.441200000000000045e+02
5.446299999999999955e+02
5.466399999999999864e+02
5.466499999999999773e+02
5.477200000000000273e+02
5.486900000000000546e+02
5.493999999999999773e+02
5.497799999999999727e+02
5.505199999999999818e+02
5.518200000000000500e+02
5.518600000000000136e+02
5.519500000000000455e+02
5.525399999999999636e+02
5.538799999999999955e+02
5.540600000000000591e+02
5.560800000000000409e+02
5.561399999999999864e+02
5.579500000000000455e+02
5.581599999999999682e+02
5.583700000000000045e+02
5.601100000000000136e+02
5.616200000000000045e+02
5.621499999999999773e+02
5.636399999999999864e+02
5.639500000000000455e+02
5.659600000000000364e+02
5.659700000000000273e+02
5.678400000000000318e+02
5.679800000000000182e+02
5.693999999999999773e+02
5.696499999999999773e+02
5.698899999999999864e+02
5.714199999999999591e+02
5.720600000000000591e+02
5.734300000000000637e+02
5.741200000000000045e+02
5.754500000000000455e+02
5.769199999999999591e+02
5.769400000000000546e+02
5.787599999999999909e+02
5.789500000000000455e+02
5.793100000000000591e+02
5.804900000000000091e+02
5.812699999999999818e+02
5.813700000000000045e+02
5.833000000000000682e+02
5.841900000000000546e+02
5.853899999999999864e+02
5.860900000000000318e+02
5.862200000000000273e+02
5.879400000000000546e+02
5.881200000000000045e+02
5.898700000000000045e+02
5.900199999999999818e+02
5.900199999999999818e+02
5.919099999999999682e+02
5.919500000000000455e+02
5.939700000000000273e+02
5.941900000000000546e+02
5.962200000000000273e+02
5.965399999999999636e+02
5.967500000000000000e+02
5.981399999999999864e+02
5.988000000000000682e+02
5.988899999999999864e+02
6.000000000000000000e+02
6.001699999999999591e+02
6.013200000000000500e+02
6.020399999999999636e+02
6.033400000000000318e+02
6.040800000000000409e+02
6.061100000000000136e+02
6.065800000000000409e+02
6.068000000000000682e+02
6.087100000000000364e+02
6.088200000000000500e+02
6.088200000000000500e+02
6.102200000000000273e+02
6.108500000000000227e+02
6.119300000000000637e+02
6.138000000000000682e+02
6.139600000000000364e+02
6.149500000000000455e+02
6.158300000000000409e+02
6.170000000000000000e+02
6.181599999999999682e+02
6.192699999999999818e+02
6.196299999999999955e+02
6.215500000000000682e+02
6.216499999999999773e+02
6.235800000000000409e+02
6.241000000000000227e+02
6.257100000000000364e+02
6.261299999999999955e+02
6.271499999999999773e+02
6.271800000000000637e+02
6.292799999999999727e+02
6.293200000000000500e+02
6.294600000000000364e+02
6.302300000000000182e+02
6.314800000000000182e+02
6.319900000000000091e+02
6.336200000000000045e+02
6.340099999999999909e+02
6.356399999999999864e+02
6.363000000000000682e+02
6.374900000000000091e+02
6.383200000000000500e+02
6.396299999999999955e+02
6.403600000000000136e+02
6.408899999999999864e+02
6.416699999999999591e+02
6.418799999999999955e+02
6.438999999999999773e+02
6.444800000000000182e+02
6.447699999999999818e+02
6.465099999999999909e+02
6.465199999999999818e+02
6.469600000000000364e+02
6.488300000000000409e+02
6.509600000000000364e+02
6.510099999999999909e+02
6.518100000000000591e+02
6.530600000000000591e+02
6.539500000000000455e+02
6.550900000000000318e+02
6.559600000000000364e+02
6.568300000000000409e+02
6.568500000000000227e+02
6.589199999999999591e+02
6.591399999999999864e+02
6.602000000000000455e+02
6.611599999999999682e+02
6.617400000000000091e+02
6.638200000000000500e+02
6.639700000000000273e+02
6.659800000000000182e+02
6.669900000000000091e+02
6.669900000000000091e+02
6.687000000000000455e+02
6.690099999999999909e+02
6.696900000000000546e+02
6.707400000000000091e+02
6.723899999999999864e+02
6.749800000000000182e+02
6.752000000000000455e+02
6.752300000000000182e+02
6.755199999999999818e+02
6.770099999999999909e+02
6.771399999999999864e+02
6.776800000000000637e+02
6.789300000000000637e+02
6.795199999999999818e+02
6.797000000000000455e+02
6.809600000000000364e+02
6.810199999999999818e+02
6.831000000000000227e+02
6.838200000000000500e+02
6.858400000000000318e+02
6.858700000000000045e+02
6.879099999999999682e+02
6.881299999999999955e+02
6.883300000000000409e+02
6.883500000000000227e+02
6.903700000000000045e+02
6.915600000000000591e+02
6.923100000000000591e+02
6.935800000000000409e+02
6.943500000000000227e+02
6.956399999999999864e+02
6.963799999999999955e+02
6.973999999999999773e+02
6.976299999999999955e+02
6.991299999999999955e+02
6.998899999999999864e+02
7.011699999999999591e+02
7.012699999999999818e+02
7.033000000000000682e+02
7.041800000000000637e+02
7.049099999999999682e+02
7.049300000000000637e+02
7.053899999999999864e+02
7.062000000000000455e+02
7.068500000000000227e+02
7.068999999999999773e+02
7.088999999999999773e+02
7.089500000000000455e+02
7.098000000000000682e+02
7.109900000000000091e+02
7.116800000000000637e+02
7.118400000000000318e+02
7.137000000000000455e+02
7.142599999999999909e+02
7.162899999999999636e+02
7.166599999999999682e+02
7.171000000000000227e+02
7.179600000000000364e+02
7.191299999999999955e+02
7.199900000000000091e+02
7.218500000000000227e+02
7.238700000000000045e+02
7.243600000000000136e+02
7.263799999999999955e+02
7.268999999999999773e+02
7.276599999999999682e+02
7.287599999999999909e+02
7.301100000000000136e+02
7.307799999999999727e+02
7.311399999999999864e+02
7.313999999999999773e+02
7.334199999999999591e+02
7.345800000000000409e+02
7.366000000000000227e+02
7.375900000000000318e+02
7.382400000000000091e+02
7.386000000000000227e+02
7.396399999999999864e+02
7.402599999999999909e+02
7.406399999999999864e+02
7.416399999999999864e+02
7.423400000000000318e+02
7.436599999999999682e+02
7.439300000000000637e+02
7.445900000000000318e+02
7.459500000000000455e+02
7.475399999999999636e+02
7.482799999999999727e+02
7.495800000000000409e+02
7.496900000000000546e+02
7.513600000000000136e+02
7.516800000000000637e+02
7.517200000000000273e+02
7.533700000000000045e+02
7.541800000000000637e+02
7.544800000000000182e+02
7.553500000000000227e+02
7.554600000000000364e+02
7.562000000000000455e+02
7.572300000000000182e+02
7.573799999999999955e+02
7.581000000000000227e+02
7.592599999999999909e+02
7.601100000000000136e+02
7.601200000000000045e+02
7.609400000000000546e+02
7.613799999999999955e+02
7.622100000000000364e+02
7.629600000000000364e+02
7.645800000000000409e+02
7.650500000000000682e+02
7.666000000000000227e+02
7.671200000000000045e+02
7.672100000000000364e+02
7.680299999999999727e+02
7.693300000000000409e+02
7.701399999999999864e+02
7.703100000000000591e+02
7.723200000000000500e+02
7.736700000000000728e+02
7.743500000000000227e+02
7.756399999999999864e+02
7.757000000000000455e+02
7.774300000000000637e+02
7.778400000000000318e+02
7.786800000000000637e+02
7.794900000000000091e+02
7.798799999999999955e+02
7.814099999999999682e+02
7.815600000000000591e+02
7.820399999999999636e+02
7.834300000000000637e+02
7.846399999999999864e+02
7.854500000000000455e+02
7.867000000000000455e+02
7.876299999999999955e+02
7.877899999999999636e+02
7.882100000000000364e+02
7.898600000000000136e+02
7.910500000000000682e+02
7.913400000000000318e+02
7.933700000000000045e+02
7.936200000000000045e+02
7.956100000000000136e+02
7.956499999999999773e+02
7.973600000000000136e+02
7.976599999999999682e+02
7.980600000000000591e+02
7.986399999999999864e+02
8.001299999999999955e+02
8.006599999999999682e+02
8.012899999999999636e+02
8.018600000000000136e+02
8.035299999999999727e+02
8.037200000000000273e+02
8.038799999999999955e+02
8.054600000000000364e+02
8.057400000000000091e+02
8.069500000000000455e+02
8.075000000000000000e+02
8.079600000000000364e+02
8.082300000000000182e+02
8.089700000000000273e+02
8.099900000000000091e+02
8.107599999999999909e+02
8.110900000000000318e+02
8.127699999999999818e+02
8.132500000000000000e+02
8.149400000000000546e+02
8.152699999999999818e+02
8.170000000000000000e+02
8.173000000000000682e+02
8.178400000000000318e+02
8.181499999999999773e+02
8.198700000000000045e+02
8.201000000000000227e+02
8.201700000000000728e+02
8.216200000000000045e+02
8.221299999999999955e+02
8.241900000000000546e+02
8.250500000000000682e+02
8.253400000000000318e+02
8.265800000000000409e+02
8.270800000000000409e+02
8.278799999999999955e+02
8.286100000000000136e+02
8.306499999999999773e+02
8.308300000000000409e+02
8.314900000000000091e+02
8.328500000000000227e+02
8.344700000000000273e+02
8.347000000000000455e+02
8.348999999999999773e+02
8.362699999999999818e+02
8.367100000000000364e+02
8.374099999999999682e+02
8.386299999999999955e+02
8.395900000000000318e+02
8.405000000000000000e+02
8.406800000000000637e+02
8.425099999999999909e+02
8.426900000000000546e+02
8.444700000000000273e+02
8.465000000000000000e+02
8.467500000000000000e+02
8.487300000000000182e+02
8.491399999999999864e+02
8.505600000000000591e+02
8.507799999999999727e+02
8.511900000000000546e+02
8.524099999999999682e+02
8.525800000000000409e+02
8.532000000000000455e+02
8.540000000000000000e+02
8.556000000000000227e+02
8.560199999999999818e+02
8.572100000000000364e+02
8.584500000000000455e+02
8.584800000000000182e+02
8.593799999999999955e+02
8.604800000000000182e+02
8.611200000000000045e+02
8.624099999999999682e+02
8.631399999999999864e+02
8.640600000000000591e+02
8.645700000000000500e+02
8.660700000000000500e+02
8.666200000000000045e+02
8.670299999999999727e+02
8.677500000000000000e+02
8.696700000000000728e+02
8.697699999999999818e+02
8.716499999999999773e+02
8.731499999999999773e+02
8.736800000000000637e+02
8.741800000000000637e+02
8.746299999999999955e+02
8.762100000000000364e+02
8.772899999999999636e+02
8.776700000000000728e+02
8.793999999999999773e+02
8.797000000000000455e+02
8.807000000000000455e+02
8.820500000000000682e+02
8.827300000000000182e+02
8.848300000000000409e+02
8.858600000000000136e+02
8.868500000000000227e+02
8.877899999999999636e+02
8.878000000000000682e+02
8.898300000000000409e+02
8.899500000000000455e+02
8.904900000000000091e+02
8.925700000000000500e+02
8.940900000000000318e+02
8.960000000000000000e+02
8.961100000000000136e+02
8.976299999999999955e+02
8.986599999999999682e+02
8.998799999999999955e+02
9.007200000000000273e+02
9.027400000000000091e+02
9.031100000000000136e+02
9.040099999999999909e+02
9.046800000000000637e+02
9.060399999999999636e+02
9.066499999999999773e+02
9.084099999999999682e+02
9.086700000000000728e+02
9.106499999999999773e+02
9.108899999999999864e+02
9.115600000000000591e+02
9.124200000000000728e+02
9.131100000000000136e+02
9.147400000000000091e+02
9.153200000000000500e+02
9.167899999999999636e+02
9.172500000000000000e+02
9.188000000000000682e+02
9.197000000000000455e+02
9.200800000000000409e+02
9.221200000000000045e+02
9.241900000000000546e+02
9.245099999999999909e+02
9.255099999999999909e+02
9.265199999999999818e+02
9.279600000000000364e+02
9.282799999999999727e+02
9.299900000000000091e+02
9.303000000000000682e+02
9.320099999999999909e+02
9.334700000000000273e+02
9.340600000000000591e+02
9.344500000000000455e+02
9.355299999999999727e+02
9.364700000000000273e+02
9.376499999999999773e+02
9.381700000000000728e+02
9.397300000000000182e+02
9.402000000000000455e+02
9.408999999999999773e+02
9.425099999999999909e+02
9.429200000000000728e+02
9.432000000000000455e+02
9.446900000000000546e+02
9.452300000000000182e+02
9.467100000000000364e+02
9.473000000000000682e+02
9.473500000000000227e+02
9.492500000000000000e+02
9.493700000000000045e+02
9.508799999999999955e+02
9.525600000000000591e+02
9.528999999999999773e+02
9.541900000000000546e+02
9.551399999999999864e+02
9.551700000000000728e+02
9.562300000000000182e+02
9.563500000000000227e+02
9.583300000000000409e+02
9.584700000000000273e+02
9.588300000000000409e+02
9.601200000000000045e+02
9.608500000000000227e+02
9.621399999999999864e+02
9.622899999999999636e+02
9.628400000000000318e+02
9.636700000000000728e+02
9.643999999999999773e+02
9.657000000000000455e+02
9.669200000000000728e+02
9.687899999999999636e+02
9.699700000000000273e+02
9.700099999999999909e+02
9.711900000000000546e+02
9.720399999999999636e+02
9.728799999999999955e+02
9.743000000000000682e+02
9.763400000000000318e+02
9.774300000000000637e+02
9.781399999999999864e+02
9.794700000000000273e+02
9.801100000000000136e+02
9.801700000000000728e+02
9.822300000000000182e+02
9.830099999999999909e+02
9.837599999999999909e+02
9.837699999999999818e+02
9.854700000000000273e+02
9.857900000000000773e+02
9.866599999999999682e+02
9.876399999999999864e+02
9.884600000000000364e+02
9.886900000000000546e+02
9.896900000000000546e+02
9.901900000000000546e+02
9.904500000000000455e+02
9.907100000000000364e+02
9.917500000000000000e+02
9.924900000000000091e+02
9.934300000000000637e+02
9.943000000000000682e+02
9.946200000000000045e+02
9.963000000000000682e+02
9.966399999999999864e+02
9.973899999999999864e+02
