2.970000000000000195e+00
4.929999999999999716e+00
5.030000000000000249e+00
5.110000000000000320e+00
5.110000000000000320e+00
8.800000000000000711e+00
8.970000000000000639e+00
1.106000000000000050e+01
1.108000000000000007e+01
1.273000000000000043e+01
1.309999999999999964e+01
1.476999999999999957e+01
1.485999999999999943e+01
1.901000000000000156e+01
2.080999999999999872e+01
2.298000000000000043e+01
2.314000000000000057e+01
2.492000000000000171e+01
2.666000000000000014e+01
2.669999999999999929e+01
2.900000000000000000e+01
3.087000000000000099e+01
3.293999999999999773e+01
3.295000000000000284e+01
3.693999999999999773e+01
3.695000000000000284e+01
3.696000000000000085e+01
3.903999999999999915e+01
3.930000000000000426e+01
4.074000000000000199e+01
4.271000000000000085e+01
4.278999999999999915e+01
4.485999999999999943e+01
4.678999999999999915e+01
4.714999999999999858e+01
4.892000000000000171e+01
5.125000000000000000e+01
5.252000000000000313e+01
5.296000000000000085e+01
5.650999999999999801e+01
5.657000000000000028e+01
5.682999999999999829e+01
5.874000000000000199e+01
6.256000000000000227e+01
6.285999999999999943e+01
6.307000000000000028e+01
6.653000000000000114e+01
6.690000000000000568e+01
6.910000000000000853e+01
7.112000000000000455e+01
7.275000000000000000e+01
7.281000000000000227e+01
7.818000000000000682e+01
7.848999999999999488e+01
8.076999999999999602e+01
8.260000000000000853e+01
8.303000000000000114e+01
8.668999999999999773e+01
8.682000000000000739e+01
8.767000000000000171e+01
9.290999999999999659e+01
9.673000000000000398e+01
1.021299999999999955e+02
1.024500000000000028e+02
1.027900000000000063e+02
1.055100000000000051e+02
1.106700000000000017e+02
1.126599999999999966e+02
1.145100000000000051e+02
1.156099999999999994e+02
1.184099999999999966e+02
1.186700000000000017e+02
1.193799999999999955e+02
1.223200000000000074e+02
1.228700000000000045e+02
1.234000000000000057e+02
1.274399999999999977e+02
1.282299999999999898e+02
1.336100000000000136e+02
1.382500000000000000e+02
1.389900000000000091e+02
1.405000000000000000e+02
1.412800000000000011e+02
1.439500000000000171e+02
1.444900000000000091e+02
1.447400000000000091e+02
1.485099999999999909e+02
1.522500000000000000e+02
1.527800000000000011e+02
1.549900000000000091e+02
1.557599999999999909e+02
1.561400000000000148e+02
1.576100000000000136e+02
1.586200000000000045e+02
1.593700000000000045e+02
1.615099999999999909e+02
1.620099999999999909e+02
1.627800000000000011e+02
1.660399999999999920e+02
1.682100000000000080e+02
1.731299999999999955e+02
1.736700000000000159e+02
1.740999999999999943e+02
1.768600000000000136e+02
1.783199999999999932e+02
1.793100000000000023e+02
1.796299999999999955e+02
1.808600000000000136e+02
1.833700000000000045e+02
1.848900000000000148e+02
1.856100000000000136e+02
1.863799999999999955e+02
1.894699999999999989e+02
1.912000000000000171e+02
1.912199999999999989e+02
1.948799999999999955e+02
2.030000000000000000e+02
2.037400000000000091e+02
2.040000000000000000e+02
2.066400000000000148e+02
2.074699999999999989e+02
2.080600000000000023e+02
2.089900000000000091e+02
2.116100000000000136e+02
2.139399999999999977e+02
2.147899999999999920e+02
2.159200000000000159e+02
2.162300000000000182e+02
2.186299999999999955e+02
2.193100000000000023e+02
2.230999999999999943e+02
2.242300000000000182e+02
2.279300000000000068e+02
2.314000000000000057e+02
2.319500000000000171e+02
2.322800000000000011e+02
2.328199999999999932e+02
2.358700000000000045e+02
2.367800000000000011e+02
2.379900000000000091e+02
2.383400000000000034e+02
2.390600000000000023e+02
2.407199999999999989e+02
2.420099999999999909e+02
2.450600000000000023e+02
2.480900000000000034e+02
2.488700000000000045e+02
2.516299999999999955e+02
2.558300000000000125e+02
2.570300000000000296e+02
2.581399999999999864e+02
2.600900000000000318e+02
2.668999999999999773e+02
2.698299999999999841e+02
2.728400000000000318e+02
2.761399999999999864e+02
2.766999999999999886e+02
2.776500000000000341e+02
2.809800000000000182e+02
2.823100000000000023e+02
2.831200000000000045e+02
2.862300000000000182e+02
2.863000000000000114e+02
2.867900000000000205e+02
2.892500000000000000e+02
2.949100000000000250e+02
2.976000000000000227e+02
3.001600000000000250e+02
3.005000000000000000e+02
3.044100000000000250e+02
3.044499999999999886e+02
3.057800000000000296e+02
3.078600000000000136e+02
3.082599999999999909e+02
3.088500000000000227e+02
3.114200000000000159e+02
3.138799999999999955e+02
3.199900000000000091e+02
3.224499999999999886e+02
3.234700000000000273e+02
3.244399999999999977e+02
3.286800000000000068e+02
3.296500000000000341e+02
3.328100000000000023e+02
3.334100000000000250e+02
3.335799999999999841e+02
3.365400000000000205e+02
3.369599999999999795e+02
3.376100000000000136e+02
3.426200000000000045e+02
3.487400000000000091e+02
3.511000000000000227e+02
3.511200000000000045e+02
3.546000000000000227e+02
3.566999999999999886e+02
3.576000000000000227e+02
3.603600000000000136e+02
3.615000000000000000e+02
3.673199999999999932e+02
3.686600000000000250e+02
3.750900000000000318e+02
3.855600000000000023e+02
3.863799999999999955e+02
3.876399999999999864e+02
3.899499999999999886e+02
3.933600000000000136e+02
3.968299999999999841e+02
3.992599999999999909e+02
4.094800000000000182e+02
4.126100000000000136e+02
4.127500000000000000e+02
4.172800000000000296e+02
4.276200000000000045e+02
4.332800000000000296e+02
4.392400000000000091e+02
4.427200000000000273e+02
4.445199999999999818e+02
4.455099999999999909e+02
4.468299999999999841e+02
4.483199999999999932e+02
4.518600000000000136e+02
4.534100000000000250e+02
4.644399999999999977e+02
4.693199999999999932e+02
4.733400000000000318e+02
4.734600000000000364e+02
4.867900000000000205e+02
4.945099999999999909e+02
4.948199999999999932e+02
5.011999999999999886e+02
5.053500000000000227e+02
5.104300000000000068e+02
5.134600000000000364e+02
5.211699999999999591e+02
5.252400000000000091e+02
5.307500000000000000e+02
5.383899999999999864e+02
5.398500000000000227e+02
5.491599999999999682e+02
5.522899999999999636e+02
5.620199999999999818e+02
5.655900000000000318e+02
5.761900000000000546e+02
5.814900000000000091e+02
5.821299999999999955e+02
5.866200000000000045e+02
5.880000000000000000e+02
5.981499999999999773e+02
6.010500000000000682e+02
6.023700000000000045e+02
6.070600000000000591e+02
6.099800000000000182e+02
6.156599999999999682e+02
6.161000000000000227e+02
6.195800000000000409e+02
6.218600000000000136e+02
6.227599999999999909e+02
6.349300000000000637e+02
6.396200000000000045e+02
6.437200000000000273e+02
6.440199999999999818e+02
6.491499999999999773e+02
6.499400000000000546e+02
6.516499999999999773e+02
6.569500000000000455e+02
6.578100000000000591e+02
6.615600000000000591e+02
6.621200000000000045e+02
6.624400000000000546e+02
6.659099999999999682e+02
6.717000000000000455e+02
6.740500000000000682e+02
6.767300000000000182e+02
6.769900000000000091e+02
6.800199999999999818e+02
6.879500000000000455e+02
6.905600000000000591e+02
6.982699999999999818e+02
7.014700000000000273e+02
7.021800000000000637e+02
7.048600000000000136e+02
7.078500000000000227e+02
7.121499999999999773e+02
7.168200000000000500e+02
7.178700000000000045e+02
7.235900000000000318e+02
7.276900000000000546e+02
7.280900000000000318e+02
7.288899999999999864e+02
7.322699999999999818e+02
7.349099999999999682e+02
7.350299999999999727e+02
7.360199999999999818e+02
7.391100000000000136e+02
7.400399999999999636e+02
7.436900000000000546e+02
7.449099999999999682e+02
7.450600000000000591e+02
7.458999999999999773e+02
7.461299999999999955e+02
7.506699999999999591e+02
7.515099999999999909e+02
7.530700000000000500e+02
7.538899999999999864e+02
7.538999999999999773e+02
7.575900000000000318e+02
7.628600000000000136e+02
7.639700000000000273e+02
7.670700000000000500e+02
7.680800000000000409e+02
7.706700000000000728e+02
7.719600000000000364e+02
7.730800000000000409e+02
7.768100000000000591e+02
7.769600000000000364e+02
7.798000000000000682e+02
7.841900000000000546e+02
7.847599999999999909e+02
7.847699999999999818e+02
7.904400000000000546e+02
7.918300000000000409e+02
7.946000000000000227e+02
7.993600000000000136e+02
8.017500000000000000e+02
8.048200000000000500e+02
8.052000000000000455e+02
8.063000000000000682e+02
8.099900000000000091e+02
8.105299999999999727e+02
8.133799999999999955e+02
8.146800000000000637e+02
8.157799999999999727e+02
8.185199999999999818e+02
8.191599999999999682e+02
8.195000000000000000e+02
8.217699999999999818e+02
8.268100000000000591e+02
8.278400000000000318e+02
8.291900000000000546e+02
8.306499999999999773e+02
8.319099999999999682e+02
8.359900000000000091e+02
8.364300000000000637e+02
8.386100000000000136e+02
8.400399999999999636e+02
8.438100000000000591e+02
8.445199999999999818e+02
8.449700000000000273e+02
8.476900000000000546e+02
8.511800000000000637e+02
8.525900000000000318e+02
8.559300000000000637e+02
8.563600000000000136e+02
8.585800000000000409e+02
8.598999999999999773e+02
8.608700000000000045e+02
8.676900000000000546e+02
8.698000000000000682e+02
8.758999999999999773e+02
8.765600000000000591e+02
8.796900000000000546e+02
8.820900000000000318e+02
8.821399999999999864e+02
8.844700000000000273e+02
8.858400000000000318e+02
8.882400000000000091e+02
8.935800000000000409e+02
8.945399999999999636e+02
8.959300000000000637e+02
8.996700000000000728e+02
9.014200000000000728e+02
9.038200000000000500e+02
9.062000000000000455e+02
9.082899999999999636e+02
9.114200000000000728e+02
9.119400000000000546e+02
9.141299999999999955e+02
9.153500000000000227e+02
9.155600000000000591e+02
9.171299999999999955e+02
9.217599999999999909e+02
9.234800000000000182e+02
9.256299999999999955e+02
9.280199999999999818e+02
9.299099999999999682e+02
9.336499999999999773e+02
9.336700000000000728e+02
9.358899999999999864e+02
9.376100000000000136e+02
9.399300000000000637e+02
9.434600000000000364e+02
9.437400000000000091e+02
9.460700000000000500e+02
9.479200000000000728e+02
9.499300000000000637e+02
9.518700000000000045e+02
9.521200000000000045e+02
9.523899999999999864e+02
9.537100000000000364e+02
9.556000000000000227e+02
9.559900000000000091e+02
9.562100000000000364e+02
9.598999999999999773e+02
9.602300000000000182e+02
9.640299999999999727e+02
9.641399999999999864e+02
9.676800000000000637e+02
9.676800000000000637e+02
9.679800000000000182e+02
9.701900000000000546e+02
9.742100000000000364e+02
9.756900000000000546e+02
9.796599999999999682e+02
9.797300000000000182e+02
9.818799999999999955e+02
9.837900000000000773e+02
9.838799999999999955e+02
9.857500000000000000e+02
9.879500000000000455e+02
9.898700000000000045e+02
9.937300000000000182e+02
9.938000000000000682e+02
9.959200000000000728e+02
9.996800000000000637e+02
9.997100000000000364e+02
