5.743999999999999773e+01
8.080099999999999909e+02
7.600000000000000533e+00
9.849999999999999645e+00
1.205000000000000071e+01
1.432000000000000028e+01
1.778000000000000114e+01
2.132000000000000028e+01
5.743999999999999773e+01
5.907999999999999829e+01
6.207999999999999829e+01
6.421000000000000796e+01
6.771999999999999886e+01
7.032999999999999829e+01
7.440999999999999659e+01
1.095100000000000051e+02
1.120100000000000051e+02
1.152300000000000040e+02
1.173400000000000034e+02
1.194000000000000057e+02
1.228500000000000085e+02
1.596599999999999966e+02
1.618100000000000023e+02
1.639200000000000159e+02
1.661200000000000045e+02
1.681800000000000068e+02
1.705800000000000125e+02
2.088900000000000148e+02
2.111700000000000159e+02
2.134500000000000171e+02
2.162100000000000080e+02
2.193100000000000023e+02
2.581499999999999773e+02
2.618500000000000227e+02
2.644100000000000250e+02
2.671100000000000136e+02
2.696399999999999864e+02
3.103500000000000227e+02
3.124100000000000250e+02
3.151399999999999864e+02
3.176299999999999955e+02
3.609499999999999886e+02
3.632400000000000091e+02
3.658600000000000136e+02
3.690400000000000205e+02
4.061600000000000250e+02
4.085400000000000205e+02
4.106899999999999977e+02
4.136600000000000250e+02
4.167300000000000182e+02
4.191600000000000250e+02
4.591899999999999977e+02
4.617599999999999909e+02
4.638500000000000227e+02
4.662300000000000182e+02
4.695000000000000000e+02
5.091500000000000341e+02
5.128100000000000591e+02
5.148700000000000045e+02
5.170800000000000409e+02
5.217799999999999727e+02
5.564199999999999591e+02
5.590500000000000682e+02
5.611299999999999955e+02
5.633200000000000500e+02
5.653999999999999773e+02
5.677899999999999636e+02
6.061399999999999864e+02
6.090700000000000500e+02
6.112300000000000182e+02
6.132899999999999636e+02
6.154099999999999682e+02
6.175500000000000682e+02
6.196900000000000546e+02
6.580299999999999727e+02
6.601800000000000637e+02
6.623600000000000136e+02
6.644099999999999682e+02
6.682100000000000364e+02
6.716699999999999591e+02
7.057000000000000455e+02
7.091000000000000227e+02
7.129500000000000455e+02
7.150800000000000409e+02
7.564800000000000182e+02
7.591699999999999591e+02
7.615299999999999727e+02
7.642100000000000364e+02
7.663200000000000500e+02
8.070399999999999636e+02
8.091299999999999955e+02
8.111700000000000728e+02
8.146299999999999955e+02
8.173100000000000591e+02
8.543100000000000591e+02
8.563700000000000045e+02
8.585500000000000682e+02
8.613300000000000409e+02
8.643100000000000591e+02
8.664400000000000546e+02
8.692799999999999727e+02
9.031800000000000637e+02
9.074800000000000182e+02
9.100099999999999909e+02
9.121000000000000227e+02
9.143999999999999773e+02
9.167200000000000273e+02
9.553600000000000136e+02
9.581399999999999864e+02
9.602500000000000000e+02
9.623200000000000500e+02
9.655299999999999727e+02
9.682300000000000182e+02
7.610000000000000320e+00
9.960000000000000853e+00
1.229000000000000092e+01
1.438000000000000078e+01
1.785999999999999943e+01
2.141000000000000014e+01
5.743999999999999773e+01
5.909000000000000341e+01
6.235000000000000142e+01
6.442000000000000171e+01
6.826000000000000512e+01
7.037999999999999545e+01
7.460000000000000853e+01
1.095600000000000023e+02
1.120600000000000023e+02
1.153299999999999983e+02
1.187900000000000063e+02
1.596899999999999977e+02
1.639900000000000091e+02
1.680800000000000125e+02
2.089699999999999989e+02
2.112100000000000080e+02
2.137500000000000000e+02
2.168000000000000114e+02
2.193900000000000148e+02
2.581600000000000250e+02
2.623600000000000136e+02
2.645400000000000205e+02
2.699399999999999977e+02
3.104300000000000068e+02
3.125099999999999909e+02
3.152800000000000296e+02
3.610099999999999909e+02
3.675400000000000205e+02
4.061700000000000159e+02
4.099100000000000250e+02
4.119700000000000273e+02
4.140199999999999818e+02
4.192400000000000091e+02
4.592500000000000000e+02
4.621100000000000136e+02
4.647900000000000205e+02
4.669399999999999977e+02
5.130399999999999636e+02
5.151000000000000227e+02
5.567500000000000000e+02
5.599300000000000637e+02
5.623600000000000136e+02
5.652899999999999636e+02
6.061399999999999864e+02
6.091100000000000136e+02
6.112599999999999909e+02
6.133500000000000227e+02
6.580600000000000591e+02
6.603799999999999955e+02
6.640299999999999727e+02
7.057799999999999727e+02
7.101499999999999773e+02
7.130800000000000409e+02
7.160199999999999818e+02
7.565500000000000682e+02
7.593000000000000682e+02
7.620500000000000682e+02
7.655000000000000000e+02
7.679300000000000637e+02
8.070800000000000409e+02
8.092100000000000364e+02
8.112599999999999909e+02
8.150199999999999818e+02
8.184800000000000182e+02
8.543400000000000318e+02
8.564200000000000728e+02
8.585900000000000318e+02
8.613600000000000136e+02
8.651399999999999864e+02
9.031800000000000637e+02
9.082500000000000000e+02
9.109300000000000637e+02
9.148899999999999864e+02
9.553999999999999773e+02
9.582300000000000182e+02
9.617899999999999636e+02
7.620000000000000107e+00
1.446000000000000085e+01
5.743999999999999773e+01
5.910000000000000142e+01
6.435999999999999943e+01
6.839000000000000057e+01
1.096400000000000006e+02
1.121099999999999994e+02
1.158900000000000006e+02
1.191400000000000006e+02
1.597199999999999989e+02
1.645399999999999920e+02
1.681899999999999977e+02
2.090600000000000023e+02
2.112700000000000102e+02
2.140999999999999943e+02
2.169300000000000068e+02
2.581899999999999977e+02
2.624200000000000159e+02
2.700400000000000205e+02
3.116100000000000136e+02
3.610500000000000114e+02
4.061800000000000068e+02
4.099499999999999886e+02
4.120400000000000205e+02
4.141100000000000136e+02
4.593000000000000114e+02
4.670500000000000114e+02
5.136200000000000045e+02
5.568100000000000591e+02
5.600000000000000000e+02
6.061399999999999864e+02
6.091399999999999864e+02
6.112799999999999727e+02
6.134199999999999591e+02
6.581000000000000227e+02
6.642400000000000091e+02
7.058600000000000136e+02
7.105399999999999636e+02
7.571399999999999864e+02
7.600600000000000591e+02
7.656000000000000227e+02
7.680099999999999909e+02
8.071499999999999773e+02
8.093200000000000500e+02
8.185500000000000682e+02
8.543700000000000045e+02
8.586599999999999682e+02
8.613799999999999955e+02
8.667899999999999636e+02
9.031800000000000637e+02
9.084400000000000546e+02
9.111299999999999955e+02
9.554600000000000364e+02
9.619900000000000091e+02
7.640000000000000568e+00
1.465000000000000036e+01
5.743999999999999773e+01
5.910999999999999943e+01
1.096899999999999977e+02
1.122100000000000080e+02
1.192300000000000040e+02
1.597500000000000000e+02
1.656599999999999966e+02
2.624800000000000182e+02
3.610900000000000318e+02
4.061899999999999977e+02
4.099900000000000091e+02
4.121000000000000227e+02
4.141800000000000068e+02
4.593899999999999864e+02
5.150700000000000500e+02
5.568500000000000227e+02
6.061399999999999864e+02
6.091699999999999591e+02
6.113100000000000591e+02
6.581800000000000637e+02
6.644199999999999591e+02
7.059099999999999682e+02
8.072000000000000455e+02
8.109800000000000182e+02
8.544200000000000728e+02
8.587300000000000182e+02
8.614099999999999682e+02
9.031800000000000637e+02
9.118500000000000227e+02
7.650000000000000355e+00
5.912000000000000455e+01
1.097199999999999989e+02
1.122900000000000063e+02
1.597899999999999920e+02
3.173199999999999932e+02
3.611500000000000341e+02
4.062100000000000364e+02
4.141100000000000136e+02
5.569099999999999682e+02
6.061399999999999864e+02
6.092000000000000455e+02
6.113700000000000045e+02
6.583300000000000409e+02
7.059600000000000364e+02
8.072300000000000182e+02
8.110399999999999636e+02
8.587899999999999636e+02
8.614400000000000546e+02
9.031800000000000637e+02
7.679999999999999716e+00
5.913000000000000256e+01
1.097500000000000000e+02
1.124200000000000017e+02
6.061399999999999864e+02
6.092400000000000091e+02
6.584400000000000546e+02
7.060299999999999727e+02
8.072599999999999909e+02
8.615000000000000000e+02
9.031800000000000637e+02
7.709999999999999964e+00
7.940000000000000391e+00
1.006000000000000050e+01
1.216000000000000014e+01
1.424000000000000021e+01
1.628999999999999915e+01
1.840000000000000213e+01
2.046000000000000085e+01
5.857000000000000028e+01
5.914999999999999858e+01
6.063000000000000256e+01
6.281000000000000227e+01
6.489000000000000057e+01
6.696000000000000796e+01
7.017000000000000171e+01
7.221000000000000796e+01
1.096899999999999977e+02
1.097800000000000011e+02
1.118599999999999994e+02
1.144099999999999966e+02
1.165000000000000000e+02
1.186400000000000006e+02
1.207300000000000040e+02
1.593499999999999943e+02
1.629500000000000171e+02
1.650800000000000125e+02
1.677199999999999989e+02
1.698700000000000045e+02
1.719699999999999989e+02
2.083700000000000045e+02
2.104900000000000091e+02
2.129500000000000171e+02
2.150300000000000011e+02
2.172000000000000171e+02
2.208900000000000148e+02
2.229900000000000091e+02
2.596999999999999886e+02
2.623799999999999955e+02
2.644599999999999795e+02
2.665600000000000023e+02
2.688199999999999932e+02
2.709200000000000159e+02
3.079599999999999795e+02
3.108700000000000045e+02
3.131399999999999864e+02
3.152099999999999795e+02
3.173000000000000114e+02
3.197900000000000205e+02
3.224200000000000159e+02
3.576700000000000159e+02
3.599000000000000341e+02
3.625000000000000000e+02
3.648700000000000045e+02
3.669800000000000182e+02
3.690699999999999932e+02
3.711600000000000250e+02
4.075799999999999841e+02
4.101299999999999955e+02
4.123500000000000227e+02
4.149399999999999977e+02
4.174200000000000159e+02
4.202100000000000364e+02
4.235300000000000296e+02
4.580000000000000000e+02
4.601100000000000136e+02
4.622200000000000273e+02
4.642599999999999909e+02
4.666999999999999886e+02
4.691999999999999886e+02
4.714600000000000364e+02
5.065900000000000318e+02
5.096299999999999955e+02
5.124600000000000364e+02
5.146299999999999955e+02
5.167200000000000273e+02
5.190000000000000000e+02
5.216100000000000136e+02
5.582200000000000273e+02
5.606200000000000045e+02
5.627599999999999909e+02
5.656299999999999955e+02
5.681499999999999773e+02
5.705800000000000409e+02
6.061399999999999864e+02
6.066599999999999682e+02
6.093000000000000682e+02
6.102400000000000091e+02
6.123600000000000136e+02
6.145500000000000682e+02
6.168100000000000591e+02
6.192400000000000091e+02
6.582799999999999727e+02
6.608899999999999864e+02
6.632899999999999636e+02
6.654900000000000091e+02
6.675500000000000682e+02
6.702500000000000000e+02
7.067200000000000273e+02
7.101599999999999682e+02
7.135500000000000682e+02
7.156599999999999682e+02
7.177599999999999909e+02
7.201399999999999864e+02
7.236699999999999591e+02
7.571900000000000546e+02
7.603200000000000500e+02
7.628400000000000318e+02
7.655399999999999636e+02
7.676599999999999682e+02
7.699700000000000273e+02
7.735399999999999636e+02
8.073000000000000682e+02
8.078400000000000318e+02
8.099500000000000455e+02
8.127799999999999727e+02
8.153000000000000682e+02
8.173999999999999773e+02
8.204500000000000455e+02
8.556200000000000045e+02
8.582699999999999818e+02
8.606100000000000136e+02
8.627100000000000364e+02
8.650099999999999909e+02
8.670900000000000318e+02
8.692400000000000091e+02
8.731599999999999682e+02
9.031800000000000637e+02
9.090000000000000000e+02
9.118799999999999955e+02
9.144900000000000091e+02
9.167699999999999818e+02
9.192799999999999727e+02
9.213500000000000227e+02
9.561299999999999955e+02
9.606299999999999955e+02
9.628100000000000591e+02
9.648999999999999773e+02
9.669800000000000182e+02
9.692200000000000273e+02
9.733000000000000682e+02
8.070000000000000284e+00
1.016000000000000014e+01
1.250000000000000000e+01
1.588000000000000078e+01
1.996000000000000085e+01
5.875999999999999801e+01
5.917999999999999972e+01
6.088000000000000256e+01
6.412999999999999545e+01
6.682000000000000739e+01
7.026000000000000512e+01
7.231000000000000227e+01
1.097400000000000091e+02
1.098299999999999983e+02
1.120100000000000051e+02
1.144500000000000028e+02
1.166000000000000085e+02
1.194399999999999977e+02
1.594200000000000159e+02
1.636100000000000136e+02
1.662400000000000091e+02
1.690300000000000011e+02
1.714600000000000080e+02
2.084600000000000080e+02
2.110300000000000011e+02
2.135500000000000114e+02
2.173400000000000034e+02
2.599100000000000250e+02
2.635799999999999841e+02
2.665699999999999932e+02
2.689100000000000250e+02
2.719900000000000091e+02
3.082400000000000091e+02
3.115500000000000114e+02
3.142200000000000273e+02
3.165900000000000318e+02
3.202699999999999818e+02
3.226000000000000227e+02
3.600199999999999818e+02
3.626200000000000045e+02
3.649200000000000159e+02
3.670199999999999818e+02
3.691200000000000045e+02
4.075900000000000318e+02
4.117300000000000182e+02
4.150000000000000000e+02
4.178799999999999955e+02
4.203199999999999932e+02
4.590799999999999841e+02
4.614000000000000341e+02
4.638899999999999864e+02
4.667800000000000296e+02
4.692800000000000296e+02
4.715900000000000318e+02
5.066000000000000227e+02
5.125499999999999545e+02
5.147699999999999818e+02
5.168600000000000136e+02
5.191299999999999955e+02
5.222699999999999818e+02
5.590000000000000000e+02
5.611399999999999864e+02
5.657300000000000182e+02
5.682000000000000455e+02
5.716000000000000227e+02
6.061399999999999864e+02
6.067000000000000455e+02
6.103999999999999773e+02
6.147599999999999909e+02
6.169400000000000546e+02
6.195600000000000591e+02
6.583899999999999864e+02
6.609900000000000091e+02
6.638700000000000045e+02
6.662400000000000091e+02
6.683700000000000045e+02
6.706699999999999591e+02
7.067799999999999727e+02
7.103100000000000591e+02
7.136900000000000546e+02
7.158200000000000500e+02
7.180000000000000000e+02
7.201900000000000546e+02
7.572100000000000364e+02
7.603899999999999864e+02
7.638100000000000591e+02
7.667400000000000091e+02
8.073899999999999864e+02
8.078600000000000136e+02
8.100500000000000682e+02
8.128400000000000318e+02
8.161700000000000728e+02
8.183000000000000682e+02
8.556700000000000728e+02
8.583300000000000409e+02
8.606499999999999773e+02
8.627400000000000091e+02
8.650700000000000500e+02
8.671599999999999682e+02
9.031800000000000637e+02
9.090500000000000682e+02
9.120199999999999818e+02
9.146000000000000227e+02
9.170700000000000500e+02
9.193899999999999864e+02
9.214600000000000364e+02
9.561900000000000546e+02
9.607300000000000182e+02
9.628999999999999773e+02
9.650000000000000000e+02
9.670700000000000500e+02
9.693300000000000409e+02
9.734300000000000637e+02
8.189999999999999503e+00
1.030000000000000071e+01
1.266000000000000014e+01
1.601000000000000156e+01
2.046000000000000085e+01
6.066000000000000369e+01
6.701999999999999602e+01
7.212999999999999545e+01
1.098400000000000034e+02
1.120700000000000074e+02
1.145000000000000000e+02
1.208799999999999955e+02
1.663000000000000114e+02
1.691200000000000045e+02
1.714799999999999898e+02
2.085300000000000011e+02
2.111299999999999955e+02
2.136599999999999966e+02
2.177599999999999909e+02
2.607599999999999909e+02
2.637099999999999795e+02
2.691800000000000068e+02
2.720699999999999932e+02
3.083100000000000023e+02
3.116600000000000250e+02
3.155400000000000205e+02
3.205000000000000000e+02
3.227400000000000091e+02
3.627900000000000205e+02
3.649499999999999886e+02
3.670799999999999841e+02
3.692400000000000091e+02
4.076000000000000227e+02
4.118899999999999864e+02
4.150799999999999841e+02
4.181600000000000250e+02
4.640000000000000000e+02
4.668400000000000318e+02
4.694800000000000182e+02
5.066100000000000136e+02
5.126200000000000045e+02
5.168899999999999864e+02
5.191900000000000546e+02
5.224900000000000091e+02
5.612200000000000273e+02
5.658300000000000409e+02
5.683200000000000500e+02
6.061399999999999864e+02
6.067899999999999636e+02
6.112899999999999636e+02
6.170199999999999818e+02
6.610900000000000318e+02
6.639700000000000273e+02
6.662799999999999727e+02
6.684099999999999682e+02
7.106900000000000546e+02
7.138200000000000500e+02
7.181499999999999773e+02
7.202300000000000182e+02
7.572200000000000273e+02
7.605000000000000000e+02
7.668799999999999955e+02
8.078799999999999955e+02
8.107300000000000182e+02
8.128500000000000227e+02
8.189099999999999682e+02
8.583799999999999955e+02
8.606800000000000637e+02
8.627699999999999818e+02
8.651200000000000045e+02
8.672300000000000182e+02
9.031800000000000637e+02
9.091000000000000227e+02
9.121599999999999682e+02
9.146599999999999682e+02
9.172400000000000091e+02
9.214500000000000455e+02
9.608799999999999955e+02
9.630399999999999636e+02
9.670800000000000409e+02
1.033999999999999986e+01
1.612000000000000099e+01
6.073000000000000398e+01
7.220000000000000284e+01
1.121200000000000045e+02
1.145700000000000074e+02
1.663499999999999943e+02
1.715200000000000102e+02
2.088000000000000114e+02
2.112899999999999920e+02
2.178100000000000023e+02
2.646299999999999955e+02
3.083799999999999955e+02
3.117599999999999909e+02
3.630400000000000205e+02
3.652200000000000273e+02
4.076100000000000136e+02
4.153199999999999932e+02
4.182500000000000000e+02
4.640900000000000318e+02
4.670000000000000000e+02
5.066299999999999955e+02
5.127100000000000364e+02
5.192500000000000000e+02
5.613700000000000045e+02
5.658999999999999773e+02
6.061399999999999864e+02
6.068700000000000045e+02
6.114500000000000455e+02
6.170600000000000591e+02
6.621000000000000227e+02
6.663300000000000409e+02
6.684500000000000455e+02
7.107599999999999909e+02
7.203200000000000500e+02
7.572400000000000091e+02
7.611399999999999864e+02
8.078899999999999864e+02
8.108100000000000591e+02
8.129200000000000728e+02
8.584300000000000637e+02
8.607300000000000182e+02
8.628100000000000591e+02
8.651900000000000546e+02
8.673100000000000591e+02
9.031800000000000637e+02
9.098700000000000045e+02
9.122899999999999636e+02
9.147200000000000273e+02
9.173300000000000409e+02
9.609800000000000182e+02
9.631200000000000045e+02
1.462000000000000099e+01
2.407000000000000028e+01
5.743999999999999773e+01
6.632000000000000739e+01
6.946999999999999886e+01
1.122000000000000028e+02
1.166700000000000017e+02
1.222900000000000063e+02
1.624200000000000159e+02
1.664000000000000057e+02
1.715600000000000023e+02
2.095600000000000023e+02
2.113700000000000045e+02
2.136100000000000136e+02
2.178600000000000136e+02
2.183700000000000045e+02
2.575799999999999841e+02
2.660799999999999841e+02
3.086399999999999864e+02
3.089100000000000250e+02
3.120500000000000114e+02
3.602099999999999795e+02
3.679499999999999886e+02
4.076200000000000045e+02
4.111800000000000068e+02
4.149100000000000250e+02
4.153899999999999864e+02
4.586800000000000068e+02
4.616100000000000136e+02
4.641600000000000250e+02
4.647900000000000205e+02
4.670699999999999932e+02
5.066500000000000341e+02
5.111700000000000159e+02
5.148300000000000409e+02
5.192999999999999545e+02
5.572500000000000000e+02
5.659400000000000546e+02
6.076299999999999955e+02
6.171100000000000136e+02
6.600800000000000409e+02
6.663999999999999773e+02
6.685199999999999818e+02
7.053100000000000591e+02
7.109099999999999682e+02
7.113999999999999773e+02
7.572599999999999909e+02
7.606900000000000546e+02
8.078999999999999773e+02
8.108999999999999773e+02
8.116000000000000227e+02
8.543999999999999773e+02
8.608500000000000227e+02
8.628999999999999773e+02
8.633899999999999864e+02
8.652899999999999636e+02
8.673899999999999864e+02
9.022200000000000273e+02
9.049800000000000182e+02
9.084099999999999682e+02
9.099700000000000273e+02
9.105700000000000500e+02
9.131200000000000045e+02
9.148300000000000409e+02
9.515800000000000409e+02
9.541700000000000728e+02
9.586299999999999955e+02
9.623300000000000409e+02
9.659400000000000546e+02
5.743999999999999773e+01
6.957999999999999829e+01
1.169600000000000080e+02
3.090500000000000114e+02
3.606500000000000341e+02
3.682599999999999909e+02
4.076399999999999864e+02
4.150000000000000000e+02
4.589399999999999977e+02
4.620099999999999909e+02
5.066800000000000068e+02
5.577599999999999909e+02
5.659800000000000182e+02
6.076699999999999591e+02
7.115700000000000500e+02
7.572799999999999727e+02
8.079200000000000728e+02
8.117000000000000455e+02
8.545199999999999818e+02
8.628899999999999864e+02
8.634900000000000091e+02
9.068500000000000227e+02
9.516900000000000546e+02
9.587100000000000364e+02
5.743999999999999773e+01
3.091500000000000341e+02
3.606999999999999886e+02
4.076600000000000250e+02
5.067200000000000273e+02
5.579300000000000637e+02
5.660199999999999818e+02
6.077200000000000273e+02
7.116699999999999591e+02
7.573000000000000682e+02
8.079300000000000637e+02
8.629400000000000546e+02
5.743999999999999773e+01
3.608000000000000114e+02
4.076899999999999977e+02
5.660800000000000409e+02
6.077899999999999636e+02
7.573300000000000409e+02
8.079500000000000455e+02
5.743999999999999773e+01
4.077500000000000000e+02
7.573899999999999864e+02
8.079600000000000364e+02
