8.059000000000000341e+01
3.042300000000000182e+02
3.120000000000000000e+02
5.232000000000000455e+02
5.883200000000000500e+02
7.113799999999999955e+02
7.738000000000000682e+02
8.407899999999999636e+02
1.478900000000000148e+02
1.966400000000000148e+02
2.363000000000000114e+02
2.411100000000000136e+02
2.892300000000000182e+02
3.276600000000000250e+02
3.655699999999999932e+02
4.759900000000000091e+02
9.292200000000000273e+02
9.938700000000000045e+02
2.833999999999999986e+01
7.782999999999999829e+01
2.669800000000000182e+02
3.119200000000000159e+02
3.814499999999999886e+02
3.866999999999999886e+02
5.631399999999999864e+02
7.502799999999999727e+02
8.118999999999999773e+02
8.275700000000000500e+02
9.397300000000000182e+02
1.605999999999999943e+02
3.469300000000000068e+02
3.733400000000000318e+02
5.738300000000000409e+02
6.027300000000000182e+02
4.036100000000000136e+02
8.037799999999999727e+02
