2.939999999999999947e+00
4.950000000000000178e+00
6.790000000000000036e+00
6.969999999999999751e+00
8.689999999999999503e+00
8.980000000000000426e+00
9.050000000000000711e+00
1.096000000000000085e+01
1.272000000000000064e+01
1.313000000000000078e+01
1.678000000000000114e+01
1.708999999999999986e+01
1.714000000000000057e+01
2.064000000000000057e+01
2.089000000000000057e+01
2.283000000000000185e+01
2.491000000000000014e+01
2.669999999999999929e+01
2.687000000000000099e+01
2.724000000000000199e+01
3.094000000000000128e+01
3.500999999999999801e+01
3.693999999999999773e+01
3.882000000000000028e+01
3.917999999999999972e+01
3.938000000000000256e+01
4.286999999999999744e+01
4.296000000000000085e+01
4.477000000000000313e+01
4.692000000000000171e+01
4.857000000000000028e+01
4.912000000000000455e+01
5.075000000000000000e+01
5.320000000000000284e+01
5.492000000000000171e+01
5.710000000000000142e+01
5.874000000000000199e+01
5.892000000000000171e+01
6.484000000000000341e+01
6.889000000000000057e+01
7.115999999999999659e+01
7.292000000000000171e+01
7.521999999999999886e+01
7.525000000000000000e+01
7.829000000000000625e+01
7.864000000000000057e+01
8.081000000000000227e+01
8.301999999999999602e+01
8.309000000000000341e+01
8.473999999999999488e+01
8.559000000000000341e+01
8.626999999999999602e+01
8.707000000000000739e+01
8.859000000000000341e+01
8.934000000000000341e+01
9.076000000000000512e+01
9.254000000000000625e+01
9.293000000000000682e+01
9.510000000000000853e+01
9.726999999999999602e+01
1.006899999999999977e+02
1.014200000000000017e+02
1.025300000000000011e+02
1.030799999999999983e+02
1.043100000000000023e+02
1.065900000000000034e+02
1.070700000000000074e+02
1.095000000000000000e+02
1.103900000000000006e+02
1.109200000000000017e+02
1.145300000000000011e+02
1.147500000000000000e+02
1.186099999999999994e+02
1.219900000000000091e+02
1.226500000000000057e+02
1.262800000000000011e+02
1.269099999999999966e+02
1.305200000000000102e+02
1.308100000000000023e+02
1.331100000000000136e+02
1.342800000000000011e+02
1.365399999999999920e+02
1.369399999999999977e+02
1.423000000000000114e+02
1.429200000000000159e+02
1.466700000000000159e+02
1.484500000000000171e+02
1.524200000000000159e+02
1.550900000000000034e+02
1.562199999999999989e+02
1.587599999999999909e+02
1.604000000000000057e+02
1.612800000000000011e+02
1.637400000000000091e+02
1.642299999999999898e+02
1.666899999999999977e+02
1.676899999999999977e+02
1.684900000000000091e+02
1.690099999999999909e+02
1.696299999999999955e+02
1.714300000000000068e+02
1.741700000000000159e+02
1.748499999999999943e+02
1.754099999999999966e+02
1.797299999999999898e+02
1.802199999999999989e+02
1.809900000000000091e+02
1.815900000000000034e+02
1.847800000000000011e+02
1.860900000000000034e+02
1.874300000000000068e+02
1.888900000000000148e+02
1.896899999999999977e+02
1.903100000000000023e+02
1.935099999999999909e+02
1.958400000000000034e+02
1.968700000000000045e+02
2.001800000000000068e+02
2.017100000000000080e+02
2.028400000000000034e+02
2.039200000000000159e+02
2.083199999999999932e+02
2.107000000000000171e+02
2.130300000000000011e+02
2.139300000000000068e+02
2.171700000000000159e+02
2.177800000000000011e+02
2.183000000000000114e+02
2.210800000000000125e+02
2.219399999999999977e+02
2.258799999999999955e+02
2.262700000000000102e+02
2.267400000000000091e+02
2.295900000000000034e+02
2.340900000000000034e+02
2.357000000000000171e+02
2.368499999999999943e+02
2.385300000000000011e+02
2.408300000000000125e+02
2.439000000000000057e+02
2.470000000000000000e+02
2.479900000000000091e+02
2.510500000000000114e+02
2.533700000000000045e+02
2.558199999999999932e+02
2.560400000000000205e+02
2.583199999999999932e+02
2.618600000000000136e+02
2.620099999999999909e+02
2.631800000000000068e+02
2.705300000000000296e+02
2.728199999999999932e+02
2.769399999999999977e+02
2.778199999999999932e+02
2.780900000000000318e+02
2.790600000000000023e+02
2.838799999999999955e+02
2.853799999999999955e+02
2.862699999999999818e+02
2.893100000000000023e+02
2.907300000000000182e+02
2.940900000000000318e+02
2.944700000000000273e+02
2.969300000000000068e+02
3.018199999999999932e+02
3.130500000000000114e+02
3.213100000000000023e+02
3.261399999999999864e+02
3.269499999999999886e+02
3.325400000000000205e+02
3.338100000000000023e+02
3.357500000000000000e+02
3.397900000000000205e+02
3.411999999999999886e+02
3.442800000000000296e+02
3.453400000000000318e+02
3.496200000000000045e+02
3.523199999999999932e+02
3.555199999999999818e+02
3.572400000000000091e+02
3.579599999999999795e+02
3.617099999999999795e+02
3.655000000000000000e+02
3.666899999999999977e+02
3.698199999999999932e+02
3.700900000000000318e+02
3.715300000000000296e+02
3.754499999999999886e+02
3.796600000000000250e+02
3.839000000000000341e+02
3.849499999999999886e+02
3.904300000000000068e+02
3.953100000000000023e+02
3.954200000000000159e+02
4.003299999999999841e+02
4.083700000000000045e+02
4.145500000000000114e+02
4.192900000000000205e+02
4.327599999999999909e+02
4.396899999999999977e+02
4.463400000000000318e+02
4.501000000000000227e+02
4.533100000000000023e+02
4.601399999999999864e+02
4.604700000000000273e+02
4.653000000000000114e+02
4.723299999999999841e+02
4.743600000000000136e+02
4.749900000000000091e+02
4.753799999999999955e+02
4.777100000000000364e+02
4.801899999999999977e+02
4.905300000000000296e+02
4.912800000000000296e+02
4.923600000000000136e+02
4.964499999999999886e+02
4.998799999999999955e+02
5.013100000000000023e+02
5.111399999999999864e+02
5.131399999999999864e+02
5.190499999999999545e+02
5.197000000000000455e+02
5.244700000000000273e+02
5.271599999999999682e+02
5.281900000000000546e+02
5.312200000000000273e+02
5.316299999999999955e+02
5.344500000000000455e+02
5.422000000000000455e+02
5.475900000000000318e+02
5.516499999999999773e+02
5.594199999999999591e+02
5.622799999999999727e+02
5.663000000000000682e+02
5.720700000000000500e+02
5.753799999999999955e+02
5.758600000000000136e+02
5.796599999999999682e+02
5.820299999999999727e+02
5.845000000000000000e+02
5.881100000000000136e+02
5.903600000000000136e+02
5.944800000000000182e+02
5.948500000000000227e+02
5.956100000000000136e+02
5.996000000000000227e+02
6.085199999999999818e+02
6.087300000000000182e+02
6.133899999999999864e+02
6.160099999999999909e+02
6.197899999999999636e+02
6.225700000000000500e+02
6.305099999999999909e+02
6.354199999999999591e+02
6.480700000000000500e+02
6.494600000000000364e+02
6.541900000000000546e+02
6.581900000000000546e+02
6.593200000000000500e+02
6.630000000000000000e+02
6.669199999999999591e+02
6.708300000000000409e+02
6.717500000000000000e+02
6.771299999999999955e+02
6.775299999999999727e+02
6.800399999999999636e+02
6.808899999999999864e+02
6.832799999999999727e+02
6.848799999999999955e+02
6.886499999999999773e+02
6.918200000000000500e+02
6.928899999999999864e+02
6.944199999999999591e+02
6.983700000000000045e+02
7.009900000000000091e+02
7.050500000000000682e+02
7.058300000000000409e+02
7.093300000000000409e+02
7.118899999999999864e+02
7.148000000000000682e+02
7.178400000000000318e+02
7.187400000000000091e+02
7.212599999999999909e+02
7.217400000000000091e+02
7.255900000000000318e+02
7.279099999999999682e+02
7.306900000000000546e+02
7.317100000000000364e+02
7.390399999999999636e+02
7.460600000000000591e+02
7.498400000000000318e+02
7.606499999999999773e+02
7.639600000000000364e+02
7.645800000000000409e+02
7.650500000000000682e+02
7.678300000000000409e+02
7.687500000000000000e+02
7.690199999999999818e+02
7.711800000000000637e+02
7.716599999999999682e+02
7.728500000000000227e+02
7.741299999999999955e+02
7.787400000000000091e+02
7.797000000000000455e+02
7.811000000000000227e+02
7.839600000000000364e+02
7.846700000000000728e+02
7.865000000000000000e+02
7.878100000000000591e+02
7.907899999999999636e+02
7.916299999999999955e+02
7.939900000000000091e+02
7.953000000000000682e+02
7.965099999999999909e+02
7.977000000000000455e+02
8.015399999999999636e+02
8.016499999999999773e+02
8.027400000000000091e+02
8.038600000000000136e+02
8.066100000000000136e+02
8.077899999999999636e+02
8.090399999999999636e+02
8.104700000000000273e+02
8.153200000000000500e+02
8.161700000000000728e+02
8.199800000000000182e+02
8.238500000000000227e+02
8.245000000000000000e+02
8.272100000000000364e+02
8.298100000000000591e+02
8.305399999999999636e+02
8.311800000000000637e+02
8.339200000000000728e+02
8.346499999999999773e+02
8.362100000000000364e+02
8.384700000000000273e+02
8.391499999999999773e+02
8.397500000000000000e+02
8.421399999999999864e+02
8.424800000000000182e+02
8.432000000000000455e+02
8.446700000000000728e+02
8.457599999999999909e+02
8.473999999999999773e+02
8.498400000000000318e+02
8.512100000000000364e+02
8.522000000000000455e+02
8.555000000000000000e+02
8.579200000000000728e+02
8.587699999999999818e+02
8.620900000000000318e+02
8.623899999999999864e+02
8.654200000000000728e+02
8.681499999999999773e+02
8.683500000000000227e+02
8.687500000000000000e+02
8.691200000000000045e+02
8.712799999999999727e+02
8.720900000000000318e+02
8.755500000000000682e+02
8.757100000000000364e+02
8.770299999999999727e+02
8.778600000000000136e+02
8.785199999999999818e+02
8.801399999999999864e+02
8.811200000000000045e+02
8.839300000000000637e+02
8.868400000000000318e+02
8.876299999999999955e+02
8.897000000000000455e+02
8.903700000000000045e+02
8.913400000000000318e+02
8.937300000000000182e+02
8.943500000000000227e+02
8.995000000000000000e+02
9.002599999999999909e+02
9.056700000000000728e+02
9.062599999999999909e+02
9.086599999999999682e+02
9.117300000000000182e+02
9.133400000000000318e+02
9.139700000000000273e+02
9.143600000000000136e+02
9.154900000000000091e+02
9.177899999999999636e+02
9.185700000000000500e+02
9.217400000000000091e+02
9.274700000000000273e+02
9.277000000000000455e+02
9.283100000000000591e+02
9.286299999999999955e+02
9.299099999999999682e+02
9.320800000000000409e+02
9.338200000000000500e+02
9.360399999999999636e+02
9.360700000000000500e+02
9.375099999999999909e+02
9.396700000000000728e+02
9.418799999999999955e+02
9.421000000000000227e+02
9.457200000000000273e+02
9.461200000000000045e+02
9.484099999999999682e+02
9.497500000000000000e+02
9.498100000000000591e+02
9.523200000000000500e+02
9.535800000000000409e+02
9.537000000000000455e+02
9.559099999999999682e+02
9.559900000000000091e+02
9.576299999999999955e+02
9.598999999999999773e+02
9.599600000000000364e+02
9.602500000000000000e+02
9.643400000000000318e+02
9.645000000000000000e+02
9.658100000000000591e+02
9.677000000000000455e+02
9.680500000000000682e+02
9.737000000000000455e+02
9.739099999999999682e+02
9.759400000000000546e+02
9.800600000000000591e+02
9.818700000000000045e+02
9.819700000000000273e+02
9.836900000000000546e+02
9.838400000000000318e+02
9.861800000000000637e+02
9.897200000000000273e+02
9.898300000000000409e+02
9.899099999999999682e+02
9.901399999999999864e+02
9.919900000000000091e+02
9.936599999999999682e+02
9.939099999999999682e+02
9.957400000000000091e+02
9.958700000000000045e+02
9.981399999999999864e+02
9.996499999999999773e+02
