3.419999999999999929e+00
3.500000000000000000e+00
5.280000000000000249e+00
9.290000000000000924e+00
1.275999999999999979e+01
1.289000000000000057e+01
1.375999999999999979e+01
1.584999999999999964e+01
1.823000000000000043e+01
1.978000000000000114e+01
2.485000000000000142e+01
2.531000000000000227e+01
2.594000000000000128e+01
2.744999999999999929e+01
3.016000000000000014e+01
3.414000000000000057e+01
3.623000000000000398e+01
3.681000000000000227e+01
4.318999999999999773e+01
4.432999999999999829e+01
4.766000000000000369e+01
4.774000000000000199e+01
5.293999999999999773e+01
5.363000000000000256e+01
5.710000000000000142e+01
6.601999999999999602e+01
6.631000000000000227e+01
7.243999999999999773e+01
7.921000000000000796e+01
8.118999999999999773e+01
8.335999999999999943e+01
8.440000000000000568e+01
9.010000000000000853e+01
9.092000000000000171e+01
9.221000000000000796e+01
9.493000000000000682e+01
9.937999999999999545e+01
1.033200000000000074e+02
1.072800000000000011e+02
1.115700000000000074e+02
1.119699999999999989e+02
1.164699999999999989e+02
1.185499999999999972e+02
1.235300000000000011e+02
1.264800000000000040e+02
1.270700000000000074e+02
1.337599999999999909e+02
1.338400000000000034e+02
1.350699999999999932e+02
1.368600000000000136e+02
1.392400000000000091e+02
1.404399999999999977e+02
1.430999999999999943e+02
1.468300000000000125e+02
1.474200000000000159e+02
1.498400000000000034e+02
1.532800000000000011e+02
1.541400000000000148e+02
1.602100000000000080e+02
1.643700000000000045e+02
1.695000000000000000e+02
1.719799999999999898e+02
1.737500000000000000e+02
1.786700000000000159e+02
1.800900000000000034e+02
1.804200000000000159e+02
1.829799999999999898e+02
1.832500000000000000e+02
1.844799999999999898e+02
1.853499999999999943e+02
1.872100000000000080e+02
1.876700000000000159e+02
1.896200000000000045e+02
1.906100000000000136e+02
1.930800000000000125e+02
1.987100000000000080e+02
1.994099999999999966e+02
2.010399999999999920e+02
2.045900000000000034e+02
2.057199999999999989e+02
2.094500000000000171e+02
2.115000000000000000e+02
2.127000000000000171e+02
2.136599999999999966e+02
2.177400000000000091e+02
2.255099999999999909e+02
2.274800000000000182e+02
2.322700000000000102e+02
2.375999999999999943e+02
2.406400000000000148e+02
2.452400000000000091e+02
2.476200000000000045e+02
2.477000000000000171e+02
2.510800000000000125e+02
2.545500000000000114e+02
2.551700000000000159e+02
2.555000000000000000e+02
2.570199999999999818e+02
2.576899999999999977e+02
2.586600000000000250e+02
2.621499999999999773e+02
2.624599999999999795e+02
2.651800000000000068e+02
2.677599999999999909e+02
2.707400000000000091e+02
2.707400000000000091e+02
2.737900000000000205e+02
2.781000000000000227e+02
2.806299999999999955e+02
2.841299999999999955e+02
2.855500000000000114e+02
2.868100000000000023e+02
2.916000000000000227e+02
2.933799999999999955e+02
2.949200000000000159e+02
2.985199999999999818e+02
2.986399999999999864e+02
3.021899999999999977e+02
3.028400000000000318e+02
3.049200000000000159e+02
3.069000000000000341e+02
3.075900000000000318e+02
3.082599999999999909e+02
3.121399999999999864e+02
3.163199999999999932e+02
3.215300000000000296e+02
3.260400000000000205e+02
3.289700000000000273e+02
3.293199999999999932e+02
3.317599999999999909e+02
3.336000000000000227e+02
3.369100000000000250e+02
3.376200000000000045e+02
3.414000000000000341e+02
3.462800000000000296e+02
3.466899999999999977e+02
3.501800000000000068e+02
3.557200000000000273e+02
3.609000000000000341e+02
3.621700000000000159e+02
3.649900000000000091e+02
3.667099999999999795e+02
3.686899999999999977e+02
3.695199999999999818e+02
3.744200000000000159e+02
3.756899999999999977e+02
3.768100000000000023e+02
3.819499999999999886e+02
3.820199999999999818e+02
3.854399999999999977e+02
3.860000000000000000e+02
3.867699999999999818e+02
3.874700000000000273e+02
3.903500000000000227e+02
3.966600000000000250e+02
3.971200000000000045e+02
4.003899999999999864e+02
4.059399999999999977e+02
4.083000000000000114e+02
4.121800000000000068e+02
4.147500000000000000e+02
4.166800000000000068e+02
4.181299999999999955e+02
4.199399999999999977e+02
4.203600000000000136e+02
4.283199999999999932e+02
4.295900000000000318e+02
4.355799999999999841e+02
4.359200000000000159e+02
4.359300000000000068e+02
4.394800000000000182e+02
4.408899999999999864e+02
4.451299999999999955e+02
4.454800000000000182e+02
4.515600000000000023e+02
4.541600000000000250e+02
4.563600000000000136e+02
4.576399999999999864e+02
4.615799999999999841e+02
4.634100000000000250e+02
4.642200000000000273e+02
4.748899999999999864e+02
4.781100000000000136e+02
4.783700000000000045e+02
4.794499999999999886e+02
4.818700000000000045e+02
4.826999999999999886e+02
4.832500000000000000e+02
4.855400000000000205e+02
4.871200000000000045e+02
4.878700000000000045e+02
4.919900000000000091e+02
4.925099999999999909e+02
4.940000000000000000e+02
4.945300000000000296e+02
4.980099999999999909e+02
4.990200000000000387e+02
5.009300000000000068e+02
5.018899999999999864e+02
5.047400000000000091e+02
5.070900000000000318e+02
5.080600000000000023e+02
5.165299999999999727e+02
5.195700000000000500e+02
5.219400000000000546e+02
5.269700000000000273e+02
5.272599999999999909e+02
5.305000000000000000e+02
5.329300000000000637e+02
5.359300000000000637e+02
5.383999999999999773e+02
5.413200000000000500e+02
5.414900000000000091e+02
5.461399999999999864e+02
5.469800000000000182e+02
5.513999999999999773e+02
5.583899999999999864e+02
5.589600000000000364e+02
5.613899999999999864e+02
5.624400000000000546e+02
5.645900000000000318e+02
5.653799999999999955e+02
5.668999999999999773e+02
5.700000000000000000e+02
5.724199999999999591e+02
5.751399999999999864e+02
5.765399999999999636e+02
5.784900000000000091e+02
5.788600000000000136e+02
5.818500000000000227e+02
5.833000000000000682e+02
5.857599999999999909e+02
5.858700000000000045e+02
5.899800000000000182e+02
5.906699999999999591e+02
5.929300000000000637e+02
5.952400000000000091e+02
5.957799999999999727e+02
5.977100000000000364e+02
5.995900000000000318e+02
6.030700000000000500e+02
6.039199999999999591e+02
6.085099999999999909e+02
6.109099999999999682e+02
6.162400000000000091e+02
6.193999999999999773e+02
6.243200000000000500e+02
6.256699999999999591e+02
6.290099999999999909e+02
6.308899999999999864e+02
6.312599999999999909e+02
6.343899999999999864e+02
6.357899999999999636e+02
6.422599999999999909e+02
6.471000000000000227e+02
6.542599999999999909e+02
6.595500000000000682e+02
6.625399999999999636e+02
6.631800000000000637e+02
6.632200000000000273e+02
6.689400000000000546e+02
6.698700000000000045e+02
6.722899999999999636e+02
6.724300000000000637e+02
6.782300000000000182e+02
6.831599999999999682e+02
6.844099999999999682e+02
6.908400000000000318e+02
6.911000000000000227e+02
6.937000000000000455e+02
6.941800000000000637e+02
6.969800000000000182e+02
6.987200000000000273e+02
6.991100000000000136e+02
7.004400000000000546e+02
7.017500000000000000e+02
7.021699999999999591e+02
7.049600000000000364e+02
7.053100000000000591e+02
7.093100000000000591e+02
7.117699999999999818e+02
7.150700000000000500e+02
7.170700000000000500e+02
7.217799999999999727e+02
7.227699999999999818e+02
7.254400000000000546e+02
7.288899999999999864e+02
7.289300000000000637e+02
7.332400000000000091e+02
7.365800000000000409e+02
7.449099999999999682e+02
7.498700000000000045e+02
7.578799999999999955e+02
7.632100000000000364e+02
7.658899999999999864e+02
7.688899999999999864e+02
7.693200000000000500e+02
7.719800000000000182e+02
7.801599999999999682e+02
7.817899999999999636e+02
7.842899999999999636e+02
7.853200000000000500e+02
7.886200000000000045e+02
7.904200000000000728e+02
7.937100000000000364e+02
7.962100000000000364e+02
7.990500000000000682e+02
8.029400000000000546e+02
8.033100000000000591e+02
8.059200000000000728e+02
8.099700000000000273e+02
8.119600000000000364e+02
8.121599999999999682e+02
8.133000000000000682e+02
8.156399999999999864e+02
8.245199999999999818e+02
8.249099999999999682e+02
8.277899999999999636e+02
8.292300000000000182e+02
8.305900000000000318e+02
8.361200000000000045e+02
8.373500000000000227e+02
8.443799999999999955e+02
8.470700000000000500e+02
8.558500000000000227e+02
8.570199999999999818e+02
8.574200000000000728e+02
8.595299999999999727e+02
8.598100000000000591e+02
8.610299999999999727e+02
8.678000000000000682e+02
8.683600000000000136e+02
8.703200000000000500e+02
8.710000000000000000e+02
8.759099999999999682e+02
8.769400000000000546e+02
8.812300000000000182e+02
8.844600000000000364e+02
8.877100000000000364e+02
8.906100000000000136e+02
8.934099999999999682e+02
8.946800000000000637e+02
9.005399999999999636e+02
9.078999999999999773e+02
9.111599999999999682e+02
9.115000000000000000e+02
9.134200000000000728e+02
9.160099999999999909e+02
9.170099999999999909e+02
9.183400000000000318e+02
9.198999999999999773e+02
9.228400000000000318e+02
9.271000000000000227e+02
9.285000000000000000e+02
9.286100000000000136e+02
9.309099999999999682e+02
9.329600000000000364e+02
9.331000000000000227e+02
9.353200000000000500e+02
9.358300000000000409e+02
9.394400000000000546e+02
9.398100000000000591e+02
9.470299999999999727e+02
9.508999999999999773e+02
9.519099999999999682e+02
9.525600000000000591e+02
9.541800000000000637e+02
9.562599999999999909e+02
9.563700000000000045e+02
9.599700000000000273e+02
9.629400000000000546e+02
9.638600000000000136e+02
9.688200000000000500e+02
9.769099999999999682e+02
9.784800000000000182e+02
9.813700000000000045e+02
9.871200000000000045e+02
9.884099999999999682e+02
9.915400000000000773e+02
9.929400000000000546e+02
9.957100000000000364e+02
9.985600000000000591e+02
9.992200000000000273e+02
