4.456999999999999886e+02
4.541399999999999864e+02
6.541000000000000227e+02
6.544900000000000091e+02
1.168100000000000023e+02
4.541500000000000341e+02
5.876200000000000045e+02
7.026399999999999864e+02
1.168100000000000023e+02
4.541700000000000159e+02
5.876200000000000045e+02
7.026499999999999773e+02
1.689999999999999858e+01
5.382999999999999829e+01
8.193999999999999773e+01
8.998999999999999488e+01
9.800000000000000000e+01
1.040600000000000023e+02
1.168100000000000023e+02
1.280000000000000000e+02
1.693000000000000114e+02
1.719600000000000080e+02
2.434699999999999989e+02
2.700000000000000000e+02
2.756299999999999955e+02
2.836500000000000341e+02
2.875699999999999932e+02
2.991100000000000136e+02
3.059499999999999886e+02
3.160699999999999932e+02
3.870099999999999909e+02
4.001999999999999886e+02
4.443700000000000045e+02
4.684100000000000250e+02
4.932500000000000000e+02
5.152599999999999909e+02
5.234400000000000546e+02
5.285000000000000000e+02
5.323500000000000227e+02
5.615800000000000409e+02
5.876200000000000045e+02
6.106499999999999773e+02
6.346399999999999864e+02
6.506399999999999864e+02
6.675299999999999727e+02
7.026599999999999682e+02
7.046100000000000136e+02
7.126800000000000637e+02
7.298600000000000136e+02
7.655600000000000591e+02
7.738700000000000045e+02
7.802899999999999636e+02
8.957500000000000000e+02
9.407200000000000273e+02
9.468300000000000409e+02
9.698100000000000591e+02
9.978799999999999955e+02
1.168200000000000074e+02
1.722000000000000171e+02
2.756800000000000068e+02
2.991500000000000341e+02
3.161100000000000136e+02
4.002500000000000000e+02
5.323799999999999955e+02
5.876200000000000045e+02
6.506900000000000546e+02
6.675700000000000500e+02
7.026699999999999591e+02
7.298799999999999955e+02
7.655800000000000409e+02
1.168200000000000074e+02
3.161600000000000250e+02
5.324099999999999682e+02
5.876299999999999955e+02
7.026800000000000637e+02
7.298999999999999773e+02
7.656000000000000227e+02
1.168200000000000074e+02
5.324500000000000455e+02
5.876299999999999955e+02
7.027200000000000273e+02
7.299400000000000546e+02
7.656299999999999955e+02
1.168200000000000074e+02
1.199699999999999989e+02
1.889099999999999966e+02
4.258299999999999841e+02
4.456700000000000159e+02
4.985200000000000387e+02
5.876299999999999955e+02
6.346699999999999591e+02
6.544500000000000455e+02
6.746299999999999955e+02
7.259099999999999682e+02
8.122300000000000182e+02
8.518000000000000682e+02
9.074600000000000364e+02
9.611399999999999864e+02
1.168299999999999983e+02
1.200700000000000074e+02
4.456700000000000159e+02
4.985799999999999841e+02
5.876299999999999955e+02
6.347599999999999909e+02
6.544500000000000455e+02
6.746699999999999591e+02
7.259400000000000546e+02
9.074800000000000182e+02
9.611599999999999682e+02
7.850000000000000533e+00
4.203000000000000114e+01
8.225000000000000000e+01
1.168299999999999983e+02
1.235499999999999972e+02
4.456700000000000159e+02
4.541100000000000136e+02
5.876299999999999955e+02
6.544600000000000364e+02
8.672200000000000273e+02
9.075099999999999909e+02
9.611800000000000637e+02
4.209000000000000341e+01
1.168400000000000034e+02
1.236500000000000057e+02
4.456700000000000159e+02
4.541100000000000136e+02
5.876299999999999955e+02
6.544600000000000364e+02
9.075800000000000409e+02
9.612000000000000455e+02
4.456700000000000159e+02
4.541200000000000045e+02
6.544600000000000364e+02
9.612300000000000182e+02
4.456800000000000068e+02
4.541200000000000045e+02
6.544700000000000273e+02
9.613000000000000682e+02
8.730000000000000426e+00
3.078999999999999915e+01
4.474000000000000199e+01
5.164000000000000057e+01
5.564999999999999858e+01
8.978000000000000114e+01
1.037300000000000040e+02
1.665099999999999909e+02
1.777100000000000080e+02
2.056400000000000148e+02
2.310699999999999932e+02
2.459600000000000080e+02
2.545000000000000000e+02
2.609100000000000250e+02
3.128700000000000045e+02
3.706000000000000227e+02
4.315500000000000114e+02
4.456800000000000068e+02
4.541299999999999955e+02
4.555199999999999818e+02
4.624300000000000068e+02
4.784600000000000364e+02
4.844200000000000159e+02
5.013100000000000023e+02
5.084800000000000182e+02
5.682000000000000455e+02
5.733200000000000500e+02
5.923000000000000682e+02
5.961399999999999864e+02
6.182100000000000364e+02
6.362599999999999909e+02
6.538999999999999773e+02
6.544700000000000273e+02
6.572400000000000091e+02
6.791699999999999591e+02
6.930900000000000318e+02
7.131699999999999591e+02
7.612300000000000182e+02
8.281800000000000637e+02
8.412699999999999818e+02
8.464200000000000728e+02
8.610199999999999818e+02
8.822300000000000182e+02
8.853100000000000591e+02
8.891700000000000728e+02
8.993200000000000500e+02
9.158799999999999955e+02
9.281000000000000227e+02
9.519700000000000273e+02
9.919800000000000182e+02
8.779999999999999361e+00
1.037800000000000011e+02
4.456800000000000068e+02
4.541299999999999955e+02
5.013700000000000045e+02
5.962100000000000364e+02
6.539500000000000455e+02
6.544800000000000182e+02
6.798600000000000136e+02
7.613000000000000682e+02
8.610800000000000409e+02
9.160099999999999909e+02
9.520299999999999727e+02
4.456899999999999977e+02
4.541399999999999864e+02
6.540099999999999909e+02
6.544800000000000182e+02
9.162000000000000455e+02
9.521200000000000045e+02
