5.583100000000000591e+02
7.969999999999999751e+00
1.233999999999999986e+01
1.481000000000000050e+01
1.840000000000000213e+01
2.105000000000000071e+01
6.018999999999999773e+01
6.294000000000000483e+01
6.893999999999999773e+01
1.125799999999999983e+02
1.157699999999999960e+02
1.198599999999999994e+02
1.600300000000000011e+02
1.628300000000000125e+02
1.658700000000000045e+02
1.694799999999999898e+02
2.092899999999999920e+02
2.116299999999999955e+02
2.148100000000000023e+02
2.170399999999999920e+02
2.593899999999999864e+02
2.623899999999999864e+02
2.672800000000000296e+02
2.699300000000000068e+02
2.725199999999999818e+02
3.117800000000000296e+02
3.160099999999999909e+02
3.192900000000000205e+02
3.618600000000000136e+02
3.661800000000000068e+02
4.115400000000000205e+02
4.139200000000000159e+02
4.600300000000000296e+02
4.646100000000000136e+02
4.672200000000000273e+02
5.107900000000000205e+02
5.130900000000000318e+02
5.152599999999999909e+02
5.571699999999999591e+02
5.595299999999999727e+02
5.622799999999999727e+02
5.654500000000000455e+02
6.072400000000000091e+02
6.094199999999999591e+02
6.136800000000000637e+02
6.585299999999999727e+02
6.615399999999999636e+02
6.644900000000000091e+02
6.667699999999999818e+02
7.069600000000000364e+02
7.100800000000000409e+02
7.135800000000000409e+02
7.572400000000000091e+02
7.605199999999999818e+02
7.656499999999999773e+02
7.682699999999999818e+02
8.075199999999999818e+02
8.109400000000000546e+02
8.152100000000000364e+02
8.185800000000000409e+02
8.566499999999999773e+02
8.589500000000000455e+02
8.617000000000000455e+02
9.084900000000000091e+02
9.110800000000000409e+02
9.563300000000000409e+02
9.589900000000000091e+02
9.625900000000000318e+02
9.671299999999999955e+02
7.969999999999999751e+00
1.498000000000000043e+01
1.896999999999999886e+01
1.126700000000000017e+02
1.601200000000000045e+02
1.666100000000000136e+02
2.093499999999999943e+02
2.116800000000000068e+02
2.170300000000000011e+02
2.594399999999999977e+02
2.626000000000000227e+02
2.701200000000000045e+02
3.119399999999999977e+02
3.161399999999999864e+02
4.116999999999999886e+02
4.139800000000000182e+02
5.108799999999999955e+02
5.137400000000000091e+02
5.572799999999999727e+02
6.095199999999999818e+02
6.138300000000000409e+02
6.585399999999999636e+02
6.616399999999999864e+02
6.646299999999999955e+02
7.573400000000000318e+02
7.612200000000000273e+02
8.076399999999999864e+02
8.110399999999999636e+02
8.187200000000000273e+02
8.570700000000000500e+02
8.593600000000000136e+02
8.617300000000000182e+02
9.086700000000000728e+02
9.112000000000000455e+02
9.564300000000000637e+02
9.591000000000000227e+02
7.969999999999999751e+00
1.127800000000000011e+02
1.668199999999999932e+02
2.119900000000000091e+02
2.594900000000000091e+02
3.126299999999999955e+02
4.142400000000000091e+02
6.096599999999999682e+02
6.585600000000000591e+02
6.617200000000000273e+02
6.647400000000000091e+02
8.111599999999999682e+02
8.594500000000000455e+02
9.112799999999999727e+02
9.565099999999999909e+02
7.969999999999999751e+00
2.595699999999999932e+02
6.585700000000000500e+02
9.113600000000000136e+02
7.969999999999999751e+00
6.586000000000000227e+02
7.969999999999999751e+00
6.586200000000000045e+02
7.969999999999999751e+00
1.072000000000000064e+01
1.291000000000000014e+01
1.575999999999999979e+01
1.790000000000000213e+01
2.014000000000000057e+01
6.077000000000000313e+01
6.359000000000000341e+01
6.581000000000000227e+01
6.804999999999999716e+01
7.217000000000000171e+01
1.100499999999999972e+02
1.123200000000000074e+02
1.148500000000000085e+02
1.179500000000000028e+02
1.611899999999999977e+02
1.637299999999999898e+02
1.678700000000000045e+02
1.702700000000000102e+02
2.110900000000000034e+02
2.133000000000000114e+02
2.154399999999999977e+02
2.178600000000000136e+02
2.609599999999999795e+02
2.642300000000000182e+02
2.669599999999999795e+02
2.701000000000000227e+02
3.087200000000000273e+02
3.116999999999999886e+02
3.151999999999999886e+02
3.178000000000000114e+02
3.229499999999999886e+02
3.613000000000000114e+02
3.636000000000000227e+02
3.657099999999999795e+02
3.679000000000000341e+02
3.702699999999999818e+02
4.118500000000000227e+02
4.151899999999999977e+02
4.183799999999999955e+02
4.616000000000000227e+02
4.639900000000000091e+02
4.669600000000000364e+02
4.698799999999999955e+02
5.132899999999999636e+02
5.160299999999999727e+02
5.187400000000000091e+02
5.228600000000000136e+02
5.598999999999999773e+02
5.630099999999999909e+02
5.659300000000000637e+02
5.684500000000000455e+02
5.711299999999999955e+02
6.070700000000000500e+02
6.104500000000000455e+02
6.134500000000000455e+02
6.156399999999999864e+02
6.180199999999999818e+02
6.586699999999999591e+02
6.619500000000000455e+02
6.654800000000000182e+02
6.676200000000000045e+02
6.712200000000000273e+02
6.735000000000000000e+02
7.109300000000000637e+02
7.136499999999999773e+02
7.162899999999999636e+02
7.189300000000000637e+02
7.214099999999999682e+02
7.611699999999999591e+02
7.648400000000000318e+02
7.670500000000000682e+02
7.708799999999999955e+02
8.100000000000000000e+02
8.128300000000000409e+02
8.156599999999999682e+02
8.188300000000000409e+02
8.596200000000000045e+02
8.618200000000000500e+02
8.639800000000000182e+02
8.662000000000000455e+02
9.116700000000000728e+02
9.144500000000000455e+02
9.166399999999999864e+02
9.207899999999999636e+02
9.229400000000000546e+02
9.603700000000000045e+02
9.631100000000000136e+02
9.671299999999999955e+02
9.693300000000000409e+02
7.969999999999999751e+00
1.098000000000000043e+01
1.466999999999999993e+01
1.785000000000000142e+01
2.039000000000000057e+01
6.506000000000000227e+01
6.756000000000000227e+01
7.234000000000000341e+01
1.101400000000000006e+02
1.124399999999999977e+02
1.154300000000000068e+02
1.181400000000000006e+02
1.612599999999999909e+02
1.639200000000000159e+02
1.679600000000000080e+02
1.703799999999999955e+02
2.111700000000000159e+02
2.142300000000000182e+02
2.179000000000000057e+02
2.610900000000000318e+02
2.643299999999999841e+02
2.671800000000000068e+02
2.705400000000000205e+02
3.087300000000000182e+02
3.118000000000000114e+02
3.152900000000000205e+02
3.613899999999999864e+02
3.637699999999999818e+02
3.678299999999999841e+02
3.703899999999999864e+02
4.120300000000000296e+02
4.153799999999999955e+02
4.190799999999999841e+02
4.623199999999999932e+02
4.644100000000000250e+02
4.670600000000000023e+02
4.709200000000000159e+02
5.135099999999999909e+02
5.161599999999999682e+02
5.602500000000000000e+02
5.660299999999999727e+02
5.685199999999999818e+02
5.722500000000000000e+02
6.070900000000000318e+02
6.116299999999999955e+02
6.148200000000000500e+02
6.171399999999999864e+02
6.621200000000000045e+02
6.660000000000000000e+02
6.681299999999999955e+02
7.110399999999999636e+02
7.137400000000000091e+02
7.163700000000000045e+02
7.205700000000000500e+02
7.613400000000000318e+02
7.672300000000000182e+02
8.101100000000000136e+02
8.128899999999999864e+02
8.162300000000000182e+02
8.188799999999999955e+02
8.617599999999999909e+02
8.640099999999999909e+02
8.663000000000000682e+02
9.151100000000000136e+02
9.173700000000000045e+02
9.608999999999999773e+02
9.631900000000000546e+02
9.675399999999999636e+02
9.697000000000000455e+02
7.969999999999999751e+00
1.149000000000000021e+01
6.621000000000000796e+01
1.126000000000000085e+02
1.155300000000000011e+02
1.680399999999999920e+02
2.112899999999999920e+02
2.145900000000000034e+02
2.179699999999999989e+02
2.645000000000000000e+02
3.087500000000000000e+02
3.119100000000000250e+02
3.153899999999999864e+02
3.614800000000000182e+02
3.639200000000000159e+02
4.155199999999999818e+02
4.643299999999999841e+02
4.673100000000000023e+02
4.710799999999999841e+02
5.661100000000000136e+02
5.686200000000000045e+02
6.071000000000000227e+02
6.117899999999999636e+02
6.173899999999999864e+02
6.664800000000000182e+02
7.112000000000000455e+02
7.138400000000000318e+02
7.164500000000000455e+02
8.102100000000000364e+02
8.129500000000000455e+02
8.163300000000000409e+02
8.189400000000000546e+02
8.641100000000000136e+02
8.664800000000000182e+02
9.174200000000000728e+02
9.633600000000000136e+02
9.695099999999999909e+02
7.969999999999999751e+00
1.156200000000000045e+02
2.180200000000000102e+02
2.645799999999999841e+02
3.087800000000000296e+02
3.615600000000000023e+02
4.163400000000000318e+02
4.644300000000000068e+02
5.661800000000000637e+02
6.071200000000000045e+02
7.113000000000000682e+02
7.139800000000000182e+02
8.130700000000000500e+02
8.190900000000000318e+02
9.634800000000000182e+02
6.671000000000000796e+01
1.179800000000000040e+02
2.180699999999999932e+02
2.646800000000000068e+02
2.664499999999999886e+02
3.088299999999999841e+02
4.591600000000000250e+02
4.650400000000000205e+02
5.582200000000000273e+02
5.662699999999999818e+02
6.071499999999999773e+02
6.081499999999999773e+02
7.115000000000000000e+02
7.119500000000000455e+02
8.118500000000000227e+02
9.090099999999999909e+02
