5.959999999999999964e+00
5.892000000000000171e+01
7.190999999999999659e+01
7.526000000000000512e+01
9.054000000000000625e+01
1.067800000000000011e+02
1.560000000000000000e+02
1.704099999999999966e+02
1.881899999999999977e+02
2.213499999999999943e+02
2.535399999999999920e+02
2.718899999999999864e+02
2.876200000000000045e+02
3.045600000000000023e+02
3.356800000000000068e+02
3.377300000000000182e+02
3.715900000000000318e+02
4.030099999999999909e+02
4.051899999999999977e+02
4.200799999999999841e+02
4.341999999999999886e+02
4.370600000000000023e+02
4.499300000000000068e+02
4.534900000000000091e+02
4.691899999999999977e+02
5.022100000000000364e+02
5.193100000000000591e+02
5.338200000000000500e+02
5.358500000000000227e+02
5.497899999999999636e+02
5.995299999999999727e+02
6.162300000000000182e+02
6.332599999999999909e+02
6.493400000000000318e+02
6.520099999999999909e+02
6.653799999999999955e+02
6.681000000000000227e+02
6.979300000000000637e+02
7.340399999999999636e+02
7.467100000000000364e+02
7.838999999999999773e+02
7.979500000000000455e+02
8.141800000000000637e+02
8.317699999999999818e+02
8.440900000000000318e+02
8.484900000000000091e+02
8.827799999999999727e+02
8.950500000000000682e+02
8.972500000000000000e+02
9.153200000000000500e+02
9.299900000000000091e+02
9.465700000000000500e+02
9.780900000000000318e+02
9.959800000000000182e+02
1.391299999999999955e+02
2.712699999999999818e+02
3.202599999999999909e+02
9.404900000000000091e+02
9.755800000000000409e+02
1.409600000000000080e+02
1.937700000000000102e+02
2.255399999999999920e+02
2.449200000000000159e+02
2.600500000000000114e+02
2.769399999999999977e+02
2.927099999999999795e+02
3.269700000000000273e+02
3.766000000000000227e+02
4.121999999999999886e+02
4.268600000000000136e+02
4.303700000000000045e+02
4.461700000000000159e+02
5.130099999999999909e+02
6.803500000000000227e+02
7.467899999999999636e+02
7.837899999999999636e+02
8.839600000000000364e+02
8.995700000000000500e+02
5.509999999999999787e+00
7.830000000000000071e+00
9.859999999999999432e+00
2.228000000000000114e+01
2.442999999999999972e+01
4.071000000000000085e+01
5.643999999999999773e+01
5.848000000000000398e+01
7.248999999999999488e+01
7.498999999999999488e+01
9.146999999999999886e+01
1.086800000000000068e+02
1.233400000000000034e+02
1.396299999999999955e+02
1.417299999999999898e+02
1.584900000000000091e+02
1.615500000000000114e+02
1.746299999999999955e+02
1.895999999999999943e+02
2.083900000000000148e+02
2.251400000000000148e+02
2.276700000000000159e+02
2.421899999999999977e+02
2.442300000000000182e+02
2.588400000000000318e+02
2.748700000000000045e+02
2.769200000000000159e+02
2.922699999999999818e+02
3.106200000000000045e+02
3.266899999999999977e+02
3.422200000000000273e+02
3.442699999999999818e+02
3.463299999999999841e+02
3.598799999999999955e+02
3.754599999999999795e+02
3.775699999999999932e+02
3.924900000000000091e+02
4.100300000000000296e+02
4.275000000000000000e+02
4.298100000000000023e+02
4.424900000000000091e+02
4.449600000000000364e+02
4.606100000000000136e+02
4.626600000000000250e+02
4.762500000000000000e+02
4.921700000000000159e+02
5.090799999999999841e+02
5.122300000000000182e+02
5.149900000000000091e+02
5.257200000000000273e+02
5.291800000000000637e+02
5.458200000000000500e+02
5.484500000000000455e+02
5.631699999999999591e+02
5.776599999999999682e+02
5.955299999999999727e+02
6.102599999999999909e+02
6.123300000000000409e+02
6.269099999999999682e+02
6.296699999999999591e+02
6.437899999999999636e+02
6.458400000000000318e+02
6.616800000000000637e+02
6.771599999999999682e+02
6.809400000000000546e+02
6.950900000000000318e+02
6.972000000000000455e+02
7.136299999999999955e+02
7.301000000000000227e+02
7.449500000000000455e+02
7.478600000000000136e+02
7.617200000000000273e+02
7.640299999999999727e+02
7.778000000000000682e+02
7.964400000000000546e+02
7.994900000000000091e+02
8.109600000000000364e+02
8.130299999999999727e+02
8.150800000000000409e+02
8.314300000000000637e+02
8.456000000000000227e+02
8.478500000000000227e+02
8.630600000000000591e+02
8.801299999999999955e+02
8.976299999999999955e+02
9.118600000000000136e+02
9.159900000000000091e+02
9.315299999999999727e+02
9.469200000000000728e+02
9.495800000000000409e+02
9.650900000000000318e+02
9.799099999999999682e+02
9.826900000000000546e+02
5.639999999999999680e+00
7.690000000000000391e+00
9.779999999999999361e+00
2.264000000000000057e+01
2.528000000000000114e+01
3.877000000000000313e+01
4.145000000000000284e+01
4.374000000000000199e+01
5.591000000000000369e+01
5.796000000000000085e+01
7.232999999999999829e+01
7.435000000000000853e+01
8.948999999999999488e+01
9.153000000000000114e+01
1.069099999999999966e+02
1.099300000000000068e+02
1.217900000000000063e+02
1.239000000000000057e+02
1.273700000000000045e+02
1.392800000000000011e+02
1.413900000000000148e+02
1.442500000000000000e+02
1.559099999999999966e+02
1.579699999999999989e+02
1.600000000000000000e+02
1.738799999999999955e+02
1.759200000000000159e+02
1.901400000000000148e+02
1.921700000000000159e+02
2.077599999999999909e+02
2.102899999999999920e+02
2.227100000000000080e+02
2.247300000000000182e+02
2.271599999999999966e+02
2.406599999999999966e+02
2.429600000000000080e+02
2.574300000000000068e+02
2.739499999999999886e+02
2.766399999999999864e+02
2.908500000000000227e+02
2.929300000000000068e+02
3.058199999999999932e+02
3.078500000000000227e+02
3.102400000000000091e+02
3.253400000000000318e+02
3.279800000000000182e+02
3.401899999999999977e+02
3.422800000000000296e+02
3.448400000000000318e+02
3.555500000000000114e+02
3.578700000000000045e+02
3.601500000000000341e+02
3.740900000000000318e+02
3.768400000000000318e+02
3.904300000000000068e+02
3.924499999999999886e+02
4.079399999999999977e+02
4.099700000000000273e+02
4.244300000000000068e+02
4.272100000000000364e+02
4.420699999999999932e+02
4.443000000000000114e+02
4.566000000000000227e+02
4.586399999999999864e+02
4.607400000000000091e+02
4.630799999999999841e+02
4.748400000000000318e+02
4.771700000000000159e+02
4.917599999999999909e+02
4.938899999999999864e+02
5.077900000000000205e+02
5.241900000000000546e+02
5.263500000000000227e+02
5.283999999999999773e+02
5.397000000000000455e+02
5.422699999999999818e+02
5.443200000000000500e+02
5.570500000000000682e+02
5.598700000000000045e+02
5.619800000000000182e+02
5.730299999999999727e+02
5.750700000000000500e+02
5.782300000000000182e+02
5.913400000000000318e+02
5.933999999999999773e+02
6.078000000000000682e+02
6.098300000000000409e+02
6.120500000000000682e+02
6.242200000000000273e+02
6.271000000000000227e+02
6.412799999999999727e+02
6.433400000000000318e+02
6.595399999999999636e+02
6.752300000000000182e+02
6.777300000000000182e+02
6.926399999999999864e+02
6.960900000000000318e+02
7.092400000000000091e+02
7.117000000000000455e+02
7.245600000000000591e+02
7.266100000000000136e+02
7.286399999999999864e+02
7.406800000000000637e+02
7.431299999999999955e+02
7.451599999999999682e+02
7.590399999999999636e+02
7.611699999999999591e+02
7.635800000000000409e+02
7.744200000000000728e+02
7.765000000000000000e+02
7.795700000000000500e+02
7.912200000000000273e+02
7.940700000000000500e+02
7.969900000000000091e+02
8.069099999999999682e+02
8.092000000000000455e+02
8.112300000000000182e+02
8.253400000000000318e+02
8.273899999999999864e+02
8.294400000000000546e+02
8.411800000000000637e+02
8.439800000000000182e+02
8.460299999999999727e+02
8.581700000000000728e+02
8.609400000000000546e+02
8.630600000000000591e+02
8.751299999999999955e+02
8.772300000000000182e+02
8.793799999999999955e+02
8.920399999999999636e+02
8.948999999999999773e+02
8.972100000000000364e+02
9.089800000000000182e+02
9.110299999999999727e+02
9.139900000000000091e+02
9.261599999999999682e+02
9.293000000000000682e+02
9.422000000000000455e+02
9.453899999999999864e+02
9.587699999999999818e+02
9.608100000000000591e+02
9.647899999999999636e+02
9.774800000000000182e+02
9.795500000000000682e+02
9.821100000000000136e+02
9.920900000000000318e+02
9.941100000000000136e+02
5.129999999999999893e+00
8.109999999999999432e+00
2.210999999999999943e+01
2.421000000000000085e+01
3.967999999999999972e+01
4.171999999999999886e+01
5.577000000000000313e+01
5.853000000000000114e+01
6.114999999999999858e+01
7.276999999999999602e+01
8.845000000000000284e+01
9.110000000000000853e+01
9.315000000000000568e+01
1.057900000000000063e+02
1.082900000000000063e+02
1.220300000000000011e+02
1.240600000000000023e+02
1.260900000000000034e+02
1.395300000000000011e+02
1.415800000000000125e+02
1.443900000000000148e+02
1.550300000000000011e+02
1.570900000000000034e+02
1.591299999999999955e+02
1.716299999999999955e+02
1.736800000000000068e+02
1.757199999999999989e+02
1.880600000000000023e+02
1.901500000000000057e+02
1.922000000000000171e+02
1.942599999999999909e+02
2.051599999999999966e+02
2.072199999999999989e+02
2.092800000000000011e+02
2.209900000000000091e+02
2.240800000000000125e+02
2.390600000000000023e+02
2.412700000000000102e+02
2.434000000000000057e+02
2.550500000000000114e+02
2.571000000000000227e+02
2.591499999999999773e+02
2.719399999999999977e+02
2.746200000000000045e+02
2.882699999999999818e+02
2.903199999999999932e+02
2.926200000000000045e+02
3.054499999999999886e+02
3.074900000000000091e+02
3.100799999999999841e+02
3.224000000000000341e+02
3.244399999999999977e+02
3.264900000000000091e+02
3.392400000000000091e+02
3.413299999999999841e+02
3.547500000000000000e+02
3.573400000000000318e+02
3.593899999999999864e+02
3.724200000000000159e+02
3.752500000000000000e+02
3.883799999999999955e+02
3.904300000000000068e+02
3.924499999999999886e+02
3.945000000000000000e+02
4.060799999999999841e+02
4.089100000000000250e+02
4.218799999999999955e+02
4.240900000000000318e+02
4.261399999999999864e+02
4.383899999999999864e+02
4.404300000000000068e+02
4.424700000000000273e+02
4.547800000000000296e+02
4.569000000000000341e+02
4.589900000000000091e+02
4.727599999999999909e+02
4.749399999999999977e+02
4.878400000000000318e+02
4.898600000000000136e+02
4.919200000000000159e+02
5.054900000000000091e+02
5.075699999999999932e+02
5.097300000000000182e+02
5.211900000000000546e+02
5.232300000000000182e+02
5.256699999999999591e+02
5.277799999999999727e+02
5.386499999999999773e+02
5.406800000000000637e+02
5.432500000000000000e+02
5.554199999999999591e+02
5.574700000000000273e+02
5.605000000000000000e+02
5.716499999999999773e+02
5.736800000000000637e+02
5.758000000000000682e+02
5.885399999999999636e+02
5.906000000000000227e+02
5.927000000000000455e+02
6.050700000000000500e+02
6.071100000000000136e+02
6.091299999999999955e+02
6.221599999999999682e+02
6.258600000000000136e+02
6.380500000000000682e+02
6.405099999999999909e+02
6.426499999999999773e+02
6.558400000000000318e+02
6.581100000000000136e+02
6.714199999999999591e+02
6.741699999999999591e+02
6.763700000000000045e+02
6.896499999999999773e+02
6.917100000000000364e+02
7.056200000000000045e+02
7.079400000000000546e+02
7.103700000000000045e+02
7.221499999999999773e+02
7.242200000000000273e+02
7.262599999999999909e+02
7.392000000000000455e+02
7.412300000000000182e+02
7.437500000000000000e+02
7.558500000000000227e+02
7.582200000000000273e+02
7.604500000000000455e+02
7.730700000000000500e+02
7.751000000000000227e+02
7.778200000000000500e+02
7.895500000000000682e+02
7.929500000000000455e+02
8.043500000000000227e+02
8.068700000000000045e+02
8.088899999999999864e+02
8.208899999999999864e+02
8.234400000000000546e+02
8.259600000000000364e+02
8.280199999999999818e+02
8.378700000000000045e+02
8.399200000000000728e+02
8.422799999999999727e+02
8.551599999999999682e+02
8.572000000000000455e+02
8.592599999999999909e+02
8.725900000000000318e+02
8.748300000000000409e+02
8.769099999999999682e+02
8.893899999999999864e+02
8.915299999999999727e+02
8.939500000000000455e+02
9.038799999999999955e+02
9.060500000000000682e+02
9.081100000000000136e+02
9.106100000000000136e+02
9.211000000000000227e+02
9.231399999999999864e+02
9.253999999999999773e+02
9.274600000000000364e+02
9.375800000000000409e+02
9.400000000000000000e+02
9.420299999999999727e+02
9.559400000000000546e+02
9.586599999999999682e+02
9.705700000000000500e+02
9.727100000000000364e+02
9.748700000000000045e+02
9.881000000000000227e+02
9.901700000000000728e+02
9.928799999999999955e+02
4.660000000000000142e+00
6.679999999999999716e+00
8.929999999999999716e+00
1.098000000000000043e+01
2.160000000000000142e+01
2.362000000000000099e+01
2.564000000000000057e+01
3.917000000000000171e+01
4.132999999999999829e+01
4.341000000000000369e+01
5.567000000000000171e+01
5.778000000000000114e+01
7.176999999999999602e+01
7.379999999999999716e+01
7.651000000000000512e+01
8.915999999999999659e+01
9.128000000000000114e+01
1.055300000000000011e+02
1.075499999999999972e+02
1.223500000000000085e+02
1.243900000000000006e+02
1.264300000000000068e+02
1.382400000000000091e+02
1.402599999999999909e+02
1.553499999999999943e+02
1.573900000000000148e+02
1.719300000000000068e+02
1.749200000000000159e+02
1.886800000000000068e+02
1.912400000000000091e+02
2.048100000000000023e+02
2.068499999999999943e+02
2.089099999999999966e+02
2.206599999999999966e+02
2.226899999999999977e+02
2.247199999999999989e+02
2.379699999999999989e+02
2.400000000000000000e+02
2.422199999999999989e+02
2.534600000000000080e+02
2.555200000000000102e+02
2.591999999999999886e+02
2.714800000000000182e+02
2.735400000000000205e+02
2.755699999999999932e+02
2.875000000000000000e+02
2.895199999999999818e+02
3.041000000000000227e+02
3.061200000000000045e+02
3.081800000000000068e+02
3.205600000000000023e+02
3.225799999999999841e+02
3.251700000000000159e+02
3.370600000000000023e+02
3.390799999999999841e+02
3.413400000000000318e+02
3.434000000000000341e+02
3.546999999999999886e+02
3.568100000000000023e+02
3.714800000000000182e+02
3.735300000000000296e+02
3.872500000000000000e+02
3.902599999999999909e+02
3.926100000000000136e+02
4.041999999999999886e+02
4.062400000000000091e+02
4.204800000000000182e+02
4.225300000000000296e+02
4.373899999999999864e+02
4.400199999999999818e+02
4.425099999999999909e+02
4.539900000000000091e+02
4.563000000000000114e+02
4.705300000000000296e+02
4.727699999999999818e+02
4.748600000000000136e+02
4.881700000000000159e+02
4.911999999999999886e+02
5.028000000000000114e+02
5.049300000000000068e+02
5.069600000000000364e+02
5.191499999999999773e+02
5.220499999999999545e+02
5.244500000000000455e+02
5.364199999999999591e+02
5.384600000000000364e+02
5.526900000000000546e+02
5.548899999999999864e+02
5.573700000000000045e+02
5.704700000000000273e+02
5.725099999999999909e+02
5.749199999999999591e+02
5.871000000000000227e+02
5.902799999999999727e+02
6.031399999999999864e+02
6.052000000000000455e+02
6.072500000000000000e+02
6.190099999999999909e+02
6.210500000000000682e+02
6.230700000000000500e+02
6.367500000000000000e+02
6.387899999999999636e+02
6.408500000000000227e+02
6.534099999999999682e+02
6.559900000000000091e+02
6.701800000000000637e+02
6.732300000000000182e+02
6.869700000000000273e+02
6.890000000000000000e+02
6.910500000000000682e+02
7.031200000000000045e+02
7.051599999999999682e+02
7.072000000000000455e+02
7.176000000000000227e+02
7.208000000000000682e+02
7.242300000000000182e+02
7.357100000000000364e+02
7.377400000000000091e+02
7.397799999999999727e+02
7.524900000000000091e+02
7.545800000000000409e+02
7.690800000000000409e+02
7.716900000000000546e+02
7.855299999999999727e+02
7.875700000000000500e+02
7.896100000000000136e+02
7.916800000000000637e+02
8.026000000000000227e+02
8.049500000000000455e+02
8.185600000000000591e+02
8.207400000000000091e+02
8.365500000000000682e+02
8.386100000000000136e+02
8.520700000000000500e+02
8.545800000000000409e+02
8.568899999999999864e+02
8.697500000000000000e+02
8.719400000000000546e+02
8.743100000000000591e+02
8.851200000000000045e+02
8.876200000000000045e+02
8.904700000000000273e+02
9.016200000000000045e+02
9.041900000000000546e+02
9.185800000000000409e+02
9.206900000000000546e+02
9.349200000000000728e+02
9.370099999999999909e+02
9.512500000000000000e+02
9.542200000000000273e+02
9.564800000000000182e+02
9.681200000000000045e+02
9.701299999999999955e+02
9.721800000000000637e+02
9.742500000000000000e+02
9.842599999999999909e+02
9.863000000000000682e+02
9.884200000000000728e+02
5.209999999999999964e+00
7.259999999999999787e+00
9.310000000000000497e+00
2.326000000000000156e+01
2.708000000000000185e+01
3.974000000000000199e+01
4.181000000000000227e+01
5.549000000000000199e+01
5.757999999999999829e+01
7.156000000000000227e+01
7.360000000000000853e+01
7.665999999999999659e+01
8.842000000000000171e+01
9.050000000000000000e+01
1.048799999999999955e+02
1.222300000000000040e+02
1.242600000000000051e+02
1.381100000000000136e+02
1.414200000000000159e+02
1.559500000000000171e+02
1.711899999999999977e+02
1.742500000000000000e+02
1.877800000000000011e+02
1.898300000000000125e+02
2.063700000000000045e+02
2.215099999999999909e+02
2.236599999999999966e+02
2.365399999999999920e+02
2.385699999999999932e+02
2.406200000000000045e+02
2.532700000000000102e+02
2.553000000000000114e+02
2.708299999999999841e+02
2.732099999999999795e+02
2.874200000000000159e+02
2.898500000000000227e+02
3.030600000000000023e+02
3.051000000000000227e+02
3.206700000000000159e+02
3.245600000000000023e+02
3.383100000000000023e+02
3.403600000000000136e+02
3.533899999999999864e+02
3.699399999999999977e+02
3.730500000000000114e+02
3.858799999999999955e+02
3.880199999999999818e+02
4.016000000000000227e+02
4.049700000000000273e+02
4.243799999999999955e+02
4.359600000000000364e+02
4.381399999999999864e+02
4.527200000000000273e+02
4.553500000000000227e+02
4.704499999999999886e+02
4.733899999999999864e+02
4.855900000000000318e+02
4.879200000000000159e+02
5.020799999999999841e+02
5.041000000000000227e+02
5.061500000000000341e+02
5.192599999999999909e+02
5.212999999999999545e+02
5.351299999999999955e+02
5.390600000000000591e+02
5.506200000000000045e+02
5.527100000000000364e+02
5.547599999999999909e+02
5.679300000000000637e+02
5.722599999999999909e+02
5.841100000000000136e+02
5.862400000000000091e+02
6.019600000000000364e+02
6.164199999999999591e+02
6.188200000000000500e+02
6.212599999999999909e+02
6.339199999999999591e+02
6.359500000000000455e+02
6.379900000000000091e+02
6.498500000000000227e+02
6.521299999999999955e+02
6.658200000000000500e+02
6.679800000000000182e+02
6.700500000000000682e+02
6.841100000000000136e+02
6.862699999999999818e+02
7.006800000000000637e+02
7.028999999999999773e+02
7.049500000000000455e+02
7.165500000000000682e+02
7.221299999999999955e+02
7.358400000000000318e+02
7.502000000000000455e+02
7.524300000000000637e+02
7.656800000000000637e+02
7.682599999999999909e+02
7.703000000000000682e+02
7.821000000000000227e+02
7.859099999999999682e+02
7.993999999999999773e+02
8.015299999999999727e+02
8.042799999999999727e+02
8.183500000000000227e+02
8.311000000000000227e+02
8.331399999999999864e+02
8.351800000000000637e+02
8.502100000000000364e+02
8.645900000000000318e+02
8.669700000000000273e+02
8.830800000000000409e+02
8.867300000000000182e+02
8.990000000000000000e+02
9.303200000000000500e+02
9.326800000000000637e+02
9.352100000000000364e+02
9.486000000000000227e+02
9.529700000000000273e+02
9.660500000000000682e+02
9.696499999999999773e+02
9.797000000000000455e+02
9.817400000000000091e+02
9.837900000000000773e+02
9.966200000000000045e+02
9.996299999999999955e+02
