5.480000000000000426e+00
1.599000000000000021e+01
2.519000000000000128e+01
3.511999999999999744e+01
4.439000000000000057e+01
5.428999999999999915e+01
5.782999999999999829e+01
6.432999999999999829e+01
7.460999999999999943e+01
8.493000000000000682e+01
8.721000000000000796e+01
9.451999999999999602e+01
1.039500000000000028e+02
1.061899999999999977e+02
1.143900000000000006e+02
1.169399999999999977e+02
1.238500000000000085e+02
1.258900000000000006e+02
1.346800000000000068e+02
1.369600000000000080e+02
1.441899999999999977e+02
1.534000000000000057e+02
1.639200000000000159e+02
1.659399999999999977e+02
1.734300000000000068e+02
1.762599999999999909e+02
1.839500000000000171e+02
1.859799999999999898e+02
1.938400000000000034e+02
2.039800000000000182e+02
2.136599999999999966e+02
2.241100000000000136e+02
2.330000000000000000e+02
2.360099999999999909e+02
2.441800000000000068e+02
2.547300000000000182e+02
2.634300000000000068e+02
2.730199999999999818e+02
2.760400000000000205e+02
2.825600000000000023e+02
2.845799999999999841e+02
2.930500000000000114e+02
2.955400000000000205e+02
3.021000000000000227e+02
3.042400000000000091e+02
3.124900000000000091e+02
3.145099999999999909e+02
3.231800000000000068e+02
3.333100000000000023e+02
3.353799999999999955e+02
3.435699999999999932e+02
3.528899999999999864e+02
3.550900000000000318e+02
3.630500000000000114e+02
3.727200000000000273e+02
3.747699999999999818e+02
3.824300000000000068e+02
3.844700000000000273e+02
3.916200000000000045e+02
3.936399999999999864e+02
4.024600000000000364e+02
4.051600000000000250e+02
4.124100000000000250e+02
4.214499999999999886e+02
4.234800000000000182e+02
4.322400000000000091e+02
4.342800000000000296e+02
4.425600000000000023e+02
4.446299999999999955e+02
4.523700000000000045e+02
4.544499999999999886e+02
4.627800000000000296e+02
4.713899999999999864e+02
4.746299999999999955e+02
4.819900000000000091e+02
4.919499999999999886e+02
4.940000000000000000e+02
5.028299999999999841e+02
5.049000000000000341e+02
5.113299999999999841e+02
5.133799999999999955e+02
5.219700000000000273e+02
5.318200000000000500e+02
5.420099999999999909e+02
5.513400000000000318e+02
5.619900000000000091e+02
5.726299999999999955e+02
5.812100000000000364e+02
5.840299999999999727e+02
5.914199999999999591e+02
6.028400000000000318e+02
6.110399999999999636e+02
6.130700000000000500e+02
6.210900000000000318e+02
6.231299999999999955e+02
6.309199999999999591e+02
6.329700000000000273e+02
6.403999999999999773e+02
6.506000000000000227e+02
6.533700000000000045e+02
6.607500000000000000e+02
6.628200000000000500e+02
6.708600000000000136e+02
6.812500000000000000e+02
6.910299999999999727e+02
6.991900000000000546e+02
7.026299999999999955e+02
7.100800000000000409e+02
7.121200000000000045e+02
7.141800000000000637e+02
7.201399999999999864e+02
7.222699999999999818e+02
7.303799999999999955e+02
7.325199999999999818e+02
7.390199999999999818e+02
7.422100000000000364e+02
7.515399999999999636e+02
7.601100000000000136e+02
7.627599999999999909e+02
7.693899999999999864e+02
7.714700000000000273e+02
7.801200000000000045e+02
7.904400000000000546e+02
7.987100000000000364e+02
8.009200000000000728e+02
8.085000000000000000e+02
8.105900000000000318e+02
8.207699999999999818e+02
8.292300000000000182e+02
8.325399999999999636e+02
8.393400000000000318e+02
8.413999999999999773e+02
8.496399999999999864e+02
8.517899999999999636e+02
8.588700000000000045e+02
8.608899999999999864e+02
8.697699999999999818e+02
8.718700000000000045e+02
8.789900000000000091e+02
8.812300000000000182e+02
8.886299999999999955e+02
8.907200000000000273e+02
8.997100000000000364e+02
9.023300000000000409e+02
9.088500000000000227e+02
9.121200000000000045e+02
9.182200000000000273e+02
9.203600000000000136e+02
9.279600000000000364e+02
9.320600000000000591e+02
9.396599999999999682e+02
9.417000000000000455e+02
9.475600000000000591e+02
9.496200000000000045e+02
9.579300000000000637e+02
9.601599999999999682e+02
9.673400000000000318e+02
9.693799999999999955e+02
9.794800000000000182e+02
9.885199999999999818e+02
9.912000000000000455e+02
9.982699999999999818e+02
5.730000000000000426e+00
1.478000000000000114e+01
2.471999999999999886e+01
2.676000000000000156e+01
5.456000000000000227e+01
6.500000000000000000e+01
7.557999999999999829e+01
9.443999999999999773e+01
1.056599999999999966e+02
1.151599999999999966e+02
1.443300000000000125e+02
1.530200000000000102e+02
1.634399999999999977e+02
1.654799999999999898e+02
1.729000000000000057e+02
1.755800000000000125e+02
1.838600000000000136e+02
2.150300000000000011e+02
2.231400000000000148e+02
2.347400000000000091e+02
2.424500000000000171e+02
2.530699999999999932e+02
2.644800000000000182e+02
2.736000000000000227e+02
2.832800000000000296e+02
3.131899999999999977e+02
3.226299999999999955e+02
3.416399999999999864e+02
3.436700000000000159e+02
3.527500000000000000e+02
3.610500000000000114e+02
3.631100000000000136e+02
3.724300000000000068e+02
3.828600000000000136e+02
3.910699999999999932e+02
3.931700000000000159e+02
4.009300000000000068e+02
4.114200000000000159e+02
4.203299999999999841e+02
4.315400000000000205e+02
4.805900000000000318e+02
4.913100000000000023e+02
5.001500000000000341e+02
5.101100000000000136e+02
5.198300000000000409e+02
5.219199999999999591e+02
5.302100000000000364e+02
5.386299999999999955e+02
5.412300000000000182e+02
5.499900000000000091e+02
5.612300000000000182e+02
5.691299999999999955e+02
5.712100000000000364e+02
5.802200000000000273e+02
5.882599999999999909e+02
6.004900000000000091e+02
6.192500000000000000e+02
6.215099999999999909e+02
6.286000000000000227e+02
6.311299999999999955e+02
6.379600000000000364e+02
6.495000000000000000e+02
6.592000000000000455e+02
6.704300000000000637e+02
6.780700000000000500e+02
6.804099999999999682e+02
6.876499999999999773e+02
6.980700000000000500e+02
7.079099999999999682e+02
7.101399999999999864e+02
7.286599999999999682e+02
7.676800000000000637e+02
7.777699999999999818e+02
7.868000000000000682e+02
7.982500000000000000e+02
8.092899999999999636e+02
8.187000000000000455e+02
8.263400000000000318e+02
8.359700000000000273e+02
8.452200000000000273e+02
8.476100000000000136e+02
8.570500000000000682e+02
8.591200000000000045e+02
8.665099999999999909e+02
8.864900000000000091e+02
8.887599999999999909e+02
8.944500000000000455e+02
9.177699999999999818e+02
9.260000000000000000e+02
9.385600000000000591e+02
9.658400000000000318e+02
9.873500000000000227e+02
9.978700000000000045e+02
4.453000000000000114e+01
9.478000000000000114e+01
1.648700000000000045e+02
2.227700000000000102e+02
3.520699999999999932e+02
3.607099999999999795e+02
3.703700000000000045e+02
4.691100000000000136e+02
4.798899999999999864e+02
5.100900000000000318e+02
5.482799999999999727e+02
6.065399999999999636e+02
7.564300000000000637e+02
8.141499999999999773e+02
8.637599999999999909e+02
9.045800000000000409e+02
9.115900000000000318e+02
2.184699999999999989e+02
2.895600000000000023e+02
4.821700000000000159e+02
8.361100000000000136e+02
9.478600000000000136e+02
1.586000000000000121e+01
2.535999999999999943e+01
2.744000000000000128e+01
3.577000000000000313e+01
5.742999999999999972e+01
1.049399999999999977e+02
1.165600000000000023e+02
1.673199999999999932e+02
1.874099999999999966e+02
2.170699999999999932e+02
2.291299999999999955e+02
2.583299999999999841e+02
2.871500000000000341e+02
2.891899999999999977e+02
3.098400000000000318e+02
3.281399999999999864e+02
3.378700000000000045e+02
3.485699999999999932e+02
3.704599999999999795e+02
3.786399999999999864e+02
4.100500000000000114e+02
4.296999999999999886e+02
4.493600000000000136e+02
4.584399999999999977e+02
4.604800000000000182e+02
5.099300000000000068e+02
5.306299999999999955e+02
5.414500000000000455e+02
5.502400000000000091e+02
5.594099999999999682e+02
5.706499999999999773e+02
5.920299999999999727e+02
6.012000000000000455e+02
6.032500000000000000e+02
6.207200000000000273e+02
6.302300000000000182e+02
6.326499999999999773e+02
6.507699999999999818e+02
6.713999999999999773e+02
6.928799999999999955e+02
7.004400000000000546e+02
7.136499999999999773e+02
7.325099999999999909e+02
7.409099999999999682e+02
7.522899999999999636e+02
7.624199999999999591e+02
7.833000000000000682e+02
8.010000000000000000e+02
8.642500000000000000e+02
8.834099999999999682e+02
8.952400000000000091e+02
9.524400000000000546e+02
9.849500000000000455e+02
5.610000000000000320e+00
1.449000000000000021e+01
1.651999999999999957e+01
2.576000000000000156e+01
3.475999999999999801e+01
3.703000000000000114e+01
4.549000000000000199e+01
5.668999999999999773e+01
6.540000000000000568e+01
6.787999999999999545e+01
7.628000000000000114e+01
8.456000000000000227e+01
9.629999999999999716e+01
1.054699999999999989e+02
1.150799999999999983e+02
1.260499999999999972e+02
1.361700000000000159e+02
1.458600000000000136e+02
1.478900000000000148e+02
1.556599999999999966e+02
1.766700000000000159e+02
1.855200000000000102e+02
1.875399999999999920e+02
1.976100000000000136e+02
2.068300000000000125e+02
2.167599999999999909e+02
2.263799999999999955e+02
2.285600000000000023e+02
2.360500000000000114e+02
2.463100000000000023e+02
2.484500000000000171e+02
2.566399999999999864e+02
2.661100000000000136e+02
2.774100000000000250e+02
2.868199999999999932e+02
2.969200000000000159e+02
3.087099999999999795e+02
3.270300000000000296e+02
3.290699999999999932e+02
3.364100000000000250e+02
3.472599999999999909e+02
3.494100000000000250e+02
3.571500000000000341e+02
3.672900000000000205e+02
3.767200000000000273e+02
3.876299999999999955e+02
4.069900000000000091e+02
4.095099999999999909e+02
4.169600000000000364e+02
4.190199999999999818e+02
4.268600000000000136e+02
4.289600000000000364e+02
4.381800000000000068e+02
4.466299999999999955e+02
4.488299999999999841e+02
4.576899999999999977e+02
4.678199999999999932e+02
4.776100000000000136e+02
4.796600000000000250e+02
4.878100000000000023e+02
5.066800000000000068e+02
5.186900000000000546e+02
5.296499999999999773e+02
5.370199999999999818e+02
5.391000000000000227e+02
5.488200000000000500e+02
5.575900000000000318e+02
5.685399999999999636e+02
5.705600000000000591e+02
5.777799999999999727e+02
5.887899999999999636e+02
5.976100000000000136e+02
5.996599999999999682e+02
6.083600000000000136e+02
6.109600000000000364e+02
6.173500000000000227e+02
6.286000000000000227e+02
6.380500000000000682e+02
6.404300000000000637e+02
6.571599999999999682e+02
6.602100000000000364e+02
6.698600000000000136e+02
6.775800000000000409e+02
6.797599999999999909e+02
6.818100000000000591e+02
6.883899999999999864e+02
6.904500000000000455e+02
6.978600000000000136e+02
7.000700000000000500e+02
7.088200000000000500e+02
7.114700000000000273e+02
7.193500000000000227e+02
7.292599999999999909e+02
7.391000000000000227e+02
7.495099999999999909e+02
7.601399999999999864e+02
7.621800000000000637e+02
7.714500000000000455e+02
7.783700000000000045e+02
7.888700000000000045e+02
7.909600000000000364e+02
7.983899999999999864e+02
8.013500000000000227e+02
8.099600000000000364e+02
8.190099999999999909e+02
8.218999999999999773e+02
8.295600000000000591e+02
8.316000000000000227e+02
8.392799999999999727e+02
8.413500000000000227e+02
8.495299999999999727e+02
8.590600000000000591e+02
8.698200000000000500e+02
8.790500000000000682e+02
8.887899999999999636e+02
8.908600000000000136e+02
8.999099999999999682e+02
9.104600000000000364e+02
9.125399999999999636e+02
9.200399999999999636e+02
9.286399999999999864e+02
9.325500000000000682e+02
9.396499999999999773e+02
9.416900000000000546e+02
9.539099999999999682e+02
9.592699999999999818e+02
9.692899999999999636e+02
9.713100000000000591e+02
9.798300000000000409e+02
9.818799999999999955e+02
9.893500000000000227e+02
4.910000000000000142e+00
6.969999999999999751e+00
1.520000000000000107e+01
2.492000000000000171e+01
2.730000000000000071e+01
3.514999999999999858e+01
4.450000000000000000e+01
4.653000000000000114e+01
5.466000000000000369e+01
5.675999999999999801e+01
6.487000000000000455e+01
7.485999999999999943e+01
7.689000000000000057e+01
8.568000000000000682e+01
9.442000000000000171e+01
1.047199999999999989e+02
1.067699999999999960e+02
1.159399999999999977e+02
1.245799999999999983e+02
1.266500000000000057e+02
1.348700000000000045e+02
1.369300000000000068e+02
1.453799999999999955e+02
1.474699999999999989e+02
1.544799999999999898e+02
1.566500000000000057e+02
1.651800000000000068e+02
1.673300000000000125e+02
1.749399999999999977e+02
1.770999999999999943e+02
1.845900000000000034e+02
1.866200000000000045e+02
1.948900000000000148e+02
1.969600000000000080e+02
2.056599999999999966e+02
2.077700000000000102e+02
2.154200000000000159e+02
2.268400000000000034e+02
2.358700000000000045e+02
2.449900000000000091e+02
2.470600000000000023e+02
2.555500000000000114e+02
2.648500000000000227e+02
2.668799999999999955e+02
2.751100000000000136e+02
2.854599999999999795e+02
2.960400000000000205e+02
3.055699999999999932e+02
3.150699999999999932e+02
3.172099999999999795e+02
3.257200000000000273e+02
3.277699999999999818e+02
3.351700000000000159e+02
3.380400000000000205e+02
3.448500000000000227e+02
3.468799999999999955e+02
3.554599999999999795e+02
3.645300000000000296e+02
3.665699999999999932e+02
3.753700000000000045e+02
3.854000000000000341e+02
3.965000000000000000e+02
3.990600000000000023e+02
4.047800000000000296e+02
4.068400000000000318e+02
4.151000000000000227e+02
4.171999999999999886e+02
4.255799999999999841e+02
4.276399999999999864e+02
4.353100000000000023e+02
4.390400000000000205e+02
4.460799999999999841e+02
4.555300000000000296e+02
4.579300000000000068e+02
4.646399999999999864e+02
4.675699999999999932e+02
4.751100000000000136e+02
4.771299999999999955e+02
4.863600000000000136e+02
4.961399999999999864e+02
4.982100000000000364e+02
5.055200000000000387e+02
5.159300000000000637e+02
5.246000000000000227e+02
5.266200000000000045e+02
5.362400000000000091e+02
5.447799999999999727e+02
5.468000000000000682e+02
5.553500000000000227e+02
5.581399999999999864e+02
5.647100000000000364e+02
5.668000000000000682e+02
5.760199999999999818e+02
5.780600000000000591e+02
5.848500000000000227e+02
5.869199999999999591e+02
5.952100000000000364e+02
5.972899999999999636e+02
6.062100000000000364e+02
6.094500000000000455e+02
6.151499999999999773e+02
6.172000000000000455e+02
6.270199999999999818e+02
6.349900000000000091e+02
6.370299999999999727e+02
6.456699999999999591e+02
6.481399999999999864e+02
6.549500000000000455e+02
6.571499999999999773e+02
6.655399999999999636e+02
6.686200000000000045e+02
6.763600000000000136e+02
6.853700000000000045e+02
6.955700000000000500e+02
6.976599999999999682e+02
7.058899999999999864e+02
7.091800000000000637e+02
7.160000000000000000e+02
7.256399999999999864e+02
7.276900000000000546e+02
7.353500000000000227e+02
7.373799999999999955e+02
7.450099999999999909e+02
7.475099999999999909e+02
7.570000000000000000e+02
7.647799999999999727e+02
7.671100000000000136e+02
7.764700000000000273e+02
7.785399999999999636e+02
7.856299999999999955e+02
7.876900000000000546e+02
7.959700000000000273e+02
8.060099999999999909e+02
8.080600000000000591e+02
8.167400000000000091e+02
8.196200000000000045e+02
8.249900000000000091e+02
8.270399999999999636e+02
8.361200000000000045e+02
8.381800000000000637e+02
8.457000000000000455e+02
8.564600000000000364e+02
8.585600000000000591e+02
8.657100000000000364e+02
8.677699999999999818e+02
8.758799999999999955e+02
8.786800000000000637e+02
8.866700000000000728e+02
8.961900000000000546e+02
8.982400000000000091e+02
9.062000000000000455e+02
9.082699999999999818e+02
9.161000000000000227e+02
9.181499999999999773e+02
9.259200000000000728e+02
9.279700000000000273e+02
9.352400000000000091e+02
9.388500000000000227e+02
9.458600000000000136e+02
9.483899999999999864e+02
9.555800000000000409e+02
9.577400000000000091e+02
9.598100000000000591e+02
9.655500000000000682e+02
9.677400000000000091e+02
9.700199999999999818e+02
9.753899999999999864e+02
9.776100000000000136e+02
9.863100000000000591e+02
9.883700000000000045e+02
9.953300000000000409e+02
9.974099999999999682e+02
9.994600000000000364e+02
5.929999999999999716e+00
1.483999999999999986e+01
2.423000000000000043e+01
2.628000000000000114e+01
3.539000000000000057e+01
4.527000000000000313e+01
4.731000000000000227e+01
5.460999999999999943e+01
5.666000000000000369e+01
6.537000000000000455e+01
7.415000000000000568e+01
7.701999999999999602e+01
8.426999999999999602e+01
8.709000000000000341e+01
9.471999999999999886e+01
9.703000000000000114e+01
1.042400000000000091e+02
1.140700000000000074e+02
1.161099999999999994e+02
1.251099999999999994e+02
1.344699999999999989e+02
1.365500000000000114e+02
1.440300000000000011e+02
1.460500000000000114e+02
1.550800000000000125e+02
1.645200000000000102e+02
1.665600000000000023e+02
1.740600000000000023e+02
1.760999999999999943e+02
1.847100000000000080e+02
1.945500000000000114e+02
1.970200000000000102e+02
2.040300000000000011e+02
2.063199999999999932e+02
2.137300000000000182e+02
2.157500000000000000e+02
2.250399999999999920e+02
2.335699999999999932e+02
2.438799999999999955e+02
2.459099999999999966e+02
2.543700000000000045e+02
2.571899999999999977e+02
2.640300000000000296e+02
2.664700000000000273e+02
2.741200000000000045e+02
2.762599999999999909e+02
2.838400000000000318e+02
2.871000000000000227e+02
2.942099999999999795e+02
2.962500000000000000e+02
3.043000000000000114e+02
3.070000000000000000e+02
3.131600000000000250e+02
3.152599999999999909e+02
3.240900000000000318e+02
3.264300000000000068e+02
3.344000000000000341e+02
3.365000000000000000e+02
3.442400000000000091e+02
3.462800000000000296e+02
3.538600000000000136e+02
3.560000000000000000e+02
3.639599999999999795e+02
3.662099999999999795e+02
3.734300000000000068e+02
3.838899999999999864e+02
3.859300000000000068e+02
3.934900000000000091e+02
3.962200000000000273e+02
4.038899999999999864e+02
4.131500000000000341e+02
4.151800000000000068e+02
4.172699999999999818e+02
4.233799999999999955e+02
4.254399999999999977e+02
4.335500000000000114e+02
4.356200000000000045e+02
4.433600000000000136e+02
4.454399999999999977e+02
4.532100000000000364e+02
4.552500000000000000e+02
4.631500000000000341e+02
4.651899999999999977e+02
4.744300000000000068e+02
4.831200000000000045e+02
4.932100000000000364e+02
4.961999999999999886e+02
5.034900000000000091e+02
5.060000000000000000e+02
5.135000000000000000e+02
5.159600000000000364e+02
5.234500000000000455e+02
5.254900000000000091e+02
5.331800000000000637e+02
5.356900000000000546e+02
5.431499999999999773e+02
5.451900000000000546e+02
5.529700000000000273e+02
5.550099999999999909e+02
5.632000000000000455e+02
5.653200000000000500e+02
5.740000000000000000e+02
5.834500000000000455e+02
5.855700000000000500e+02
5.936000000000000227e+02
5.956399999999999864e+02
6.022899999999999636e+02
6.043200000000000500e+02
6.128999999999999773e+02
6.234199999999999591e+02
6.254500000000000455e+02
6.321800000000000637e+02
6.342200000000000273e+02
6.363000000000000682e+02
6.427599999999999909e+02
6.448300000000000409e+02
6.533300000000000409e+02
6.553799999999999955e+02
6.630000000000000000e+02
6.723300000000000409e+02
6.744400000000000546e+02
6.820399999999999636e+02
6.840900000000000318e+02
6.861499999999999773e+02
6.923200000000000500e+02
6.943700000000000045e+02
7.036900000000000546e+02
7.057200000000000273e+02
7.128799999999999955e+02
7.149600000000000364e+02
7.223500000000000227e+02
7.245000000000000000e+02
7.352100000000000364e+02
7.424900000000000091e+02
7.446599999999999682e+02
7.522699999999999818e+02
7.547400000000000091e+02
7.638100000000000591e+02
7.658600000000000136e+02
7.725800000000000409e+02
7.747799999999999727e+02
7.827000000000000455e+02
7.847300000000000182e+02
7.914400000000000546e+02
7.934900000000000091e+02
8.025700000000000500e+02
8.046800000000000637e+02
8.125700000000000500e+02
8.146100000000000136e+02
8.219900000000000091e+02
8.240900000000000318e+02
8.320700000000000500e+02
8.346100000000000136e+02
8.433200000000000500e+02
8.526499999999999773e+02
8.549099999999999682e+02
8.637599999999999909e+02
8.731399999999999864e+02
8.823500000000000227e+02
8.843899999999999864e+02
8.923700000000000045e+02
8.948799999999999955e+02
9.017000000000000455e+02
9.046100000000000136e+02
9.116299999999999955e+02
9.136700000000000728e+02
9.157200000000000273e+02
9.217799999999999727e+02
9.241200000000000045e+02
9.315500000000000682e+02
9.337100000000000364e+02
9.357699999999999818e+02
9.423700000000000045e+02
9.445099999999999909e+02
9.512400000000000091e+02
9.532699999999999818e+02
9.613799999999999955e+02
9.639500000000000455e+02
9.722300000000000182e+02
9.750800000000000409e+02
9.820399999999999636e+02
9.851299999999999955e+02
9.911599999999999682e+02
9.932100000000000364e+02
