6.669999999999999929e+00
7.669999999999999929e+00
1.473000000000000043e+01
2.362000000000000099e+01
2.956000000000000227e+01
2.967000000000000171e+01
3.663000000000000256e+01
4.107000000000000028e+01
4.846999999999999886e+01
5.167999999999999972e+01
5.275000000000000000e+01
5.439999999999999858e+01
5.942999999999999972e+01
6.587999999999999545e+01
7.460000000000000853e+01
8.085999999999999943e+01
8.668000000000000682e+01
9.132999999999999829e+01
9.218000000000000682e+01
1.025100000000000051e+02
1.027100000000000080e+02
1.062600000000000051e+02
1.119600000000000080e+02
1.158700000000000045e+02
1.183200000000000074e+02
1.186599999999999966e+02
1.265900000000000034e+02
1.283199999999999932e+02
1.398900000000000148e+02
1.413700000000000045e+02
1.507199999999999989e+02
1.530600000000000023e+02
1.591700000000000159e+02
1.599300000000000068e+02
1.667100000000000080e+02
1.672400000000000091e+02
1.707199999999999989e+02
1.731400000000000148e+02
1.764799999999999898e+02
1.768100000000000023e+02
1.808100000000000023e+02
1.841100000000000136e+02
1.877100000000000080e+02
1.920600000000000023e+02
1.931800000000000068e+02
2.044399999999999977e+02
2.121599999999999966e+02
2.244399999999999977e+02
2.253600000000000136e+02
2.300099999999999909e+02
2.332899999999999920e+02
2.379900000000000091e+02
2.474099999999999966e+02
2.532100000000000080e+02
2.597200000000000273e+02
2.634399999999999977e+02
2.641100000000000136e+02
2.743700000000000045e+02
2.758299999999999841e+02
2.826100000000000136e+02
2.863000000000000114e+02
2.943899999999999864e+02
2.977400000000000091e+02
3.028500000000000227e+02
3.216500000000000341e+02
3.347800000000000296e+02
3.355600000000000023e+02
3.356100000000000136e+02
3.404700000000000273e+02
3.516800000000000068e+02
3.609100000000000250e+02
3.609900000000000091e+02
3.668400000000000318e+02
3.747699999999999818e+02
3.805900000000000318e+02
3.882599999999999909e+02
3.908700000000000045e+02
3.944200000000000159e+02
3.990099999999999909e+02
4.037699999999999818e+02
4.061500000000000341e+02
4.130500000000000114e+02
4.239399999999999977e+02
4.364499999999999886e+02
4.403600000000000136e+02
4.430900000000000318e+02
4.463100000000000023e+02
4.480099999999999909e+02
4.564499999999999886e+02
4.641800000000000068e+02
4.671800000000000068e+02
4.780799999999999841e+02
4.782699999999999818e+02
4.831899999999999977e+02
4.842400000000000091e+02
4.902800000000000296e+02
4.972599999999999909e+02
5.000500000000000114e+02
5.071700000000000159e+02
5.111100000000000136e+02
5.229300000000000637e+02
5.322799999999999727e+02
5.342200000000000273e+02
5.430700000000000500e+02
5.534900000000000091e+02
5.558899999999999864e+02
5.593200000000000500e+02
5.623799999999999955e+02
5.652100000000000364e+02
5.659700000000000273e+02
5.693200000000000500e+02
5.763700000000000045e+02
5.811399999999999864e+02
5.845199999999999818e+02
5.908700000000000045e+02
5.913799999999999955e+02
5.952400000000000091e+02
5.976699999999999591e+02
6.072599999999999909e+02
6.090299999999999727e+02
6.161399999999999864e+02
6.220099999999999909e+02
6.247599999999999909e+02
6.319800000000000182e+02
6.379500000000000455e+02
6.515000000000000000e+02
6.538000000000000682e+02
6.581499999999999773e+02
6.608100000000000591e+02
6.708200000000000500e+02
6.754099999999999682e+02
6.861399999999999864e+02
6.930900000000000318e+02
7.035000000000000000e+02
7.052000000000000455e+02
7.098300000000000409e+02
7.111399999999999864e+02
7.153700000000000045e+02
7.201200000000000045e+02
7.273400000000000318e+02
7.304300000000000637e+02
7.351000000000000227e+02
7.383899999999999864e+02
7.415299999999999727e+02
7.452599999999999909e+02
7.643000000000000682e+02
7.690600000000000591e+02
7.993000000000000682e+02
8.047799999999999727e+02
8.079099999999999682e+02
8.081299999999999955e+02
8.105900000000000318e+02
8.140199999999999818e+02
8.239900000000000091e+02
8.240199999999999818e+02
8.290500000000000682e+02
8.364300000000000637e+02
8.401000000000000227e+02
8.404600000000000364e+02
8.466100000000000136e+02
8.490500000000000682e+02
8.507699999999999818e+02
8.541200000000000045e+02
8.595600000000000591e+02
8.710099999999999909e+02
8.740800000000000409e+02
8.869200000000000728e+02
8.900299999999999727e+02
8.926499999999999773e+02
8.979300000000000637e+02
8.985600000000000591e+02
9.138799999999999955e+02
9.179400000000000546e+02
9.308999999999999773e+02
9.368400000000000318e+02
9.468999999999999773e+02
9.498100000000000591e+02
9.509400000000000546e+02
9.526900000000000546e+02
9.547699999999999818e+02
9.589900000000000091e+02
9.629700000000000273e+02
9.688000000000000682e+02
9.787799999999999727e+02
9.797100000000000364e+02
9.858600000000000136e+02
9.859500000000000455e+02
9.937400000000000091e+02
9.978700000000000045e+02
