6.020000000000000462e+00
9.790000000000000924e+00
1.209999999999999964e+01
1.619000000000000128e+01
1.987999999999999901e+01
2.773000000000000043e+01
3.014000000000000057e+01
3.214999999999999858e+01
3.789999999999999858e+01
4.388000000000000256e+01
4.799000000000000199e+01
5.632999999999999829e+01
6.629000000000000625e+01
6.831000000000000227e+01
7.046000000000000796e+01
7.407000000000000739e+01
7.626000000000000512e+01
8.254000000000000625e+01
8.832999999999999829e+01
9.035000000000000853e+01
9.679999999999999716e+01
1.142600000000000051e+02
1.167400000000000091e+02
1.209500000000000028e+02
1.268200000000000074e+02
1.351599999999999966e+02
1.390800000000000125e+02
1.429399999999999977e+02
1.485800000000000125e+02
1.509500000000000171e+02
1.546100000000000136e+02
1.568000000000000114e+02
1.647000000000000171e+02
1.751400000000000148e+02
1.772000000000000171e+02
1.850800000000000125e+02
1.890999999999999943e+02
1.952300000000000182e+02
1.995999999999999943e+02
2.016100000000000136e+02
2.036200000000000045e+02
2.071700000000000159e+02
2.172899999999999920e+02
2.193000000000000114e+02
2.253600000000000136e+02
2.317899999999999920e+02
2.474099999999999966e+02
2.533199999999999932e+02
2.555999999999999943e+02
2.599200000000000159e+02
2.655300000000000296e+02
2.675799999999999841e+02
2.697099999999999795e+02
2.734499999999999886e+02
2.755199999999999818e+02
2.941999999999999886e+02
3.000000000000000000e+02
3.021899999999999977e+02
3.042400000000000091e+02
3.062900000000000205e+02
3.104399999999999977e+02
3.124599999999999795e+02
3.156500000000000341e+02
3.203899999999999864e+02
3.224100000000000250e+02
3.321200000000000045e+02
3.342800000000000296e+02
3.363000000000000114e+02
3.410500000000000114e+02
3.521200000000000045e+02
3.670400000000000205e+02
3.690500000000000114e+02
3.744499999999999886e+02
3.806000000000000227e+02
3.893000000000000114e+02
3.933199999999999932e+02
3.994200000000000159e+02
4.046000000000000227e+02
4.093000000000000114e+02
4.116299999999999955e+02
4.145099999999999909e+02
4.187300000000000182e+02
4.207500000000000000e+02
4.248700000000000045e+02
4.276200000000000045e+02
4.347599999999999909e+02
4.416700000000000159e+02
4.488700000000000045e+02
4.545900000000000318e+02
4.649399999999999977e+02
4.738100000000000023e+02
4.758400000000000318e+02
4.871100000000000136e+02
4.912400000000000091e+02
4.952800000000000296e+02
5.070600000000000023e+02
5.163700000000000045e+02
5.212699999999999818e+02
5.293799999999999955e+02
5.374900000000000091e+02
5.485199999999999818e+02
5.505600000000000591e+02
5.537000000000000455e+02
5.626399999999999864e+02
5.695800000000000409e+02
5.729600000000000364e+02
5.755399999999999636e+02
5.796000000000000227e+02
5.875900000000000318e+02
5.918300000000000409e+02
5.947799999999999727e+02
6.011100000000000136e+02
6.057899999999999636e+02
6.140600000000000591e+02
6.282200000000000273e+02
6.302300000000000182e+02
6.401499999999999773e+02
6.421699999999999591e+02
6.441800000000000637e+02
6.462400000000000091e+02
6.496900000000000546e+02
6.582599999999999909e+02
6.697100000000000364e+02
6.723500000000000227e+02
6.743899999999999864e+02
6.796100000000000136e+02
6.918000000000000682e+02
6.976499999999999773e+02
7.037699999999999818e+02
7.065299999999999727e+02
7.088899999999999864e+02
7.146299999999999955e+02
7.181599999999999682e+02
7.206299999999999955e+02
7.262400000000000091e+02
7.284700000000000273e+02
7.306000000000000227e+02
7.361399999999999864e+02
7.409700000000000273e+02
7.447699999999999818e+02
7.468600000000000136e+02
7.525000000000000000e+02
7.584700000000000273e+02
7.649099999999999682e+02
7.669300000000000637e+02
7.689400000000000546e+02
7.724400000000000546e+02
7.748000000000000682e+02
7.785900000000000318e+02
7.827500000000000000e+02
7.868999999999999773e+02
8.010299999999999727e+02
8.073600000000000136e+02
8.372799999999999727e+02
8.393100000000000591e+02
8.434200000000000728e+02
8.533899999999999864e+02
8.557899999999999636e+02
8.613799999999999955e+02
8.638700000000000045e+02
8.658799999999999955e+02
8.718799999999999955e+02
8.835800000000000409e+02
8.894400000000000546e+02
8.917899999999999636e+02
8.941100000000000136e+02
8.997799999999999727e+02
9.018200000000000500e+02
9.038300000000000409e+02
9.080399999999999636e+02
9.100500000000000682e+02
9.120600000000000591e+02
9.140800000000000409e+02
9.178200000000000500e+02
9.198799999999999955e+02
9.360399999999999636e+02
9.521399999999999864e+02
9.562000000000000455e+02
9.584200000000000728e+02
9.605199999999999818e+02
9.662300000000000182e+02
9.701000000000000227e+02
9.744099999999999682e+02
9.766399999999999864e+02
9.802500000000000000e+02
9.825399999999999636e+02
9.905500000000000682e+02
3.870000000000000107e+00
5.879999999999999893e+00
7.969999999999999751e+00
1.372000000000000064e+01
1.605000000000000071e+01
1.810000000000000142e+01
2.376999999999999957e+01
2.583000000000000185e+01
2.787999999999999901e+01
2.990000000000000213e+01
3.200000000000000000e+01
3.400999999999999801e+01
3.610999999999999943e+01
3.811999999999999744e+01
4.013000000000000256e+01
4.214000000000000057e+01
4.414999999999999858e+01
4.617000000000000171e+01
4.817999999999999972e+01
5.020000000000000284e+01
5.221000000000000085e+01
5.421999999999999886e+01
5.806000000000000227e+01
6.364000000000000057e+01
6.798999999999999488e+01
7.185999999999999943e+01
7.387000000000000455e+01
7.596000000000000796e+01
7.807000000000000739e+01
8.007999999999999829e+01
8.231000000000000227e+01
8.612000000000000455e+01
8.814000000000000057e+01
9.015000000000000568e+01
9.235000000000000853e+01
9.435999999999999943e+01
9.637000000000000455e+01
1.001899999999999977e+02
1.042199999999999989e+02
1.063599999999999994e+02
1.083700000000000045e+02
1.103900000000000006e+02
1.124099999999999966e+02
1.162000000000000028e+02
1.182100000000000080e+02
1.202400000000000091e+02
1.222600000000000051e+02
1.242800000000000011e+02
1.262900000000000063e+02
1.283100000000000023e+02
1.340099999999999909e+02
1.365200000000000102e+02
1.385300000000000011e+02
1.421500000000000057e+02
1.442500000000000000e+02
1.462700000000000102e+02
1.486100000000000136e+02
1.508600000000000136e+02
1.541100000000000136e+02
1.565099999999999909e+02
1.585300000000000011e+02
1.605399999999999920e+02
1.625500000000000114e+02
1.663000000000000114e+02
1.683199999999999932e+02
1.729200000000000159e+02
1.800500000000000114e+02
1.824900000000000091e+02
1.845000000000000000e+02
1.865099999999999909e+02
1.885200000000000102e+02
1.905300000000000011e+02
1.925399999999999920e+02
1.945600000000000023e+02
2.003199999999999932e+02
2.027800000000000011e+02
2.047899999999999920e+02
2.082700000000000102e+02
2.107599999999999909e+02
2.127800000000000011e+02
2.162400000000000091e+02
2.183799999999999955e+02
2.204000000000000057e+02
2.224200000000000159e+02
2.244300000000000068e+02
2.286200000000000045e+02
2.309500000000000171e+02
2.330800000000000125e+02
2.351100000000000136e+02
2.371400000000000148e+02
2.391500000000000057e+02
2.411700000000000159e+02
2.485300000000000011e+02
2.523300000000000125e+02
2.563500000000000227e+02
2.606899999999999977e+02
2.631399999999999864e+02
2.653100000000000023e+02
2.686399999999999864e+02
2.706600000000000250e+02
2.728899999999999864e+02
2.763899999999999864e+02
2.791600000000000250e+02
2.827300000000000182e+02
2.847400000000000091e+02
2.867500000000000000e+02
2.887599999999999909e+02
2.907800000000000296e+02
2.933899999999999864e+02
2.967599999999999909e+02
3.005900000000000318e+02
3.047200000000000273e+02
3.069900000000000091e+02
3.093299999999999841e+02
3.144900000000000091e+02
3.173400000000000318e+02
3.206000000000000227e+02
3.249399999999999977e+02
3.304300000000000068e+02
3.334800000000000182e+02
3.387500000000000000e+02
3.407599999999999909e+02
3.427699999999999818e+02
3.468400000000000318e+02
3.496200000000000045e+02
3.516700000000000159e+02
3.546899999999999977e+02
3.566999999999999886e+02
3.590300000000000296e+02
3.610400000000000205e+02
3.654800000000000182e+02
3.689300000000000068e+02
3.718100000000000023e+02
3.750199999999999818e+02
3.774399999999999977e+02
3.796100000000000136e+02
3.825199999999999818e+02
3.869200000000000159e+02
3.889300000000000068e+02
3.909399999999999977e+02
3.929499999999999886e+02
3.976600000000000250e+02
4.039499999999999886e+02
4.076899999999999977e+02
4.154800000000000182e+02
4.175000000000000000e+02
4.195099999999999909e+02
4.230400000000000205e+02
4.300500000000000114e+02
4.331299999999999955e+02
4.368000000000000114e+02
4.410500000000000114e+02
4.449200000000000159e+02
4.471000000000000227e+02
4.491800000000000068e+02
4.511899999999999977e+02
4.531999999999999886e+02
4.552100000000000364e+02
4.572200000000000273e+02
4.618100000000000023e+02
4.650600000000000023e+02
4.682100000000000364e+02
4.730600000000000023e+02
4.750799999999999841e+02
4.773400000000000318e+02
4.793700000000000045e+02
4.813899999999999864e+02
4.834100000000000250e+02
4.858700000000000045e+02
4.891000000000000227e+02
4.911100000000000136e+02
4.931200000000000045e+02
4.951299999999999955e+02
4.982900000000000205e+02
5.013400000000000318e+02
5.051899999999999977e+02
5.071999999999999886e+02
5.210000000000000000e+02
5.231599999999999682e+02
5.281000000000000227e+02
5.312799999999999727e+02
5.351399999999999864e+02
5.385600000000000591e+02
5.413200000000000500e+02
5.433500000000000227e+02
5.475199999999999818e+02
5.495299999999999727e+02
5.523300000000000409e+02
5.575000000000000000e+02
5.601399999999999864e+02
5.626900000000000546e+02
5.647200000000000273e+02
5.667500000000000000e+02
5.693500000000000227e+02
5.713700000000000045e+02
5.784800000000000182e+02
5.805000000000000000e+02
5.837000000000000455e+02
5.857100000000000364e+02
5.877300000000000182e+02
5.911699999999999591e+02
6.016599999999999682e+02
6.036699999999999591e+02
6.075000000000000000e+02
6.106399999999999864e+02
6.136100000000000136e+02
6.156200000000000045e+02
6.177400000000000091e+02
6.197500000000000000e+02
6.233300000000000409e+02
6.269199999999999591e+02
6.289700000000000273e+02
6.316399999999999864e+02
6.377799999999999727e+02
6.408600000000000136e+02
6.448999999999999773e+02
6.486900000000000546e+02
6.509099999999999682e+02
6.529300000000000637e+02
6.568100000000000591e+02
6.597599999999999909e+02
6.628300000000000409e+02
6.648700000000000045e+02
6.695700000000000500e+02
6.728300000000000409e+02
6.748799999999999955e+02
6.770500000000000682e+02
6.790600000000000591e+02
6.817100000000000364e+02
6.873300000000000409e+02
6.899300000000000637e+02
6.919400000000000546e+02
6.939500000000000455e+02
6.972699999999999818e+02
6.993200000000000500e+02
7.016900000000000546e+02
7.037200000000000273e+02
7.060500000000000682e+02
7.088500000000000227e+02
7.119099999999999682e+02
7.158300000000000409e+02
7.179400000000000546e+02
7.199500000000000455e+02
7.219600000000000364e+02
7.241100000000000136e+02
7.297100000000000364e+02
7.354199999999999591e+02
7.374300000000000637e+02
7.431599999999999682e+02
7.458500000000000227e+02
7.478700000000000045e+02
7.498799999999999955e+02
7.522599999999999909e+02
7.574700000000000273e+02
7.598700000000000045e+02
7.618799999999999955e+02
7.638899999999999864e+02
7.659099999999999682e+02
7.697799999999999727e+02
7.718000000000000682e+02
7.738100000000000591e+02
7.758300000000000409e+02
7.784099999999999682e+02
7.818100000000000591e+02
7.841700000000000728e+02
7.861800000000000637e+02
7.881900000000000546e+02
7.955600000000000591e+02
7.979900000000000091e+02
8.020700000000000500e+02
8.040800000000000409e+02
8.062799999999999727e+02
8.082899999999999636e+02
8.122799999999999727e+02
8.143100000000000591e+02
8.163300000000000409e+02
8.196200000000000045e+02
8.221700000000000728e+02
8.295399999999999636e+02
8.337500000000000000e+02
8.364700000000000273e+02
8.443300000000000409e+02
8.519099999999999682e+02
8.561100000000000136e+02
8.598200000000000500e+02
8.621200000000000045e+02
8.641299999999999955e+02
8.663000000000000682e+02
8.683100000000000591e+02
8.716700000000000728e+02
8.744300000000000637e+02
8.800199999999999818e+02
8.882100000000000364e+02
8.903200000000000500e+02
8.923300000000000409e+02
8.943400000000000318e+02
8.963500000000000227e+02
8.983700000000000045e+02
9.003799999999999955e+02
9.023899999999999864e+02
9.082400000000000091e+02
9.102599999999999909e+02
9.123100000000000591e+02
9.143500000000000227e+02
9.163899999999999864e+02
9.185199999999999818e+02
9.225199999999999818e+02
9.245299999999999727e+02
9.265399999999999636e+02
9.287100000000000364e+02
9.342799999999999727e+02
9.362899999999999636e+02
9.383999999999999773e+02
9.404800000000000182e+02
9.426000000000000227e+02
9.446100000000000136e+02
9.505299999999999727e+02
9.525399999999999636e+02
9.545500000000000682e+02
9.566599999999999682e+02
9.608500000000000227e+02
9.683999999999999773e+02
9.704099999999999682e+02
9.746900000000000546e+02
9.767200000000000273e+02
9.806000000000000227e+02
9.828400000000000318e+02
9.848500000000000227e+02
9.885500000000000682e+02
9.924099999999999682e+02
9.945500000000000682e+02
9.968899999999999864e+02
9.988999999999999773e+02
3.669999999999999929e+00
5.990000000000000213e+00
8.000000000000000000e+00
1.000999999999999979e+01
1.201999999999999957e+01
1.403000000000000114e+01
1.603999999999999915e+01
1.805000000000000071e+01
2.005999999999999872e+01
2.207000000000000028e+01
2.580000000000000071e+01
2.978999999999999915e+01
3.181000000000000227e+01
3.382000000000000028e+01
3.600000000000000000e+01
3.800999999999999801e+01
4.003000000000000114e+01
4.203999999999999915e+01
4.552000000000000313e+01
4.777000000000000313e+01
4.978000000000000114e+01
5.178999999999999915e+01
5.756000000000000227e+01
5.957999999999999829e+01
6.171999999999999886e+01
6.374000000000000199e+01
6.770000000000000284e+01
6.992000000000000171e+01
7.356000000000000227e+01
7.607000000000000739e+01
7.807999999999999829e+01
8.010000000000000853e+01
8.210999999999999943e+01
8.412000000000000455e+01
8.612999999999999545e+01
8.814000000000000057e+01
9.164000000000000057e+01
9.373999999999999488e+01
9.796000000000000796e+01
1.015700000000000074e+02
1.035799999999999983e+02
1.115799999999999983e+02
1.135900000000000034e+02
1.158500000000000085e+02
1.178700000000000045e+02
1.198799999999999955e+02
1.219099999999999966e+02
1.239399999999999977e+02
1.259500000000000028e+02
1.296899999999999977e+02
1.360500000000000114e+02
1.380600000000000023e+02
1.400699999999999932e+02
1.420900000000000034e+02
1.440999999999999943e+02
1.461200000000000045e+02
1.498499999999999943e+02
1.518700000000000045e+02
1.538799999999999955e+02
1.558900000000000148e+02
1.579000000000000057e+02
1.599500000000000171e+02
1.633900000000000148e+02
1.658400000000000034e+02
1.680500000000000114e+02
1.700800000000000125e+02
1.736200000000000045e+02
1.758199999999999932e+02
1.778300000000000125e+02
1.798400000000000034e+02
1.818499999999999943e+02
1.838700000000000045e+02
1.858799999999999955e+02
1.879099999999999966e+02
1.899200000000000159e+02
1.919300000000000068e+02
1.954099999999999966e+02
1.977700000000000102e+02
2.016400000000000148e+02
2.038400000000000034e+02
2.058499999999999943e+02
2.078600000000000136e+02
2.098700000000000045e+02
2.118799999999999955e+02
2.139000000000000057e+02
2.159099999999999966e+02
2.193199999999999932e+02
2.235699999999999932e+02
2.255999999999999943e+02
2.281599999999999966e+02
2.302000000000000171e+02
2.333499999999999943e+02
2.356200000000000045e+02
2.376299999999999955e+02
2.396599999999999966e+02
2.416700000000000159e+02
2.436899999999999977e+02
2.457000000000000171e+02
2.477100000000000080e+02
2.497199999999999989e+02
2.517400000000000091e+02
2.537600000000000193e+02
2.578400000000000318e+02
2.598500000000000227e+02
2.634700000000000273e+02
2.654900000000000091e+02
2.675099999999999909e+02
2.732800000000000296e+02
2.762599999999999909e+02
2.799900000000000091e+02
2.833799999999999955e+02
2.854399999999999977e+02
2.874599999999999795e+02
2.899800000000000182e+02
2.920300000000000296e+02
2.940600000000000023e+02
2.961100000000000136e+02
2.981200000000000045e+02
3.037099999999999795e+02
3.057400000000000091e+02
3.092400000000000091e+02
3.121899999999999977e+02
3.155000000000000000e+02
3.175099999999999909e+02
3.212500000000000000e+02
3.232599999999999909e+02
3.252800000000000296e+02
3.276800000000000068e+02
3.296899999999999977e+02
3.334700000000000273e+02
3.358400000000000318e+02
3.378500000000000227e+02
3.402099999999999795e+02
3.422200000000000273e+02
3.452800000000000296e+02
3.481500000000000341e+02
3.501600000000000250e+02
3.521700000000000159e+02
3.541800000000000068e+02
3.562400000000000091e+02
3.582599999999999909e+02
3.612400000000000091e+02
3.654499999999999886e+02
3.674700000000000273e+02
3.694800000000000182e+02
3.759200000000000159e+02
3.779300000000000068e+02
3.850900000000000318e+02
3.901899999999999977e+02
3.940300000000000296e+02
3.972599999999999909e+02
3.999000000000000341e+02
4.019499999999999886e+02
4.059200000000000159e+02
4.092900000000000205e+02
4.123299999999999841e+02
4.153799999999999955e+02
4.174399999999999977e+02
4.199900000000000091e+02
4.223700000000000045e+02
4.243799999999999955e+02
4.282400000000000091e+02
4.304100000000000250e+02
4.330799999999999841e+02
4.353600000000000136e+02
4.373700000000000045e+02
4.396800000000000068e+02
4.424200000000000159e+02
4.452900000000000205e+02
4.484200000000000159e+02
4.523600000000000136e+02
4.554800000000000182e+02
4.631899999999999977e+02
4.652300000000000182e+02
4.680400000000000205e+02
4.709399999999999977e+02
4.743500000000000227e+02
4.774800000000000182e+02
4.824399999999999977e+02
4.844499999999999886e+02
4.864600000000000364e+02
4.884700000000000273e+02
4.931700000000000159e+02
4.954000000000000341e+02
4.974100000000000250e+02
5.002400000000000091e+02
5.022500000000000000e+02
5.060099999999999909e+02
5.082500000000000000e+02
5.110699999999999932e+02
5.158300000000000409e+02
5.182599999999999909e+02
5.203200000000000500e+02
5.233300000000000409e+02
5.253400000000000318e+02
5.273700000000000045e+02
5.293999999999999773e+02
5.330000000000000000e+02
5.350600000000000591e+02
5.370800000000000409e+02
5.391200000000000045e+02
5.411399999999999864e+02
5.445399999999999636e+02
5.465500000000000682e+02
5.485700000000000500e+02
5.520500000000000682e+02
5.549900000000000091e+02
5.570099999999999909e+02
5.593300000000000409e+02
5.625700000000000500e+02
5.646000000000000227e+02
5.666399999999999864e+02
5.686699999999999591e+02
5.706900000000000546e+02
5.743899999999999864e+02
5.764400000000000546e+02
5.793600000000000136e+02
5.822200000000000273e+02
5.844600000000000364e+02
5.884900000000000091e+02
5.905600000000000591e+02
5.934300000000000637e+02
5.986200000000000045e+02
6.010600000000000591e+02
6.030900000000000318e+02
6.051900000000000546e+02
6.072599999999999909e+02
6.092799999999999727e+02
6.153200000000000500e+02
6.173300000000000409e+02
6.205199999999999818e+02
6.225600000000000591e+02
6.245800000000000409e+02
6.273500000000000227e+02
6.293700000000000045e+02
6.315000000000000000e+02
6.342200000000000273e+02
6.363799999999999955e+02
6.388100000000000591e+02
6.408200000000000500e+02
6.428300000000000409e+02
6.448500000000000227e+02
6.468600000000000136e+02
6.488700000000000045e+02
6.508799999999999955e+02
6.529099999999999682e+02
6.550900000000000318e+02
6.571000000000000227e+02
6.610900000000000318e+02
6.631000000000000227e+02
6.663400000000000318e+02
6.685600000000000591e+02
6.705700000000000500e+02
6.725800000000000409e+02
6.750199999999999818e+02
6.771100000000000136e+02
6.791399999999999864e+02
6.811599999999999682e+02
6.843799999999999955e+02
6.863899999999999864e+02
6.885399999999999636e+02
6.925199999999999818e+02
6.948999999999999773e+02
6.969099999999999682e+02
6.990299999999999727e+02
7.011200000000000045e+02
7.063300000000000409e+02
7.083400000000000318e+02
7.103600000000000136e+02
7.129400000000000546e+02
7.150199999999999818e+02
7.171800000000000637e+02
7.191900000000000546e+02
7.212000000000000455e+02
7.243000000000000682e+02
7.271599999999999682e+02
7.291699999999999591e+02
7.312000000000000455e+02
7.332200000000000273e+02
7.353100000000000591e+02
7.373200000000000500e+02
7.403200000000000500e+02
7.423300000000000409e+02
7.443400000000000318e+02
7.463600000000000136e+02
7.485000000000000000e+02
7.505399999999999636e+02
7.525700000000000500e+02
7.546000000000000227e+02
7.583600000000000136e+02
7.629900000000000091e+02
7.650099999999999909e+02
7.670299999999999727e+02
7.690500000000000682e+02
7.723600000000000136e+02
7.744400000000000546e+02
7.764500000000000455e+02
7.787100000000000364e+02
7.807200000000000273e+02
7.827300000000000182e+02
7.851700000000000728e+02
7.887699999999999818e+02
7.907899999999999636e+02
7.928100000000000591e+02
7.948300000000000409e+02
7.968500000000000227e+02
7.988600000000000136e+02
8.008999999999999773e+02
8.029099999999999682e+02
8.049200000000000728e+02
8.070199999999999818e+02
8.092300000000000182e+02
8.125099999999999909e+02
8.163899999999999864e+02
8.188500000000000227e+02
8.225600000000000591e+02
8.247899999999999636e+02
8.285500000000000682e+02
8.305600000000000591e+02
8.326499999999999773e+02
8.348300000000000409e+02
8.368400000000000318e+02
8.389300000000000637e+02
8.409500000000000455e+02
8.429600000000000364e+02
8.449800000000000182e+02
8.470000000000000000e+02
8.490099999999999909e+02
8.528400000000000318e+02
8.551399999999999864e+02
8.582200000000000273e+02
8.606000000000000227e+02
8.627300000000000182e+02
8.650800000000000409e+02
8.670900000000000318e+02
8.691000000000000227e+02
8.711100000000000136e+02
8.766700000000000728e+02
8.788999999999999773e+02
8.809099999999999682e+02
8.829200000000000728e+02
8.849300000000000637e+02
8.869400000000000546e+02
8.928200000000000500e+02
8.948300000000000409e+02
8.968400000000000318e+02
8.988600000000000136e+02
9.008700000000000045e+02
9.046499999999999773e+02
9.066599999999999682e+02
9.090700000000000500e+02
9.127699999999999818e+02
9.147799999999999727e+02
9.167899999999999636e+02
9.203999999999999773e+02
9.227400000000000091e+02
9.250199999999999818e+02
9.270399999999999636e+02
9.304099999999999682e+02
9.326000000000000227e+02
9.346100000000000136e+02
9.366599999999999682e+02
9.387100000000000364e+02
9.407200000000000273e+02
9.427400000000000091e+02
9.447500000000000000e+02
9.468200000000000500e+02
9.488600000000000136e+02
9.508700000000000045e+02
9.528799999999999955e+02
9.548899999999999864e+02
9.568999999999999773e+02
9.589200000000000728e+02
9.609300000000000637e+02
9.629400000000000546e+02
9.649500000000000455e+02
9.669600000000000364e+02
9.689700000000000273e+02
9.709800000000000182e+02
9.763700000000000045e+02
9.804099999999999682e+02
9.845099999999999909e+02
9.867200000000000273e+02
9.889099999999999682e+02
9.909300000000000637e+02
9.947200000000000273e+02
9.967500000000000000e+02
3.629999999999999893e+00
5.759999999999999787e+00
7.770000000000000462e+00
9.779999999999999361e+00
1.179000000000000092e+01
1.380000000000000071e+01
1.755999999999999872e+01
1.962999999999999901e+01
2.167999999999999972e+01
2.369999999999999929e+01
2.571000000000000085e+01
2.783999999999999986e+01
2.987999999999999901e+01
3.190000000000000213e+01
3.392000000000000171e+01
3.592999999999999972e+01
3.796000000000000085e+01
3.996999999999999886e+01
4.198000000000000398e+01
4.546999999999999886e+01
4.750999999999999801e+01
4.953000000000000114e+01
5.153999999999999915e+01
5.355000000000000426e+01
5.556000000000000227e+01
5.757000000000000028e+01
5.959000000000000341e+01
6.163000000000000256e+01
6.364999999999999858e+01
6.565999999999999659e+01
6.767000000000000171e+01
7.351000000000000512e+01
7.573000000000000398e+01
7.773999999999999488e+01
7.975000000000000000e+01
8.348999999999999488e+01
8.550000000000000000e+01
8.751000000000000512e+01
9.360999999999999943e+01
9.725000000000000000e+01
9.928000000000000114e+01
1.012999999999999972e+02
1.033100000000000023e+02
1.054300000000000068e+02
1.074399999999999977e+02
1.112900000000000063e+02
1.134200000000000017e+02
1.154399999999999977e+02
1.174699999999999989e+02
1.194800000000000040e+02
1.214900000000000091e+02
1.235000000000000000e+02
1.255199999999999960e+02
1.275300000000000011e+02
1.295399999999999920e+02
1.333000000000000114e+02
1.353199999999999932e+02
1.388900000000000148e+02
1.410600000000000023e+02
1.430800000000000125e+02
1.451800000000000068e+02
1.471899999999999977e+02
1.492000000000000171e+02
1.512199999999999989e+02
1.532299999999999898e+02
1.552599999999999909e+02
1.572700000000000102e+02
1.592899999999999920e+02
1.627199999999999989e+02
1.647700000000000102e+02
1.669099999999999966e+02
1.689699999999999989e+02
1.711400000000000148e+02
1.731700000000000159e+02
1.751800000000000068e+02
1.772000000000000171e+02
1.792100000000000080e+02
1.812199999999999989e+02
1.854900000000000091e+02
1.875099999999999909e+02
1.912400000000000091e+02
1.952599999999999909e+02
1.972800000000000011e+02
1.992899999999999920e+02
2.013000000000000114e+02
2.044399999999999977e+02
2.084900000000000091e+02
2.105800000000000125e+02
2.129099999999999966e+02
2.149300000000000068e+02
2.169399999999999977e+02
2.189500000000000171e+02
2.209699999999999989e+02
2.229900000000000091e+02
2.250200000000000102e+02
2.303100000000000023e+02
2.329600000000000080e+02
2.350000000000000000e+02
2.370099999999999909e+02
2.390399999999999920e+02
2.410500000000000114e+02
2.430600000000000023e+02
2.450699999999999932e+02
2.470900000000000034e+02
2.492100000000000080e+02
2.526500000000000057e+02
2.563299999999999841e+02
2.589100000000000250e+02
2.609200000000000159e+02
2.629499999999999886e+02
2.649800000000000182e+02
2.704700000000000273e+02
2.741100000000000136e+02
2.764000000000000341e+02
2.784100000000000250e+02
2.805099999999999909e+02
2.845400000000000205e+02
2.867500000000000000e+02
2.908600000000000136e+02
2.950500000000000114e+02
2.971000000000000227e+02
2.991100000000000136e+02
3.011200000000000045e+02
3.031399999999999864e+02
3.051500000000000341e+02
3.071999999999999886e+02
3.111000000000000227e+02
3.160600000000000023e+02
3.187400000000000091e+02
3.207699999999999818e+02
3.240199999999999818e+02
3.261999999999999886e+02
3.289100000000000250e+02
3.309200000000000159e+02
3.340000000000000000e+02
3.380300000000000296e+02
3.408899999999999864e+02
3.447400000000000091e+02
3.499399999999999977e+02
3.519599999999999795e+02
3.547800000000000296e+02
3.568100000000000023e+02
3.588199999999999932e+02
3.621299999999999955e+02
3.645300000000000296e+02
3.667300000000000182e+02
3.687599999999999909e+02
3.708299999999999841e+02
3.747099999999999795e+02
3.781600000000000250e+02
3.804100000000000250e+02
3.825400000000000205e+02
3.847300000000000182e+02
3.875600000000000023e+02
3.895799999999999841e+02
3.938400000000000318e+02
3.958899999999999864e+02
3.979100000000000250e+02
3.999200000000000159e+02
4.037100000000000364e+02
4.057300000000000182e+02
4.079800000000000182e+02
4.100000000000000000e+02
4.120099999999999909e+02
4.140199999999999818e+02
4.160300000000000296e+02
4.180400000000000205e+02
4.206999999999999886e+02
4.227300000000000182e+02
4.247400000000000091e+02
4.276700000000000159e+02
4.296899999999999977e+02
4.326200000000000045e+02
4.365500000000000114e+02
4.385699999999999932e+02
4.405900000000000318e+02
4.426000000000000227e+02
4.446100000000000136e+02
4.466299999999999955e+02
4.537800000000000296e+02
4.613600000000000136e+02
4.633799999999999955e+02
4.700099999999999909e+02
4.720199999999999818e+02
4.742599999999999909e+02
4.762699999999999818e+02
4.782800000000000296e+02
4.802900000000000205e+02
4.833199999999999932e+02
4.856299999999999955e+02
4.882800000000000296e+02
4.912900000000000205e+02
4.950699999999999932e+02
5.024399999999999977e+02
5.044499999999999886e+02
5.077900000000000205e+02
5.102599999999999909e+02
5.130499999999999545e+02
5.151100000000000136e+02
5.172500000000000000e+02
5.193100000000000591e+02
5.222000000000000455e+02
5.242999999999999545e+02
5.263100000000000591e+02
5.302599999999999909e+02
5.322699999999999818e+02
5.342799999999999727e+02
5.362999999999999545e+02
5.389700000000000273e+02
5.431800000000000637e+02
5.463200000000000500e+02
5.483300000000000409e+02
5.521800000000000637e+02
5.550099999999999909e+02
5.570199999999999818e+02
5.591100000000000136e+02
5.629600000000000364e+02
5.668400000000000318e+02
5.690700000000000500e+02
5.828600000000000136e+02
5.861100000000000136e+02
5.881200000000000045e+02
5.901399999999999864e+02
5.921499999999999773e+02
5.941599999999999682e+02
5.961699999999999591e+02
5.990299999999999727e+02
6.038899999999999864e+02
6.058999999999999773e+02
6.079199999999999591e+02
6.105600000000000591e+02
6.125800000000000409e+02
6.164099999999999682e+02
6.197599999999999909e+02
6.244900000000000091e+02
6.265000000000000000e+02
6.285099999999999909e+02
6.306499999999999773e+02
6.339900000000000091e+02
6.360000000000000000e+02
6.380099999999999909e+02
6.438500000000000227e+02
6.458899999999999864e+02
6.485800000000000409e+02
6.517699999999999818e+02
6.544600000000000364e+02
6.578200000000000500e+02
6.598300000000000409e+02
6.624199999999999591e+02
6.644900000000000091e+02
6.677899999999999636e+02
6.698000000000000682e+02
6.737300000000000182e+02
6.759099999999999682e+02
6.779300000000000637e+02
6.817599999999999909e+02
6.837699999999999818e+02
6.862000000000000455e+02
6.900099999999999909e+02
6.922599999999999909e+02
6.962100000000000364e+02
6.982300000000000182e+02
7.002500000000000000e+02
7.045199999999999818e+02
7.118200000000000500e+02
7.138500000000000227e+02
7.158799999999999955e+02
7.178999999999999773e+02
7.201699999999999591e+02
7.278799999999999955e+02
7.314700000000000273e+02
7.334900000000000091e+02
7.355099999999999909e+02
7.379500000000000455e+02
7.399800000000000182e+02
7.420000000000000000e+02
7.440099999999999909e+02
7.460299999999999727e+02
7.501000000000000227e+02
7.521200000000000045e+02
7.541299999999999955e+02
7.597500000000000000e+02
7.617699999999999818e+02
7.637799999999999727e+02
7.659300000000000637e+02
7.679600000000000364e+02
7.699700000000000273e+02
7.719800000000000182e+02
7.740000000000000000e+02
7.772899999999999636e+02
7.794800000000000182e+02
7.815299999999999727e+02
7.835500000000000682e+02
7.855700000000000500e+02
7.875900000000000318e+02
7.900700000000000500e+02
7.920900000000000318e+02
7.954099999999999682e+02
7.975600000000000591e+02
7.995800000000000409e+02
8.015900000000000318e+02
8.056900000000000546e+02
8.079600000000000364e+02
8.112000000000000455e+02
8.136800000000000637e+02
8.157000000000000455e+02
8.177200000000000273e+02
8.198100000000000591e+02
8.218300000000000409e+02
8.276100000000000136e+02
8.296299999999999955e+02
8.316399999999999864e+02
8.336800000000000637e+02
8.357799999999999727e+02
8.378100000000000591e+02
8.398200000000000500e+02
8.418400000000000318e+02
8.438600000000000136e+02
8.473100000000000591e+02
8.495800000000000409e+02
8.533600000000000136e+02
8.553700000000000045e+02
8.573799999999999955e+02
8.593899999999999864e+02
8.613999999999999773e+02
8.634200000000000728e+02
8.668200000000000500e+02
8.733300000000000409e+02
8.773600000000000136e+02
8.793999999999999773e+02
8.814099999999999682e+02
8.834200000000000728e+02
8.854300000000000637e+02
8.890299999999999727e+02
8.910500000000000682e+02
8.931100000000000136e+02
8.951599999999999682e+02
8.971800000000000637e+02
9.009600000000000364e+02
9.029900000000000091e+02
9.051700000000000728e+02
9.091599999999999682e+02
9.111700000000000728e+02
9.132100000000000364e+02
9.152200000000000273e+02
9.172300000000000182e+02
9.208600000000000136e+02
9.231100000000000136e+02
9.252000000000000455e+02
9.288100000000000591e+02
9.312400000000000091e+02
9.348999999999999773e+02
9.369300000000000637e+02
9.391800000000000637e+02
9.411900000000000546e+02
9.432100000000000364e+02
9.452300000000000182e+02
9.472599999999999909e+02
9.492699999999999818e+02
9.530700000000000500e+02
9.550800000000000409e+02
9.571000000000000227e+02
9.591100000000000136e+02
9.611399999999999864e+02
9.631499999999999773e+02
9.651599999999999682e+02
9.690299999999999727e+02
9.710500000000000682e+02
9.730600000000000591e+02
9.788100000000000591e+02
9.808200000000000500e+02
9.828300000000000409e+02
9.848400000000000318e+02
9.868500000000000227e+02
9.911000000000000227e+02
9.945099999999999909e+02
9.969800000000000182e+02
9.989900000000000091e+02
3.939999999999999947e+00
7.850000000000000533e+00
9.859999999999999432e+00
1.187000000000000099e+01
1.551999999999999957e+01
1.753000000000000114e+01
2.162000000000000099e+01
2.389000000000000057e+01
2.741000000000000014e+01
2.969000000000000128e+01
3.169999999999999929e+01
3.371999999999999886e+01
3.574000000000000199e+01
3.775999999999999801e+01
3.981000000000000227e+01
4.182999999999999829e+01
4.384000000000000341e+01
4.714000000000000057e+01
4.960000000000000142e+01
5.164999999999999858e+01
5.367999999999999972e+01
5.734000000000000341e+01
5.956000000000000227e+01
6.157999999999999829e+01
6.363000000000000256e+01
6.564000000000000057e+01
6.768999999999999773e+01
7.723999999999999488e+01
7.925000000000000000e+01
8.129999999999999716e+01
8.515999999999999659e+01
8.912999999999999545e+01
9.118999999999999773e+01
9.512000000000000455e+01
9.721000000000000796e+01
9.921999999999999886e+01
1.012400000000000091e+02
1.032600000000000051e+02
1.089699999999999989e+02
1.126700000000000017e+02
1.191700000000000017e+02
1.211800000000000068e+02
1.265700000000000074e+02
1.289399999999999977e+02
1.326700000000000159e+02
1.346999999999999886e+02
1.388799999999999955e+02
1.430099999999999909e+02
1.484699999999999989e+02
1.524699999999999989e+02
1.562899999999999920e+02
1.585500000000000114e+02
1.606800000000000068e+02
1.642100000000000080e+02
1.664799999999999898e+02
1.702899999999999920e+02
1.723100000000000023e+02
1.743300000000000125e+02
1.802899999999999920e+02
1.823100000000000023e+02
1.843700000000000045e+02
1.864000000000000057e+02
1.884099999999999966e+02
1.919300000000000068e+02
1.984099999999999966e+02
2.006299999999999955e+02
2.039000000000000057e+02
2.062599999999999909e+02
2.082899999999999920e+02
2.121599999999999966e+02
2.159500000000000171e+02
2.196400000000000148e+02
2.217700000000000102e+02
2.241700000000000159e+02
2.282400000000000091e+02
2.302599999999999909e+02
2.322700000000000102e+02
2.354900000000000091e+02
2.375000000000000000e+02
2.395300000000000011e+02
2.476299999999999955e+02
2.500399999999999920e+02
2.534300000000000068e+02
2.556200000000000045e+02
2.580799999999999841e+02
2.640300000000000296e+02
2.673500000000000227e+02
2.739100000000000250e+02
2.772400000000000091e+02
2.812900000000000205e+02
2.854200000000000159e+02
2.895000000000000000e+02
2.915199999999999818e+02
2.973299999999999841e+02
2.993400000000000318e+02
3.013500000000000227e+02
3.035099999999999909e+02
3.055199999999999818e+02
3.075400000000000205e+02
3.095500000000000114e+02
3.215400000000000205e+02
3.235600000000000023e+02
3.295300000000000296e+02
3.315400000000000205e+02
3.335500000000000114e+02
3.367300000000000182e+02
3.428400000000000318e+02
3.511299999999999955e+02
3.565000000000000000e+02
3.606899999999999977e+02
3.627800000000000296e+02
3.674000000000000341e+02
3.694300000000000068e+02
3.752599999999999909e+02
3.772699999999999818e+02
3.813100000000000023e+02
3.862100000000000364e+02
3.931100000000000136e+02
3.970300000000000296e+02
4.050199999999999818e+02
4.071399999999999864e+02
4.101299999999999955e+02
4.146500000000000341e+02
4.180600000000000023e+02
4.209200000000000159e+02
4.229300000000000068e+02
4.249499999999999886e+02
4.269600000000000364e+02
4.299399999999999977e+02
4.326299999999999955e+02
4.366500000000000341e+02
4.428199999999999932e+02
4.467699999999999818e+02
4.487900000000000205e+02
4.508400000000000318e+02
4.528700000000000045e+02
4.622599999999999909e+02
4.664300000000000068e+02
4.695400000000000205e+02
4.743100000000000023e+02
4.775799999999999841e+02
4.834100000000000250e+02
4.854800000000000182e+02
4.875600000000000023e+02
4.914600000000000364e+02
4.934700000000000273e+02
4.981100000000000136e+02
5.080799999999999841e+02
5.132300000000000182e+02
5.160399999999999636e+02
5.181299999999999955e+02
5.202999999999999545e+02
5.223200000000000500e+02
5.263100000000000591e+02
5.308799999999999955e+02
5.380499999999999545e+02
5.402300000000000182e+02
5.479500000000000455e+02
5.500800000000000409e+02
5.539099999999999682e+02
5.559199999999999591e+02
5.621399999999999864e+02
5.641499999999999773e+02
5.661800000000000637e+02
5.716900000000000546e+02
5.737200000000000273e+02
5.781000000000000227e+02
5.823100000000000591e+02
5.864300000000000637e+02
5.884700000000000273e+02
5.955099999999999909e+02
5.975500000000000682e+02
6.005600000000000591e+02
6.025700000000000500e+02
6.141299999999999955e+02
6.175199999999999818e+02
6.234500000000000455e+02
6.254700000000000273e+02
6.281299999999999955e+02
6.355099999999999909e+02
6.378899999999999864e+02
6.461599999999999682e+02
6.599700000000000273e+02
6.632599999999999909e+02
6.652699999999999818e+02
6.690000000000000000e+02
6.710500000000000682e+02
6.735099999999999909e+02
6.755199999999999818e+02
6.811499999999999773e+02
6.867899999999999636e+02
6.894700000000000273e+02
6.927599999999999909e+02
7.012599999999999909e+02
7.033000000000000682e+02
7.088899999999999864e+02
7.115299999999999727e+02
7.136200000000000045e+02
7.166900000000000546e+02
7.195099999999999909e+02
7.228300000000000409e+02
7.253200000000000500e+02
7.287300000000000182e+02
7.308500000000000227e+02
7.385399999999999636e+02
7.407200000000000273e+02
7.463700000000000045e+02
7.485299999999999727e+02
7.505399999999999636e+02
7.525500000000000682e+02
7.545900000000000318e+02
7.590199999999999818e+02
7.702599999999999909e+02
7.781599999999999682e+02
7.863400000000000318e+02
7.883500000000000227e+02
7.924300000000000637e+02
7.947599999999999909e+02
7.986800000000000637e+02
8.023000000000000682e+02
8.067200000000000273e+02
8.121499999999999773e+02
8.142200000000000273e+02
8.164300000000000637e+02
8.201800000000000637e+02
8.222699999999999818e+02
8.277100000000000364e+02
8.302100000000000364e+02
8.357899999999999636e+02
8.381900000000000546e+02
8.421700000000000728e+02
8.459400000000000546e+02
8.479600000000000364e+02
8.518300000000000409e+02
8.542500000000000000e+02
8.562699999999999818e+02
8.595600000000000591e+02
8.615700000000000500e+02
8.637400000000000091e+02
8.679900000000000091e+02
8.717300000000000182e+02
8.797599999999999909e+02
8.820000000000000000e+02
8.857500000000000000e+02
8.878300000000000409e+02
8.938100000000000591e+02
8.958200000000000500e+02
9.172500000000000000e+02
9.194500000000000455e+02
9.214700000000000273e+02
9.234900000000000091e+02
9.271499999999999773e+02
9.292400000000000091e+02
9.312899999999999636e+02
9.372100000000000364e+02
9.392200000000000273e+02
9.433000000000000682e+02
9.453100000000000591e+02
9.473300000000000409e+02
9.493500000000000227e+02
9.513600000000000136e+02
9.533700000000000045e+02
9.570299999999999727e+02
9.730500000000000682e+02
9.790800000000000409e+02
9.828000000000000682e+02
9.849300000000000637e+02
9.905500000000000682e+02
9.930600000000000591e+02
9.985800000000000409e+02
7.930000000000000604e+00
1.937000000000000099e+01
2.551000000000000156e+01
2.751999999999999957e+01
3.343999999999999773e+01
3.928000000000000114e+01
4.532000000000000028e+01
5.525999999999999801e+01
6.131000000000000227e+01
6.526999999999999602e+01
7.473999999999999488e+01
7.701999999999999602e+01
7.904000000000000625e+01
8.104999999999999716e+01
1.187199999999999989e+02
1.207400000000000091e+02
1.323700000000000045e+02
1.540200000000000102e+02
1.580099999999999909e+02
1.600200000000000102e+02
1.621500000000000057e+02
1.717199999999999989e+02
1.760500000000000114e+02
1.935699999999999932e+02
2.033000000000000114e+02
2.153300000000000125e+02
2.230900000000000034e+02
2.428499999999999943e+02
2.507100000000000080e+02
2.572099999999999795e+02
2.685500000000000114e+02
2.725400000000000205e+02
2.764900000000000091e+02
2.865799999999999841e+02
2.886000000000000227e+02
2.907200000000000273e+02
2.927500000000000000e+02
3.045900000000000318e+02
3.262300000000000182e+02
3.283000000000000114e+02
3.321800000000000068e+02
3.383100000000000023e+02
3.457300000000000182e+02
3.541500000000000341e+02
3.613700000000000045e+02
3.749399999999999977e+02
3.847800000000000296e+02
3.915400000000000205e+02
3.935600000000000023e+02
3.956299999999999955e+02
4.468700000000000045e+02
4.541100000000000136e+02
4.627900000000000205e+02
4.699300000000000068e+02
4.726000000000000227e+02
4.748299999999999841e+02
4.853400000000000318e+02
4.885799999999999841e+02
4.906600000000000250e+02
4.972400000000000091e+02
5.160700000000000500e+02
5.219700000000000273e+02
5.258899999999999864e+02
5.308200000000000500e+02
5.378600000000000136e+02
5.409400000000000546e+02
5.556299999999999955e+02
5.578999999999999773e+02
5.815600000000000591e+02
5.872899999999999636e+02
6.029500000000000455e+02
6.050800000000000409e+02
6.249500000000000455e+02
6.334300000000000637e+02
6.389800000000000182e+02
6.410299999999999727e+02
6.591200000000000045e+02
6.670900000000000318e+02
6.742500000000000000e+02
6.802300000000000182e+02
6.905500000000000682e+02
6.999199999999999591e+02
7.182899999999999636e+02
7.236900000000000546e+02
7.278100000000000591e+02
7.357400000000000091e+02
7.573300000000000409e+02
7.811599999999999682e+02
7.871800000000000637e+02
7.929099999999999682e+02
7.953400000000000318e+02
8.011100000000000136e+02
8.034700000000000273e+02
8.230000000000000000e+02
8.662100000000000364e+02
8.940900000000000318e+02
9.055299999999999727e+02
9.081299999999999955e+02
9.157300000000000182e+02
9.217100000000000364e+02
9.296499999999999773e+02
9.394800000000000182e+02
9.414900000000000091e+02
9.454099999999999682e+02
9.516299999999999955e+02
9.571900000000000546e+02
9.633999999999999773e+02
9.674300000000000637e+02
9.694600000000000364e+02
9.733500000000000227e+02
9.808899999999999864e+02
9.850199999999999818e+02
9.927799999999999727e+02
9.948500000000000227e+02
9.968799999999999955e+02
4.488000000000000256e+01
9.821000000000000796e+01
1.060199999999999960e+02
1.297400000000000091e+02
1.945900000000000034e+02
2.066299999999999955e+02
2.464699999999999989e+02
2.718600000000000136e+02
3.284100000000000250e+02
4.973700000000000045e+02
5.597799999999999727e+02
6.173899999999999864e+02
6.303700000000000045e+02
6.859500000000000455e+02
7.013400000000000318e+02
8.650000000000000000e+02
8.693300000000000409e+02
8.865399999999999636e+02
8.924300000000000637e+02
9.537200000000000273e+02
9.632699999999999818e+02
1.337400000000000091e+02
9.332400000000000091e+02
9.392200000000000273e+02
5.690000000000000391e+00
5.835999999999999943e+01
6.057000000000000028e+01
6.460999999999999943e+01
8.454999999999999716e+01
9.890000000000000568e+01
1.410999999999999943e+02
1.453000000000000114e+02
2.102300000000000182e+02
2.241299999999999955e+02
2.281500000000000057e+02
2.304399999999999977e+02
2.406599999999999966e+02
2.665199999999999818e+02
2.968700000000000045e+02
3.090900000000000318e+02
3.251299999999999955e+02
3.274000000000000341e+02
3.706800000000000068e+02
4.041899999999999977e+02
4.083700000000000045e+02
4.646399999999999864e+02
4.829200000000000159e+02
4.931299999999999955e+02
5.240399999999999636e+02
5.524500000000000455e+02
5.800900000000000318e+02
5.882599999999999909e+02
5.936299999999999955e+02
6.001800000000000637e+02
6.101599999999999682e+02
6.824600000000000364e+02
6.912300000000000182e+02
7.759500000000000455e+02
8.328200000000000500e+02
8.483500000000000227e+02
8.808799999999999955e+02
8.913999999999999773e+02
9.116200000000000045e+02
9.317899999999999636e+02
9.520099999999999909e+02
9.642100000000000364e+02
9.801800000000000637e+02
9.925400000000000773e+02
9.945500000000000682e+02
