6.900000000000000355e+00
8.089999999999999858e+00
9.490000000000000213e+00
1.133000000000000007e+01
1.151999999999999957e+01
1.181000000000000050e+01
1.268999999999999950e+01
1.318999999999999950e+01
1.405000000000000071e+01
1.424000000000000021e+01
1.459999999999999964e+01
1.543999999999999950e+01
1.550000000000000000e+01
1.581000000000000050e+01
1.658000000000000185e+01
1.691000000000000014e+01
1.721999999999999886e+01
1.798000000000000043e+01
1.803000000000000114e+01
1.975000000000000000e+01
2.076999999999999957e+01
2.412000000000000099e+01
2.474000000000000199e+01
5.978000000000000114e+01
5.984000000000000341e+01
6.135999999999999943e+01
6.149000000000000199e+01
6.174000000000000199e+01
6.250000000000000000e+01
6.330000000000000426e+01
6.479000000000000625e+01
6.479999999999999716e+01
6.509000000000000341e+01
6.848999999999999488e+01
6.893000000000000682e+01
6.912000000000000455e+01
6.990000000000000568e+01
7.137999999999999545e+01
1.089300000000000068e+02
1.111200000000000045e+02
1.121800000000000068e+02
1.124200000000000017e+02
1.131899999999999977e+02
1.143799999999999955e+02
1.146899999999999977e+02
1.151700000000000017e+02
1.152199999999999989e+02
1.156899999999999977e+02
1.167999999999999972e+02
1.168900000000000006e+02
1.171800000000000068e+02
1.173400000000000034e+02
1.177999999999999972e+02
1.187000000000000028e+02
1.593300000000000125e+02
1.600200000000000102e+02
1.612000000000000171e+02
1.612100000000000080e+02
1.612100000000000080e+02
1.613400000000000034e+02
1.618900000000000148e+02
1.627899999999999920e+02
1.633799999999999955e+02
1.640999999999999943e+02
1.652500000000000000e+02
1.660200000000000102e+02
1.661500000000000057e+02
1.663400000000000034e+02
1.667000000000000171e+02
1.668100000000000023e+02
1.668499999999999943e+02
1.676299999999999955e+02
1.682100000000000080e+02
1.687000000000000171e+02
1.694200000000000159e+02
1.694799999999999898e+02
1.713900000000000148e+02
1.723700000000000045e+02
2.083600000000000136e+02
2.086299999999999955e+02
2.099699999999999989e+02
2.100500000000000114e+02
2.106800000000000068e+02
2.108199999999999932e+02
2.111500000000000057e+02
2.122899999999999920e+02
2.129699999999999989e+02
2.130800000000000125e+02
2.134399999999999977e+02
2.135900000000000034e+02
2.143799999999999955e+02
2.144800000000000182e+02
2.154000000000000057e+02
2.155099999999999909e+02
2.160900000000000034e+02
2.161599999999999966e+02
2.170300000000000011e+02
2.170399999999999920e+02
2.173799999999999955e+02
2.175000000000000000e+02
2.181400000000000148e+02
2.189300000000000068e+02
2.587300000000000182e+02
2.592800000000000296e+02
2.603600000000000136e+02
2.613899999999999864e+02
2.635799999999999841e+02
2.637200000000000273e+02
2.641600000000000250e+02
2.645300000000000296e+02
2.645900000000000318e+02
2.663199999999999932e+02
2.669599999999999795e+02
2.688299999999999841e+02
2.691100000000000136e+02
2.695400000000000205e+02
2.726200000000000045e+02
3.068799999999999955e+02
3.079399999999999977e+02
3.079900000000000091e+02
3.082300000000000182e+02
3.094200000000000159e+02
3.097300000000000182e+02
3.109100000000000250e+02
3.110099999999999909e+02
3.111800000000000068e+02
3.118600000000000136e+02
3.119399999999999977e+02
3.119800000000000182e+02
3.120699999999999932e+02
3.141200000000000045e+02
3.143799999999999955e+02
3.146600000000000250e+02
3.150500000000000114e+02
3.153000000000000114e+02
3.158500000000000227e+02
3.159399999999999977e+02
3.166899999999999977e+02
3.182400000000000091e+02
3.183500000000000227e+02
3.188600000000000136e+02
3.195699999999999932e+02
3.602099999999999795e+02
3.614100000000000250e+02
3.616000000000000227e+02
3.616999999999999886e+02
3.628700000000000045e+02
3.631600000000000250e+02
3.639100000000000250e+02
3.639100000000000250e+02
3.640600000000000023e+02
3.659200000000000159e+02
3.659700000000000273e+02
3.665600000000000023e+02
3.692200000000000273e+02
3.708500000000000227e+02
3.716899999999999977e+02
3.718299999999999841e+02
4.089700000000000273e+02
4.093400000000000318e+02
4.100099999999999909e+02
4.122900000000000205e+02
4.124300000000000068e+02
4.129800000000000182e+02
4.133000000000000114e+02
4.139600000000000364e+02
4.145099999999999909e+02
4.148299999999999841e+02
4.151100000000000136e+02
4.156299999999999955e+02
4.169300000000000068e+02
4.180500000000000114e+02
4.181700000000000159e+02
4.182599999999999909e+02
4.576399999999999864e+02
4.584300000000000068e+02
4.596100000000000136e+02
4.613799999999999955e+02
4.626000000000000227e+02
4.632100000000000364e+02
4.632800000000000296e+02
4.638000000000000114e+02
4.646200000000000045e+02
4.660099999999999909e+02
4.660500000000000114e+02
4.661899999999999977e+02
4.676600000000000250e+02
4.686700000000000159e+02
4.690799999999999841e+02
4.693199999999999932e+02
4.699000000000000341e+02
4.704100000000000250e+02
4.707699999999999818e+02
5.088799999999999955e+02
5.106299999999999955e+02
5.108700000000000045e+02
5.116600000000000250e+02
5.123400000000000318e+02
5.126000000000000227e+02
5.127799999999999727e+02
5.128899999999999864e+02
5.137899999999999636e+02
5.139800000000000182e+02
5.139900000000000091e+02
5.141699999999999591e+02
5.157100000000000364e+02
5.157200000000000273e+02
5.165499999999999545e+02
5.190600000000000591e+02
5.191000000000000227e+02
5.207500000000000000e+02
5.209300000000000637e+02
5.246000000000000227e+02
5.545199999999999818e+02
5.555199999999999818e+02
5.581800000000000637e+02
5.586100000000000136e+02
5.589400000000000546e+02
5.592500000000000000e+02
5.599400000000000546e+02
5.599800000000000182e+02
5.608799999999999955e+02
5.616399999999999864e+02
5.622899999999999636e+02
5.632699999999999818e+02
5.632899999999999636e+02
5.634600000000000364e+02
5.648000000000000682e+02
5.650700000000000500e+02
5.650800000000000409e+02
5.651100000000000136e+02
5.658200000000000500e+02
5.659500000000000455e+02
5.662699999999999818e+02
5.663300000000000409e+02
5.698100000000000591e+02
5.705800000000000409e+02
5.712000000000000455e+02
6.087100000000000364e+02
6.094400000000000546e+02
6.097100000000000364e+02
6.103999999999999773e+02
6.106499999999999773e+02
6.116599999999999682e+02
6.144700000000000273e+02
6.144900000000000091e+02
6.145000000000000000e+02
6.157699999999999818e+02
6.158700000000000045e+02
6.163500000000000227e+02
6.168200000000000500e+02
6.169400000000000546e+02
6.191800000000000637e+02
6.196900000000000546e+02
6.199900000000000091e+02
6.569300000000000637e+02
6.578000000000000682e+02
6.590800000000000409e+02
6.597100000000000364e+02
6.602699999999999818e+02
6.616000000000000227e+02
6.619400000000000546e+02
6.620700000000000500e+02
6.632400000000000091e+02
6.644400000000000546e+02
6.648200000000000500e+02
6.648500000000000227e+02
6.651299999999999955e+02
6.664099999999999682e+02
6.668899999999999864e+02
6.722799999999999727e+02
7.058600000000000136e+02
7.091100000000000136e+02
7.099199999999999591e+02
7.100800000000000409e+02
7.102699999999999818e+02
7.108300000000000409e+02
7.109099999999999682e+02
7.128400000000000318e+02
7.129500000000000455e+02
7.138799999999999955e+02
7.150800000000000409e+02
7.153799999999999955e+02
7.156800000000000637e+02
7.177500000000000000e+02
7.178100000000000591e+02
7.186000000000000227e+02
7.202699999999999818e+02
7.206200000000000045e+02
7.558700000000000045e+02
7.568000000000000682e+02
7.582899999999999636e+02
7.589099999999999682e+02
7.603400000000000318e+02
7.608700000000000045e+02
7.614800000000000182e+02
7.628600000000000136e+02
7.638200000000000500e+02
7.639700000000000273e+02
7.643300000000000409e+02
7.657400000000000091e+02
7.661000000000000227e+02
8.052599999999999909e+02
8.081900000000000546e+02
8.088100000000000591e+02
8.099800000000000182e+02
8.101299999999999955e+02
8.104500000000000455e+02
8.115800000000000409e+02
8.115900000000000318e+02
8.116499999999999773e+02
8.120500000000000682e+02
8.139600000000000364e+02
8.159700000000000273e+02
8.165199999999999818e+02
8.167500000000000000e+02
8.173899999999999864e+02
8.174700000000000273e+02
8.176399999999999864e+02
8.194700000000000273e+02
8.557599999999999909e+02
8.561200000000000045e+02
8.578899999999999864e+02
8.579700000000000273e+02
8.585600000000000591e+02
8.587200000000000273e+02
8.594300000000000637e+02
8.605299999999999727e+02
8.612300000000000182e+02
8.614200000000000728e+02
8.618899999999999864e+02
8.627400000000000091e+02
8.635800000000000409e+02
8.641000000000000227e+02
8.645900000000000318e+02
8.661800000000000637e+02
8.664099999999999682e+02
8.677899999999999636e+02
8.688700000000000045e+02
8.690900000000000318e+02
8.722899999999999636e+02
9.043600000000000136e+02
9.055700000000000500e+02
9.076100000000000136e+02
9.079099999999999682e+02
9.095000000000000000e+02
9.095299999999999727e+02
9.098400000000000318e+02
9.099900000000000091e+02
9.105299999999999727e+02
9.105399999999999636e+02
9.109800000000000182e+02
9.110700000000000500e+02
9.148600000000000136e+02
9.154900000000000091e+02
9.164700000000000273e+02
9.173500000000000227e+02
9.198200000000000500e+02
9.214600000000000364e+02
9.581200000000000045e+02
9.591399999999999864e+02
9.592200000000000273e+02
9.600299999999999727e+02
9.611599999999999682e+02
9.612799999999999727e+02
9.619900000000000091e+02
9.620600000000000591e+02
9.625099999999999909e+02
9.625700000000000500e+02
9.647799999999999727e+02
9.651100000000000136e+02
9.660000000000000000e+02
9.685199999999999818e+02
9.692500000000000000e+02
9.729700000000000273e+02
9.733500000000000227e+02
