3.479999999999999982e+00
6.500000000000000000e+00
6.690000000000000391e+00
8.630000000000000782e+00
1.059999999999999964e+01
1.276999999999999957e+01
1.662000000000000099e+01
1.733000000000000185e+01
1.744000000000000128e+01
1.935999999999999943e+01
2.053000000000000114e+01
2.153999999999999915e+01
2.246999999999999886e+01
2.735000000000000142e+01
2.751999999999999957e+01
2.948000000000000043e+01
3.267000000000000171e+01
3.543999999999999773e+01
3.632000000000000028e+01
3.857000000000000028e+01
3.964999999999999858e+01
4.152000000000000313e+01
4.175000000000000000e+01
4.359000000000000341e+01
4.457000000000000028e+01
4.623000000000000398e+01
4.645000000000000284e+01
4.688000000000000256e+01
4.875000000000000000e+01
5.045000000000000284e+01
5.141000000000000369e+01
5.177000000000000313e+01
5.495000000000000284e+01
5.773000000000000398e+01
5.841000000000000369e+01
6.335999999999999943e+01
6.807000000000000739e+01
7.135000000000000853e+01
7.278000000000000114e+01
7.510000000000000853e+01
7.579000000000000625e+01
7.640000000000000568e+01
7.910999999999999943e+01
8.010999999999999943e+01
8.076000000000000512e+01
8.135999999999999943e+01
8.310999999999999943e+01
8.367000000000000171e+01
8.651999999999999602e+01
8.664000000000000057e+01
8.912000000000000455e+01
9.007999999999999829e+01
9.175000000000000000e+01
9.298999999999999488e+01
9.335000000000000853e+01
9.712000000000000455e+01
9.775000000000000000e+01
9.990999999999999659e+01
1.034900000000000091e+02
1.117699999999999960e+02
1.139399999999999977e+02
1.147400000000000091e+02
1.156800000000000068e+02
1.174399999999999977e+02
1.189000000000000057e+02
1.200400000000000063e+02
1.204399999999999977e+02
1.223400000000000034e+02
1.274099999999999966e+02
1.388400000000000034e+02
1.448000000000000114e+02
1.452500000000000000e+02
1.460600000000000023e+02
1.487500000000000000e+02
1.504099999999999966e+02
1.515300000000000011e+02
1.515600000000000023e+02
1.569699999999999989e+02
1.583700000000000045e+02
1.602599999999999909e+02
1.607100000000000080e+02
1.652500000000000000e+02
1.668700000000000045e+02
1.680900000000000034e+02
1.686100000000000136e+02
1.697199999999999989e+02
1.722800000000000011e+02
1.755999999999999943e+02
1.810999999999999943e+02
1.843199999999999932e+02
1.854799999999999898e+02
1.885900000000000034e+02
1.948700000000000045e+02
1.952899999999999920e+02
1.981400000000000148e+02
2.012599999999999909e+02
2.017800000000000011e+02
2.051700000000000159e+02
2.088100000000000023e+02
2.102300000000000182e+02
2.117599999999999909e+02
2.124200000000000159e+02
2.131400000000000148e+02
2.159300000000000068e+02
2.189600000000000080e+02
2.230500000000000114e+02
2.279200000000000159e+02
2.303199999999999932e+02
2.304900000000000091e+02
2.335099999999999909e+02
2.379200000000000159e+02
2.384300000000000068e+02
2.409399999999999977e+02
2.420800000000000125e+02
2.436899999999999977e+02
2.512899999999999920e+02
2.517000000000000171e+02
2.549300000000000068e+02
2.564900000000000091e+02
2.612500000000000000e+02
2.655099999999999909e+02
2.684399999999999977e+02
2.764599999999999795e+02
2.795400000000000205e+02
2.816500000000000341e+02
2.839300000000000068e+02
2.874499999999999886e+02
2.906299999999999955e+02
2.923100000000000023e+02
2.992400000000000091e+02
2.999800000000000182e+02
3.008899999999999864e+02
3.025199999999999818e+02
3.039100000000000250e+02
3.072500000000000000e+02
3.083400000000000318e+02
3.084100000000000250e+02
3.113500000000000227e+02
3.115300000000000296e+02
3.148400000000000318e+02
3.166399999999999864e+02
3.206600000000000250e+02
3.265500000000000114e+02
3.266600000000000250e+02
3.271600000000000250e+02
3.327699999999999818e+02
3.331800000000000068e+02
3.380199999999999818e+02
3.432699999999999818e+02
3.437699999999999818e+02
3.453199999999999932e+02
3.456000000000000227e+02
3.487099999999999795e+02
3.504900000000000091e+02
3.509000000000000341e+02
3.566500000000000341e+02
3.578500000000000227e+02
3.611100000000000136e+02
3.629300000000000068e+02
3.657400000000000091e+02
3.658400000000000318e+02
3.675699999999999932e+02
3.688700000000000045e+02
3.710300000000000296e+02
3.715099999999999909e+02
3.753600000000000136e+02
3.794700000000000273e+02
3.806999999999999886e+02
3.839200000000000159e+02
3.891000000000000227e+02
3.911700000000000159e+02
3.934200000000000159e+02
3.945300000000000296e+02
3.973299999999999841e+02
3.989900000000000091e+02
4.003700000000000045e+02
4.031299999999999955e+02
4.055799999999999841e+02
4.062699999999999818e+02
4.070400000000000205e+02
4.104600000000000364e+02
4.116200000000000045e+02
4.142800000000000296e+02
4.167100000000000364e+02
4.184499999999999886e+02
4.187599999999999909e+02
4.231299999999999955e+02
4.235699999999999932e+02
4.285799999999999841e+02
4.295900000000000318e+02
4.300799999999999841e+02
4.324499999999999886e+02
4.353600000000000136e+02
4.403199999999999932e+02
4.430799999999999841e+02
4.433600000000000136e+02
4.444600000000000364e+02
4.459800000000000182e+02
4.503000000000000114e+02
4.505600000000000023e+02
4.538000000000000114e+02
4.540099999999999909e+02
4.540600000000000023e+02
4.562800000000000296e+02
4.567500000000000000e+02
4.574800000000000182e+02
4.590900000000000318e+02
4.603700000000000045e+02
4.612400000000000091e+02
4.621700000000000159e+02
4.642200000000000273e+02
4.649700000000000273e+02
4.673400000000000318e+02
4.680000000000000000e+02
4.701600000000000250e+02
4.740900000000000318e+02
4.751299999999999955e+02
4.772599999999999909e+02
4.790900000000000318e+02
4.802500000000000000e+02
4.813799999999999955e+02
4.842800000000000296e+02
4.862599999999999909e+02
4.903100000000000023e+02
4.921200000000000045e+02
4.922400000000000091e+02
4.951899999999999977e+02
4.972599999999999909e+02
4.980099999999999909e+02
5.020300000000000296e+02
5.021200000000000045e+02
5.041100000000000136e+02
5.043700000000000045e+02
5.071100000000000136e+02
5.072200000000000273e+02
5.091299999999999955e+02
5.100900000000000318e+02
5.120399999999999636e+02
5.130600000000000591e+02
5.140800000000000409e+02
5.150000000000000000e+02
5.191800000000000637e+02
5.192000000000000455e+02
5.202500000000000000e+02
5.222300000000000182e+02
5.241000000000000227e+02
5.272400000000000091e+02
5.360099999999999909e+02
5.379500000000000455e+02
5.401000000000000227e+02
5.414700000000000273e+02
5.431499999999999773e+02
5.440900000000000318e+02
5.450900000000000318e+02
5.460700000000000500e+02
5.470600000000000591e+02
5.472500000000000000e+02
5.530199999999999818e+02
5.532100000000000364e+02
5.592400000000000091e+02
5.611000000000000227e+02
5.647699999999999818e+02
5.650700000000000500e+02
5.652400000000000091e+02
5.665099999999999909e+02
5.672699999999999818e+02
5.698799999999999955e+02
5.718300000000000409e+02
5.720500000000000682e+02
5.770000000000000000e+02
5.782400000000000091e+02
5.808999999999999773e+02
5.817799999999999727e+02
5.839400000000000546e+02
5.844099999999999682e+02
5.868500000000000227e+02
5.874500000000000455e+02
5.886299999999999955e+02
5.908300000000000409e+02
5.918899999999999864e+02
5.930199999999999818e+02
5.943200000000000500e+02
5.965600000000000591e+02
5.970199999999999818e+02
5.998200000000000500e+02
6.004199999999999591e+02
6.043899999999999864e+02
6.055199999999999818e+02
6.061399999999999864e+02
6.108700000000000045e+02
6.157599999999999909e+02
6.217400000000000091e+02
6.223400000000000318e+02
6.228700000000000045e+02
6.268799999999999955e+02
6.272200000000000273e+02
6.313799999999999955e+02
6.342599999999999909e+02
6.348600000000000136e+02
6.354500000000000455e+02
6.408300000000000409e+02
6.415099999999999909e+02
6.435299999999999727e+02
6.479099999999999682e+02
6.489500000000000455e+02
6.496100000000000136e+02
6.527599999999999909e+02
6.565199999999999818e+02
6.568400000000000318e+02
6.580900000000000318e+02
6.605600000000000591e+02
6.608700000000000045e+02
6.623899999999999864e+02
6.645399999999999636e+02
6.669099999999999682e+02
6.693899999999999864e+02
6.730299999999999727e+02
6.733200000000000500e+02
6.771900000000000546e+02
6.779900000000000091e+02
6.795000000000000000e+02
6.813100000000000591e+02
6.838799999999999955e+02
6.845000000000000000e+02
6.852100000000000364e+02
6.894700000000000273e+02
6.897699999999999818e+02
6.919500000000000455e+02
6.941299999999999955e+02
6.962899999999999636e+02
7.011599999999999682e+02
7.013400000000000318e+02
7.015500000000000682e+02
7.036000000000000227e+02
7.053700000000000045e+02
7.088300000000000409e+02
7.095900000000000318e+02
7.128500000000000227e+02
7.150000000000000000e+02
7.181800000000000637e+02
7.196699999999999591e+02
7.222300000000000182e+02
7.247200000000000273e+02
7.285900000000000318e+02
7.312000000000000455e+02
7.330000000000000000e+02
7.366200000000000045e+02
7.431900000000000546e+02
7.471800000000000637e+02
7.503400000000000318e+02
7.551299999999999955e+02
7.573200000000000500e+02
7.620199999999999818e+02
7.692200000000000273e+02
7.716900000000000546e+02
7.753500000000000227e+02
7.805800000000000409e+02
7.820199999999999818e+02
7.891000000000000227e+02
7.903300000000000409e+02
7.927599999999999909e+02
7.940700000000000500e+02
7.962100000000000364e+02
7.970099999999999909e+02
7.991100000000000136e+02
8.013799999999999955e+02
8.018200000000000500e+02
8.099500000000000455e+02
8.155700000000000500e+02
8.173000000000000682e+02
8.178500000000000227e+02
8.218000000000000682e+02
8.257300000000000182e+02
8.257500000000000000e+02
8.333200000000000500e+02
8.367400000000000091e+02
8.381700000000000728e+02
8.400099999999999909e+02
8.407799999999999727e+02
8.450600000000000591e+02
8.478799999999999955e+02
8.517000000000000455e+02
8.540299999999999727e+02
8.542699999999999818e+02
8.568200000000000500e+02
8.636399999999999864e+02
8.654500000000000455e+02
8.658200000000000500e+02
8.670399999999999636e+02
8.684500000000000455e+02
8.709600000000000364e+02
8.725500000000000682e+02
8.735299999999999727e+02
8.748400000000000318e+02
8.765800000000000409e+02
8.780000000000000000e+02
8.808100000000000591e+02
8.839800000000000182e+02
8.845700000000000500e+02
8.877000000000000455e+02
8.902400000000000091e+02
8.911000000000000227e+02
8.933200000000000500e+02
8.934400000000000546e+02
8.963999999999999773e+02
8.968799999999999955e+02
9.035199999999999818e+02
9.047599999999999909e+02
9.127400000000000091e+02
9.133799999999999955e+02
9.134900000000000091e+02
9.167100000000000364e+02
9.186100000000000136e+02
9.189500000000000455e+02
9.267500000000000000e+02
9.288100000000000591e+02
9.338500000000000227e+02
9.352599999999999909e+02
9.378100000000000591e+02
9.386399999999999864e+02
9.391200000000000045e+02
9.409200000000000728e+02
9.454400000000000546e+02
9.478999999999999773e+02
9.480900000000000318e+02
9.507599999999999909e+02
9.537100000000000364e+02
9.539600000000000364e+02
9.586200000000000045e+02
9.599600000000000364e+02
9.670800000000000409e+02
9.675500000000000682e+02
9.697300000000000182e+02
9.715500000000000682e+02
9.729800000000000182e+02
9.755399999999999636e+02
9.761000000000000227e+02
9.793899999999999864e+02
9.806000000000000227e+02
9.817400000000000091e+02
9.838000000000000682e+02
9.848799999999999955e+02
9.868799999999999955e+02
9.897100000000000364e+02
9.906000000000000227e+02
9.929500000000000455e+02
9.937100000000000364e+02
9.956700000000000728e+02
9.968000000000000682e+02
9.997200000000000273e+02
9.997300000000000182e+02
9.997699999999999818e+02
