3.350199999999999818e+02
3.798000000000000398e+01
1.516899999999999977e+02
2.371800000000000068e+02
2.469500000000000171e+02
3.729599999999999795e+02
4.074499999999999886e+02
4.365400000000000205e+02
5.308300000000000409e+02
6.631200000000000045e+02
8.110500000000000682e+02
9.057100000000000364e+02
9.686399999999999864e+02
7.214000000000000057e+01
1.046200000000000045e+02
1.347400000000000091e+02
1.390099999999999909e+02
1.574200000000000159e+02
1.781400000000000148e+02
3.067699999999999818e+02
3.179000000000000341e+02
3.572099999999999795e+02
3.853700000000000045e+02
4.068500000000000227e+02
4.157400000000000091e+02
4.261600000000000250e+02
4.355799999999999841e+02
5.198300000000000409e+02
5.246100000000000136e+02
5.309300000000000637e+02
5.446900000000000546e+02
5.643000000000000682e+02
6.179900000000000091e+02
6.687899999999999636e+02
6.795299999999999727e+02
7.416499999999999773e+02
8.605800000000000409e+02
8.626700000000000728e+02
9.143700000000000045e+02
9.410299999999999727e+02
9.556299999999999955e+02
9.921599999999999682e+02
9.969300000000000637e+02
5.910000000000000142e+00
1.146000000000000085e+01
4.096000000000000085e+01
7.540000000000000568e+01
1.174900000000000091e+02
1.538100000000000023e+02
1.591700000000000159e+02
1.827400000000000091e+02
2.204300000000000068e+02
2.584300000000000068e+02
2.731700000000000159e+02
2.765199999999999818e+02
2.959200000000000159e+02
2.980199999999999818e+02
3.050799999999999841e+02
3.114200000000000159e+02
3.424599999999999795e+02
3.675000000000000000e+02
3.835500000000000114e+02
4.247599999999999909e+02
4.880600000000000023e+02
5.185800000000000409e+02
5.346699999999999591e+02
5.445000000000000000e+02
6.582200000000000273e+02
6.853000000000000682e+02
7.550700000000000500e+02
8.005399999999999636e+02
8.153700000000000045e+02
8.283799999999999955e+02
8.431700000000000728e+02
8.860299999999999727e+02
8.906599999999999682e+02
9.374500000000000455e+02
9.807000000000000455e+02
2.012999999999999901e+01
7.534000000000000341e+01
1.358300000000000125e+02
1.945600000000000023e+02
2.110699999999999932e+02
2.384200000000000159e+02
3.282900000000000205e+02
3.466600000000000250e+02
3.540000000000000000e+02
3.950799999999999841e+02
4.387500000000000000e+02
4.408400000000000318e+02
4.583400000000000318e+02
4.810199999999999818e+02
4.862800000000000296e+02
6.323899999999999864e+02
7.395500000000000682e+02
8.457699999999999818e+02
9.615600000000000591e+02
9.684700000000000273e+02
3.106000000000000227e+01
9.143000000000000682e+01
2.138100000000000023e+02
2.495699999999999932e+02
4.326100000000000136e+02
7.938100000000000591e+02
8.790500000000000682e+02
