7.140000000000000568e+00
8.199999999999999289e+00
9.669999999999999929e+00
9.839999999999999858e+00
1.010999999999999943e+01
1.038000000000000078e+01
1.041999999999999993e+01
1.115000000000000036e+01
1.253000000000000114e+01
1.333999999999999986e+01
1.340000000000000036e+01
1.341000000000000014e+01
1.354000000000000092e+01
1.359999999999999964e+01
1.376999999999999957e+01
1.458999999999999986e+01
1.488000000000000078e+01
1.650000000000000000e+01
1.662999999999999901e+01
1.717999999999999972e+01
1.724000000000000199e+01
1.732000000000000028e+01
1.880000000000000071e+01
1.926999999999999957e+01
1.955999999999999872e+01
1.966000000000000014e+01
2.067000000000000171e+01
2.367999999999999972e+01
5.860999999999999943e+01
5.900000000000000000e+01
5.971999999999999886e+01
6.081000000000000227e+01
6.103999999999999915e+01
6.128999999999999915e+01
6.135000000000000142e+01
6.300000000000000000e+01
6.356000000000000227e+01
6.367999999999999972e+01
6.389999999999999858e+01
6.399000000000000199e+01
6.443999999999999773e+01
6.465000000000000568e+01
6.475000000000000000e+01
6.521999999999999886e+01
6.551000000000000512e+01
6.615000000000000568e+01
6.618999999999999773e+01
6.640000000000000568e+01
6.745000000000000284e+01
6.768000000000000682e+01
6.821000000000000796e+01
6.826999999999999602e+01
6.932000000000000739e+01
6.932000000000000739e+01
7.031000000000000227e+01
7.101999999999999602e+01
7.385999999999999943e+01
1.064300000000000068e+02
1.087199999999999989e+02
1.097900000000000063e+02
1.108200000000000074e+02
1.112900000000000063e+02
1.115000000000000000e+02
1.115300000000000011e+02
1.117199999999999989e+02
1.120300000000000011e+02
1.134600000000000080e+02
1.142100000000000080e+02
1.142999999999999972e+02
1.144800000000000040e+02
1.145900000000000034e+02
1.149600000000000080e+02
1.160400000000000063e+02
1.162300000000000040e+02
1.166800000000000068e+02
1.167500000000000000e+02
1.168400000000000034e+02
1.177999999999999972e+02
1.180400000000000063e+02
1.181800000000000068e+02
1.185199999999999960e+02
1.197699999999999960e+02
1.206200000000000045e+02
1.206299999999999955e+02
1.227199999999999989e+02
1.587199999999999989e+02
1.587599999999999909e+02
1.604699999999999989e+02
1.608400000000000034e+02
1.611200000000000045e+02
1.615500000000000114e+02
1.620200000000000102e+02
1.623499999999999943e+02
1.625300000000000011e+02
1.630999999999999943e+02
1.634000000000000057e+02
1.637100000000000080e+02
1.644200000000000159e+02
1.646100000000000136e+02
1.650800000000000125e+02
1.652700000000000102e+02
1.662299999999999898e+02
1.667599999999999909e+02
1.668199999999999932e+02
1.681599999999999966e+02
1.681800000000000068e+02
1.691500000000000057e+02
1.693700000000000045e+02
1.697700000000000102e+02
1.703400000000000034e+02
1.703900000000000148e+02
1.704399999999999977e+02
1.704600000000000080e+02
2.073199999999999932e+02
2.076500000000000057e+02
2.078199999999999932e+02
2.079300000000000068e+02
2.091299999999999955e+02
2.094800000000000182e+02
2.097899999999999920e+02
2.100099999999999909e+02
2.102599999999999909e+02
2.103199999999999932e+02
2.103600000000000136e+02
2.108199999999999932e+02
2.109699999999999989e+02
2.119699999999999989e+02
2.126899999999999977e+02
2.127199999999999989e+02
2.129399999999999977e+02
2.132700000000000102e+02
2.134699999999999989e+02
2.135099999999999909e+02
2.141599999999999966e+02
2.143400000000000034e+02
2.151200000000000045e+02
2.151700000000000159e+02
2.158799999999999955e+02
2.161100000000000136e+02
2.166500000000000057e+02
2.168000000000000114e+02
2.168400000000000034e+02
2.169399999999999977e+02
2.170000000000000000e+02
2.178199999999999932e+02
2.178199999999999932e+02
2.188400000000000034e+02
2.199800000000000182e+02
2.218400000000000034e+02
2.240900000000000034e+02
2.577200000000000273e+02
2.583600000000000136e+02
2.584300000000000068e+02
2.595600000000000023e+02
2.597699999999999818e+02
2.607699999999999818e+02
2.608000000000000114e+02
2.613500000000000227e+02
2.619499999999999886e+02
2.625500000000000114e+02
2.625600000000000023e+02
2.625799999999999841e+02
2.626700000000000159e+02
2.629499999999999886e+02
2.630900000000000318e+02
2.634100000000000250e+02
2.643000000000000114e+02
2.644499999999999886e+02
2.650000000000000000e+02
2.651499999999999773e+02
2.653500000000000227e+02
2.655799999999999841e+02
2.656299999999999955e+02
2.666999999999999886e+02
2.685600000000000023e+02
2.686200000000000045e+02
2.688700000000000045e+02
2.690000000000000000e+02
2.693899999999999864e+02
2.695199999999999818e+02
2.703999999999999773e+02
2.710400000000000205e+02
2.711600000000000250e+02
3.053199999999999932e+02
3.078600000000000136e+02
3.083100000000000023e+02
3.083700000000000045e+02
3.085300000000000296e+02
3.096800000000000068e+02
3.099700000000000273e+02
3.113700000000000045e+02
3.115300000000000296e+02
3.118100000000000023e+02
3.119599999999999795e+02
3.122900000000000205e+02
3.126399999999999864e+02
3.130199999999999818e+02
3.139700000000000273e+02
3.140199999999999818e+02
3.141100000000000136e+02
3.146100000000000136e+02
3.147400000000000091e+02
3.147900000000000205e+02
3.150500000000000114e+02
3.152699999999999818e+02
3.156100000000000136e+02
3.156700000000000159e+02
3.162800000000000296e+02
3.166999999999999886e+02
3.168299999999999841e+02
3.178199999999999932e+02
3.188000000000000114e+02
3.206899999999999977e+02
3.581500000000000341e+02
3.587500000000000000e+02
3.587900000000000205e+02
3.590699999999999932e+02
3.598600000000000136e+02
3.600799999999999841e+02
3.601500000000000341e+02
3.603000000000000114e+02
3.613100000000000023e+02
3.618000000000000114e+02
3.620900000000000318e+02
3.621100000000000136e+02
3.626500000000000341e+02
3.638199999999999932e+02
3.643000000000000114e+02
3.643400000000000318e+02
3.644200000000000159e+02
3.647599999999999909e+02
3.648600000000000136e+02
3.652200000000000273e+02
3.662099999999999795e+02
3.663799999999999955e+02
3.666800000000000068e+02
3.671200000000000045e+02
3.672800000000000296e+02
3.676000000000000227e+02
3.679200000000000159e+02
3.683199999999999932e+02
3.685799999999999841e+02
3.690099999999999909e+02
3.690900000000000318e+02
3.694300000000000068e+02
3.696200000000000045e+02
3.699200000000000159e+02
4.063199999999999932e+02
4.064600000000000364e+02
4.075300000000000296e+02
4.091500000000000341e+02
4.102599999999999909e+02
4.102800000000000296e+02
4.104100000000000250e+02
4.105099999999999909e+02
4.107300000000000182e+02
4.107599999999999909e+02
4.110400000000000205e+02
4.111100000000000136e+02
4.113100000000000023e+02
4.125300000000000296e+02
4.127400000000000091e+02
4.131100000000000136e+02
4.134200000000000159e+02
4.137900000000000205e+02
4.139600000000000364e+02
4.143400000000000318e+02
4.149800000000000182e+02
4.150600000000000023e+02
4.151500000000000341e+02
4.152599999999999909e+02
4.171500000000000341e+02
4.174700000000000273e+02
4.178799999999999955e+02
4.185300000000000296e+02
4.197900000000000205e+02
4.201200000000000045e+02
4.201500000000000341e+02
4.567500000000000000e+02
4.569800000000000182e+02
4.579700000000000273e+02
4.585400000000000205e+02
4.586200000000000045e+02
4.589800000000000182e+02
4.594499999999999886e+02
4.598899999999999864e+02
4.603400000000000318e+02
4.604300000000000068e+02
4.606999999999999886e+02
4.610300000000000296e+02
4.611700000000000159e+02
4.612400000000000091e+02
4.613500000000000227e+02
4.616700000000000159e+02
4.623899999999999864e+02
4.627100000000000364e+02
4.632300000000000182e+02
4.635799999999999841e+02
4.638199999999999932e+02
4.638700000000000045e+02
4.646299999999999955e+02
4.656700000000000159e+02
4.658199999999999932e+02
4.658799999999999955e+02
4.661600000000000250e+02
4.663600000000000136e+02
4.667100000000000364e+02
4.673299999999999841e+02
4.676899999999999977e+02
4.684399999999999977e+02
4.685400000000000205e+02
4.695799999999999841e+02
4.695900000000000318e+02
4.698899999999999864e+02
4.710600000000000023e+02
5.038600000000000136e+02
5.056500000000000341e+02
5.074900000000000091e+02
5.080000000000000000e+02
5.086000000000000227e+02
5.090400000000000205e+02
5.095000000000000000e+02
5.095699999999999932e+02
5.113400000000000318e+02
5.117300000000000182e+02
5.117500000000000000e+02
5.118199999999999932e+02
5.121499999999999773e+02
5.130199999999999818e+02
5.136599999999999682e+02
5.137799999999999727e+02
5.138100000000000591e+02
5.148899999999999864e+02
5.148999999999999773e+02
5.160099999999999909e+02
5.176699999999999591e+02
5.177000000000000455e+02
5.183200000000000500e+02
5.185199999999999818e+02
5.186699999999999591e+02
5.193400000000000318e+02
5.195000000000000000e+02
5.567500000000000000e+02
5.567699999999999818e+02
5.570000000000000000e+02
5.571100000000000136e+02
5.580399999999999636e+02
5.586599999999999682e+02
5.587100000000000364e+02
5.593799999999999955e+02
5.596000000000000227e+02
5.596200000000000045e+02
5.601499999999999773e+02
5.601800000000000637e+02
5.602500000000000000e+02
5.604300000000000637e+02
5.610900000000000318e+02
5.611299999999999955e+02
5.617400000000000091e+02
5.618600000000000136e+02
5.628700000000000045e+02
5.629099999999999682e+02
5.640700000000000500e+02
5.644300000000000637e+02
5.648200000000000500e+02
5.650700000000000500e+02
5.650900000000000318e+02
5.651299999999999955e+02
5.653500000000000227e+02
5.660399999999999636e+02
5.667400000000000091e+02
5.671399999999999864e+02
5.672000000000000455e+02
5.674300000000000637e+02
5.681499999999999773e+02
5.681499999999999773e+02
5.697200000000000273e+02
5.705199999999999818e+02
5.709800000000000182e+02
5.719900000000000091e+02
6.051499999999999773e+02
6.056299999999999955e+02
6.057799999999999727e+02
6.058999999999999773e+02
6.059300000000000637e+02
6.069900000000000091e+02
6.081000000000000227e+02
6.082799999999999727e+02
6.087899999999999636e+02
6.088400000000000318e+02
6.089900000000000091e+02
6.091800000000000637e+02
6.101399999999999864e+02
6.103300000000000409e+02
6.106900000000000546e+02
6.112699999999999818e+02
6.116599999999999682e+02
6.118999999999999773e+02
6.123400000000000318e+02
6.124400000000000546e+02
6.125500000000000682e+02
6.126499999999999773e+02
6.136499999999999773e+02
6.139099999999999682e+02
6.141499999999999773e+02
6.145399999999999636e+02
6.155000000000000000e+02
6.158799999999999955e+02
6.162100000000000364e+02
6.163200000000000500e+02
6.183300000000000409e+02
6.184400000000000546e+02
6.187300000000000182e+02
6.538999999999999773e+02
6.570199999999999818e+02
6.573999999999999773e+02
6.574700000000000273e+02
6.577200000000000273e+02
6.586399999999999864e+02
6.589099999999999682e+02
6.590299999999999727e+02
6.593100000000000591e+02
6.599800000000000182e+02
6.605099999999999909e+02
6.605199999999999818e+02
6.605299999999999727e+02
6.609099999999999682e+02
6.612200000000000273e+02
6.618899999999999864e+02
6.627200000000000273e+02
6.628200000000000500e+02
6.631900000000000546e+02
6.633400000000000318e+02
6.639800000000000182e+02
6.640000000000000000e+02
6.643400000000000318e+02
6.648100000000000591e+02
6.651499999999999773e+02
6.653300000000000409e+02
6.654300000000000637e+02
6.655000000000000000e+02
6.656000000000000227e+02
6.662699999999999818e+02
6.668600000000000136e+02
6.669300000000000637e+02
6.672799999999999727e+02
6.674600000000000364e+02
6.678300000000000409e+02
6.692200000000000273e+02
6.722300000000000182e+02
7.042100000000000364e+02
7.052899999999999636e+02
7.056100000000000136e+02
7.069700000000000273e+02
7.081100000000000136e+02
7.087400000000000091e+02
7.097400000000000091e+02
7.098999999999999773e+02
7.101399999999999864e+02
7.103799999999999955e+02
7.108000000000000682e+02
7.113200000000000500e+02
7.116000000000000227e+02
7.122200000000000273e+02
7.123500000000000227e+02
7.124099999999999682e+02
7.128600000000000136e+02
7.128700000000000045e+02
7.131499999999999773e+02
7.140500000000000682e+02
7.149600000000000364e+02
7.151399999999999864e+02
7.152599999999999909e+02
7.155500000000000682e+02
7.178400000000000318e+02
7.180399999999999636e+02
7.185099999999999909e+02
7.192699999999999818e+02
7.193000000000000682e+02
7.204800000000000182e+02
7.226699999999999591e+02
7.526100000000000136e+02
7.558899999999999864e+02
7.560900000000000318e+02
7.562500000000000000e+02
7.565700000000000500e+02
7.575000000000000000e+02
7.591200000000000045e+02
7.594199999999999591e+02
7.596599999999999682e+02
7.598899999999999864e+02
7.599600000000000364e+02
7.599900000000000091e+02
7.619700000000000273e+02
7.627200000000000273e+02
7.631599999999999682e+02
7.634199999999999591e+02
7.640600000000000591e+02
7.644800000000000182e+02
7.645199999999999818e+02
7.646000000000000227e+02
7.656000000000000227e+02
7.661000000000000227e+02
7.664099999999999682e+02
7.671399999999999864e+02
7.677699999999999818e+02
7.686800000000000637e+02
7.690900000000000318e+02
7.696599999999999682e+02
7.711499999999999773e+02
7.723000000000000682e+02
8.041200000000000045e+02
8.059900000000000091e+02
8.062500000000000000e+02
8.064300000000000637e+02
8.068200000000000500e+02
8.071900000000000546e+02
8.085500000000000682e+02
8.086100000000000136e+02
8.087200000000000273e+02
8.090099999999999909e+02
8.097599999999999909e+02
8.098200000000000500e+02
8.103200000000000500e+02
8.109400000000000546e+02
8.113799999999999955e+02
8.113999999999999773e+02
8.117500000000000000e+02
8.118200000000000500e+02
8.135199999999999818e+02
8.135399999999999636e+02
8.140099999999999909e+02
8.140399999999999636e+02
8.150900000000000318e+02
8.151900000000000546e+02
8.158700000000000045e+02
8.161499999999999773e+02
8.162899999999999636e+02
8.174800000000000182e+02
8.176100000000000136e+02
8.177100000000000364e+02
8.177400000000000091e+02
8.177500000000000000e+02
8.180500000000000682e+02
8.200500000000000682e+02
8.226200000000000045e+02
8.507100000000000364e+02
8.533200000000000500e+02
8.544800000000000182e+02
8.565299999999999727e+02
8.568000000000000682e+02
8.570600000000000591e+02
8.574900000000000091e+02
8.578200000000000500e+02
8.580900000000000318e+02
8.584200000000000728e+02
8.587300000000000182e+02
8.592300000000000182e+02
8.603700000000000045e+02
8.604600000000000364e+02
8.605000000000000000e+02
8.605700000000000500e+02
8.615399999999999636e+02
8.615900000000000318e+02
8.617899999999999636e+02
8.619200000000000728e+02
8.627799999999999727e+02
8.628100000000000591e+02
8.629400000000000546e+02
8.632500000000000000e+02
8.633400000000000318e+02
8.649600000000000364e+02
8.651200000000000045e+02
8.652300000000000182e+02
8.660600000000000591e+02
8.663300000000000409e+02
8.669500000000000455e+02
8.679200000000000728e+02
8.697699999999999818e+02
9.021100000000000136e+02
9.036299999999999955e+02
9.049200000000000728e+02
9.063100000000000591e+02
9.070000000000000000e+02
9.078400000000000318e+02
9.079600000000000364e+02
9.086800000000000637e+02
9.091200000000000045e+02
9.101000000000000227e+02
9.101800000000000637e+02
9.102300000000000182e+02
9.104300000000000637e+02
9.104900000000000091e+02
9.117100000000000364e+02
9.120600000000000591e+02
9.121399999999999864e+02
9.132200000000000273e+02
9.133400000000000318e+02
9.138100000000000591e+02
9.138300000000000409e+02
9.144500000000000455e+02
9.150700000000000500e+02
9.155000000000000000e+02
9.157799999999999727e+02
9.159099999999999682e+02
9.162699999999999818e+02
9.187799999999999727e+02
9.193200000000000500e+02
9.215900000000000318e+02
9.216499999999999773e+02
9.244099999999999682e+02
9.528799999999999955e+02
9.543200000000000500e+02
9.552100000000000364e+02
9.553500000000000227e+02
9.560800000000000409e+02
9.574700000000000273e+02
9.575099999999999909e+02
9.578700000000000045e+02
9.583200000000000500e+02
9.595500000000000682e+02
9.597000000000000455e+02
9.612000000000000455e+02
9.612300000000000182e+02
9.614400000000000546e+02
9.615099999999999909e+02
9.619700000000000273e+02
9.620700000000000500e+02
9.626299999999999955e+02
9.629800000000000182e+02
9.633500000000000227e+02
9.638700000000000045e+02
9.651800000000000637e+02
9.658999999999999773e+02
9.659500000000000455e+02
9.660399999999999636e+02
9.664300000000000637e+02
9.682400000000000091e+02
9.682699999999999818e+02
9.691700000000000728e+02
9.694600000000000364e+02
