1.646999999999999886e+01
2.016000000000000014e+01
2.806000000000000227e+01
3.033000000000000185e+01
3.236999999999999744e+01
3.810000000000000142e+01
7.428000000000000114e+01
7.650000000000000000e+01
8.287000000000000455e+01
8.868000000000000682e+01
1.170300000000000011e+02
1.270400000000000063e+02
1.570600000000000023e+02
1.649600000000000080e+02
1.774500000000000171e+02
1.894000000000000057e+02
2.016200000000000045e+02
2.074000000000000057e+02
2.563100000000000023e+02
2.604100000000000250e+02
2.658000000000000114e+02
2.758100000000000023e+02
2.944800000000000182e+02
3.039599999999999795e+02
3.061100000000000136e+02
3.221500000000000341e+02
3.323400000000000318e+02
3.523799999999999955e+02
3.673199999999999932e+02
3.945099999999999909e+02
4.049300000000000068e+02
4.095900000000000318e+02
4.147800000000000296e+02
4.278799999999999955e+02
4.350199999999999818e+02
4.760199999999999818e+02
4.955600000000000023e+02
5.073899999999999864e+02
5.167200000000000273e+02
5.215299999999999727e+02
5.296399999999999864e+02
5.379400000000000546e+02
5.517500000000000000e+02
5.629099999999999682e+02
5.798100000000000591e+02
6.061699999999999591e+02
6.303899999999999864e+02
6.443600000000000136e+02
6.699700000000000273e+02
6.799099999999999682e+02
6.921499999999999773e+02
7.040199999999999818e+02
7.085500000000000682e+02
7.107400000000000091e+02
7.208999999999999773e+02
7.265199999999999818e+02
7.287500000000000000e+02
7.365000000000000000e+02
7.413000000000000682e+02
7.450900000000000318e+02
7.472599999999999909e+02
7.588400000000000318e+02
7.667000000000000455e+02
7.690399999999999636e+02
7.750299999999999727e+02
7.871599999999999682e+02
8.013400000000000318e+02
8.395900000000000318e+02
8.617100000000000364e+02
8.641100000000000136e+02
8.661599999999999682e+02
8.842000000000000455e+02
8.896800000000000637e+02
8.920500000000000682e+02
8.957799999999999727e+02
9.000500000000000682e+02
9.181100000000000136e+02
9.524099999999999682e+02
9.664900000000000091e+02
9.828700000000000045e+02
9.908300000000000409e+02
8.240000000000000213e+00
1.393999999999999950e+01
2.410999999999999943e+01
2.817999999999999972e+01
3.402000000000000313e+01
3.782999999999999829e+01
3.996999999999999886e+01
4.217000000000000171e+01
4.418999999999999773e+01
4.798000000000000398e+01
5.417999999999999972e+01
5.625000000000000000e+01
6.399000000000000199e+01
6.823999999999999488e+01
7.207999999999999829e+01
7.451000000000000512e+01
8.037000000000000455e+01
8.423999999999999488e+01
9.437999999999999545e+01
1.045300000000000011e+02
1.065799999999999983e+02
1.086200000000000045e+02
1.107400000000000091e+02
1.167400000000000091e+02
1.205700000000000074e+02
1.243200000000000074e+02
1.263400000000000034e+02
1.489099999999999966e+02
1.524799999999999898e+02
1.567299999999999898e+02
1.605200000000000102e+02
1.626200000000000045e+02
1.803499999999999943e+02
1.830500000000000114e+02
1.850900000000000034e+02
1.871400000000000148e+02
1.903600000000000136e+02
1.924699999999999989e+02
1.945300000000000011e+02
2.005800000000000125e+02
2.030900000000000034e+02
2.125500000000000114e+02
2.164600000000000080e+02
2.206200000000000045e+02
2.227199999999999989e+02
2.247700000000000102e+02
2.289099999999999966e+02
2.311700000000000159e+02
2.332199999999999989e+02
2.367000000000000171e+02
2.390200000000000102e+02
2.525399999999999920e+02
2.565600000000000023e+02
2.609100000000000250e+02
2.648500000000000227e+02
2.669200000000000159e+02
2.708100000000000023e+02
2.732699999999999818e+02
2.773299999999999841e+02
2.808100000000000023e+02
2.869200000000000159e+02
2.889800000000000182e+02
2.994800000000000182e+02
3.015199999999999818e+02
3.086899999999999977e+02
3.109800000000000182e+02
3.147400000000000091e+02
3.208400000000000318e+02
3.254700000000000273e+02
3.307500000000000000e+02
3.517200000000000273e+02
3.549800000000000182e+02
3.570699999999999932e+02
3.656999999999999886e+02
3.697300000000000182e+02
3.799000000000000341e+02
3.871399999999999864e+02
3.891800000000000068e+02
3.929900000000000091e+02
3.989499999999999886e+02
4.052100000000000364e+02
4.157500000000000000e+02
4.191100000000000136e+02
4.233500000000000227e+02
4.451600000000000250e+02
4.471999999999999886e+02
4.494700000000000273e+02
4.522599999999999909e+02
4.543400000000000318e+02
4.573500000000000227e+02
4.653400000000000318e+02
4.733199999999999932e+02
4.762599999999999909e+02
4.813299999999999841e+02
4.834000000000000341e+02
4.862599999999999909e+02
4.913000000000000114e+02
4.933600000000000136e+02
4.962400000000000091e+02
5.072400000000000091e+02
5.212599999999999909e+02
5.283700000000000045e+02
5.315000000000000000e+02
5.356000000000000227e+02
5.388400000000000318e+02
5.414800000000000182e+02
5.445199999999999818e+02
5.526499999999999773e+02
5.605399999999999636e+02
5.645099999999999909e+02
5.666000000000000227e+02
5.686699999999999591e+02
5.716800000000000637e+02
5.787400000000000091e+02
5.807799999999999727e+02
5.874900000000000091e+02
5.915299999999999727e+02
6.027899999999999636e+02
6.078200000000000500e+02
6.158300000000000409e+02
6.187699999999999818e+02
6.236399999999999864e+02
6.292599999999999909e+02
6.492400000000000091e+02
6.512799999999999727e+02
6.570299999999999727e+02
6.630900000000000318e+02
6.731699999999999591e+02
6.759400000000000546e+02
6.779800000000000182e+02
6.912200000000000273e+02
6.975299999999999727e+02
7.035299999999999727e+02
7.121599999999999682e+02
7.160600000000000591e+02
7.193300000000000409e+02
7.221100000000000136e+02
7.379099999999999682e+02
7.460600000000000591e+02
7.481100000000000136e+02
7.537200000000000273e+02
7.622200000000000273e+02
7.642599999999999909e+02
7.718300000000000409e+02
7.781200000000000045e+02
7.858100000000000591e+02
8.038200000000000500e+02
8.058600000000000136e+02
8.143200000000000500e+02
8.165800000000000409e+02
8.201000000000000227e+02
8.224700000000000273e+02
8.299600000000000364e+02
8.381399999999999864e+02
8.446200000000000045e+02
8.601900000000000546e+02
8.747100000000000364e+02
8.963200000000000500e+02
9.005700000000000500e+02
9.026299999999999955e+02
9.105800000000000409e+02
9.144099999999999682e+02
9.165600000000000591e+02
9.245399999999999636e+02
9.345600000000000591e+02
9.365800000000000409e+02
9.386299999999999955e+02
9.406800000000000637e+02
9.445199999999999818e+02
9.527799999999999727e+02
9.548000000000000682e+02
9.687000000000000455e+02
9.768100000000000591e+02
9.828500000000000227e+02
9.848999999999999773e+02
9.927799999999999727e+02
9.948300000000000409e+02
3.990000000000000213e+00
9.830000000000000071e+00
1.383999999999999986e+01
1.587000000000000099e+01
1.800000000000000000e+01
2.180000000000000071e+01
2.608999999999999986e+01
3.209000000000000341e+01
3.417999999999999972e+01
3.782999999999999829e+01
4.011999999999999744e+01
4.214000000000000057e+01
5.780000000000000426e+01
6.214000000000000057e+01
6.415999999999999659e+01
6.796999999999999886e+01
7.010000000000000853e+01
7.398999999999999488e+01
7.806000000000000227e+01
8.193000000000000682e+01
8.396000000000000796e+01
8.781000000000000227e+01
9.220000000000000284e+01
9.431000000000000227e+01
1.019699999999999989e+02
1.040300000000000011e+02
1.118500000000000085e+02
1.138700000000000045e+02
1.179900000000000091e+02
1.221299999999999955e+02
1.260400000000000063e+02
1.399500000000000171e+02
1.420500000000000114e+02
1.457500000000000000e+02
1.540300000000000011e+02
1.560600000000000023e+02
1.581100000000000136e+02
1.601299999999999955e+02
1.699500000000000171e+02
1.720000000000000000e+02
1.779799999999999898e+02
1.861500000000000057e+02
1.900200000000000102e+02
1.921299999999999955e+02
1.960600000000000023e+02
2.040999999999999943e+02
2.080099999999999909e+02
2.100699999999999932e+02
2.121400000000000148e+02
2.141899999999999977e+02
2.163000000000000114e+02
2.196400000000000148e+02
2.297500000000000000e+02
2.336200000000000045e+02
2.358499999999999943e+02
2.379099999999999966e+02
2.417800000000000011e+02
2.458300000000000125e+02
2.479600000000000080e+02
2.500100000000000193e+02
2.597500000000000000e+02
2.736800000000000068e+02
2.778700000000000045e+02
2.836500000000000341e+02
2.860600000000000023e+02
2.881200000000000045e+02
2.902599999999999909e+02
2.938100000000000023e+02
2.958600000000000136e+02
2.979399999999999977e+02
3.054700000000000273e+02
3.096700000000000159e+02
3.123799999999999955e+02
3.176000000000000227e+02
3.216500000000000341e+02
3.237099999999999795e+02
3.279700000000000273e+02
3.336800000000000068e+02
3.362400000000000091e+02
3.436999999999999886e+02
3.457699999999999818e+02
3.515000000000000000e+02
3.536299999999999955e+02
3.566100000000000136e+02
3.615699999999999932e+02
3.657300000000000182e+02
3.678000000000000114e+02
3.713500000000000227e+02
3.762900000000000205e+02
3.783299999999999841e+02
3.904200000000000159e+02
3.955000000000000000e+02
3.975300000000000296e+02
4.001500000000000341e+02
4.021899999999999977e+02
4.096100000000000136e+02
4.152699999999999818e+02
4.193299999999999841e+02
4.294800000000000182e+02
4.333600000000000136e+02
4.355699999999999932e+02
4.376200000000000045e+02
4.405699999999999932e+02
4.456999999999999886e+02
4.511700000000000159e+02
4.634700000000000273e+02
4.655099999999999909e+02
4.682900000000000205e+02
4.713299999999999841e+02
4.778000000000000114e+02
4.843899999999999864e+02
4.866200000000000045e+02
4.886600000000000250e+02
4.934399999999999977e+02
4.960099999999999909e+02
5.013799999999999955e+02
5.061999999999999886e+02
5.115799999999999841e+02
5.174400000000000546e+02
5.236100000000000136e+02
5.256499999999999773e+02
5.293500000000000227e+02
5.374199999999999591e+02
5.405399999999999636e+02
5.425900000000000318e+02
5.494900000000000091e+02
5.522599999999999909e+02
5.633000000000000682e+02
5.664099999999999682e+02
5.684700000000000273e+02
5.724500000000000455e+02
5.752599999999999909e+02
5.824600000000000364e+02
5.892899999999999636e+02
5.913300000000000409e+02
5.946299999999999955e+02
5.991900000000000546e+02
6.012699999999999818e+02
6.045099999999999909e+02
6.093200000000000500e+02
6.183600000000000136e+02
6.215000000000000000e+02
6.235500000000000682e+02
6.295500000000000682e+02
6.344300000000000637e+02
6.366399999999999864e+02
6.393200000000000500e+02
6.430000000000000000e+02
6.453799999999999955e+02
6.474300000000000637e+02
6.506200000000000045e+02
6.553799999999999955e+02
6.587400000000000091e+02
6.633500000000000227e+02
6.672699999999999818e+02
6.727000000000000455e+02
6.752699999999999818e+02
6.791699999999999591e+02
6.812100000000000364e+02
6.873500000000000227e+02
6.893899999999999864e+02
6.928200000000000500e+02
6.993200000000000500e+02
7.025099999999999909e+02
7.086699999999999591e+02
7.106900000000000546e+02
7.131699999999999591e+02
7.172599999999999909e+02
7.214800000000000182e+02
7.292400000000000091e+02
7.312899999999999636e+02
7.333700000000000045e+02
7.367200000000000273e+02
7.388600000000000136e+02
7.423899999999999864e+02
7.446499999999999773e+02
7.467000000000000455e+02
7.505199999999999818e+02
7.525700000000000500e+02
7.546499999999999773e+02
7.586299999999999955e+02
7.648700000000000045e+02
7.729800000000000182e+02
7.750800000000000409e+02
7.808200000000000500e+02
7.852200000000000273e+02
7.890399999999999636e+02
7.927000000000000455e+02
7.967899999999999636e+02
7.988899999999999864e+02
8.009500000000000455e+02
8.030099999999999909e+02
8.052100000000000364e+02
8.108200000000000500e+02
8.132200000000000273e+02
8.167300000000000182e+02
8.191000000000000227e+02
8.230600000000000591e+02
8.252799999999999727e+02
8.288100000000000591e+02
8.308600000000000136e+02
8.329300000000000637e+02
8.389800000000000182e+02
8.411700000000000728e+02
8.432899999999999636e+02
8.469200000000000728e+02
8.489400000000000546e+02
8.531200000000000045e+02
8.568799999999999955e+02
8.589500000000000455e+02
8.610000000000000000e+02
8.632599999999999909e+02
8.687400000000000091e+02
8.707599999999999909e+02
8.769099999999999682e+02
8.791200000000000045e+02
8.850199999999999818e+02
8.870500000000000682e+02
8.891499999999999773e+02
8.930600000000000591e+02
9.007300000000000182e+02
9.049600000000000364e+02
9.073200000000000500e+02
9.108799999999999955e+02
9.130199999999999818e+02
9.150500000000000682e+02
9.170700000000000500e+02
9.207599999999999909e+02
9.247400000000000091e+02
9.267699999999999818e+02
9.328899999999999864e+02
9.352100000000000364e+02
9.390800000000000409e+02
9.411100000000000136e+02
9.447300000000000182e+02
9.488600000000000136e+02
9.508799999999999955e+02
9.529300000000000637e+02
9.549800000000000182e+02
9.588700000000000045e+02
9.611599999999999682e+02
9.631900000000000546e+02
9.666900000000000546e+02
9.689800000000000182e+02
9.768000000000000682e+02
9.806299999999999955e+02
9.847799999999999727e+02
9.907599999999999909e+02
9.928100000000000591e+02
9.950000000000000000e+02
5.990000000000000213e+00
8.080000000000000071e+00
1.020000000000000107e+01
1.390000000000000036e+01
1.783999999999999986e+01
1.996000000000000085e+01
2.387000000000000099e+01
2.589000000000000057e+01
2.996999999999999886e+01
3.392999999999999972e+01
3.598000000000000398e+01
3.985999999999999943e+01
4.574000000000000199e+01
5.355000000000000426e+01
5.567999999999999972e+01
5.941000000000000369e+01
6.360999999999999943e+01
6.575000000000000000e+01
6.781000000000000227e+01
7.387999999999999545e+01
7.754999999999999716e+01
7.965999999999999659e+01
8.173000000000000398e+01
8.378000000000000114e+01
8.587000000000000455e+01
8.792000000000000171e+01
9.749000000000000909e+01
9.954999999999999716e+01
1.018500000000000085e+02
1.057100000000000080e+02
1.077600000000000051e+02
1.115799999999999983e+02
1.138900000000000006e+02
1.194099999999999966e+02
1.219000000000000057e+02
1.275900000000000034e+02
1.296200000000000045e+02
1.355399999999999920e+02
1.391899999999999977e+02
1.412599999999999909e+02
1.433600000000000136e+02
1.454699999999999989e+02
1.474900000000000091e+02
1.532299999999999898e+02
1.555099999999999909e+02
1.575399999999999920e+02
1.595999999999999943e+02
1.629699999999999989e+02
1.651200000000000045e+02
1.671899999999999977e+02
1.692299999999999898e+02
1.714900000000000091e+02
1.751500000000000057e+02
1.792299999999999898e+02
1.875500000000000114e+02
1.930600000000000023e+02
2.047100000000000080e+02
2.087700000000000102e+02
2.108400000000000034e+02
2.149000000000000057e+02
2.170600000000000023e+02
2.215099999999999909e+02
2.252400000000000091e+02
2.305900000000000034e+02
2.332400000000000091e+02
2.368700000000000045e+02
2.408300000000000125e+02
2.431299999999999955e+02
2.451800000000000068e+02
2.492199999999999989e+02
2.529399999999999977e+02
2.567300000000000182e+02
2.591800000000000068e+02
2.651299999999999955e+02
2.743299999999999841e+02
2.766999999999999886e+02
2.787500000000000000e+02
2.869900000000000091e+02
2.953299999999999841e+02
2.984599999999999795e+02
3.012200000000000273e+02
3.070400000000000205e+02
3.113299999999999841e+02
3.168299999999999841e+02
3.224499999999999886e+02
3.245099999999999909e+02
3.301200000000000045e+02
3.342699999999999818e+02
3.383799999999999955e+02
3.450799999999999841e+02
3.501700000000000159e+02
3.522300000000000182e+02
3.570799999999999841e+02
3.591000000000000227e+02
3.623600000000000136e+02
3.648899999999999864e+02
3.682699999999999818e+02
3.809200000000000159e+02
3.861299999999999955e+02
3.889200000000000159e+02
3.909600000000000364e+02
3.940900000000000318e+02
3.968000000000000114e+02
3.988400000000000318e+02
4.040799999999999841e+02
4.061200000000000045e+02
4.108700000000000045e+02
4.137200000000000273e+02
4.158100000000000023e+02
4.187200000000000273e+02
4.228100000000000023e+02
4.279399999999999977e+02
4.385500000000000114e+02
4.428400000000000318e+02
4.458700000000000045e+02
4.548000000000000114e+02
4.616200000000000045e+02
4.646399999999999864e+02
4.702900000000000205e+02
4.745000000000000000e+02
4.765400000000000205e+02
4.796700000000000159e+02
4.836800000000000068e+02
4.886700000000000159e+02
4.953299999999999841e+02
5.034900000000000091e+02
5.080799999999999841e+02
5.104700000000000273e+02
5.134099999999999682e+02
5.204400000000000546e+02
5.224900000000000091e+02
5.245600000000000591e+02
5.266100000000000136e+02
5.311800000000000637e+02
5.501299999999999955e+02
5.524500000000000455e+02
5.572400000000000091e+02
5.593100000000000591e+02
5.632500000000000000e+02
5.681399999999999864e+02
5.830900000000000318e+02
5.863999999999999773e+02
5.885000000000000000e+02
5.943400000000000318e+02
5.964199999999999591e+02
5.993000000000000682e+02
6.067500000000000000e+02
6.088000000000000682e+02
6.108999999999999773e+02
6.166000000000000227e+02
6.199800000000000182e+02
6.249700000000000273e+02
6.321699999999999591e+02
6.359500000000000455e+02
6.441200000000000045e+02
6.488600000000000136e+02
6.520199999999999818e+02
6.547699999999999818e+02
6.578600000000000136e+02
6.626599999999999682e+02
6.680600000000000591e+02
6.701100000000000136e+02
6.745299999999999727e+02
6.777300000000000182e+02
6.820399999999999636e+02
6.840800000000000409e+02
6.864500000000000455e+02
6.903000000000000682e+02
6.924400000000000546e+02
7.058799999999999955e+02
7.141299999999999955e+02
7.177100000000000364e+02
7.203799999999999955e+02
7.281900000000000546e+02
7.337500000000000000e+02
7.364700000000000273e+02
7.385199999999999818e+02
7.460600000000000591e+02
7.503600000000000136e+02
7.540900000000000318e+02
7.616900000000000546e+02
7.662300000000000182e+02
7.700500000000000682e+02
7.720800000000000409e+02
7.741599999999999682e+02
7.776100000000000136e+02
7.858500000000000227e+02
7.878999999999999773e+02
7.902599999999999909e+02
7.936100000000000136e+02
7.956700000000000728e+02
7.998600000000000136e+02
8.061399999999999864e+02
8.115900000000000318e+02
8.138999999999999773e+02
8.193500000000000227e+02
8.279200000000000728e+02
8.316900000000000546e+02
8.338799999999999955e+02
8.373500000000000227e+02
8.396399999999999864e+02
8.453799999999999955e+02
8.475199999999999818e+02
8.514099999999999682e+02
8.538200000000000500e+02
8.574500000000000455e+02
8.594800000000000182e+02
8.615199999999999818e+02
8.736100000000000136e+02
8.776499999999999773e+02
8.816599999999999682e+02
8.856599999999999682e+02
8.894600000000000364e+02
8.954500000000000455e+02
9.032699999999999818e+02
9.053600000000000136e+02
9.094800000000000182e+02
9.131100000000000136e+02
9.154400000000000546e+02
9.175000000000000000e+02
9.211599999999999682e+02
9.290199999999999818e+02
9.353799999999999955e+02
9.409400000000000546e+02
9.432500000000000000e+02
9.471299999999999955e+02
9.549200000000000728e+02
9.573300000000000409e+02
9.593600000000000136e+02
9.651200000000000045e+02
9.710099999999999909e+02
9.731100000000000136e+02
9.830099999999999909e+02
9.850800000000000409e+02
9.871000000000000227e+02
9.928700000000000045e+02
9.950000000000000000e+02
9.971800000000000637e+02
9.992100000000000364e+02
4.200000000000000178e+00
1.191999999999999993e+01
1.578000000000000114e+01
2.771000000000000085e+01
3.578999999999999915e+01
3.785000000000000142e+01
4.186999999999999744e+01
4.391000000000000369e+01
4.739999999999999858e+01
5.167999999999999972e+01
5.374000000000000199e+01
5.762000000000000455e+01
5.967000000000000171e+01
7.921999999999999886e+01
9.160000000000000853e+01
9.924000000000000909e+01
1.031299999999999955e+02
1.092000000000000028e+02
1.134000000000000057e+02
1.194399999999999977e+02
1.293700000000000045e+02
1.348499999999999943e+02
1.446599999999999966e+02
1.487000000000000171e+02
1.527199999999999989e+02
1.588000000000000114e+02
1.667500000000000000e+02
1.705900000000000034e+02
1.726299999999999955e+02
1.888199999999999932e+02
1.921700000000000159e+02
2.085900000000000034e+02
2.124600000000000080e+02
2.199600000000000080e+02
2.244699999999999989e+02
2.299699999999999989e+02
2.322800000000000011e+02
2.357599999999999909e+02
2.378000000000000114e+02
2.398400000000000034e+02
2.502600000000000193e+02
2.563199999999999932e+02
2.741800000000000068e+02
2.815500000000000114e+02
2.856800000000000068e+02
2.994100000000000250e+02
3.038199999999999932e+02
3.074700000000000273e+02
3.095000000000000000e+02
3.218600000000000136e+02
3.250300000000000296e+02
3.335699999999999932e+02
3.375799999999999841e+02
3.431500000000000341e+02
3.514599999999999795e+02
3.567099999999999795e+02
3.614000000000000341e+02
3.695000000000000000e+02
3.755400000000000205e+02
3.776000000000000227e+02
3.865300000000000296e+02
3.972599999999999909e+02
4.053299999999999841e+02
4.103799999999999955e+02
4.149499999999999886e+02
4.211800000000000068e+02
4.249499999999999886e+02
4.281500000000000341e+02
4.329000000000000341e+02
4.370699999999999932e+02
4.481600000000000250e+02
4.508600000000000136e+02
4.530099999999999909e+02
4.746899999999999977e+02
4.878600000000000136e+02
4.936899999999999977e+02
4.996600000000000250e+02
5.092700000000000387e+02
5.172999999999999545e+02
5.205600000000000591e+02
5.384300000000000637e+02
5.405000000000000000e+02
5.483799999999999955e+02
5.511599999999999682e+02
5.542599999999999909e+02
5.642000000000000455e+02
5.670000000000000000e+02
5.719199999999999591e+02
5.783799999999999955e+02
5.867500000000000000e+02
5.958700000000000045e+02
5.979199999999999591e+02
6.018300000000000409e+02
6.144099999999999682e+02
6.257599999999999909e+02
6.363300000000000409e+02
6.383799999999999955e+02
6.870099999999999909e+02
6.897300000000000182e+02
7.015700000000000500e+02
7.036399999999999864e+02
7.091399999999999864e+02
7.117899999999999636e+02
7.138300000000000409e+02
7.255900000000000318e+02
7.334900000000000091e+02
7.388100000000000591e+02
7.489700000000000273e+02
7.510700000000000500e+02
7.543500000000000227e+02
7.606399999999999864e+02
7.705299999999999727e+02
7.784099999999999682e+02
7.926100000000000136e+02
7.950099999999999909e+02
8.027200000000000273e+02
8.144800000000000182e+02
8.167799999999999727e+02
8.205700000000000500e+02
8.227500000000000000e+02
8.304800000000000182e+02
8.384700000000000273e+02
8.462100000000000364e+02
8.483000000000000682e+02
8.521200000000000045e+02
8.544500000000000455e+02
8.565299999999999727e+02
8.617500000000000000e+02
8.720099999999999909e+02
8.800700000000000500e+02
8.821700000000000728e+02
8.860299999999999727e+02
8.940299999999999727e+02
8.961200000000000045e+02
9.175800000000000409e+02
9.215500000000000682e+02
9.315099999999999909e+02
9.374800000000000182e+02
9.436299999999999955e+02
9.472400000000000091e+02
9.493200000000000500e+02
9.530199999999999818e+02
9.852100000000000364e+02
9.909200000000000728e+02
9.991000000000000227e+02
8.199999999999999289e+00
1.962999999999999901e+01
3.953999999999999915e+01
8.134000000000000341e+01
1.583300000000000125e+02
1.721200000000000045e+02
1.938400000000000034e+02
2.037300000000000182e+02
2.156700000000000159e+02
2.233400000000000034e+02
2.768000000000000114e+02
3.266000000000000227e+02
3.544499999999999886e+02
3.620600000000000023e+02
3.916999999999999886e+02
3.967500000000000000e+02
4.471999999999999886e+02
4.728600000000000136e+02
4.909300000000000068e+02
5.222100000000000364e+02
5.261499999999999773e+02
6.032100000000000364e+02
6.410700000000000500e+02
7.240500000000000682e+02
8.013100000000000591e+02
8.037400000000000091e+02
9.083799999999999955e+02
9.299200000000000728e+02
9.696499999999999773e+02
9.852900000000000773e+02
9.951000000000000227e+02
1.300000000000000000e+02
4.976399999999999864e+02
6.176800000000000637e+02
9.917000000000000171e+01
1.455500000000000114e+02
2.307000000000000171e+02
2.971899999999999977e+02
4.832100000000000364e+02
5.243899999999999864e+02
6.105299999999999727e+02
6.827300000000000182e+02
