4.669999999999999929e+00
1.022000000000000064e+01
1.889000000000000057e+01
2.982000000000000028e+01
3.674000000000000199e+01
3.968999999999999773e+01
7.087999999999999545e+01
7.410000000000000853e+01
7.412999999999999545e+01
9.018999999999999773e+01
1.033799999999999955e+02
1.162100000000000080e+02
1.334699999999999989e+02
1.345699999999999932e+02
1.377599999999999909e+02
1.504300000000000068e+02
1.525399999999999920e+02
1.561700000000000159e+02
1.579000000000000057e+02
1.769000000000000057e+02
1.814799999999999898e+02
1.933199999999999932e+02
2.098300000000000125e+02
2.125699999999999932e+02
2.191899999999999977e+02
2.359399999999999977e+02
2.371800000000000068e+02
2.457100000000000080e+02
2.483300000000000125e+02
2.571899999999999977e+02
2.718899999999999864e+02
2.752599999999999909e+02
2.946700000000000159e+02
2.968500000000000227e+02
3.038199999999999932e+02
3.055300000000000296e+02
3.101700000000000159e+02
3.105400000000000205e+02
3.166600000000000250e+02
3.270500000000000114e+02
3.337800000000000296e+02
3.411899999999999977e+02
3.454100000000000250e+02
3.527500000000000000e+02
3.559700000000000273e+02
3.662300000000000182e+02
3.668299999999999841e+02
3.717099999999999795e+02
3.822800000000000296e+02
3.841100000000000136e+02
3.938400000000000318e+02
4.055900000000000318e+02
4.062100000000000364e+02
4.144900000000000091e+02
4.235000000000000000e+02
4.249100000000000250e+02
4.313700000000000045e+02
4.343299999999999841e+02
4.353000000000000114e+02
4.374900000000000091e+02
4.396500000000000341e+02
4.571000000000000227e+02
4.797599999999999909e+02
4.850300000000000296e+02
4.868199999999999932e+02
5.173100000000000591e+02
5.185800000000000409e+02
5.233400000000000318e+02
5.295900000000000318e+02
5.296800000000000637e+02
5.334099999999999682e+02
5.432599999999999909e+02
5.434300000000000637e+02
5.630399999999999636e+02
6.167200000000000273e+02
6.311299999999999955e+02
6.569700000000000273e+02
6.618799999999999955e+02
6.675199999999999818e+02
6.782699999999999818e+02
6.840299999999999727e+02
6.853400000000000318e+02
7.383000000000000682e+02
7.404099999999999682e+02
7.537899999999999636e+02
7.925700000000000500e+02
7.992899999999999636e+02
8.098100000000000591e+02
8.141100000000000136e+02
8.271200000000000045e+02
8.419099999999999682e+02
8.445099999999999909e+02
8.593200000000000500e+02
8.614900000000000091e+02
8.778100000000000591e+02
8.847899999999999636e+02
8.893999999999999773e+02
9.044600000000000364e+02
9.131100000000000136e+02
9.361900000000000546e+02
9.397799999999999727e+02
9.543700000000000045e+02
9.603200000000000500e+02
9.672300000000000182e+02
9.673999999999999773e+02
9.794400000000000546e+02
9.908899999999999864e+02
9.956599999999999682e+02
