4.469999999999999751e+00
5.580000000000000071e+00
6.379999999999999893e+00
6.440000000000000391e+00
6.500000000000000000e+00
7.490000000000000213e+00
1.147000000000000064e+01
1.456000000000000050e+01
1.565000000000000036e+01
2.258999999999999986e+01
2.341000000000000014e+01
2.544999999999999929e+01
2.855000000000000071e+01
2.858000000000000185e+01
2.951000000000000156e+01
2.953000000000000114e+01
2.965000000000000213e+01
3.062999999999999901e+01
3.246999999999999886e+01
3.421999999999999886e+01
3.746999999999999886e+01
3.842999999999999972e+01
4.042999999999999972e+01
4.046000000000000085e+01
4.070000000000000284e+01
4.077000000000000313e+01
4.327000000000000313e+01
4.441000000000000369e+01
4.853000000000000114e+01
5.035999999999999943e+01
5.253000000000000114e+01
5.268999999999999773e+01
5.378999999999999915e+01
5.427000000000000313e+01
5.442000000000000171e+01
5.500000000000000000e+01
5.525000000000000000e+01
5.538000000000000256e+01
5.568999999999999773e+01
5.752000000000000313e+01
5.775000000000000000e+01
5.978999999999999915e+01
6.192000000000000171e+01
6.456000000000000227e+01
6.518999999999999773e+01
6.732999999999999829e+01
7.328000000000000114e+01
7.460999999999999943e+01
7.621999999999999886e+01
8.070000000000000284e+01
8.096000000000000796e+01
8.096999999999999886e+01
8.293999999999999773e+01
8.490000000000000568e+01
8.546999999999999886e+01
8.831000000000000227e+01
8.865999999999999659e+01
9.060000000000000853e+01
9.096999999999999886e+01
9.132999999999999829e+01
9.232999999999999829e+01
9.671000000000000796e+01
9.671999999999999886e+01
1.001200000000000045e+02
1.022500000000000000e+02
1.024900000000000091e+02
1.025000000000000000e+02
1.028100000000000023e+02
1.038599999999999994e+02
1.043200000000000074e+02
1.054300000000000068e+02
1.062100000000000080e+02
1.071899999999999977e+02
1.086800000000000068e+02
1.116400000000000006e+02
1.119699999999999989e+02
1.147600000000000051e+02
1.157100000000000080e+02
1.166200000000000045e+02
1.185300000000000011e+02
1.187400000000000091e+02
1.222699999999999960e+02
1.265000000000000000e+02
1.267699999999999960e+02
1.279800000000000040e+02
1.320500000000000114e+02
1.376599999999999966e+02
1.387899999999999920e+02
1.395500000000000114e+02
1.438100000000000023e+02
1.472599999999999909e+02
1.505000000000000000e+02
1.559399999999999977e+02
1.582299999999999898e+02
1.584200000000000159e+02
1.590500000000000114e+02
1.600500000000000114e+02
1.617599999999999909e+02
1.668100000000000023e+02
1.680500000000000114e+02
1.682700000000000102e+02
1.707000000000000171e+02
1.707100000000000080e+02
1.711100000000000136e+02
1.713799999999999955e+02
1.760800000000000125e+02
1.764699999999999989e+02
1.766200000000000045e+02
1.819200000000000159e+02
1.828300000000000125e+02
1.836800000000000068e+02
1.841100000000000136e+02
1.863900000000000148e+02
1.875500000000000114e+02
1.907899999999999920e+02
1.910300000000000011e+02
1.920000000000000000e+02
1.926700000000000159e+02
1.955300000000000011e+02
1.956700000000000159e+02
1.970399999999999920e+02
1.975500000000000114e+02
2.011299999999999955e+02
2.019699999999999989e+02
2.043100000000000023e+02
2.084200000000000159e+02
2.085200000000000102e+02
2.087800000000000011e+02
2.104900000000000091e+02
2.108900000000000148e+02
2.170699999999999932e+02
2.184699999999999989e+02
2.206500000000000057e+02
2.210900000000000034e+02
2.213400000000000034e+02
2.220600000000000023e+02
2.225099999999999909e+02
2.236899999999999977e+02
2.242800000000000011e+02
2.253000000000000114e+02
2.270300000000000011e+02
2.282000000000000171e+02
2.297199999999999989e+02
2.307599999999999909e+02
2.322899999999999920e+02
2.337300000000000182e+02
2.448199999999999932e+02
2.470200000000000102e+02
2.483600000000000136e+02
2.528600000000000136e+02
2.532199999999999989e+02
2.596800000000000068e+02
2.613400000000000318e+02
2.632599999999999909e+02
2.648999999999999773e+02
2.660400000000000205e+02
2.664399999999999977e+02
2.678100000000000023e+02
2.709100000000000250e+02
2.729499999999999886e+02
2.742200000000000273e+02
2.742500000000000000e+02
2.743899999999999864e+02
2.808299999999999841e+02
2.821000000000000227e+02
2.824100000000000250e+02
2.826100000000000136e+02
2.827900000000000205e+02
2.860000000000000000e+02
2.863199999999999932e+02
2.936800000000000068e+02
2.941800000000000068e+02
2.963000000000000114e+02
2.978799999999999955e+02
2.979200000000000159e+02
3.035699999999999932e+02
3.038700000000000045e+02
3.047300000000000182e+02
3.050699999999999932e+02
3.116100000000000136e+02
3.128100000000000023e+02
3.139300000000000068e+02
3.148899999999999864e+02
3.160699999999999932e+02
3.161000000000000227e+02
3.200500000000000114e+02
3.216600000000000250e+02
3.219100000000000250e+02
3.227300000000000182e+02
3.316899999999999977e+02
3.323600000000000136e+02
3.335799999999999841e+02
3.337800000000000296e+02
3.349900000000000091e+02
3.355799999999999841e+02
3.356200000000000045e+02
3.404399999999999977e+02
3.472200000000000273e+02
3.479700000000000273e+02
3.482099999999999795e+02
3.499499999999999886e+02
3.515300000000000296e+02
3.551899999999999977e+02
3.558400000000000318e+02
3.559900000000000091e+02
3.585500000000000114e+02
3.596899999999999977e+02
3.605699999999999932e+02
3.608700000000000045e+02
3.608700000000000045e+02
3.639599999999999795e+02
3.645600000000000023e+02
3.658400000000000318e+02
3.663600000000000136e+02
3.693600000000000136e+02
3.709300000000000068e+02
3.716399999999999864e+02
3.745699999999999932e+02
3.747200000000000273e+02
3.776500000000000341e+02
3.797599999999999909e+02
3.804599999999999795e+02
3.821000000000000227e+02
3.822099999999999795e+02
3.843700000000000045e+02
3.856399999999999864e+02
3.881600000000000250e+02
3.895500000000000114e+02
3.901899999999999977e+02
3.908000000000000114e+02
3.912400000000000091e+02
3.931700000000000159e+02
3.939000000000000341e+02
3.943600000000000136e+02
3.956399999999999864e+02
3.989200000000000159e+02
4.002400000000000091e+02
4.036200000000000045e+02
4.040199999999999818e+02
4.042300000000000182e+02
4.045799999999999841e+02
4.054100000000000250e+02
4.056399999999999864e+02
4.090600000000000023e+02
4.101000000000000227e+02
4.128400000000000318e+02
4.135699999999999932e+02
4.146200000000000045e+02
4.148799999999999955e+02
4.156600000000000250e+02
4.190600000000000023e+02
4.201899999999999977e+02
4.204499999999999886e+02
4.231100000000000136e+02
4.245300000000000296e+02
4.251000000000000227e+02
4.257599999999999909e+02
4.267400000000000091e+02
4.271000000000000227e+02
4.305300000000000296e+02
4.310600000000000023e+02
4.311100000000000136e+02
4.327400000000000091e+02
4.335500000000000114e+02
4.349700000000000273e+02
4.352599999999999909e+02
4.362400000000000091e+02
4.384700000000000273e+02
4.395799999999999841e+02
4.423199999999999932e+02
4.428199999999999932e+02
4.438600000000000136e+02
4.444100000000000250e+02
4.449900000000000091e+02
4.453000000000000114e+02
4.480600000000000023e+02
4.491299999999999955e+02
4.528700000000000045e+02
4.542800000000000296e+02
4.563100000000000023e+02
4.572200000000000273e+02
4.577400000000000091e+02
4.589300000000000068e+02
4.599399999999999977e+02
4.611299999999999955e+02
4.639700000000000273e+02
4.641399999999999864e+02
4.670300000000000296e+02
4.671700000000000159e+02
4.720300000000000296e+02
4.743700000000000045e+02
4.771999999999999886e+02
4.774399999999999977e+02
4.819200000000000159e+02
4.830500000000000114e+02
4.830900000000000318e+02
4.831700000000000159e+02
4.833299999999999841e+02
4.841399999999999864e+02
4.862699999999999818e+02
4.872200000000000273e+02
4.891700000000000159e+02
4.919900000000000091e+02
4.920500000000000114e+02
4.922500000000000000e+02
4.962800000000000296e+02
4.969900000000000091e+02
4.972200000000000273e+02
4.990500000000000114e+02
5.000500000000000114e+02
5.000900000000000318e+02
5.030500000000000114e+02
5.071899999999999977e+02
5.071899999999999977e+02
5.081299999999999955e+02
5.081500000000000341e+02
5.100099999999999909e+02
5.111399999999999864e+02
5.122200000000000273e+02
5.139500000000000455e+02
5.170399999999999636e+02
5.170499999999999545e+02
5.179300000000000637e+02
5.200199999999999818e+02
5.211299999999999955e+02
5.221000000000000227e+02
5.221399999999999864e+02
5.259700000000000273e+02
5.270900000000000318e+02
5.281900000000000546e+02
5.290900000000000318e+02
5.311299999999999955e+02
5.312100000000000364e+02
5.330499999999999545e+02
5.331800000000000637e+02
5.340600000000000591e+02
5.351599999999999682e+02
5.361900000000000546e+02
5.362000000000000455e+02
5.382500000000000000e+02
5.390099999999999909e+02
5.430499999999999545e+02
5.459800000000000182e+02
5.480800000000000409e+02
5.497699999999999818e+02
5.511299999999999955e+02
5.513200000000000500e+02
5.517799999999999727e+02
5.534500000000000455e+02
5.568600000000000136e+02
5.600299999999999727e+02
5.602100000000000364e+02
5.613000000000000682e+02
5.630299999999999727e+02
5.669199999999999591e+02
5.685199999999999818e+02
5.691399999999999864e+02
5.694700000000000273e+02
5.719900000000000091e+02
5.720700000000000500e+02
5.723400000000000318e+02
5.758899999999999864e+02
5.777200000000000273e+02
5.842699999999999818e+02
5.854600000000000364e+02
5.863799999999999955e+02
5.875000000000000000e+02
5.895199999999999818e+02
5.909300000000000637e+02
5.911100000000000136e+02
5.911399999999999864e+02
5.921200000000000045e+02
5.943799999999999955e+02
5.948300000000000409e+02
5.950700000000000500e+02
5.951299999999999955e+02
5.955199999999999818e+02
5.974500000000000455e+02
5.976299999999999955e+02
5.982500000000000000e+02
6.003500000000000227e+02
6.009800000000000182e+02
6.048999999999999773e+02
6.056200000000000045e+02
6.061100000000000136e+02
6.087000000000000455e+02
6.094199999999999591e+02
6.115199999999999818e+02
6.143700000000000045e+02
6.168200000000000500e+02
6.169800000000000182e+02
6.174300000000000637e+02
6.184099999999999682e+02
6.186000000000000227e+02
6.195900000000000318e+02
6.203300000000000409e+02
6.210299999999999727e+02
6.219800000000000182e+02
6.234500000000000455e+02
6.240700000000000500e+02
6.240800000000000409e+02
6.247200000000000273e+02
6.263000000000000682e+02
6.297500000000000000e+02
6.309900000000000091e+02
6.324600000000000364e+02
6.330900000000000318e+02
6.333700000000000045e+02
6.356699999999999591e+02
6.380099999999999909e+02
6.385500000000000682e+02
6.400500000000000682e+02
6.407799999999999727e+02
6.412500000000000000e+02
6.418899999999999864e+02
6.433300000000000409e+02
6.447599999999999909e+02
6.459300000000000637e+02
6.482200000000000273e+02
6.493200000000000500e+02
6.513500000000000227e+02
6.518100000000000591e+02
6.525600000000000591e+02
6.531299999999999955e+02
6.531900000000000546e+02
6.542200000000000273e+02
6.558700000000000045e+02
6.560000000000000000e+02
6.598200000000000500e+02
6.605199999999999818e+02
6.613500000000000227e+02
6.645199999999999818e+02
6.661900000000000546e+02
6.685299999999999727e+02
6.687300000000000182e+02
6.700299999999999727e+02
6.706699999999999591e+02
6.742300000000000182e+02
6.752300000000000182e+02
6.763300000000000409e+02
6.779400000000000546e+02
6.802500000000000000e+02
6.816000000000000227e+02
6.858799999999999955e+02
6.909400000000000546e+02
6.931299999999999955e+02
6.943500000000000227e+02
6.978200000000000500e+02
7.012500000000000000e+02
7.013400000000000318e+02
7.015800000000000409e+02
7.032599999999999909e+02
7.033799999999999955e+02
7.042799999999999727e+02
7.049500000000000455e+02
7.076200000000000045e+02
7.094700000000000273e+02
7.106599999999999682e+02
7.112699999999999818e+02
7.115600000000000591e+02
7.119300000000000637e+02
7.155700000000000500e+02
7.168200000000000500e+02
7.186399999999999864e+02
7.188300000000000409e+02
7.190900000000000318e+02
7.235000000000000000e+02
7.242699999999999818e+02
7.246699999999999591e+02
7.264300000000000637e+02
7.277599999999999909e+02
7.287200000000000273e+02
7.293700000000000045e+02
7.303000000000000682e+02
7.304400000000000546e+02
7.317400000000000091e+02
7.337699999999999818e+02
7.339800000000000182e+02
7.386499999999999773e+02
7.413999999999999773e+02
7.419400000000000546e+02
7.421499999999999773e+02
7.463899999999999864e+02
7.508400000000000318e+02
7.517899999999999636e+02
7.574199999999999591e+02
7.598600000000000136e+02
7.599900000000000091e+02
7.602300000000000182e+02
7.642500000000000000e+02
7.643000000000000682e+02
7.654300000000000637e+02
7.658799999999999955e+02
7.683000000000000682e+02
7.692699999999999818e+02
7.724600000000000364e+02
7.732500000000000000e+02
7.744400000000000546e+02
7.788700000000000045e+02
7.790500000000000682e+02
7.797500000000000000e+02
7.839400000000000546e+02
7.884800000000000182e+02
7.906499999999999773e+02
7.934200000000000728e+02
7.976499999999999773e+02
7.984900000000000091e+02
7.988600000000000136e+02
8.017200000000000273e+02
8.032400000000000091e+02
8.041700000000000728e+02
8.078999999999999773e+02
8.079400000000000546e+02
8.097699999999999818e+02
8.103100000000000591e+02
8.106100000000000136e+02
8.144600000000000364e+02
8.152200000000000273e+02
8.238400000000000318e+02
8.239900000000000091e+02
8.243899999999999864e+02
8.270199999999999818e+02
8.290900000000000318e+02
8.302000000000000455e+02
8.311900000000000546e+02
8.351499999999999773e+02
8.364400000000000546e+02
8.371200000000000045e+02
8.386399999999999864e+02
8.400399999999999636e+02
8.421399999999999864e+02
8.424800000000000182e+02
8.456700000000000728e+02
8.464800000000000182e+02
8.498400000000000318e+02
8.504200000000000728e+02
8.513300000000000409e+02
8.524500000000000455e+02
8.531800000000000637e+02
8.596499999999999773e+02
8.597799999999999727e+02
8.614099999999999682e+02
8.621900000000000546e+02
8.623799999999999955e+02
8.659300000000000637e+02
8.693100000000000591e+02
8.737400000000000091e+02
8.745299999999999727e+02
8.763000000000000682e+02
8.773300000000000409e+02
8.781599999999999682e+02
8.837699999999999818e+02
8.843500000000000227e+02
8.868000000000000682e+02
8.879900000000000091e+02
8.900500000000000682e+02
8.918899999999999864e+02
8.941399999999999864e+02
8.945099999999999909e+02
8.959700000000000273e+02
8.978200000000000500e+02
8.981100000000000136e+02
8.995199999999999818e+02
9.053899999999999864e+02
9.060600000000000591e+02
9.088100000000000591e+02
9.139500000000000455e+02
9.146399999999999864e+02
9.147300000000000182e+02
9.171700000000000728e+02
9.268700000000000045e+02
9.308799999999999955e+02
9.355800000000000409e+02
9.367699999999999818e+02
9.382300000000000182e+02
9.448000000000000682e+02
9.483000000000000682e+02
9.494600000000000364e+02
9.508799999999999955e+02
9.523899999999999864e+02
9.530399999999999636e+02
9.547200000000000273e+02
9.549099999999999682e+02
9.595900000000000318e+02
9.598700000000000045e+02
9.616700000000000728e+02
9.617100000000000364e+02
9.622500000000000000e+02
9.668799999999999955e+02
9.687000000000000455e+02
9.694099999999999682e+02
9.707100000000000364e+02
9.723000000000000682e+02
9.768200000000000500e+02
9.769500000000000455e+02
9.787000000000000455e+02
9.796299999999999955e+02
9.808400000000000318e+02
9.856499999999999773e+02
9.866299999999999955e+02
9.876399999999999864e+02
9.896900000000000546e+02
9.907100000000000364e+02
9.976900000000000546e+02
9.994700000000000273e+02
9.996499999999999773e+02
