1.201999999999999957e+01
1.548000000000000043e+01
1.583999999999999986e+01
1.946000000000000085e+01
2.351000000000000156e+01
2.358000000000000185e+01
2.740000000000000213e+01
2.765000000000000213e+01
2.780000000000000071e+01
2.792000000000000171e+01
3.521999999999999886e+01
3.585000000000000142e+01
4.781000000000000227e+01
5.160999999999999943e+01
5.167999999999999972e+01
5.553000000000000114e+01
7.129000000000000625e+01
7.185000000000000853e+01
8.798000000000000398e+01
9.112999999999999545e+01
9.143000000000000682e+01
9.829999999999999716e+01
9.939000000000000057e+01
1.033100000000000023e+02
1.078700000000000045e+02
1.151200000000000045e+02
1.195700000000000074e+02
1.353700000000000045e+02
1.438199999999999932e+02
1.465399999999999920e+02
1.483799999999999955e+02
1.516800000000000068e+02
1.523300000000000125e+02
1.551100000000000136e+02
1.558199999999999932e+02
1.589799999999999898e+02
1.625399999999999920e+02
1.670300000000000011e+02
1.706400000000000148e+02
1.840800000000000125e+02
1.967500000000000000e+02
1.993400000000000034e+02
2.036700000000000159e+02
2.066500000000000057e+02
2.077700000000000102e+02
2.165699999999999932e+02
2.186200000000000045e+02
2.195099999999999909e+02
2.226700000000000159e+02
2.234200000000000159e+02
2.238100000000000023e+02
2.259000000000000057e+02
2.360999999999999943e+02
2.469099999999999966e+02
2.499800000000000182e+02
2.510300000000000011e+02
2.517500000000000000e+02
2.554300000000000068e+02
2.740500000000000114e+02
2.759200000000000159e+02
2.799499999999999886e+02
2.950799999999999841e+02
2.957800000000000296e+02
2.968799999999999955e+02
2.979800000000000182e+02
2.991700000000000159e+02
3.011500000000000341e+02
3.062400000000000091e+02
3.151200000000000045e+02
3.306000000000000227e+02
3.591700000000000159e+02
3.605400000000000205e+02
3.653899999999999864e+02
3.668299999999999841e+02
3.686999999999999886e+02
3.704599999999999795e+02
3.752300000000000182e+02
3.910600000000000023e+02
3.912200000000000273e+02
3.942599999999999909e+02
4.000500000000000114e+02
4.041899999999999977e+02
4.071299999999999955e+02
4.096899999999999977e+02
4.130799999999999841e+02
4.138000000000000114e+02
4.168400000000000318e+02
4.186200000000000045e+02
4.204100000000000250e+02
4.270199999999999818e+02
4.306100000000000136e+02
4.319399999999999977e+02
4.441399999999999864e+02
4.526700000000000159e+02
4.568199999999999932e+02
4.688299999999999841e+02
4.712300000000000182e+02
4.747500000000000000e+02
4.881000000000000227e+02
4.900099999999999909e+02
4.930099999999999909e+02
4.975300000000000296e+02
4.999600000000000364e+02
5.013199999999999932e+02
5.013299999999999841e+02
5.109600000000000364e+02
5.163600000000000136e+02
5.182400000000000091e+02
5.189700000000000273e+02
5.449600000000000364e+02
5.591200000000000045e+02
5.654800000000000182e+02
5.664900000000000091e+02
5.701200000000000045e+02
5.710600000000000591e+02
5.718700000000000045e+02
5.804300000000000637e+02
5.819500000000000455e+02
5.920700000000000500e+02
5.958200000000000500e+02
6.007200000000000273e+02
6.040399999999999636e+02
6.332200000000000273e+02
6.343500000000000227e+02
6.492799999999999727e+02
6.561599999999999682e+02
6.655700000000000500e+02
6.681599999999999682e+02
6.734900000000000091e+02
6.770700000000000500e+02
6.815099999999999909e+02
6.865700000000000500e+02
6.982599999999999909e+02
7.069800000000000182e+02
7.106800000000000637e+02
7.123200000000000500e+02
7.158999999999999773e+02
7.279900000000000091e+02
7.360199999999999818e+02
7.558999999999999773e+02
7.631499999999999773e+02
7.696900000000000546e+02
7.708400000000000318e+02
7.730600000000000591e+02
7.745199999999999818e+02
7.804700000000000273e+02
7.822699999999999818e+02
7.882699999999999818e+02
7.930199999999999818e+02
7.941200000000000045e+02
7.985900000000000318e+02
7.992100000000000364e+02
8.010500000000000682e+02
8.098200000000000500e+02
8.127400000000000091e+02
8.275700000000000500e+02
8.307899999999999636e+02
8.345600000000000591e+02
8.367300000000000182e+02
8.407200000000000273e+02
8.439800000000000182e+02
8.537100000000000364e+02
8.545800000000000409e+02
8.660900000000000318e+02
8.672400000000000091e+02
8.686200000000000045e+02
8.770299999999999727e+02
8.813700000000000045e+02
8.843700000000000045e+02
8.867100000000000364e+02
8.926399999999999864e+02
8.986599999999999682e+02
9.064400000000000546e+02
9.071700000000000728e+02
9.123100000000000591e+02
9.165600000000000591e+02
9.320600000000000591e+02
9.463000000000000682e+02
9.500399999999999636e+02
9.543100000000000591e+02
9.587699999999999818e+02
9.642200000000000273e+02
9.646499999999999773e+02
9.687599999999999909e+02
9.744500000000000455e+02
9.900900000000000318e+02
9.920400000000000773e+02
9.982699999999999818e+02
9.985600000000000591e+02
