3.470000000000000195e+00
5.250000000000000000e+00
1.792999999999999972e+01
2.485999999999999943e+01
2.596000000000000085e+01
3.099000000000000199e+01
4.342000000000000171e+01
4.470000000000000284e+01
4.630000000000000426e+01
7.575000000000000000e+01
1.083400000000000034e+02
1.126200000000000045e+02
1.262300000000000040e+02
1.339399999999999977e+02
1.374399999999999977e+02
1.405600000000000023e+02
1.513900000000000148e+02
1.827800000000000011e+02
1.843700000000000045e+02
1.848100000000000023e+02
2.012700000000000102e+02
2.051299999999999955e+02
2.274600000000000080e+02
2.407899999999999920e+02
2.486599999999999966e+02
2.512500000000000000e+02
2.554500000000000171e+02
2.563700000000000045e+02
2.624200000000000159e+02
2.651899999999999977e+02
2.664300000000000068e+02
2.668100000000000023e+02
2.748199999999999932e+02
2.871000000000000227e+02
3.330199999999999818e+02
3.576200000000000045e+02
3.611200000000000045e+02
3.619900000000000091e+02
3.758299999999999841e+02
3.982300000000000182e+02
4.121800000000000068e+02
4.298700000000000045e+02
4.475699999999999932e+02
4.526800000000000068e+02
4.615699999999999932e+02
4.700199999999999818e+02
4.782300000000000182e+02
4.928100000000000023e+02
4.960300000000000296e+02
5.080699999999999932e+02
5.195800000000000409e+02
5.303400000000000318e+02
5.384500000000000455e+02
5.515700000000000500e+02
5.669500000000000455e+02
5.868500000000000227e+02
6.247899999999999636e+02
6.417400000000000091e+02
6.439500000000000455e+02
6.463200000000000500e+02
6.595199999999999818e+02
6.625800000000000409e+02
6.723500000000000227e+02
6.847000000000000455e+02
6.945600000000000591e+02
7.008799999999999955e+02
7.028300000000000409e+02
7.113600000000000136e+02
7.249199999999999591e+02
7.328700000000000045e+02
7.465900000000000318e+02
7.754400000000000546e+02
7.968400000000000318e+02
8.042100000000000364e+02
8.043200000000000500e+02
8.127300000000000182e+02
8.240500000000000682e+02
8.311000000000000227e+02
8.358899999999999864e+02
8.382400000000000091e+02
8.442899999999999636e+02
8.558899999999999864e+02
8.579600000000000364e+02
8.680700000000000500e+02
8.711599999999999682e+02
8.765099999999999909e+02
8.879200000000000728e+02
8.913200000000000500e+02
8.941200000000000045e+02
9.006100000000000136e+02
9.080000000000000000e+02
9.171599999999999682e+02
9.272300000000000182e+02
9.278400000000000318e+02
9.309800000000000182e+02
9.331100000000000136e+02
9.352400000000000091e+02
9.361000000000000227e+02
9.378999999999999773e+02
9.396000000000000227e+02
9.498200000000000500e+02
9.697799999999999727e+02
9.727400000000000091e+02
9.913899999999999864e+02
9.993200000000000500e+02
