3.649999999999999911e+00
4.009999999999999787e+00
5.469999999999999751e+00
5.850000000000000533e+00
5.980000000000000426e+00
6.379999999999999893e+00
6.480000000000000426e+00
8.019999999999999574e+00
8.250000000000000000e+00
8.700000000000001066e+00
1.005000000000000071e+01
1.260999999999999943e+01
1.388000000000000078e+01
1.509999999999999964e+01
1.596000000000000085e+01
1.721999999999999886e+01
1.733999999999999986e+01
1.967000000000000171e+01
2.103999999999999915e+01
2.189000000000000057e+01
2.416000000000000014e+01
2.469000000000000128e+01
2.501999999999999957e+01
2.567999999999999972e+01
2.939000000000000057e+01
2.942999999999999972e+01
2.949000000000000199e+01
2.951999999999999957e+01
3.203999999999999915e+01
3.335999999999999943e+01
3.446999999999999886e+01
3.568999999999999773e+01
3.648000000000000398e+01
3.742999999999999972e+01
3.863000000000000256e+01
4.050000000000000000e+01
4.188000000000000256e+01
4.285000000000000142e+01
4.442999999999999972e+01
4.493999999999999773e+01
4.575000000000000000e+01
4.646999999999999886e+01
4.807999999999999829e+01
4.964000000000000057e+01
5.170000000000000284e+01
5.341000000000000369e+01
5.425999999999999801e+01
5.467000000000000171e+01
5.759000000000000341e+01
5.857000000000000028e+01
6.014000000000000057e+01
6.082999999999999829e+01
6.324000000000000199e+01
6.367000000000000171e+01
6.490999999999999659e+01
6.551999999999999602e+01
6.695000000000000284e+01
6.818000000000000682e+01
6.965000000000000568e+01
7.001999999999999602e+01
7.023999999999999488e+01
7.073999999999999488e+01
7.226999999999999602e+01
7.378000000000000114e+01
7.562000000000000455e+01
7.606000000000000227e+01
7.809000000000000341e+01
7.815000000000000568e+01
7.951000000000000512e+01
8.004999999999999716e+01
8.093000000000000682e+01
8.135999999999999943e+01
8.404000000000000625e+01
8.421000000000000796e+01
8.429999999999999716e+01
8.537000000000000455e+01
8.560000000000000853e+01
8.632000000000000739e+01
8.651999999999999602e+01
8.870000000000000284e+01
8.973999999999999488e+01
8.990000000000000568e+01
9.150000000000000000e+01
9.204999999999999716e+01
9.231000000000000227e+01
9.267000000000000171e+01
9.440000000000000568e+01
9.632999999999999829e+01
9.795000000000000284e+01
9.837999999999999545e+01
9.864000000000000057e+01
9.907999999999999829e+01
1.018400000000000034e+02
1.031400000000000006e+02
1.044200000000000017e+02
1.054099999999999966e+02
1.066400000000000006e+02
1.082400000000000091e+02
1.089699999999999989e+02
1.094200000000000017e+02
1.112999999999999972e+02
1.117500000000000000e+02
1.120400000000000063e+02
1.129600000000000080e+02
1.141700000000000017e+02
1.150700000000000074e+02
1.155300000000000011e+02
1.166299999999999955e+02
1.174900000000000091e+02
1.186599999999999966e+02
1.189399999999999977e+02
1.195300000000000011e+02
1.195300000000000011e+02
1.215900000000000034e+02
1.219399999999999977e+02
1.219800000000000040e+02
1.225600000000000023e+02
1.247600000000000051e+02
1.253700000000000045e+02
1.256400000000000006e+02
1.279399999999999977e+02
1.299399999999999977e+02
1.305699999999999932e+02
1.309000000000000057e+02
1.319799999999999898e+02
1.330000000000000000e+02
1.342700000000000102e+02
1.351999999999999886e+02
1.363100000000000023e+02
1.385699999999999932e+02
1.390800000000000125e+02
1.393000000000000114e+02
1.393799999999999955e+02
1.415000000000000000e+02
1.416200000000000045e+02
1.434500000000000171e+02
1.448300000000000125e+02
1.465699999999999932e+02
1.472000000000000171e+02
1.474000000000000057e+02
1.475300000000000011e+02
1.493499999999999943e+02
1.500800000000000125e+02
1.501500000000000057e+02
1.509300000000000068e+02
1.514500000000000171e+02
1.520200000000000102e+02
1.542500000000000000e+02
1.546200000000000045e+02
1.552400000000000091e+02
1.569900000000000091e+02
1.573499999999999943e+02
1.590300000000000011e+02
1.593499999999999943e+02
1.595800000000000125e+02
1.610699999999999932e+02
1.627400000000000091e+02
1.629500000000000171e+02
1.641700000000000159e+02
1.648199999999999932e+02
1.648600000000000136e+02
1.656200000000000045e+02
1.663700000000000045e+02
1.669000000000000057e+02
1.669600000000000080e+02
1.682000000000000171e+02
1.691899999999999977e+02
1.702500000000000000e+02
1.711299999999999955e+02
1.713600000000000136e+02
1.722800000000000011e+02
1.733700000000000045e+02
1.734099999999999966e+02
1.736500000000000057e+02
1.753400000000000034e+02
1.761800000000000068e+02
1.766299999999999955e+02
1.771400000000000148e+02
1.774000000000000057e+02
1.786899999999999977e+02
1.791800000000000068e+02
1.795099999999999909e+02
1.804099999999999966e+02
1.835000000000000000e+02
1.839099999999999966e+02
1.848400000000000034e+02
1.859799999999999898e+02
1.869000000000000057e+02
1.869099999999999966e+02
1.880300000000000011e+02
1.900900000000000034e+02
1.921200000000000045e+02
1.927199999999999989e+02
1.957599999999999909e+02
1.960200000000000102e+02
1.961200000000000045e+02
1.971200000000000045e+02
1.985800000000000125e+02
2.002800000000000011e+02
2.012599999999999909e+02
2.026500000000000057e+02
2.034900000000000091e+02
2.048199999999999932e+02
2.055300000000000011e+02
2.077800000000000011e+02
2.094099999999999966e+02
2.094600000000000080e+02
2.098199999999999932e+02
2.098600000000000136e+02
2.120099999999999909e+02
2.121400000000000148e+02
2.130399999999999920e+02
2.140800000000000125e+02
2.165999999999999943e+02
2.185500000000000114e+02
2.188400000000000034e+02
2.189099999999999966e+02
2.194000000000000057e+02
2.213300000000000125e+02
2.213499999999999943e+02
2.216500000000000057e+02
2.226599999999999966e+02
2.235900000000000034e+02
2.237199999999999989e+02
2.240800000000000125e+02
2.245500000000000114e+02
2.266299999999999955e+02
2.269800000000000182e+02
2.286700000000000159e+02
2.294699999999999989e+02
2.323100000000000023e+02
2.336400000000000148e+02
2.347000000000000171e+02
2.354699999999999989e+02
2.370600000000000023e+02
2.376599999999999966e+02
2.395200000000000102e+02
2.405000000000000000e+02
2.417599999999999909e+02
2.423900000000000148e+02
2.425900000000000034e+02
2.433400000000000034e+02
2.446500000000000057e+02
2.447800000000000011e+02
2.470100000000000193e+02
2.497600000000000193e+02
2.516700000000000159e+02
2.520999999999999943e+02
2.550000000000000000e+02
2.552400000000000091e+02
2.579900000000000091e+02
2.592500000000000000e+02
2.608799999999999955e+02
2.617900000000000205e+02
2.624100000000000250e+02
2.645400000000000205e+02
2.655300000000000296e+02
2.661499999999999773e+02
2.680199999999999818e+02
2.692900000000000205e+02
2.695400000000000205e+02
2.705900000000000318e+02
2.706100000000000136e+02
2.715799999999999841e+02
2.727200000000000273e+02
2.735099999999999909e+02
2.744100000000000250e+02
2.747400000000000091e+02
2.749000000000000341e+02
2.751800000000000068e+02
2.769700000000000273e+02
2.772900000000000205e+02
2.797900000000000205e+02
2.827800000000000296e+02
2.839300000000000068e+02
2.848899999999999864e+02
2.852300000000000182e+02
2.869700000000000273e+02
2.886100000000000136e+02
2.914700000000000273e+02
2.917800000000000296e+02
2.920099999999999909e+02
2.934900000000000091e+02
2.935199999999999818e+02
2.943500000000000227e+02
2.966100000000000136e+02
2.971899999999999977e+02
2.979000000000000341e+02
2.998600000000000136e+02
3.011899999999999977e+02
3.020600000000000023e+02
3.039599999999999795e+02
3.041100000000000136e+02
3.042599999999999909e+02
3.050699999999999932e+02
3.071399999999999864e+02
3.076100000000000136e+02
3.087699999999999818e+02
3.098100000000000023e+02
3.109000000000000341e+02
3.117300000000000182e+02
3.141600000000000250e+02
3.146100000000000136e+02
3.146899999999999977e+02
3.161999999999999886e+02
3.164700000000000273e+02
3.172599999999999909e+02
3.191500000000000341e+02
3.201899999999999977e+02
3.204900000000000091e+02
3.217900000000000205e+02
3.218400000000000318e+02
3.225500000000000114e+02
3.232900000000000205e+02
3.239300000000000068e+02
3.260099999999999909e+02
3.272300000000000182e+02
3.276100000000000136e+02
3.282400000000000091e+02
3.283100000000000023e+02
3.292699999999999818e+02
3.307400000000000091e+02
3.314300000000000068e+02
3.315699999999999932e+02
3.317800000000000296e+02
3.329900000000000091e+02
3.334900000000000091e+02
3.349100000000000250e+02
3.357699999999999818e+02
3.359800000000000182e+02
3.369900000000000091e+02
3.378100000000000023e+02
3.399599999999999795e+02
3.426399999999999864e+02
3.432699999999999818e+02
3.433799999999999955e+02
3.453600000000000136e+02
3.468899999999999864e+02
3.483000000000000114e+02
3.510300000000000296e+02
3.524399999999999977e+02
3.557699999999999818e+02
3.577900000000000205e+02
3.583700000000000045e+02
3.586500000000000341e+02
3.607099999999999795e+02
3.613199999999999932e+02
3.643799999999999955e+02
3.648799999999999955e+02
3.652599999999999909e+02
3.653299999999999841e+02
3.654399999999999977e+02
3.656800000000000068e+02
3.678199999999999932e+02
3.686200000000000045e+02
3.703899999999999864e+02
3.710000000000000000e+02
3.717699999999999818e+02
3.724599999999999795e+02
3.742800000000000296e+02
3.757200000000000273e+02
3.765300000000000296e+02
3.775900000000000318e+02
3.781399999999999864e+02
3.788700000000000045e+02
3.800099999999999909e+02
3.810300000000000296e+02
3.817200000000000273e+02
3.832400000000000091e+02
3.885000000000000000e+02
3.891399999999999864e+02
3.895199999999999818e+02
3.909000000000000341e+02
3.929700000000000273e+02
3.944800000000000182e+02
3.951999999999999886e+02
3.956700000000000159e+02
3.966000000000000227e+02
3.990900000000000318e+02
4.002500000000000000e+02
4.006500000000000341e+02
4.008600000000000136e+02
4.023100000000000023e+02
4.027100000000000364e+02
4.035900000000000318e+02
4.047599999999999909e+02
4.051800000000000068e+02
4.060699999999999932e+02
4.073400000000000318e+02
4.077800000000000296e+02
4.098500000000000227e+02
4.098799999999999955e+02
4.100600000000000023e+02
4.107699999999999818e+02
4.130000000000000000e+02
4.131700000000000159e+02
4.135900000000000318e+02
4.141700000000000159e+02
4.144700000000000273e+02
4.164700000000000273e+02
4.171899999999999977e+02
4.173299999999999841e+02
4.185900000000000318e+02
4.196800000000000068e+02
4.199100000000000250e+02
4.213299999999999841e+02
4.216899999999999977e+02
4.221100000000000136e+02
4.233100000000000023e+02
4.244200000000000159e+02
4.246200000000000045e+02
4.276700000000000159e+02
4.276700000000000159e+02
4.297100000000000364e+02
4.306299999999999955e+02
4.314200000000000159e+02
4.320699999999999932e+02
4.324600000000000364e+02
4.328500000000000227e+02
4.340000000000000000e+02
4.341299999999999955e+02
4.353700000000000045e+02
4.358199999999999932e+02
4.365799999999999841e+02
4.370699999999999932e+02
4.394000000000000341e+02
4.395000000000000000e+02
4.402699999999999818e+02
4.420500000000000114e+02
4.423100000000000023e+02
4.433899999999999864e+02
4.441399999999999864e+02
4.448500000000000227e+02
4.458899999999999864e+02
4.464300000000000068e+02
4.479800000000000182e+02
4.482800000000000296e+02
4.499100000000000250e+02
4.518000000000000114e+02
4.538799999999999955e+02
4.550400000000000205e+02
4.553600000000000136e+02
4.561700000000000159e+02
4.571100000000000136e+02
4.574300000000000068e+02
4.582900000000000205e+02
4.596299999999999955e+02
4.599900000000000091e+02
4.603500000000000227e+02
4.618600000000000136e+02
4.621500000000000341e+02
4.647100000000000364e+02
4.650000000000000000e+02
4.653100000000000023e+02
4.656299999999999955e+02
4.661899999999999977e+02
4.667699999999999818e+02
4.676200000000000045e+02
4.695000000000000000e+02
4.710500000000000114e+02
4.716200000000000045e+02
4.740400000000000205e+02
4.745799999999999841e+02
4.749200000000000159e+02
4.762599999999999909e+02
4.776399999999999864e+02
4.778299999999999841e+02
4.780500000000000114e+02
4.793600000000000136e+02
4.800900000000000318e+02
4.814300000000000068e+02
4.822500000000000000e+02
4.842200000000000273e+02
4.855000000000000000e+02
4.855300000000000296e+02
4.864200000000000159e+02
4.870799999999999841e+02
4.882300000000000182e+02
4.888400000000000318e+02
4.889499999999999886e+02
4.902900000000000205e+02
4.911700000000000159e+02
4.928100000000000023e+02
4.930099999999999909e+02
4.936399999999999864e+02
4.937100000000000364e+02
4.950200000000000387e+02
4.950400000000000205e+02
4.957500000000000000e+02
4.977500000000000000e+02
4.993899999999999864e+02
5.010300000000000296e+02
5.030300000000000296e+02
5.032800000000000296e+02
5.039200000000000159e+02
5.046700000000000159e+02
5.068000000000000114e+02
5.073000000000000114e+02
5.080400000000000205e+02
5.093500000000000227e+02
5.093799999999999955e+02
5.105900000000000318e+02
5.114100000000000250e+02
5.144199999999999591e+02
5.152100000000000364e+02
5.164800000000000182e+02
5.172899999999999636e+02
5.184199999999999591e+02
5.185299999999999727e+02
5.193700000000000045e+02
5.212300000000000182e+02
5.212799999999999727e+02
5.223400000000000318e+02
5.239099999999999682e+02
5.243300000000000409e+02
5.251399999999999864e+02
5.251699999999999591e+02
5.267300000000000182e+02
5.282200000000000273e+02
5.294800000000000182e+02
5.294900000000000091e+02
5.314500000000000455e+02
5.316200000000000045e+02
5.319199999999999591e+02
5.334900000000000091e+02
5.365600000000000591e+02
5.369700000000000273e+02
5.384199999999999591e+02
5.388300000000000409e+02
5.390600000000000591e+02
5.410800000000000409e+02
5.412200000000000273e+02
5.412899999999999636e+02
5.417100000000000364e+02
5.432599999999999909e+02
5.433899999999999864e+02
5.452899999999999636e+02
5.455900000000000318e+02
5.462599999999999909e+02
5.474900000000000091e+02
5.485500000000000682e+02
5.495900000000000318e+02
5.507100000000000364e+02
5.518400000000000318e+02
5.551000000000000227e+02
5.597500000000000000e+02
5.598100000000000591e+02
5.606000000000000227e+02
5.626100000000000136e+02
5.652599999999999909e+02
5.670900000000000318e+02
5.691699999999999591e+02
5.704600000000000364e+02
5.724400000000000546e+02
5.726000000000000227e+02
5.732300000000000182e+02
5.757100000000000364e+02
5.762400000000000091e+02
5.778700000000000045e+02
5.796000000000000227e+02
5.800099999999999909e+02
5.812000000000000455e+02
5.816100000000000136e+02
5.858999999999999773e+02
5.874800000000000182e+02
5.881399999999999864e+02
5.885500000000000682e+02
5.900199999999999818e+02
5.901800000000000637e+02
5.909600000000000364e+02
5.913100000000000591e+02
5.933600000000000136e+02
5.967599999999999909e+02
5.984400000000000546e+02
6.000500000000000682e+02
6.015600000000000591e+02
6.033600000000000136e+02
6.037200000000000273e+02
6.058999999999999773e+02
6.059199999999999591e+02
6.074600000000000364e+02
6.076699999999999591e+02
6.097200000000000273e+02
6.104099999999999682e+02
6.111100000000000136e+02
6.117200000000000273e+02
6.121200000000000045e+02
6.126399999999999864e+02
6.129700000000000273e+02
6.143999999999999773e+02
6.163700000000000045e+02
6.168300000000000409e+02
6.188000000000000682e+02
6.194300000000000637e+02
6.198899999999999864e+02
6.209099999999999682e+02
6.216499999999999773e+02
6.229099999999999682e+02
6.237300000000000182e+02
6.243799999999999955e+02
6.246399999999999864e+02
6.257799999999999727e+02
6.265399999999999636e+02
6.270600000000000591e+02
6.286200000000000045e+02
6.300600000000000591e+02
6.302400000000000091e+02
6.307500000000000000e+02
6.308999999999999773e+02
6.315800000000000409e+02
6.333899999999999864e+02
6.343700000000000045e+02
6.370700000000000500e+02
6.378000000000000682e+02
6.399300000000000637e+02
6.402300000000000182e+02
6.417200000000000273e+02
6.421200000000000045e+02
6.423799999999999955e+02
6.446599999999999682e+02
6.455800000000000409e+02
6.458400000000000318e+02
6.474099999999999682e+02
6.478200000000000500e+02
6.498799999999999955e+02
6.513600000000000136e+02
6.519099999999999682e+02
6.521599999999999682e+02
6.533899999999999864e+02
6.539700000000000273e+02
6.558600000000000136e+02
6.560000000000000000e+02
6.568200000000000500e+02
6.582799999999999727e+02
6.603200000000000500e+02
6.605099999999999909e+02
6.630900000000000318e+02
6.646699999999999591e+02
6.649600000000000364e+02
6.651399999999999864e+02
6.664900000000000091e+02
6.671000000000000227e+02
6.680299999999999727e+02
6.687500000000000000e+02
6.693000000000000682e+02
6.703100000000000591e+02
6.709199999999999591e+02
6.715700000000000500e+02
6.719199999999999591e+02
6.723500000000000227e+02
6.752200000000000273e+02
6.768300000000000409e+02
6.783500000000000227e+02
6.803300000000000409e+02
6.814099999999999682e+02
6.819600000000000364e+02
6.830399999999999636e+02
6.838200000000000500e+02
6.845199999999999818e+02
6.861299999999999955e+02
6.869800000000000182e+02
6.888500000000000227e+02
6.901100000000000136e+02
6.943100000000000591e+02
6.955299999999999727e+02
6.965600000000000591e+02
6.972300000000000182e+02
6.973700000000000045e+02
6.986100000000000136e+02
6.998500000000000227e+02
7.001200000000000045e+02
7.005299999999999727e+02
7.021200000000000045e+02
7.025000000000000000e+02
7.038400000000000318e+02
7.059700000000000273e+02
7.075800000000000409e+02
7.090700000000000500e+02
7.093100000000000591e+02
7.095000000000000000e+02
7.108000000000000682e+02
7.123200000000000500e+02
7.123500000000000227e+02
7.127300000000000182e+02
7.131299999999999955e+02
7.149300000000000637e+02
7.159099999999999682e+02
7.161900000000000546e+02
7.176800000000000637e+02
7.178500000000000227e+02
7.195600000000000591e+02
7.198000000000000682e+02
7.227899999999999636e+02
7.228799999999999955e+02
7.233400000000000318e+02
7.233700000000000045e+02
7.239900000000000091e+02
7.258799999999999955e+02
7.260399999999999636e+02
7.267100000000000364e+02
7.287899999999999636e+02
7.292799999999999727e+02
7.302300000000000182e+02
7.310500000000000682e+02
7.314199999999999591e+02
7.315099999999999909e+02
7.336699999999999591e+02
7.343700000000000045e+02
7.345700000000000500e+02
7.351200000000000045e+02
7.368300000000000409e+02
7.372599999999999909e+02
7.375299999999999727e+02
7.381000000000000227e+02
7.392100000000000364e+02
7.393200000000000500e+02
7.399900000000000091e+02
7.421699999999999591e+02
7.429400000000000546e+02
7.432799999999999727e+02
7.442400000000000091e+02
7.459800000000000182e+02
7.472500000000000000e+02
7.490099999999999909e+02
7.493400000000000318e+02
7.533500000000000227e+02
7.534800000000000182e+02
7.536200000000000045e+02
7.567000000000000455e+02
7.584300000000000637e+02
7.606299999999999955e+02
7.607000000000000455e+02
7.624600000000000364e+02
7.627699999999999818e+02
7.651399999999999864e+02
7.651900000000000546e+02
7.653300000000000409e+02
7.691599999999999682e+02
7.717400000000000091e+02
7.717699999999999818e+02
7.718700000000000045e+02
7.723500000000000227e+02
7.745299999999999727e+02
7.754600000000000364e+02
7.758300000000000409e+02
7.760199999999999818e+02
7.774099999999999682e+02
7.779099999999999682e+02
7.781100000000000136e+02
7.796700000000000728e+02
7.808000000000000682e+02
7.820800000000000409e+02
7.823400000000000318e+02
7.831800000000000637e+02
7.832100000000000364e+02
7.832699999999999818e+02
7.845000000000000000e+02
7.852000000000000455e+02
7.873799999999999955e+02
7.876599999999999682e+02
7.888000000000000682e+02
7.889099999999999682e+02
7.899900000000000091e+02
7.905099999999999909e+02
7.914800000000000182e+02
7.915399999999999636e+02
7.920700000000000500e+02
7.979500000000000455e+02
7.986200000000000045e+02
8.002400000000000091e+02
8.011000000000000227e+02
8.013799999999999955e+02
8.022799999999999727e+02
8.030500000000000682e+02
8.048300000000000409e+02
8.064600000000000364e+02
8.092200000000000273e+02
8.095099999999999909e+02
8.112599999999999909e+02
8.136200000000000045e+02
8.144900000000000091e+02
8.157899999999999636e+02
8.162599999999999909e+02
8.162699999999999818e+02
8.183400000000000318e+02
8.184300000000000637e+02
8.194800000000000182e+02
8.213899999999999864e+02
8.228400000000000318e+02
8.235900000000000318e+02
8.239500000000000455e+02
8.258100000000000591e+02
8.258999999999999773e+02
8.278700000000000045e+02
8.284600000000000364e+02
8.287200000000000273e+02
8.298700000000000045e+02
8.309200000000000728e+02
8.317599999999999909e+02
8.320000000000000000e+02
8.338200000000000500e+02
8.345900000000000318e+02
8.347799999999999727e+02
8.362300000000000182e+02
8.366299999999999955e+02
8.378500000000000227e+02
8.388899999999999864e+02
8.402699999999999818e+02
8.411900000000000546e+02
8.424700000000000273e+02
8.430800000000000409e+02
8.435700000000000500e+02
8.465600000000000591e+02
8.475700000000000500e+02
8.489500000000000455e+02
8.495299999999999727e+02
8.515099999999999909e+02
8.536100000000000136e+02
8.543500000000000227e+02
8.547200000000000273e+02
8.561399999999999864e+02
8.563500000000000227e+02
8.588200000000000500e+02
8.600600000000000591e+02
8.608899999999999864e+02
8.618600000000000136e+02
8.628200000000000500e+02
8.655099999999999909e+02
8.658799999999999955e+02
8.664800000000000182e+02
8.688999999999999773e+02
8.690000000000000000e+02
8.703400000000000318e+02
8.714300000000000637e+02
8.725500000000000682e+02
8.739300000000000637e+02
8.750000000000000000e+02
8.764600000000000364e+02
8.764600000000000364e+02
8.787400000000000091e+02
8.789700000000000273e+02
8.798799999999999955e+02
8.812899999999999636e+02
8.813100000000000591e+02
8.822200000000000273e+02
8.834700000000000273e+02
8.843999999999999773e+02
8.847500000000000000e+02
8.851000000000000227e+02
8.858300000000000409e+02
8.868700000000000045e+02
8.869900000000000091e+02
8.871599999999999682e+02
8.884200000000000728e+02
8.889400000000000546e+02
8.903300000000000409e+02
8.903600000000000136e+02
8.907599999999999909e+02
8.928799999999999955e+02
8.939500000000000455e+02
8.944500000000000455e+02
8.947500000000000000e+02
8.962200000000000273e+02
8.964500000000000455e+02
8.972899999999999636e+02
8.978300000000000409e+02
8.985900000000000318e+02
9.000299999999999727e+02
9.005800000000000409e+02
9.026599999999999682e+02
9.032000000000000455e+02
9.034400000000000546e+02
9.038899999999999864e+02
9.048300000000000409e+02
9.057200000000000273e+02
9.075399999999999636e+02
9.078999999999999773e+02
9.083100000000000591e+02
9.090099999999999909e+02
9.100800000000000409e+02
9.115800000000000409e+02
9.116000000000000227e+02
9.121399999999999864e+02
9.127100000000000364e+02
9.134600000000000364e+02
9.157500000000000000e+02
9.157899999999999636e+02
9.159700000000000273e+02
9.211399999999999864e+02
9.219400000000000546e+02
9.233799999999999955e+02
9.237799999999999727e+02
9.259500000000000455e+02
9.264600000000000364e+02
9.280500000000000682e+02
9.280800000000000409e+02
9.301499999999999773e+02
9.309600000000000364e+02
9.320600000000000591e+02
9.336700000000000728e+02
9.359300000000000637e+02
9.359400000000000546e+02
9.365399999999999636e+02
9.382000000000000455e+02
9.383400000000000318e+02
9.385700000000000500e+02
9.407599999999999909e+02
9.411800000000000637e+02
9.427200000000000273e+02
9.433100000000000591e+02
9.434400000000000546e+02
9.438000000000000682e+02
9.441100000000000136e+02
9.456200000000000045e+02
9.470299999999999727e+02
9.486700000000000728e+02
9.489700000000000273e+02
9.510700000000000500e+02
9.521700000000000728e+02
9.540000000000000000e+02
9.553899999999999864e+02
9.560600000000000591e+02
9.582300000000000182e+02
9.590800000000000409e+02
9.606800000000000637e+02
9.612699999999999818e+02
9.622300000000000182e+02
9.631499999999999773e+02
9.645000000000000000e+02
9.668200000000000500e+02
9.670800000000000409e+02
9.690099999999999909e+02
9.705800000000000409e+02
9.709400000000000546e+02
9.713600000000000136e+02
9.731299999999999955e+02
9.742699999999999818e+02
9.750900000000000318e+02
9.753799999999999955e+02
9.775000000000000000e+02
9.776200000000000045e+02
9.781900000000000546e+02
9.810099999999999909e+02
9.811200000000000045e+02
9.821900000000000546e+02
9.830600000000000591e+02
9.840099999999999909e+02
9.842799999999999727e+02
9.863500000000000227e+02
9.895099999999999909e+02
9.905400000000000773e+02
9.932200000000000273e+02
9.934800000000000182e+02
9.957100000000000364e+02
9.965400000000000773e+02
9.968899999999999864e+02
9.991299999999999955e+02
9.995500000000000682e+02
