8.310000000000000497e+00
5.705000000000000426e+01
4.069000000000000341e+02
4.536800000000000068e+02
4.559900000000000091e+02
5.023600000000000136e+02
5.081500000000000341e+02
5.574500000000000455e+02
6.061100000000000136e+02
6.551399999999999864e+02
6.551299999999999955e+02
7.512799999999999727e+02
7.565299999999999727e+02
8.017599999999999909e+02
8.053300000000000409e+02
8.076599999999999682e+02
8.513300000000000409e+02
9.061900000000000546e+02
9.512300000000000182e+02
9.553799999999999955e+02
7.250000000000000000e+00
8.349999999999999645e+00
9.570000000000000284e+00
1.185999999999999943e+01
1.388000000000000078e+01
1.593999999999999950e+01
1.796000000000000085e+01
2.025000000000000000e+01
2.417999999999999972e+01
5.705000000000000426e+01
5.880000000000000426e+01
6.088000000000000256e+01
6.292000000000000171e+01
6.515000000000000568e+01
6.735999999999999943e+01
6.996999999999999886e+01
7.200000000000000000e+01
7.404000000000000625e+01
1.085900000000000034e+02
1.117500000000000000e+02
1.144200000000000017e+02
1.164699999999999989e+02
1.184800000000000040e+02
1.205000000000000000e+02
1.225199999999999960e+02
1.566200000000000045e+02
1.594600000000000080e+02
1.614900000000000091e+02
1.635500000000000114e+02
1.655699999999999932e+02
1.677000000000000171e+02
1.700500000000000114e+02
1.722000000000000171e+02
2.056700000000000159e+02
2.081100000000000136e+02
2.104399999999999977e+02
2.125900000000000034e+02
2.146400000000000148e+02
2.167100000000000080e+02
2.188199999999999932e+02
2.208600000000000136e+02
2.229000000000000057e+02
2.577300000000000182e+02
2.620199999999999818e+02
2.640900000000000318e+02
2.661399999999999864e+02
2.685600000000000023e+02
2.714399999999999977e+02
3.073899999999999864e+02
3.096000000000000227e+02
3.120099999999999909e+02
3.140500000000000114e+02
3.160699999999999932e+02
3.187099999999999795e+02
3.209700000000000273e+02
3.576500000000000341e+02
3.597099999999999795e+02
3.617699999999999818e+02
3.640000000000000000e+02
3.661700000000000159e+02
3.682400000000000091e+02
3.702599999999999909e+02
3.727800000000000296e+02
4.057400000000000091e+02
4.082900000000000205e+02
4.103100000000000023e+02
4.123400000000000318e+02
4.143500000000000227e+02
4.163899999999999864e+02
4.184300000000000068e+02
4.204800000000000182e+02
4.536800000000000068e+02
4.554100000000000250e+02
4.560300000000000296e+02
4.585300000000000296e+02
4.614499999999999886e+02
4.634700000000000273e+02
4.655000000000000000e+02
4.675900000000000318e+02
4.696200000000000045e+02
5.023600000000000136e+02
5.054600000000000364e+02
5.074800000000000182e+02
5.081800000000000068e+02
5.096399999999999864e+02
5.117900000000000205e+02
5.137999999999999545e+02
5.158200000000000500e+02
5.178799999999999955e+02
5.210199999999999818e+02
5.557799999999999727e+02
5.578200000000000500e+02
5.598400000000000318e+02
5.619800000000000182e+02
5.645800000000000409e+02
5.675399999999999636e+02
6.054400000000000546e+02
6.088600000000000136e+02
6.108899999999999864e+02
6.129300000000000637e+02
6.149700000000000273e+02
6.169900000000000091e+02
6.191299999999999955e+02
6.547100000000000364e+02
6.551299999999999955e+02
6.578400000000000318e+02
6.598899999999999864e+02
6.619099999999999682e+02
6.639300000000000637e+02
6.661800000000000637e+02
6.682899999999999636e+02
6.712400000000000091e+02
7.052000000000000455e+02
7.079700000000000273e+02
7.099900000000000091e+02
7.120199999999999818e+02
7.145800000000000409e+02
7.166100000000000136e+02
7.188899999999999864e+02
7.512799999999999727e+02
7.533200000000000500e+02
7.562100000000000364e+02
7.584900000000000091e+02
7.605600000000000591e+02
7.638100000000000591e+02
7.658200000000000500e+02
7.678300000000000409e+02
7.718100000000000591e+02
8.017599999999999909e+02
8.067799999999999727e+02
8.088000000000000682e+02
8.108100000000000591e+02
8.128400000000000318e+02
8.148600000000000136e+02
8.170399999999999636e+02
8.191200000000000045e+02
8.513300000000000409e+02
8.520900000000000318e+02
8.541100000000000136e+02
8.561299999999999955e+02
8.581700000000000728e+02
8.608999999999999773e+02
8.631800000000000637e+02
8.661000000000000227e+02
8.684800000000000182e+02
9.022300000000000182e+02
9.045900000000000318e+02
9.068000000000000682e+02
9.088799999999999955e+02
9.109099999999999682e+02
9.134400000000000546e+02
9.154600000000000364e+02
9.179500000000000455e+02
9.512500000000000000e+02
9.533899999999999864e+02
9.554099999999999682e+02
9.578899999999999864e+02
9.599400000000000546e+02
9.619500000000000455e+02
9.640500000000000682e+02
9.660700000000000500e+02
9.680900000000000318e+02
7.290000000000000036e+00
9.620000000000000995e+00
1.341000000000000014e+01
1.614999999999999858e+01
1.817000000000000171e+01
2.030999999999999872e+01
5.705000000000000426e+01
5.881000000000000227e+01
6.187000000000000455e+01
6.392999999999999972e+01
6.740999999999999659e+01
7.004000000000000625e+01
7.207999999999999829e+01
7.415999999999999659e+01
1.086500000000000057e+02
1.117800000000000011e+02
1.144699999999999989e+02
1.179800000000000040e+02
1.201000000000000085e+02
1.225000000000000000e+02
1.566200000000000045e+02
1.594900000000000091e+02
1.615300000000000011e+02
1.636899999999999977e+02
1.659200000000000159e+02
1.679399999999999977e+02
1.700999999999999943e+02
2.056800000000000068e+02
2.081299999999999955e+02
2.105099999999999909e+02
2.126299999999999955e+02
2.146899999999999977e+02
2.169500000000000171e+02
2.191599999999999966e+02
2.226700000000000159e+02
2.577300000000000182e+02
2.621700000000000159e+02
2.642300000000000182e+02
2.663299999999999841e+02
2.686499999999999773e+02
2.715500000000000114e+02
3.074200000000000159e+02
3.096399999999999864e+02
3.121200000000000045e+02
3.149200000000000159e+02
3.188000000000000114e+02
3.576899999999999977e+02
3.607099999999999795e+02
3.640600000000000023e+02
3.662500000000000000e+02
3.690799999999999841e+02
3.728400000000000318e+02
4.057400000000000091e+02
4.084000000000000341e+02
4.104399999999999977e+02
4.134000000000000341e+02
4.154200000000000159e+02
4.178199999999999932e+02
4.216399999999999864e+02
4.536800000000000068e+02
4.554100000000000250e+02
4.586500000000000341e+02
4.615099999999999909e+02
4.635300000000000296e+02
4.657599999999999909e+02
4.677800000000000296e+02
4.698100000000000023e+02
5.023700000000000045e+02
5.054800000000000182e+02
5.075099999999999909e+02
5.096999999999999886e+02
5.118600000000000136e+02
5.138700000000000045e+02
5.158999999999999773e+02
5.188500000000000227e+02
5.212500000000000000e+02
5.565399999999999636e+02
5.592599999999999909e+02
5.614099999999999682e+02
5.646499999999999773e+02
5.676399999999999864e+02
6.054800000000000182e+02
6.088999999999999773e+02
6.109300000000000637e+02
6.129600000000000364e+02
6.151599999999999682e+02
6.172100000000000364e+02
6.196100000000000136e+02
6.547300000000000182e+02
6.551299999999999955e+02
6.578500000000000227e+02
6.600500000000000682e+02
6.620700000000000500e+02
6.641000000000000227e+02
6.662300000000000182e+02
6.687000000000000455e+02
6.713100000000000591e+02
7.052200000000000273e+02
7.080199999999999818e+02
7.100399999999999636e+02
7.120900000000000318e+02
7.147699999999999818e+02
7.197000000000000455e+02
7.512799999999999727e+02
7.533400000000000318e+02
7.563000000000000682e+02
7.585199999999999818e+02
7.606100000000000136e+02
7.639300000000000637e+02
7.659500000000000455e+02
7.679700000000000273e+02
8.017599999999999909e+02
8.068100000000000591e+02
8.088300000000000409e+02
8.108400000000000318e+02
8.147400000000000091e+02
8.182200000000000273e+02
8.513300000000000409e+02
8.520900000000000318e+02
8.541100000000000136e+02
8.561399999999999864e+02
8.582699999999999818e+02
8.609600000000000364e+02
8.641800000000000637e+02
8.662400000000000091e+02
8.685500000000000682e+02
9.029200000000000728e+02
9.056200000000000045e+02
9.076399999999999864e+02
9.096900000000000546e+02
9.117000000000000455e+02
9.139300000000000637e+02
9.162500000000000000e+02
9.512699999999999818e+02
9.534300000000000637e+02
9.558000000000000682e+02
9.579900000000000091e+02
9.600399999999999636e+02
9.620600000000000591e+02
9.641100000000000136e+02
9.680900000000000318e+02
7.360000000000000320e+00
9.679999999999999716e+00
1.381000000000000050e+01
1.671000000000000085e+01
1.878000000000000114e+01
2.144999999999999929e+01
5.705000000000000426e+01
5.882000000000000028e+01
6.194000000000000483e+01
6.400000000000000000e+01
6.746999999999999886e+01
7.012000000000000455e+01
7.221000000000000796e+01
1.089000000000000057e+02
1.118100000000000023e+02
1.147000000000000028e+02
1.180499999999999972e+02
1.225600000000000023e+02
1.566200000000000045e+02
1.595200000000000102e+02
1.615699999999999932e+02
1.637299999999999898e+02
1.669399999999999977e+02
1.701599999999999966e+02
2.056899999999999977e+02
2.081500000000000057e+02
2.105600000000000023e+02
2.127199999999999989e+02
2.152700000000000102e+02
2.191899999999999977e+02
2.577400000000000091e+02
2.621899999999999977e+02
2.644800000000000182e+02
2.665000000000000000e+02
2.697699999999999818e+02
3.074399999999999977e+02
3.097500000000000000e+02
3.122500000000000000e+02
3.158199999999999932e+02
3.190799999999999841e+02
3.607599999999999909e+02
3.670699999999999932e+02
3.701800000000000068e+02
4.057500000000000000e+02
4.096200000000000045e+02
4.116500000000000341e+02
4.137400000000000091e+02
4.179300000000000068e+02
4.217100000000000364e+02
4.536800000000000068e+02
4.554100000000000250e+02
4.590300000000000296e+02
4.615400000000000205e+02
4.635799999999999841e+02
4.667200000000000273e+02
5.023799999999999955e+02
5.055000000000000000e+02
5.075500000000000114e+02
5.099100000000000250e+02
5.134199999999999591e+02
5.159300000000000637e+02
5.190099999999999909e+02
5.565700000000000500e+02
5.598500000000000227e+02
5.647400000000000091e+02
5.679600000000000364e+02
6.055099999999999909e+02
6.089300000000000637e+02
6.109600000000000364e+02
6.130000000000000000e+02
6.157000000000000455e+02
6.547400000000000091e+02
6.551299999999999955e+02
6.578700000000000045e+02
6.602000000000000455e+02
6.622300000000000182e+02
6.643300000000000409e+02
6.663600000000000136e+02
6.713899999999999864e+02
7.052300000000000182e+02
7.100299999999999727e+02
7.123100000000000591e+02
7.148500000000000227e+02
7.203799999999999955e+02
7.512799999999999727e+02
7.533600000000000136e+02
7.563600000000000136e+02
7.585500000000000682e+02
7.610000000000000000e+02
7.639900000000000091e+02
7.660199999999999818e+02
7.680399999999999636e+02
8.017599999999999909e+02
8.068500000000000227e+02
8.088799999999999955e+02
8.108899999999999864e+02
8.148100000000000591e+02
8.183000000000000682e+02
8.513300000000000409e+02
8.520900000000000318e+02
8.541100000000000136e+02
8.561499999999999773e+02
8.584600000000000364e+02
8.610199999999999818e+02
8.642500000000000000e+02
8.665399999999999636e+02
9.029700000000000273e+02
9.071499999999999773e+02
9.091900000000000546e+02
9.112100000000000364e+02
9.166200000000000045e+02
9.513000000000000682e+02
9.536299999999999955e+02
9.558700000000000045e+02
9.587000000000000455e+02
9.611800000000000637e+02
9.653700000000000045e+02
7.589999999999999858e+00
1.439000000000000057e+01
1.810000000000000142e+01
5.705000000000000426e+01
5.882999999999999829e+01
6.200999999999999801e+01
6.404000000000000625e+01
6.754999999999999716e+01
1.092999999999999972e+02
1.119600000000000080e+02
1.156200000000000045e+02
1.184800000000000040e+02
1.226299999999999955e+02
1.566200000000000045e+02
1.595399999999999920e+02
1.616200000000000045e+02
1.643300000000000125e+02
1.670000000000000000e+02
2.056899999999999977e+02
2.082000000000000171e+02
2.106299999999999955e+02
2.192599999999999909e+02
2.577500000000000000e+02
2.622200000000000273e+02
2.654599999999999795e+02
2.698299999999999841e+02
3.074599999999999795e+02
3.101200000000000045e+02
3.123000000000000114e+02
3.165199999999999818e+02
3.608600000000000136e+02
3.671600000000000250e+02
4.057500000000000000e+02
4.096700000000000159e+02
4.116899999999999977e+02
4.138299999999999841e+02
4.536800000000000068e+02
4.554100000000000250e+02
4.591000000000000227e+02
4.615699999999999932e+02
4.644100000000000250e+02
5.055400000000000205e+02
5.076000000000000227e+02
5.135099999999999909e+02
5.190800000000000409e+02
5.565900000000000318e+02
5.598999999999999773e+02
5.651900000000000546e+02
6.055399999999999636e+02
6.089700000000000273e+02
6.109900000000000091e+02
6.130299999999999727e+02
6.547599999999999909e+02
6.551299999999999955e+02
6.578799999999999955e+02
6.620800000000000409e+02
7.052599999999999909e+02
7.102100000000000364e+02
7.512799999999999727e+02
7.533999999999999773e+02
7.568999999999999773e+02
7.589500000000000455e+02
7.658300000000000409e+02
7.679700000000000273e+02
8.017599999999999909e+02
8.070199999999999818e+02
8.107000000000000455e+02
8.513300000000000409e+02
8.520900000000000318e+02
8.541100000000000136e+02
8.562000000000000455e+02
8.585399999999999636e+02
8.610800000000000409e+02
9.073200000000000500e+02
9.109800000000000182e+02
9.536599999999999682e+02
9.559400000000000546e+02
9.620099999999999909e+02
9.655600000000000591e+02
1.581000000000000050e+01
5.885000000000000142e+01
6.406000000000000227e+01
6.646999999999999886e+01
7.076000000000000512e+01
1.093500000000000085e+02
1.120700000000000074e+02
1.185400000000000063e+02
1.566200000000000045e+02
1.595600000000000023e+02
1.616599999999999966e+02
1.619000000000000057e+02
1.680200000000000102e+02
2.057000000000000171e+02
2.082300000000000182e+02
2.577500000000000000e+02
2.602099999999999795e+02
2.622699999999999818e+02
3.074900000000000091e+02
3.094000000000000341e+02
3.102099999999999795e+02
3.131500000000000341e+02
3.169599999999999795e+02
3.590000000000000000e+02
3.609200000000000159e+02
4.057500000000000000e+02
4.096899999999999977e+02
4.106500000000000341e+02
4.117100000000000364e+02
4.139300000000000068e+02
4.554100000000000250e+02
4.615900000000000318e+02
5.070000000000000000e+02
5.076999999999999886e+02
5.138600000000000136e+02
5.566100000000000136e+02
5.625199999999999818e+02
6.055600000000000591e+02
6.077799999999999727e+02
6.091499999999999773e+02
6.111800000000000637e+02
6.132500000000000000e+02
6.578999999999999773e+02
6.628200000000000500e+02
6.658400000000000318e+02
7.053600000000000136e+02
7.090399999999999636e+02
7.532599999999999909e+02
7.569400000000000546e+02
7.589900000000000091e+02
7.681200000000000045e+02
8.041700000000000728e+02
8.070600000000000591e+02
8.107300000000000182e+02
8.520900000000000318e+02
8.541100000000000136e+02
8.564099999999999682e+02
8.575800000000000409e+02
8.586200000000000045e+02
8.611599999999999682e+02
9.112300000000000182e+02
9.485099999999999909e+02
9.536900000000000546e+02
9.560199999999999818e+02
1.588000000000000078e+01
5.885999999999999943e+01
6.409000000000000341e+01
1.095000000000000000e+02
1.121599999999999966e+02
1.566200000000000045e+02
1.595900000000000034e+02
1.617100000000000080e+02
1.619099999999999966e+02
2.057100000000000080e+02
2.082599999999999909e+02
2.577599999999999909e+02
2.602099999999999795e+02
2.623199999999999932e+02
3.075500000000000114e+02
3.094000000000000341e+02
3.102900000000000205e+02
3.169900000000000091e+02
3.590099999999999909e+02
3.609800000000000182e+02
4.057500000000000000e+02
4.097200000000000273e+02
4.106800000000000068e+02
4.117400000000000091e+02
4.554100000000000250e+02
4.616600000000000250e+02
5.070000000000000000e+02
5.078299999999999841e+02
5.566299999999999955e+02
6.055800000000000409e+02
6.110299999999999727e+02
6.133600000000000136e+02
6.579400000000000546e+02
6.628400000000000318e+02
6.659199999999999591e+02
7.053999999999999773e+02
7.090600000000000591e+02
7.532599999999999909e+02
7.591000000000000227e+02
8.041700000000000728e+02
8.107699999999999818e+02
8.520900000000000318e+02
8.541200000000000045e+02
8.564900000000000091e+02
8.575900000000000318e+02
9.485099999999999909e+02
9.560299999999999727e+02
6.669999999999999929e+00
8.720000000000000639e+00
1.074000000000000021e+01
1.298000000000000043e+01
1.505000000000000071e+01
1.716000000000000014e+01
1.940000000000000213e+01
2.199000000000000199e+01
2.403000000000000114e+01
5.671999999999999886e+01
5.889000000000000057e+01
5.938000000000000256e+01
6.146000000000000085e+01
6.353999999999999915e+01
6.415000000000000568e+01
6.565000000000000568e+01
6.768999999999999773e+01
6.973000000000000398e+01
7.175000000000000000e+01
1.091599999999999966e+02
1.095400000000000063e+02
1.114500000000000028e+02
1.135700000000000074e+02
1.155900000000000034e+02
1.177999999999999972e+02
1.200799999999999983e+02
1.242300000000000040e+02
1.566200000000000045e+02
1.586899999999999977e+02
1.607100000000000080e+02
1.617899999999999920e+02
1.619200000000000159e+02
1.628400000000000034e+02
1.648600000000000136e+02
1.673799999999999955e+02
1.694000000000000057e+02
1.714099999999999966e+02
1.744099999999999966e+02
2.057300000000000182e+02
2.075600000000000023e+02
2.086400000000000148e+02
2.095900000000000034e+02
2.116100000000000136e+02
2.136400000000000148e+02
2.156899999999999977e+02
2.177100000000000080e+02
2.197199999999999989e+02
2.217500000000000000e+02
2.241599999999999966e+02
2.563400000000000318e+02
2.577699999999999818e+02
2.584700000000000273e+02
2.602099999999999795e+02
2.605099999999999909e+02
2.625300000000000296e+02
2.645500000000000114e+02
2.665600000000000023e+02
2.685799999999999841e+02
2.706200000000000045e+02
2.727099999999999795e+02
3.076700000000000159e+02
3.094000000000000341e+02
3.096999999999999886e+02
3.117200000000000273e+02
3.137699999999999818e+02
3.158500000000000227e+02
3.170300000000000296e+02
3.178899999999999864e+02
3.199300000000000068e+02
3.219599999999999795e+02
3.240000000000000000e+02
3.565099999999999909e+02
3.590099999999999909e+02
3.593600000000000136e+02
3.613899999999999864e+02
3.634000000000000341e+02
3.654100000000000250e+02
3.674300000000000068e+02
3.694399999999999977e+02
3.714700000000000273e+02
3.735099999999999909e+02
4.057599999999999909e+02
4.069000000000000341e+02
4.095400000000000205e+02
4.107300000000000182e+02
4.115699999999999932e+02
4.117500000000000000e+02
4.146899999999999977e+02
4.167300000000000182e+02
4.188000000000000114e+02
4.209100000000000250e+02
4.232200000000000273e+02
4.554100000000000250e+02
4.564300000000000068e+02
4.584600000000000364e+02
4.604800000000000182e+02
4.630600000000000023e+02
4.650900000000000318e+02
4.671000000000000227e+02
4.691100000000000136e+02
4.711299999999999955e+02
4.738000000000000114e+02
5.064100000000000250e+02
5.070000000000000000e+02
5.088400000000000318e+02
5.110699999999999932e+02
5.130900000000000318e+02
5.151299999999999955e+02
5.179199999999999591e+02
5.199700000000000273e+02
5.219900000000000091e+02
5.253100000000000591e+02
5.560399999999999636e+02
5.566499999999999773e+02
5.581000000000000227e+02
5.601299999999999955e+02
5.623799999999999955e+02
5.651699999999999591e+02
5.675099999999999909e+02
5.695399999999999636e+02
5.715700000000000500e+02
6.056000000000000227e+02
6.062899999999999636e+02
6.092500000000000000e+02
6.112699999999999818e+02
6.133100000000000591e+02
6.153300000000000409e+02
6.173500000000000227e+02
6.193899999999999864e+02
6.214099999999999682e+02
6.241100000000000136e+02
6.551399999999999864e+02
6.578100000000000591e+02
6.581200000000000045e+02
6.599700000000000273e+02
6.619800000000000182e+02
6.628500000000000227e+02
6.640399999999999636e+02
6.660600000000000591e+02
6.680700000000000500e+02
6.701200000000000045e+02
6.728000000000000682e+02
6.748300000000000409e+02
7.058300000000000409e+02
7.061100000000000136e+02
7.085000000000000000e+02
7.090800000000000409e+02
7.105199999999999818e+02
7.125800000000000409e+02
7.146800000000000637e+02
7.169800000000000182e+02
7.198100000000000591e+02
7.230199999999999818e+02
7.532599999999999909e+02
7.563999999999999773e+02
7.590299999999999727e+02
7.610399999999999636e+02
7.631200000000000045e+02
7.652400000000000091e+02
7.673300000000000409e+02
7.703700000000000045e+02
7.731599999999999682e+02
8.041700000000000728e+02
8.053300000000000409e+02
8.075600000000000591e+02
8.096000000000000227e+02
8.117200000000000273e+02
8.137400000000000091e+02
8.157799999999999727e+02
8.178200000000000500e+02
8.201700000000000728e+02
8.230000000000000000e+02
8.253799999999999955e+02
8.520900000000000318e+02
8.541200000000000045e+02
8.552799999999999727e+02
8.575900000000000318e+02
8.579300000000000637e+02
8.602400000000000091e+02
8.624800000000000182e+02
8.645099999999999909e+02
8.667200000000000273e+02
8.688000000000000682e+02
8.710199999999999818e+02
8.730399999999999636e+02
9.061700000000000728e+02
9.085000000000000000e+02
9.106200000000000045e+02
9.126900000000000546e+02
9.147200000000000273e+02
9.167400000000000091e+02
9.187799999999999727e+02
9.209700000000000273e+02
9.230600000000000591e+02
9.485099999999999909e+02
9.553799999999999955e+02
9.560600000000000591e+02
9.584800000000000182e+02
9.605099999999999909e+02
9.625299999999999727e+02
9.645600000000000591e+02
9.666599999999999682e+02
9.690199999999999818e+02
9.712500000000000000e+02
9.732699999999999818e+02
6.700000000000000178e+00
9.230000000000000426e+00
1.125000000000000000e+01
1.337000000000000099e+01
1.540000000000000036e+01
1.742000000000000171e+01
1.978999999999999915e+01
5.674000000000000199e+01
5.907000000000000028e+01
5.941000000000000369e+01
6.159000000000000341e+01
6.374000000000000199e+01
6.576000000000000512e+01
6.782999999999999829e+01
7.007000000000000739e+01
7.209000000000000341e+01
1.091899999999999977e+02
1.117000000000000028e+02
1.140600000000000023e+02
1.161400000000000006e+02
1.181800000000000068e+02
1.202300000000000040e+02
1.566200000000000045e+02
1.587199999999999989e+02
1.607500000000000000e+02
1.619300000000000068e+02
1.631400000000000148e+02
1.652199999999999989e+02
1.674200000000000159e+02
1.694699999999999989e+02
1.714900000000000091e+02
1.744799999999999898e+02
2.057500000000000000e+02
2.076200000000000045e+02
2.086700000000000159e+02
2.096800000000000068e+02
2.117199999999999989e+02
2.137500000000000000e+02
2.159699999999999989e+02
2.181100000000000136e+02
2.201299999999999955e+02
2.226599999999999966e+02
2.572099999999999795e+02
2.577800000000000296e+02
2.593999999999999773e+02
2.602099999999999795e+02
2.621600000000000250e+02
2.644499999999999886e+02
2.664700000000000273e+02
2.685400000000000205e+02
2.715199999999999818e+02
3.077200000000000273e+02
3.094000000000000341e+02
3.097900000000000205e+02
3.118299999999999841e+02
3.138500000000000227e+02
3.163100000000000023e+02
3.190099999999999909e+02
3.218000000000000114e+02
3.245600000000000023e+02
3.565199999999999818e+02
3.590199999999999818e+02
3.594000000000000341e+02
3.614499999999999886e+02
3.634700000000000273e+02
3.654900000000000091e+02
3.675099999999999909e+02
3.695300000000000296e+02
3.729599999999999795e+02
4.057599999999999909e+02
4.069000000000000341e+02
4.095799999999999841e+02
4.116000000000000227e+02
4.147100000000000364e+02
4.167900000000000205e+02
4.188700000000000045e+02
4.214200000000000159e+02
4.240699999999999932e+02
4.554100000000000250e+02
4.578100000000000023e+02
4.598199999999999932e+02
4.619000000000000341e+02
4.639200000000000159e+02
4.665400000000000205e+02
4.689100000000000250e+02
4.709399999999999977e+02
4.738600000000000136e+02
5.064499999999999886e+02
5.070000000000000000e+02
5.088899999999999864e+02
5.112300000000000182e+02
5.132500000000000000e+02
5.152799999999999727e+02
5.185499999999999545e+02
5.209800000000000182e+02
5.253600000000000136e+02
5.560500000000000682e+02
5.566800000000000637e+02
5.581499999999999773e+02
5.609400000000000546e+02
5.629600000000000364e+02
5.652300000000000182e+02
5.675600000000000591e+02
5.696100000000000136e+02
5.716599999999999682e+02
6.063300000000000409e+02
6.094700000000000273e+02
6.120800000000000409e+02
6.145700000000000500e+02
6.165900000000000318e+02
6.187899999999999636e+02
6.213500000000000227e+02
6.241800000000000637e+02
6.551399999999999864e+02
6.578300000000000409e+02
6.581800000000000637e+02
6.616200000000000045e+02
6.628700000000000045e+02
6.636599999999999682e+02
6.656800000000000637e+02
6.677000000000000455e+02
6.702200000000000273e+02
6.743000000000000682e+02
7.063799999999999955e+02
7.085099999999999909e+02
7.091100000000000136e+02
7.105299999999999727e+02
7.128100000000000591e+02
7.148400000000000318e+02
7.170399999999999636e+02
7.198899999999999864e+02
7.231000000000000227e+02
7.532599999999999909e+02
7.564099999999999682e+02
7.591399999999999864e+02
7.611599999999999682e+02
7.631900000000000546e+02
7.652899999999999636e+02
7.687699999999999818e+02
7.718200000000000500e+02
8.041700000000000728e+02
8.053300000000000409e+02
8.075700000000000500e+02
8.096200000000000045e+02
8.117699999999999818e+02
8.137899999999999636e+02
8.158300000000000409e+02
8.178799999999999955e+02
8.202599999999999909e+02
8.520900000000000318e+02
8.541299999999999955e+02
8.553000000000000682e+02
8.576000000000000227e+02
8.580099999999999909e+02
8.603200000000000500e+02
8.625000000000000000e+02
8.645600000000000591e+02
8.667599999999999909e+02
8.688700000000000045e+02
8.711000000000000227e+02
8.731200000000000045e+02
9.061700000000000728e+02
9.087100000000000364e+02
9.107400000000000091e+02
9.128799999999999955e+02
9.149500000000000455e+02
9.169900000000000091e+02
9.192300000000000182e+02
9.212599999999999909e+02
9.232899999999999636e+02
9.485099999999999909e+02
9.553799999999999955e+02
9.560900000000000318e+02
9.587400000000000091e+02
9.607899999999999636e+02
9.628100000000000591e+02
9.648300000000000409e+02
9.668500000000000227e+02
9.690900000000000318e+02
9.732200000000000273e+02
6.730000000000000426e+00
1.050999999999999979e+01
1.373000000000000043e+01
1.579000000000000092e+01
1.796000000000000085e+01
2.019999999999999929e+01
5.677000000000000313e+01
5.943999999999999773e+01
6.171000000000000085e+01
6.380000000000000426e+01
6.582000000000000739e+01
6.793000000000000682e+01
7.039000000000000057e+01
7.240999999999999659e+01
1.092199999999999989e+02
1.118700000000000045e+02
1.141000000000000085e+02
1.162100000000000080e+02
1.182500000000000000e+02
1.207600000000000051e+02
1.566200000000000045e+02
1.587899999999999920e+02
1.619399999999999977e+02
1.632299999999999898e+02
1.652899999999999920e+02
1.674500000000000171e+02
1.696299999999999955e+02
1.716599999999999966e+02
2.081400000000000148e+02
2.109800000000000182e+02
2.137599999999999909e+02
2.161100000000000136e+02
2.181800000000000068e+02
2.202000000000000171e+02
2.572300000000000182e+02
2.577900000000000205e+02
2.594399999999999977e+02
2.602099999999999795e+02
2.633999999999999773e+02
2.664599999999999795e+02
2.685900000000000318e+02
2.716800000000000068e+02
3.081000000000000227e+02
3.094000000000000341e+02
3.106899999999999977e+02
3.130199999999999818e+02
3.150400000000000205e+02
3.170699999999999932e+02
3.203700000000000045e+02
3.224000000000000341e+02
3.565300000000000296e+02
3.590300000000000296e+02
3.597200000000000273e+02
3.623700000000000045e+02
3.646899999999999977e+02
3.667500000000000000e+02
3.688899999999999864e+02
3.709200000000000159e+02
4.057599999999999909e+02
4.069000000000000341e+02
4.096600000000000250e+02
4.116800000000000068e+02
4.147500000000000000e+02
4.174300000000000068e+02
4.194700000000000273e+02
4.215400000000000205e+02
4.554100000000000250e+02
4.597400000000000091e+02
4.619300000000000068e+02
4.639499999999999886e+02
4.666399999999999864e+02
4.689600000000000364e+02
4.710099999999999909e+02
4.739399999999999977e+02
5.064900000000000091e+02
5.070000000000000000e+02
5.089800000000000182e+02
5.125299999999999727e+02
5.153100000000000591e+02
5.186599999999999682e+02
5.221800000000000637e+02
5.560600000000000591e+02
5.567100000000000364e+02
5.588000000000000682e+02
5.609700000000000273e+02
5.629900000000000091e+02
5.654700000000000273e+02
5.677699999999999818e+02
5.698000000000000682e+02
5.720600000000000591e+02
6.063500000000000227e+02
6.098500000000000227e+02
6.121299999999999955e+02
6.147500000000000000e+02
6.169800000000000182e+02
6.195199999999999818e+02
6.551399999999999864e+02
6.578400000000000318e+02
6.616399999999999864e+02
6.650500000000000682e+02
6.671100000000000136e+02
6.743500000000000227e+02
7.078100000000000591e+02
7.091800000000000637e+02
7.101499999999999773e+02
7.148899999999999864e+02
7.184500000000000455e+02
7.232899999999999636e+02
7.532599999999999909e+02
7.564199999999999591e+02
7.596000000000000227e+02
7.632100000000000364e+02
7.653500000000000227e+02
7.719300000000000637e+02
8.041700000000000728e+02
8.053300000000000409e+02
8.075800000000000409e+02
8.096499999999999773e+02
8.122000000000000455e+02
8.142400000000000091e+02
8.162699999999999818e+02
8.187500000000000000e+02
8.520900000000000318e+02
8.541399999999999864e+02
8.553100000000000591e+02
8.576100000000000136e+02
8.580500000000000682e+02
8.603400000000000318e+02
8.625299999999999727e+02
8.646200000000000045e+02
8.668100000000000591e+02
8.689300000000000637e+02
8.729700000000000273e+02
9.061700000000000728e+02
9.087500000000000000e+02
9.107899999999999636e+02
9.129300000000000637e+02
9.162100000000000364e+02
9.192799999999999727e+02
9.213300000000000409e+02
9.485099999999999909e+02
9.553799999999999955e+02
9.589700000000000273e+02
9.610199999999999818e+02
9.630399999999999636e+02
9.650700000000000500e+02
9.673200000000000500e+02
9.693400000000000318e+02
7.660000000000000142e+00
1.375999999999999979e+01
1.739000000000000057e+01
5.682999999999999829e+01
5.949000000000000199e+01
6.387000000000000455e+01
6.589000000000000057e+01
6.800000000000000000e+01
7.232999999999999829e+01
1.092500000000000000e+02
1.119200000000000017e+02
1.141599999999999966e+02
1.184000000000000057e+02
1.566200000000000045e+02
1.619699999999999989e+02
1.654099999999999966e+02
1.674799999999999898e+02
1.717599999999999909e+02
2.082000000000000171e+02
2.110500000000000114e+02
2.138000000000000114e+02
2.197300000000000182e+02
2.572500000000000000e+02
2.578199999999999932e+02
2.594800000000000182e+02
2.602099999999999795e+02
2.634499999999999886e+02
2.665300000000000296e+02
2.686399999999999864e+02
3.081399999999999864e+02
3.094000000000000341e+02
3.107300000000000182e+02
3.139100000000000250e+02
3.164399999999999977e+02
3.565400000000000205e+02
3.590300000000000296e+02
3.597900000000000205e+02
3.624399999999999977e+02
3.647099999999999795e+02
3.668000000000000114e+02
3.694300000000000068e+02
4.057699999999999818e+02
4.069000000000000341e+02
4.116200000000000045e+02
4.151999999999999886e+02
4.175500000000000114e+02
4.215799999999999841e+02
4.554100000000000250e+02
4.598000000000000114e+02
4.620199999999999818e+02
4.640400000000000205e+02
4.668700000000000045e+02
4.691000000000000227e+02
5.070000000000000000e+02
5.072900000000000205e+02
5.093299999999999841e+02
5.157699999999999818e+02
5.190499999999999545e+02
5.560700000000000500e+02
5.588500000000000227e+02
5.610099999999999909e+02
5.630500000000000682e+02
5.657599999999999909e+02
5.678000000000000682e+02
5.698300000000000409e+02
6.063799999999999955e+02
6.098799999999999955e+02
6.150000000000000000e+02
6.170399999999999636e+02
6.196699999999999591e+02
6.551399999999999864e+02
6.578600000000000136e+02
6.616599999999999682e+02
6.657799999999999727e+02
6.679500000000000455e+02
6.743999999999999773e+02
7.085399999999999636e+02
7.092100000000000364e+02
7.105700000000000500e+02
7.149800000000000182e+02
7.185099999999999909e+02
7.532599999999999909e+02
7.564300000000000637e+02
7.608700000000000045e+02
7.632500000000000000e+02
8.041700000000000728e+02
8.053300000000000409e+02
8.075800000000000409e+02
8.096800000000000637e+02
8.143400000000000318e+02
8.188100000000000591e+02
8.520900000000000318e+02
8.541700000000000728e+02
8.553300000000000409e+02
8.576200000000000045e+02
8.581100000000000136e+02
8.603600000000000136e+02
8.625500000000000682e+02
8.646599999999999682e+02
8.668500000000000227e+02
8.690399999999999636e+02
9.061700000000000728e+02
9.087799999999999727e+02
9.109099999999999682e+02
9.143700000000000045e+02
9.170500000000000682e+02
9.485099999999999909e+02
9.553799999999999955e+02
9.590099999999999909e+02
9.628000000000000682e+02
9.648500000000000227e+02
9.691599999999999682e+02
7.690000000000000391e+00
8.259999999999999787e+00
1.033999999999999986e+01
1.289000000000000057e+01
1.383000000000000007e+01
1.492999999999999972e+01
1.726999999999999957e+01
1.928999999999999915e+01
2.319000000000000128e+01
5.705000000000000426e+01
6.037000000000000455e+01
6.092000000000000171e+01
6.316000000000000369e+01
6.518999999999999773e+01
6.587000000000000455e+01
6.740000000000000568e+01
6.809000000000000341e+01
6.943000000000000682e+01
1.103200000000000074e+02
1.119600000000000080e+02
1.150700000000000074e+02
1.170900000000000034e+02
1.206500000000000057e+02
1.592100000000000080e+02
1.612599999999999909e+02
1.635000000000000000e+02
1.668499999999999943e+02
1.689799999999999898e+02
1.715800000000000125e+02
2.109300000000000068e+02
2.111899999999999977e+02
2.130600000000000023e+02
2.138499999999999943e+02
2.155300000000000011e+02
2.177899999999999920e+02
2.198000000000000114e+02
2.198100000000000023e+02
2.568299999999999841e+02
2.572599999999999909e+02
2.597699999999999818e+02
2.602099999999999795e+02
2.622699999999999818e+02
2.635799999999999841e+02
2.643199999999999932e+02
2.663400000000000318e+02
2.692400000000000091e+02
3.059800000000000182e+02
3.081800000000000068e+02
3.085600000000000023e+02
3.094000000000000341e+02
3.105799999999999841e+02
3.108000000000000114e+02
3.130799999999999841e+02
3.161500000000000341e+02
3.193899999999999864e+02
3.565600000000000023e+02
3.590699999999999932e+02
3.590400000000000205e+02
3.625099999999999909e+02
3.645799999999999841e+02
3.647500000000000000e+02
3.674200000000000159e+02
4.068000000000000114e+02
4.069000000000000341e+02
4.090300000000000296e+02
4.110500000000000114e+02
4.116500000000000341e+02
4.140000000000000000e+02
4.152699999999999818e+02
4.536800000000000068e+02
4.558100000000000023e+02
4.581700000000000159e+02
4.598299999999999841e+02
4.604100000000000250e+02
4.624600000000000364e+02
4.639900000000000091e+02
4.644900000000000091e+02
4.669200000000000159e+02
4.691700000000000159e+02
5.023400000000000318e+02
5.047400000000000091e+02
5.070000000000000000e+02
5.075900000000000318e+02
5.090400000000000205e+02
5.101500000000000341e+02
5.126000000000000227e+02
5.146200000000000045e+02
5.197599999999999909e+02
5.560800000000000409e+02
5.566499999999999773e+02
5.588400000000000318e+02
5.608500000000000227e+02
5.629199999999999591e+02
5.657799999999999727e+02
5.674900000000000091e+02
5.678400000000000318e+02
5.698799999999999955e+02
6.052100000000000364e+02
6.064199999999999591e+02
6.074099999999999682e+02
6.109800000000000182e+02
6.155099999999999909e+02
6.551399999999999864e+02
6.551299999999999955e+02
6.578700000000000045e+02
6.603999999999999773e+02
6.616900000000000546e+02
6.654800000000000182e+02
7.034800000000000182e+02
7.055099999999999909e+02
7.085700000000000500e+02
7.092500000000000000e+02
7.097599999999999909e+02
7.106100000000000136e+02
7.118200000000000500e+02
7.152300000000000182e+02
7.200700000000000500e+02
7.512799999999999727e+02
7.533000000000000682e+02
7.532599999999999909e+02
7.560600000000000591e+02
7.564400000000000546e+02
7.593500000000000227e+02
7.609500000000000455e+02
7.613799999999999955e+02
7.645700000000000500e+02
8.017599999999999909e+02
8.038600000000000136e+02
8.041700000000000728e+02
8.053300000000000409e+02
8.059099999999999682e+02
8.075900000000000318e+02
8.081700000000000728e+02
8.097000000000000455e+02
8.106900000000000546e+02
8.513300000000000409e+02
8.543100000000000591e+02
8.553500000000000227e+02
8.576399999999999864e+02
8.580199999999999818e+02
8.581299999999999955e+02
8.603799999999999955e+02
8.604600000000000364e+02
8.624800000000000182e+02
8.625800000000000409e+02
8.647300000000000182e+02
9.000900000000000318e+02
9.043999999999999773e+02
9.061700000000000728e+02
9.064200000000000728e+02
9.084300000000000637e+02
9.088799999999999955e+02
9.104500000000000455e+02
9.127799999999999727e+02
9.166000000000000227e+02
9.170900000000000318e+02
9.485099999999999909e+02
9.510800000000000409e+02
9.536399999999999864e+02
9.553799999999999955e+02
9.557000000000000455e+02
9.583100000000000591e+02
9.603400000000000318e+02
9.623600000000000136e+02
9.628799999999999955e+02
9.657200000000000273e+02
7.930000000000000604e+00
8.269999999999999574e+00
1.038000000000000078e+01
1.357000000000000028e+01
1.878999999999999915e+01
2.082000000000000028e+01
2.325000000000000000e+01
5.705000000000000426e+01
6.099000000000000199e+01
6.517000000000000171e+01
6.746999999999999886e+01
6.951000000000000512e+01
1.103500000000000085e+02
1.120400000000000063e+02
1.151099999999999994e+02
1.171400000000000006e+02
1.206899999999999977e+02
1.592400000000000091e+02
1.622800000000000011e+02
1.646899999999999977e+02
1.670099999999999909e+02
2.109800000000000182e+02
2.131400000000000148e+02
2.156400000000000148e+02
2.178600000000000136e+02
2.198900000000000148e+02
2.568799999999999955e+02
2.572800000000000296e+02
2.602099999999999795e+02
2.634399999999999977e+02
2.658000000000000114e+02
3.059900000000000091e+02
3.086100000000000136e+02
3.094000000000000341e+02
3.106399999999999864e+02
3.109000000000000341e+02
3.143799999999999955e+02
3.565900000000000318e+02
3.590400000000000205e+02
3.591299999999999955e+02
3.646500000000000341e+02
3.674499999999999886e+02
4.069000000000000341e+02
4.068199999999999932e+02
4.107699999999999818e+02
4.117200000000000273e+02
4.140300000000000296e+02
4.536800000000000068e+02
4.558299999999999841e+02
4.581899999999999977e+02
4.598899999999999864e+02
4.613500000000000227e+02
4.640500000000000114e+02
4.645000000000000000e+02
4.671100000000000136e+02
5.023500000000000227e+02
5.047700000000000387e+02
5.070000000000000000e+02
5.076500000000000341e+02
5.101800000000000068e+02
5.126499999999999773e+02
5.146699999999999591e+02
5.561000000000000227e+02
5.566900000000000546e+02
5.589199999999999591e+02
5.609400000000000546e+02
5.658100000000000591e+02
5.675500000000000682e+02
5.699300000000000637e+02
6.052300000000000182e+02
6.074400000000000546e+02
6.116499999999999773e+02
6.551399999999999864e+02
6.551299999999999955e+02
6.578799999999999955e+02
6.605399999999999636e+02
7.035000000000000000e+02
7.055500000000000682e+02
7.086100000000000136e+02
7.106499999999999773e+02
7.110600000000000591e+02
7.131800000000000637e+02
7.152799999999999727e+02
7.512799999999999727e+02
7.532599999999999909e+02
7.533100000000000591e+02
7.561299999999999955e+02
7.564500000000000455e+02
7.608100000000000591e+02
8.017599999999999909e+02
8.041700000000000728e+02
8.052200000000000273e+02
8.053300000000000409e+02
8.076000000000000227e+02
8.082300000000000182e+02
8.097400000000000091e+02
8.112699999999999818e+02
8.513300000000000409e+02
8.543899999999999864e+02
8.576700000000000728e+02
8.581599999999999682e+02
8.590299999999999727e+02
8.604099999999999682e+02
8.622000000000000455e+02
8.626200000000000045e+02
8.647899999999999636e+02
9.001100000000000136e+02
9.044500000000000455e+02
9.061800000000000637e+02
9.064800000000000182e+02
9.085000000000000000e+02
9.111399999999999864e+02
9.134700000000000273e+02
9.485099999999999909e+02
9.511100000000000136e+02
9.537200000000000273e+02
9.553799999999999955e+02
9.583700000000000045e+02
9.611599999999999682e+02
7.959999999999999964e+00
8.269999999999999574e+00
5.705000000000000426e+01
6.125999999999999801e+01
6.753000000000000114e+01
1.103799999999999955e+02
1.166400000000000006e+02
1.593000000000000114e+02
1.623499999999999943e+02
2.132400000000000091e+02
2.180800000000000125e+02
2.573000000000000114e+02
2.602099999999999795e+02
2.635199999999999818e+02
2.658500000000000227e+02
3.060000000000000000e+02
3.088700000000000045e+02
3.094000000000000341e+02
3.590500000000000114e+02
3.593799999999999955e+02
3.674900000000000091e+02
4.069000000000000341e+02
4.068400000000000318e+02
4.108199999999999932e+02
4.140699999999999932e+02
4.536800000000000068e+02
4.558500000000000227e+02
4.582200000000000273e+02
4.615799999999999841e+02
4.645500000000000114e+02
5.023500000000000227e+02
5.048299999999999841e+02
5.070000000000000000e+02
5.080900000000000318e+02
5.102400000000000091e+02
5.145199999999999818e+02
5.561100000000000136e+02
5.567200000000000273e+02
5.606699999999999591e+02
5.658899999999999864e+02
6.052599999999999909e+02
6.086200000000000045e+02
6.551399999999999864e+02
6.551299999999999955e+02
6.579099999999999682e+02
6.608000000000000682e+02
7.035099999999999909e+02
7.512799999999999727e+02
7.532599999999999909e+02
7.533100000000000591e+02
7.564600000000000364e+02
8.017599999999999909e+02
8.041700000000000728e+02
8.052599999999999909e+02
8.053300000000000409e+02
8.076100000000000136e+02
8.113200000000000500e+02
8.513300000000000409e+02
8.582000000000000455e+02
8.622500000000000000e+02
8.626800000000000637e+02
9.001399999999999864e+02
9.061800000000000637e+02
9.064200000000000728e+02
9.084400000000000546e+02
9.111700000000000728e+02
9.136000000000000227e+02
9.485099999999999909e+02
9.511499999999999773e+02
9.537599999999999909e+02
9.553799999999999955e+02
9.619600000000000364e+02
7.990000000000000213e+00
8.279999999999999361e+00
5.705000000000000426e+01
1.104300000000000068e+02
1.167999999999999972e+02
2.573400000000000318e+02
2.602099999999999795e+02
3.060199999999999818e+02
3.089300000000000068e+02
3.094000000000000341e+02
3.590699999999999932e+02
3.597400000000000091e+02
3.675699999999999932e+02
4.069000000000000341e+02
4.069000000000000341e+02
4.536800000000000068e+02
4.558799999999999955e+02
4.588299999999999841e+02
4.625699999999999932e+02
5.023500000000000227e+02
5.070000000000000000e+02
5.081100000000000136e+02
5.111200000000000045e+02
5.151599999999999682e+02
5.561299999999999955e+02
5.567500000000000000e+02
5.607100000000000364e+02
6.053200000000000500e+02
6.086699999999999591e+02
6.551399999999999864e+02
6.551299999999999955e+02
6.579500000000000455e+02
7.035399999999999636e+02
7.512799999999999727e+02
7.532599999999999909e+02
7.533300000000000409e+02
7.564800000000000182e+02
8.017599999999999909e+02
8.041700000000000728e+02
8.053000000000000682e+02
8.053300000000000409e+02
8.076200000000000045e+02
8.113799999999999955e+02
8.513300000000000409e+02
8.627100000000000364e+02
9.001800000000000637e+02
9.061800000000000637e+02
9.065700000000000500e+02
9.086299999999999955e+02
9.112300000000000182e+02
9.485099999999999909e+02
9.511800000000000637e+02
9.538500000000000227e+02
9.553799999999999955e+02
9.620099999999999909e+02
8.290000000000000924e+00
5.705000000000000426e+01
1.168299999999999983e+02
2.573600000000000136e+02
3.060400000000000205e+02
3.598000000000000114e+02
4.069000000000000341e+02
4.536800000000000068e+02
4.559499999999999886e+02
5.023500000000000227e+02
5.081299999999999955e+02
5.561599999999999682e+02
5.574199999999999591e+02
5.607699999999999818e+02
6.060800000000000409e+02
6.551399999999999864e+02
6.551299999999999955e+02
7.512799999999999727e+02
7.565000000000000000e+02
8.017599999999999909e+02
8.053300000000000409e+02
8.076299999999999955e+02
8.513300000000000409e+02
9.061800000000000637e+02
9.083300000000000409e+02
9.512100000000000364e+02
9.539200000000000728e+02
9.553799999999999955e+02
9.620500000000000682e+02
