6.589999999999999858e+00
6.660000000000000142e+00
6.679999999999999716e+00
6.839999999999999858e+00
8.769999999999999574e+00
9.070000000000000284e+00
9.290000000000000924e+00
1.071000000000000085e+01
1.098000000000000043e+01
1.108000000000000007e+01
1.149000000000000021e+01
1.155000000000000071e+01
1.233000000000000007e+01
1.267999999999999972e+01
1.295000000000000107e+01
1.299000000000000021e+01
1.376999999999999957e+01
1.416000000000000014e+01
1.439000000000000057e+01
1.517999999999999972e+01
1.534999999999999964e+01
1.563000000000000078e+01
1.591999999999999993e+01
1.635999999999999943e+01
1.651999999999999957e+01
1.678000000000000114e+01
1.735999999999999943e+01
1.774000000000000199e+01
1.791000000000000014e+01
1.850000000000000000e+01
1.885000000000000142e+01
1.921999999999999886e+01
1.955999999999999872e+01
2.021000000000000085e+01
2.024000000000000199e+01
2.028999999999999915e+01
2.191000000000000014e+01
2.391000000000000014e+01
2.417999999999999972e+01
5.817999999999999972e+01
5.871000000000000085e+01
5.892000000000000171e+01
5.955000000000000426e+01
5.960999999999999943e+01
6.025999999999999801e+01
6.089999999999999858e+01
6.110000000000000142e+01
6.180000000000000426e+01
6.212000000000000455e+01
6.230000000000000426e+01
6.298000000000000398e+01
6.314999999999999858e+01
6.335999999999999943e+01
6.446000000000000796e+01
6.468000000000000682e+01
6.490999999999999659e+01
6.504000000000000625e+01
6.520000000000000284e+01
6.532999999999999829e+01
6.621999999999999886e+01
6.662000000000000455e+01
6.665999999999999659e+01
6.759000000000000341e+01
6.762000000000000455e+01
6.818000000000000682e+01
6.851999999999999602e+01
6.907999999999999829e+01
6.917000000000000171e+01
6.982999999999999829e+01
7.095000000000000284e+01
7.112000000000000455e+01
7.350000000000000000e+01
7.371000000000000796e+01
1.055499999999999972e+02
1.086099999999999994e+02
1.087900000000000063e+02
1.088400000000000034e+02
1.088500000000000085e+02
1.109300000000000068e+02
1.110499999999999972e+02
1.112999999999999972e+02
1.113400000000000034e+02
1.113799999999999955e+02
1.120600000000000023e+02
1.123400000000000034e+02
1.134800000000000040e+02
1.138500000000000085e+02
1.141000000000000085e+02
1.142500000000000000e+02
1.144200000000000017e+02
1.144399999999999977e+02
1.149800000000000040e+02
1.150600000000000023e+02
1.156500000000000057e+02
1.160000000000000000e+02
1.164200000000000017e+02
1.166599999999999966e+02
1.170700000000000074e+02
1.173200000000000074e+02
1.180499999999999972e+02
1.186299999999999955e+02
1.199000000000000057e+02
1.203500000000000085e+02
1.215900000000000034e+02
1.556100000000000136e+02
1.557400000000000091e+02
1.586200000000000045e+02
1.591599999999999966e+02
1.597800000000000011e+02
1.598300000000000125e+02
1.599600000000000080e+02
1.604099999999999966e+02
1.606599999999999966e+02
1.609900000000000091e+02
1.613199999999999932e+02
1.615900000000000034e+02
1.625800000000000125e+02
1.629399999999999977e+02
1.630200000000000102e+02
1.635000000000000000e+02
1.638900000000000148e+02
1.645300000000000011e+02
1.653000000000000114e+02
1.655200000000000102e+02
1.655500000000000114e+02
1.656899999999999977e+02
1.660600000000000023e+02
1.666200000000000045e+02
1.667500000000000000e+02
1.672000000000000171e+02
1.672100000000000080e+02
1.680300000000000011e+02
1.683199999999999932e+02
1.686200000000000045e+02
1.689000000000000057e+02
1.691800000000000068e+02
1.706899999999999977e+02
1.707500000000000000e+02
1.712700000000000102e+02
1.721500000000000057e+02
2.077899999999999920e+02
2.080800000000000125e+02
2.085900000000000034e+02
2.087400000000000091e+02
2.099399999999999977e+02
2.103300000000000125e+02
2.104000000000000057e+02
2.105399999999999920e+02
2.106400000000000148e+02
2.108799999999999955e+02
2.117800000000000011e+02
2.119500000000000171e+02
2.126400000000000148e+02
2.129699999999999989e+02
2.130099999999999909e+02
2.134099999999999966e+02
2.141899999999999977e+02
2.144200000000000159e+02
2.152000000000000171e+02
2.153300000000000125e+02
2.155800000000000125e+02
2.157400000000000091e+02
2.158700000000000045e+02
2.159300000000000068e+02
2.160200000000000102e+02
2.166400000000000148e+02
2.167800000000000011e+02
2.168199999999999932e+02
2.181400000000000148e+02
2.181500000000000057e+02
2.184200000000000159e+02
2.208199999999999932e+02
2.553799999999999955e+02
2.580699999999999932e+02
2.581499999999999773e+02
2.584900000000000091e+02
2.589900000000000091e+02
2.597099999999999795e+02
2.602300000000000182e+02
2.604499999999999886e+02
2.612300000000000182e+02
2.613600000000000136e+02
2.615400000000000205e+02
2.631299999999999955e+02
2.633999999999999773e+02
2.634399999999999977e+02
2.634399999999999977e+02
2.636200000000000045e+02
2.640900000000000318e+02
2.642599999999999909e+02
2.651200000000000045e+02
2.655600000000000023e+02
2.658799999999999955e+02
2.660099999999999909e+02
2.660300000000000296e+02
2.661000000000000227e+02
2.678500000000000227e+02
2.686700000000000159e+02
2.688100000000000023e+02
2.689599999999999795e+02
2.697500000000000000e+02
2.707699999999999818e+02
2.722400000000000091e+02
2.750199999999999818e+02
3.066500000000000341e+02
3.068700000000000045e+02
3.074000000000000341e+02
3.076399999999999864e+02
3.078500000000000227e+02
3.081200000000000045e+02
3.091500000000000341e+02
3.096899999999999977e+02
3.104200000000000159e+02
3.105500000000000114e+02
3.105799999999999841e+02
3.106000000000000227e+02
3.106700000000000159e+02
3.107099999999999795e+02
3.112900000000000205e+02
3.113899999999999864e+02
3.118500000000000227e+02
3.139700000000000273e+02
3.141600000000000250e+02
3.144000000000000341e+02
3.147400000000000091e+02
3.148799999999999955e+02
3.155600000000000023e+02
3.156500000000000341e+02
3.164900000000000091e+02
3.166200000000000045e+02
3.171299999999999955e+02
3.175000000000000000e+02
3.178700000000000045e+02
3.180000000000000000e+02
3.181500000000000341e+02
3.193000000000000114e+02
3.204100000000000250e+02
3.216000000000000227e+02
3.217099999999999795e+02
3.217900000000000205e+02
3.563299999999999841e+02
3.576800000000000068e+02
3.597300000000000182e+02
3.598199999999999932e+02
3.600199999999999818e+02
3.604300000000000068e+02
3.606100000000000136e+02
3.607699999999999818e+02
3.612800000000000296e+02
3.612900000000000205e+02
3.623000000000000114e+02
3.626000000000000227e+02
3.628100000000000023e+02
3.628400000000000318e+02
3.636299999999999955e+02
3.636700000000000159e+02
3.638500000000000227e+02
3.653700000000000045e+02
3.658299999999999841e+02
3.662300000000000182e+02
3.663600000000000136e+02
3.676200000000000045e+02
3.690799999999999841e+02
3.698500000000000227e+02
3.699300000000000068e+02
3.705900000000000318e+02
3.713799999999999955e+02
3.715600000000000023e+02
3.725699999999999932e+02
4.068500000000000227e+02
4.088299999999999841e+02
4.089200000000000159e+02
4.097300000000000182e+02
4.099100000000000250e+02
4.110900000000000318e+02
4.119499999999999886e+02
4.121899999999999977e+02
4.122800000000000296e+02
4.127500000000000000e+02
4.128199999999999932e+02
4.137800000000000296e+02
4.139900000000000091e+02
4.143000000000000114e+02
4.148600000000000136e+02
4.152900000000000205e+02
4.160400000000000205e+02
4.163500000000000227e+02
4.166200000000000045e+02
4.166500000000000341e+02
4.179200000000000159e+02
4.179399999999999977e+02
4.183199999999999932e+02
4.183299999999999841e+02
4.192599999999999909e+02
4.208600000000000136e+02
4.214600000000000364e+02
4.548899999999999864e+02
4.560799999999999841e+02
4.574200000000000159e+02
4.576999999999999886e+02
4.577100000000000364e+02
4.581700000000000159e+02
4.594300000000000068e+02
4.595699999999999932e+02
4.604200000000000159e+02
4.609700000000000273e+02
4.624100000000000250e+02
4.628899999999999864e+02
4.630099999999999909e+02
4.631100000000000136e+02
4.631899999999999977e+02
4.633700000000000045e+02
4.635600000000000023e+02
4.635799999999999841e+02
4.636000000000000227e+02
4.647900000000000205e+02
4.648199999999999932e+02
4.656299999999999955e+02
4.657400000000000091e+02
4.660400000000000205e+02
4.660799999999999841e+02
4.668799999999999955e+02
4.670300000000000296e+02
4.684100000000000250e+02
4.688000000000000114e+02
4.688100000000000023e+02
4.691999999999999886e+02
4.697400000000000091e+02
4.699399999999999977e+02
4.701800000000000068e+02
4.705699999999999932e+02
5.069200000000000159e+02
5.069700000000000273e+02
5.086899999999999977e+02
5.095900000000000318e+02
5.096600000000000250e+02
5.099800000000000182e+02
5.101100000000000136e+02
5.101200000000000045e+02
5.122000000000000455e+02
5.122000000000000455e+02
5.124400000000000546e+02
5.124700000000000273e+02
5.124800000000000182e+02
5.126200000000000045e+02
5.126599999999999682e+02
5.134900000000000091e+02
5.136399999999999864e+02
5.136599999999999682e+02
5.138300000000000409e+02
5.141100000000000136e+02
5.146000000000000227e+02
5.147000000000000455e+02
5.148100000000000591e+02
5.154400000000000546e+02
5.155600000000000591e+02
5.156599999999999682e+02
5.159199999999999591e+02
5.169900000000000091e+02
5.173200000000000500e+02
5.188999999999999773e+02
5.206000000000000227e+02
5.206100000000000136e+02
5.213799999999999955e+02
5.215499999999999545e+02
5.243999999999999773e+02
5.543200000000000500e+02
5.553200000000000500e+02
5.558899999999999864e+02
5.559099999999999682e+02
5.567200000000000273e+02
5.568100000000000591e+02
5.568700000000000045e+02
5.575500000000000682e+02
5.578799999999999955e+02
5.582599999999999909e+02
5.584500000000000455e+02
5.589500000000000455e+02
5.591499999999999773e+02
5.596000000000000227e+02
5.603500000000000227e+02
5.603999999999999773e+02
5.615700000000000500e+02
5.619099999999999682e+02
5.625299999999999727e+02
5.625600000000000591e+02
5.631100000000000136e+02
5.640399999999999636e+02
5.643100000000000591e+02
5.646000000000000227e+02
5.648799999999999955e+02
5.649500000000000455e+02
5.653799999999999955e+02
5.654900000000000091e+02
5.657300000000000182e+02
5.667799999999999727e+02
5.673000000000000682e+02
5.674199999999999591e+02
5.682100000000000364e+02
5.695199999999999818e+02
5.696699999999999591e+02
5.704199999999999591e+02
5.710700000000000500e+02
6.055399999999999636e+02
6.065199999999999818e+02
6.065900000000000318e+02
6.076200000000000045e+02
6.082400000000000091e+02
6.082400000000000091e+02
6.083100000000000591e+02
6.095500000000000682e+02
6.101900000000000546e+02
6.105399999999999636e+02
6.105800000000000409e+02
6.115800000000000409e+02
6.122899999999999636e+02
6.124199999999999591e+02
6.130399999999999636e+02
6.131100000000000136e+02
6.133700000000000045e+02
6.141000000000000227e+02
6.141200000000000045e+02
6.143899999999999864e+02
6.155199999999999818e+02
6.157300000000000182e+02
6.161100000000000136e+02
6.164800000000000182e+02
6.167799999999999727e+02
6.169199999999999591e+02
6.194300000000000637e+02
6.196100000000000136e+02
6.198999999999999773e+02
6.548400000000000318e+02
6.563999999999999773e+02
6.567400000000000091e+02
6.574099999999999682e+02
6.577400000000000091e+02
6.587500000000000000e+02
6.595700000000000500e+02
6.601900000000000546e+02
6.603799999999999955e+02
6.607500000000000000e+02
6.613600000000000136e+02
6.615099999999999909e+02
6.618600000000000136e+02
6.619199999999999591e+02
6.625500000000000682e+02
6.635099999999999909e+02
6.635399999999999636e+02
6.642300000000000182e+02
6.642300000000000182e+02
6.648600000000000136e+02
6.661399999999999864e+02
6.664500000000000455e+02
6.667000000000000455e+02
6.667200000000000273e+02
6.689500000000000455e+02
6.697899999999999636e+02
6.701200000000000045e+02
6.721299999999999955e+02
7.040399999999999636e+02
7.049500000000000455e+02
7.055399999999999636e+02
7.056299999999999955e+02
7.076000000000000227e+02
7.078200000000000500e+02
7.088400000000000318e+02
7.092000000000000455e+02
7.093899999999999864e+02
7.096100000000000136e+02
7.098600000000000136e+02
7.101499999999999773e+02
7.103200000000000500e+02
7.106699999999999591e+02
7.106900000000000546e+02
7.120199999999999818e+02
7.125299999999999727e+02
7.126299999999999955e+02
7.144700000000000273e+02
7.147899999999999636e+02
7.149400000000000546e+02
7.150900000000000318e+02
7.155600000000000591e+02
7.161900000000000546e+02
7.168500000000000227e+02
7.170399999999999636e+02
7.175900000000000318e+02
7.189300000000000637e+02
7.192200000000000273e+02
7.200900000000000318e+02
7.202200000000000273e+02
7.224400000000000546e+02
7.520000000000000000e+02
7.551599999999999682e+02
7.552000000000000455e+02
7.560299999999999727e+02
7.561800000000000637e+02
7.571100000000000136e+02
7.581100000000000136e+02
7.587799999999999727e+02
7.591299999999999955e+02
7.598400000000000318e+02
7.600500000000000682e+02
7.603100000000000591e+02
7.615600000000000591e+02
7.627100000000000364e+02
7.635600000000000591e+02
7.637899999999999636e+02
7.641800000000000637e+02
7.655900000000000318e+02
7.659300000000000637e+02
7.667400000000000091e+02
7.695900000000000318e+02
7.697500000000000000e+02
7.743999999999999773e+02
8.043400000000000318e+02
8.043500000000000227e+02
8.050299999999999727e+02
8.052300000000000182e+02
8.067200000000000273e+02
8.077699999999999818e+02
8.078300000000000409e+02
8.081399999999999864e+02
8.089300000000000637e+02
8.094900000000000091e+02
8.096800000000000637e+02
8.097699999999999818e+02
8.098999999999999773e+02
8.099200000000000728e+02
8.101000000000000227e+02
8.102899999999999636e+02
8.106499999999999773e+02
8.107599999999999909e+02
8.115700000000000500e+02
8.117300000000000182e+02
8.123400000000000318e+02
8.126800000000000637e+02
8.141700000000000728e+02
8.146100000000000136e+02
8.149200000000000728e+02
8.151399999999999864e+02
8.165299999999999727e+02
8.172200000000000273e+02
8.172799999999999727e+02
8.174700000000000273e+02
8.176299999999999955e+02
8.193400000000000318e+02
8.530600000000000591e+02
8.536100000000000136e+02
8.545299999999999727e+02
8.553500000000000227e+02
8.554700000000000273e+02
8.556399999999999864e+02
8.559099999999999682e+02
8.559400000000000546e+02
8.569400000000000546e+02
8.569800000000000182e+02
8.574300000000000637e+02
8.578500000000000227e+02
8.582400000000000091e+02
8.582799999999999727e+02
8.592200000000000273e+02
8.595600000000000591e+02
8.600600000000000591e+02
8.601200000000000045e+02
8.607000000000000455e+02
8.610399999999999636e+02
8.625500000000000682e+02
8.628000000000000682e+02
8.628400000000000318e+02
8.638999999999999773e+02
8.647699999999999818e+02
8.656499999999999773e+02
8.657300000000000182e+02
8.657300000000000182e+02
8.660500000000000682e+02
8.675500000000000682e+02
8.684400000000000546e+02
8.689200000000000728e+02
8.720399999999999636e+02
8.981200000000000045e+02
9.007100000000000364e+02
9.020299999999999727e+02
9.040000000000000000e+02
9.053700000000000045e+02
9.072599999999999909e+02
9.073500000000000227e+02
9.073799999999999955e+02
9.073999999999999773e+02
9.094200000000000728e+02
9.095800000000000409e+02
9.096000000000000227e+02
9.098999999999999773e+02
9.100199999999999818e+02
9.100800000000000409e+02
9.104400000000000546e+02
9.107000000000000455e+02
9.109200000000000728e+02
9.117599999999999909e+02
9.128799999999999955e+02
9.139400000000000546e+02
9.146200000000000045e+02
9.152500000000000000e+02
9.153899999999999864e+02
9.158300000000000409e+02
9.162500000000000000e+02
9.170099999999999909e+02
9.195399999999999636e+02
9.202599999999999909e+02
9.204099999999999682e+02
9.213000000000000682e+02
9.235800000000000409e+02
9.484900000000000091e+02
9.492300000000000182e+02
9.532500000000000000e+02
9.544099999999999682e+02
9.550399999999999636e+02
9.552300000000000182e+02
9.569400000000000546e+02
9.578400000000000318e+02
9.583899999999999864e+02
9.589099999999999682e+02
9.590800000000000409e+02
9.591000000000000227e+02
9.591200000000000045e+02
9.591499999999999773e+02
9.598899999999999864e+02
9.607599999999999909e+02
9.610099999999999909e+02
9.618700000000000045e+02
9.619099999999999682e+02
9.622500000000000000e+02
9.623100000000000591e+02
9.626399999999999864e+02
9.631599999999999682e+02
9.643899999999999864e+02
9.649900000000000091e+02
9.656399999999999864e+02
9.657400000000000091e+02
9.672599999999999909e+02
9.678899999999999864e+02
9.679099999999999682e+02
9.683000000000000682e+02
9.728300000000000409e+02
9.731299999999999955e+02
