8.939999999999999503e+00
4.213000000000000256e+01
5.523000000000000398e+01
8.232000000000000739e+01
1.133400000000000034e+02
1.334499999999999886e+02
1.696400000000000148e+02
2.235600000000000023e+02
4.349300000000000068e+02
5.183799999999999955e+02
5.377000000000000455e+02
5.397799999999999727e+02
5.555500000000000682e+02
6.415099999999999909e+02
7.668200000000000500e+02
7.998999999999999773e+02
9.708500000000000227e+02
9.737200000000000273e+02
7.770000000000000462e+00
2.999000000000000199e+01
5.392999999999999972e+01
6.590999999999999659e+01
9.010000000000000853e+01
1.040199999999999960e+02
1.278299999999999983e+02
1.391200000000000045e+02
1.413000000000000114e+02
1.721299999999999955e+02
1.780800000000000125e+02
1.924699999999999989e+02
2.756299999999999955e+02
2.846299999999999955e+02
3.142300000000000182e+02
3.623299999999999841e+02
3.671999999999999886e+02
3.731100000000000136e+02
3.921600000000000250e+02
4.002599999999999909e+02
4.162400000000000091e+02
4.442100000000000364e+02
4.463299999999999841e+02
4.604300000000000068e+02
4.735099999999999909e+02
4.834200000000000159e+02
5.525500000000000682e+02
5.996499999999999773e+02
6.017400000000000091e+02
6.075399999999999636e+02
6.108200000000000500e+02
6.188799999999999955e+02
6.216499999999999773e+02
6.344400000000000546e+02
6.527200000000000273e+02
6.687500000000000000e+02
6.766699999999999591e+02
6.830500000000000682e+02
6.945099999999999909e+02
7.026399999999999864e+02
7.047300000000000182e+02
7.121100000000000136e+02
7.300900000000000318e+02
7.533000000000000682e+02
7.655500000000000682e+02
7.697500000000000000e+02
8.093000000000000682e+02
8.257799999999999727e+02
8.326100000000000136e+02
8.478500000000000227e+02
9.508999999999999773e+02
3.098000000000000043e+01
4.467999999999999972e+01
5.568999999999999773e+01
5.863000000000000256e+01
8.971000000000000796e+01
9.268000000000000682e+01
1.037000000000000028e+02
1.068200000000000074e+02
1.294200000000000159e+02
1.519399999999999977e+02
1.597800000000000011e+02
2.310800000000000125e+02
2.336500000000000057e+02
2.462899999999999920e+02
2.546299999999999955e+02
2.610300000000000296e+02
2.675199999999999818e+02
3.130799999999999841e+02
3.419000000000000341e+02
3.834700000000000273e+02
3.957400000000000091e+02
4.245300000000000296e+02
4.376600000000000250e+02
4.558100000000000023e+02
4.626899999999999977e+02
4.655699999999999932e+02
4.984100000000000250e+02
5.004900000000000091e+02
5.193899999999999864e+02
5.474700000000000273e+02
5.583100000000000591e+02
5.782400000000000091e+02
6.025399999999999636e+02
6.063700000000000045e+02
6.101800000000000637e+02
6.333500000000000227e+02
6.401100000000000136e+02
6.473400000000000318e+02
6.539900000000000091e+02
6.573100000000000591e+02
6.619099999999999682e+02
6.659199999999999591e+02
6.872400000000000091e+02
6.992400000000000091e+02
7.063500000000000227e+02
7.108700000000000045e+02
7.203300000000000409e+02
7.612699999999999818e+02
8.003500000000000227e+02
8.093799999999999955e+02
8.283799999999999955e+02
8.365800000000000409e+02
8.414099999999999682e+02
8.610199999999999818e+02
8.751299999999999955e+02
8.933000000000000682e+02
9.159800000000000182e+02
9.323400000000000318e+02
9.381800000000000637e+02
9.462500000000000000e+02
9.561399999999999864e+02
9.800700000000000500e+02
9.880099999999999909e+02
1.199000000000000057e+02
1.889000000000000057e+02
1.969200000000000159e+02
2.099600000000000080e+02
2.248000000000000114e+02
2.647200000000000273e+02
3.723299999999999841e+02
4.157699999999999818e+02
4.219300000000000068e+02
4.320500000000000114e+02
4.399499999999999886e+02
4.577800000000000296e+02
4.906100000000000136e+02
5.114399999999999977e+02
5.889400000000000546e+02
5.988899999999999864e+02
6.198500000000000227e+02
6.339199999999999591e+02
7.214099999999999682e+02
8.536700000000000728e+02
8.777699999999999818e+02
9.074900000000000091e+02
9.545199999999999818e+02
9.623200000000000500e+02
9.870199999999999818e+02
2.198499999999999943e+02
3.229800000000000182e+02
4.789100000000000250e+02
6.433500000000000227e+02
8.165500000000000682e+02
5.698799999999999955e+02
