2.800000000000000266e+00
2.930000000000000160e+00
3.229999999999999982e+00
3.280000000000000249e+00
3.290000000000000036e+00
3.419999999999999929e+00
3.620000000000000107e+00
3.660000000000000142e+00
6.799999999999999822e+00
6.950000000000000178e+00
6.950000000000000178e+00
6.969999999999999751e+00
7.100000000000000533e+00
7.150000000000000355e+00
7.200000000000000178e+00
7.370000000000000107e+00
7.410000000000000142e+00
7.610000000000000320e+00
1.085999999999999943e+01
1.087000000000000099e+01
1.095000000000000107e+01
1.097000000000000064e+01
1.102999999999999936e+01
1.150999999999999979e+01
1.156000000000000050e+01
1.185999999999999943e+01
1.500999999999999979e+01
1.501999999999999957e+01
1.508000000000000007e+01
1.533000000000000007e+01
1.539000000000000057e+01
1.559999999999999964e+01
1.915000000000000213e+01
1.926000000000000156e+01
1.933000000000000185e+01
1.942999999999999972e+01
2.278000000000000114e+01
2.278999999999999915e+01
2.307000000000000028e+01
2.321999999999999886e+01
2.326999999999999957e+01
2.328000000000000114e+01
2.339000000000000057e+01
2.342999999999999972e+01
2.349000000000000199e+01
2.371999999999999886e+01
2.671999999999999886e+01
2.691000000000000014e+01
2.703999999999999915e+01
2.708000000000000185e+01
2.823000000000000043e+01
3.087999999999999901e+01
3.094999999999999929e+01
3.119999999999999929e+01
3.128000000000000114e+01
3.142000000000000171e+01
3.142999999999999972e+01
3.147000000000000242e+01
3.158000000000000185e+01
3.160000000000000142e+01
3.191000000000000014e+01
3.478000000000000114e+01
3.520000000000000284e+01
3.523000000000000398e+01
3.528000000000000114e+01
3.538000000000000256e+01
3.548000000000000398e+01
3.577000000000000313e+01
3.586999999999999744e+01
3.588000000000000256e+01
3.606000000000000227e+01
3.892000000000000171e+01
3.910999999999999943e+01
3.932999999999999829e+01
3.935000000000000142e+01
3.959000000000000341e+01
3.981000000000000227e+01
3.985999999999999943e+01
4.263000000000000256e+01
4.275000000000000000e+01
4.282000000000000028e+01
4.302000000000000313e+01
4.302000000000000313e+01
4.323000000000000398e+01
4.324000000000000199e+01
4.325000000000000000e+01
4.332999999999999829e+01
4.336999999999999744e+01
4.371999999999999886e+01
4.685999999999999943e+01
4.686999999999999744e+01
4.686999999999999744e+01
4.703000000000000114e+01
4.716000000000000369e+01
4.748000000000000398e+01
5.092000000000000171e+01
5.102000000000000313e+01
5.113000000000000256e+01
5.118999999999999773e+01
5.128999999999999915e+01
5.146999999999999886e+01
5.150999999999999801e+01
5.155000000000000426e+01
5.184000000000000341e+01
5.475999999999999801e+01
5.477000000000000313e+01
5.478000000000000114e+01
5.520000000000000284e+01
5.542999999999999972e+01
5.545000000000000284e+01
5.875000000000000000e+01
5.889000000000000057e+01
5.892000000000000171e+01
5.942999999999999972e+01
5.943999999999999773e+01
5.964999999999999858e+01
6.217000000000000171e+01
6.253000000000000114e+01
6.284000000000000341e+01
6.307999999999999829e+01
6.339999999999999858e+01
6.356000000000000227e+01
6.401000000000000512e+01
6.643999999999999773e+01
6.668999999999999773e+01
6.682999999999999829e+01
6.693999999999999773e+01
6.701000000000000512e+01
6.704999999999999716e+01
6.735999999999999943e+01
6.743999999999999773e+01
7.057000000000000739e+01
7.068000000000000682e+01
7.084000000000000341e+01
7.093000000000000682e+01
7.104999999999999716e+01
7.118999999999999773e+01
7.146999999999999886e+01
7.168999999999999773e+01
7.470000000000000284e+01
7.490999999999999659e+01
7.504000000000000625e+01
7.515999999999999659e+01
7.520000000000000284e+01
7.523999999999999488e+01
7.554999999999999716e+01
7.606000000000000227e+01
7.885000000000000853e+01
7.915999999999999659e+01
7.921000000000000796e+01
7.921999999999999886e+01
7.926000000000000512e+01
7.929000000000000625e+01
8.040999999999999659e+01
8.217000000000000171e+01
8.298999999999999488e+01
8.307000000000000739e+01
8.340999999999999659e+01
8.340999999999999659e+01
8.343999999999999773e+01
8.348000000000000398e+01
8.365999999999999659e+01
8.656000000000000227e+01
8.685999999999999943e+01
8.698000000000000398e+01
8.710000000000000853e+01
8.770000000000000284e+01
8.792000000000000171e+01
8.793000000000000682e+01
9.057000000000000739e+01
9.062000000000000455e+01
9.081000000000000227e+01
9.087999999999999545e+01
9.121999999999999886e+01
9.126000000000000512e+01
9.129000000000000625e+01
9.129999999999999716e+01
9.157000000000000739e+01
9.206000000000000227e+01
9.212999999999999545e+01
9.451000000000000512e+01
9.507999999999999829e+01
9.521999999999999886e+01
9.548999999999999488e+01
9.562000000000000455e+01
9.835000000000000853e+01
9.865999999999999659e+01
9.871000000000000796e+01
9.906000000000000227e+01
9.962000000000000455e+01
9.965000000000000568e+01
9.982999999999999829e+01
1.022199999999999989e+02
1.027199999999999989e+02
1.028599999999999994e+02
1.029099999999999966e+02
1.029900000000000091e+02
1.029900000000000091e+02
1.032199999999999989e+02
1.034500000000000028e+02
1.035300000000000011e+02
1.037600000000000051e+02
1.041200000000000045e+02
1.041400000000000006e+02
1.066099999999999994e+02
1.067300000000000040e+02
1.071700000000000017e+02
1.072999999999999972e+02
1.073700000000000045e+02
1.078400000000000034e+02
1.079399999999999977e+02
1.102600000000000051e+02
1.104099999999999966e+02
1.106599999999999966e+02
1.108200000000000074e+02
1.109000000000000057e+02
1.109600000000000080e+02
1.111200000000000045e+02
1.111200000000000045e+02
1.113400000000000034e+02
1.114300000000000068e+02
1.116500000000000057e+02
1.116700000000000017e+02
1.117000000000000028e+02
1.143200000000000074e+02
1.146500000000000057e+02
1.146899999999999977e+02
1.147300000000000040e+02
1.156800000000000068e+02
1.161000000000000085e+02
1.185600000000000023e+02
1.186099999999999994e+02
1.187100000000000080e+02
1.188100000000000023e+02
1.188200000000000074e+02
1.189399999999999977e+02
1.193200000000000074e+02
1.196500000000000057e+02
1.197500000000000000e+02
1.215499999999999972e+02
1.228900000000000006e+02
1.232699999999999960e+02
1.233599999999999994e+02
1.234000000000000057e+02
1.234800000000000040e+02
1.237600000000000051e+02
1.242199999999999989e+02
1.246800000000000068e+02
1.264399999999999977e+02
1.267600000000000051e+02
1.270300000000000011e+02
1.271000000000000085e+02
1.273599999999999994e+02
1.275700000000000074e+02
1.279300000000000068e+02
1.279500000000000028e+02
1.285399999999999920e+02
1.298700000000000045e+02
1.303499999999999943e+02
1.307700000000000102e+02
1.310099999999999909e+02
1.310500000000000114e+02
1.310900000000000034e+02
1.341800000000000068e+02
1.343300000000000125e+02
1.346500000000000057e+02
1.347800000000000011e+02
1.352100000000000080e+02
1.356400000000000148e+02
1.368100000000000023e+02
1.382000000000000171e+02
1.388000000000000114e+02
1.388000000000000114e+02
1.417199999999999989e+02
1.420500000000000114e+02
1.426299999999999955e+02
1.429300000000000068e+02
1.429900000000000091e+02
1.431800000000000068e+02
1.436800000000000068e+02
1.439500000000000171e+02
1.458100000000000023e+02
1.459600000000000080e+02
1.462400000000000091e+02
1.466599999999999966e+02
1.469500000000000171e+02
1.473600000000000136e+02
1.473700000000000045e+02
1.489699999999999989e+02
1.497000000000000171e+02
1.505800000000000125e+02
1.507700000000000102e+02
1.509000000000000057e+02
1.513000000000000114e+02
1.517400000000000091e+02
1.524500000000000171e+02
1.540300000000000011e+02
1.541899999999999977e+02
1.542400000000000091e+02
1.544500000000000171e+02
1.548300000000000125e+02
1.552000000000000171e+02
1.552500000000000000e+02
1.553799999999999955e+02
1.566500000000000057e+02
1.587599999999999909e+02
1.588300000000000125e+02
1.592500000000000000e+02
1.600000000000000000e+02
1.607400000000000091e+02
1.617199999999999989e+02
1.622700000000000102e+02
1.623499999999999943e+02
1.624799999999999898e+02
1.624900000000000091e+02
1.626700000000000159e+02
1.629099999999999966e+02
1.630600000000000023e+02
1.634200000000000159e+02
1.638499999999999943e+02
1.653600000000000136e+02
1.654600000000000080e+02
1.655200000000000102e+02
1.660200000000000102e+02
1.665699999999999932e+02
1.667299999999999898e+02
1.676899999999999977e+02
1.684099999999999966e+02
1.693400000000000034e+02
1.695099999999999909e+02
1.704099999999999966e+02
1.705600000000000023e+02
1.711200000000000045e+02
1.715800000000000125e+02
1.720900000000000034e+02
1.723100000000000023e+02
1.729300000000000068e+02
1.748799999999999955e+02
1.750300000000000011e+02
1.752100000000000080e+02
1.755800000000000125e+02
1.759000000000000057e+02
1.759500000000000171e+02
1.761500000000000057e+02
1.782899999999999920e+02
1.817700000000000102e+02
1.818100000000000023e+02
1.827400000000000091e+02
1.828000000000000114e+02
1.833000000000000114e+02
1.835200000000000102e+02
1.835200000000000102e+02
1.847500000000000000e+02
1.850500000000000114e+02
1.858400000000000034e+02
1.865800000000000125e+02
1.866599999999999966e+02
1.879900000000000091e+02
1.900999999999999943e+02
1.904200000000000159e+02
1.904500000000000171e+02
1.905200000000000102e+02
1.907800000000000011e+02
1.908100000000000023e+02
1.909000000000000057e+02
1.910800000000000125e+02
1.911899999999999977e+02
1.916899999999999977e+02
1.920500000000000114e+02
1.922899999999999920e+02
1.927300000000000182e+02
1.928700000000000045e+02
1.937100000000000080e+02
1.943499999999999943e+02
1.946500000000000057e+02
1.947000000000000171e+02
1.951500000000000057e+02
1.958700000000000045e+02
1.962400000000000091e+02
1.982300000000000182e+02
1.994399999999999977e+02
1.994699999999999989e+02
1.997199999999999989e+02
2.000900000000000034e+02
2.003600000000000136e+02
2.021800000000000068e+02
2.029000000000000057e+02
2.030200000000000102e+02
2.034300000000000068e+02
2.040099999999999909e+02
2.040900000000000034e+02
2.045300000000000011e+02
2.049200000000000159e+02
2.055200000000000102e+02
2.062899999999999920e+02
2.067700000000000102e+02
2.070900000000000034e+02
2.074600000000000080e+02
2.078900000000000148e+02
2.082400000000000091e+02
2.098499999999999943e+02
2.099099999999999966e+02
2.100000000000000000e+02
2.104900000000000091e+02
2.107500000000000000e+02
2.109500000000000171e+02
2.112199999999999989e+02
2.118799999999999955e+02
2.134300000000000068e+02
2.135200000000000102e+02
2.141299999999999955e+02
2.147899999999999920e+02
2.148300000000000125e+02
2.148400000000000034e+02
2.150900000000000034e+02
2.158799999999999955e+02
2.166700000000000159e+02
2.178700000000000045e+02
2.180600000000000023e+02
2.186500000000000057e+02
2.187100000000000080e+02
2.192500000000000000e+02
2.193199999999999932e+02
2.195500000000000114e+02
2.199399999999999977e+02
2.213300000000000125e+02
2.214300000000000068e+02
2.216100000000000136e+02
2.222899999999999920e+02
2.222899999999999920e+02
2.231100000000000136e+02
2.233100000000000023e+02
2.235399999999999920e+02
2.236500000000000057e+02
2.241899999999999977e+02
2.243700000000000045e+02
2.255900000000000034e+02
2.266400000000000148e+02
2.269600000000000080e+02
2.273900000000000148e+02
2.276700000000000159e+02
2.283600000000000136e+02
2.289600000000000080e+02
2.294800000000000182e+02
2.307199999999999989e+02
2.310500000000000114e+02
2.312199999999999989e+02
2.317500000000000000e+02
2.337100000000000080e+02
2.338700000000000045e+02
2.339699999999999989e+02
2.344800000000000182e+02
2.345800000000000125e+02
2.347500000000000000e+02
2.357700000000000102e+02
2.359200000000000159e+02
2.383499999999999943e+02
2.390800000000000125e+02
2.394600000000000080e+02
2.395600000000000023e+02
2.398799999999999955e+02
2.406899999999999977e+02
2.415999999999999943e+02
2.417199999999999989e+02
2.419699999999999989e+02
2.421200000000000045e+02
2.424699999999999989e+02
2.429099999999999966e+02
2.429699999999999989e+02
2.433900000000000148e+02
2.445099999999999909e+02
2.458600000000000136e+02
2.459600000000000080e+02
2.475600000000000023e+02
2.477300000000000182e+02
2.477600000000000193e+02
2.483799999999999955e+02
2.491800000000000068e+02
2.498600000000000136e+02
2.499600000000000080e+02
2.499900000000000091e+02
2.507400000000000091e+02
2.508100000000000023e+02
2.509000000000000057e+02
2.511899999999999977e+02
2.513600000000000136e+02
2.513900000000000148e+02
2.537800000000000011e+02
2.546200000000000045e+02
2.550500000000000114e+02
2.553000000000000114e+02
2.557199999999999989e+02
2.557300000000000182e+02
2.557700000000000102e+02
2.559500000000000171e+02
2.564399999999999977e+02
2.565300000000000296e+02
2.576000000000000227e+02
2.584700000000000273e+02
2.588100000000000023e+02
2.600500000000000114e+02
2.607699999999999818e+02
2.615500000000000114e+02
2.621200000000000045e+02
2.622300000000000182e+02
2.627599999999999909e+02
2.628500000000000227e+02
2.636100000000000136e+02
2.641000000000000227e+02
2.648000000000000114e+02
2.651000000000000227e+02
2.651999999999999886e+02
2.656200000000000045e+02
2.666700000000000159e+02
2.669399999999999977e+02
2.672300000000000182e+02
2.679300000000000068e+02
2.688799999999999955e+02
2.703400000000000318e+02
2.703600000000000136e+02
2.710199999999999818e+02
2.718299999999999841e+02
2.725099999999999909e+02
2.725099999999999909e+02
2.725799999999999841e+02
2.730799999999999841e+02
2.733799999999999955e+02
2.745699999999999932e+02
2.748000000000000114e+02
2.750400000000000205e+02
2.754100000000000250e+02
2.767699999999999818e+02
2.774800000000000182e+02
2.777500000000000000e+02
2.779700000000000273e+02
2.784599999999999795e+02
2.796100000000000136e+02
2.801800000000000068e+02
2.803100000000000023e+02
2.803199999999999932e+02
2.805600000000000023e+02
2.811800000000000068e+02
2.813500000000000227e+02
2.818600000000000136e+02
2.823100000000000023e+02
2.824100000000000250e+02
2.833899999999999864e+02
2.845699999999999932e+02
2.849300000000000068e+02
2.851100000000000136e+02
2.852200000000000273e+02
2.853000000000000114e+02
2.853899999999999864e+02
2.868500000000000227e+02
2.868600000000000136e+02
2.873299999999999841e+02
2.879599999999999795e+02
2.888500000000000227e+02
2.896100000000000136e+02
2.902300000000000182e+02
2.906500000000000341e+02
2.906899999999999977e+02
2.913199999999999932e+02
2.937500000000000000e+02
2.938199999999999932e+02
2.938299999999999841e+02
2.941500000000000341e+02
2.950500000000000114e+02
2.955600000000000023e+02
2.958799999999999955e+02
2.961399999999999864e+02
2.981200000000000045e+02
2.990600000000000023e+02
2.990699999999999932e+02
2.995600000000000023e+02
3.000199999999999818e+02
3.003199999999999932e+02
3.009499999999999886e+02
3.018700000000000045e+02
3.030000000000000000e+02
3.034800000000000182e+02
3.050900000000000318e+02
3.064700000000000273e+02
3.068799999999999955e+02
3.074499999999999886e+02
3.075099999999999909e+02
3.079599999999999795e+02
3.079900000000000091e+02
3.084499999999999886e+02
3.089599999999999795e+02
3.099200000000000159e+02
3.105300000000000296e+02
3.118299999999999841e+02
3.120099999999999909e+02
3.122400000000000091e+02
3.126600000000000250e+02
3.128100000000000023e+02
3.136999999999999886e+02
3.138400000000000318e+02
3.143799999999999955e+02
3.149100000000000250e+02
3.156500000000000341e+02
3.158899999999999864e+02
3.170199999999999818e+02
3.182400000000000091e+02
3.190900000000000318e+02
3.192699999999999818e+02
3.193899999999999864e+02
3.200300000000000296e+02
3.205000000000000000e+02
3.214499999999999886e+02
3.227599999999999909e+02
3.230500000000000114e+02
3.233400000000000318e+02
3.251899999999999977e+02
3.261600000000000250e+02
3.276200000000000045e+02
3.277800000000000296e+02
3.280600000000000023e+02
3.291399999999999864e+02
3.294399999999999977e+02
3.295199999999999818e+02
3.297800000000000296e+02
3.304300000000000068e+02
3.320799999999999841e+02
3.324399999999999977e+02
3.330300000000000296e+02
3.330900000000000318e+02
3.335500000000000114e+02
3.340000000000000000e+02
3.348199999999999932e+02
3.353600000000000136e+02
3.357099999999999795e+02
3.363199999999999932e+02
3.376500000000000341e+02
3.377699999999999818e+02
3.382500000000000000e+02
3.386700000000000159e+02
3.390300000000000296e+02
3.395500000000000114e+02
3.396800000000000068e+02
3.411200000000000045e+02
3.413500000000000227e+02
3.423400000000000318e+02
3.424100000000000250e+02
3.425900000000000318e+02
3.433199999999999932e+02
3.435099999999999909e+02
3.442200000000000273e+02
3.442800000000000296e+02
3.446100000000000136e+02
3.450300000000000296e+02
3.451700000000000159e+02
3.452599999999999909e+02
3.452800000000000296e+02
3.461500000000000341e+02
3.469900000000000091e+02
3.476399999999999864e+02
3.481100000000000136e+02
3.483799999999999955e+02
3.499100000000000250e+02
3.504900000000000091e+02
3.508400000000000318e+02
3.511399999999999864e+02
3.516399999999999864e+02
3.520900000000000318e+02
3.521800000000000068e+02
3.522200000000000273e+02
3.525300000000000296e+02
3.534599999999999795e+02
3.539900000000000091e+02
3.544599999999999795e+02
3.545500000000000114e+02
3.547300000000000182e+02
3.559499999999999886e+02
3.567200000000000273e+02
3.577500000000000000e+02
3.588000000000000114e+02
3.591100000000000136e+02
3.593500000000000227e+02
3.598799999999999955e+02
3.607400000000000091e+02
3.608500000000000227e+02
3.610900000000000318e+02
3.612599999999999909e+02
3.620199999999999818e+02
3.623500000000000227e+02
3.623600000000000136e+02
3.629399999999999977e+02
3.636800000000000068e+02
3.638500000000000227e+02
3.641399999999999864e+02
3.642599999999999909e+02
3.648100000000000023e+02
3.650699999999999932e+02
3.662500000000000000e+02
3.664800000000000182e+02
3.669800000000000182e+02
3.674599999999999795e+02
3.677099999999999795e+02
3.679499999999999886e+02
3.686100000000000136e+02
3.689399999999999977e+02
3.699599999999999795e+02
3.700199999999999818e+02
3.700900000000000318e+02
3.714700000000000273e+02
3.716399999999999864e+02
3.735199999999999818e+02
3.736100000000000136e+02
3.737599999999999909e+02
3.741399999999999864e+02
3.744499999999999886e+02
3.745900000000000318e+02
3.750799999999999841e+02
3.755400000000000205e+02
3.761500000000000341e+02
3.770300000000000296e+02
3.776200000000000045e+02
3.776500000000000341e+02
3.784300000000000068e+02
3.784599999999999795e+02
3.785600000000000023e+02
3.798000000000000114e+02
3.804100000000000250e+02
3.809499999999999886e+02
3.824499999999999886e+02
3.835099999999999909e+02
3.835400000000000205e+02
3.836000000000000227e+02
3.839100000000000250e+02
3.840799999999999841e+02
3.844800000000000182e+02
3.846200000000000045e+02
3.853000000000000114e+02
3.864300000000000068e+02
3.864600000000000364e+02
3.865300000000000296e+02
3.868000000000000114e+02
3.870300000000000296e+02
3.881999999999999886e+02
3.882200000000000273e+02
3.884800000000000182e+02
3.900199999999999818e+02
3.906500000000000341e+02
3.906500000000000341e+02
3.912200000000000273e+02
3.921399999999999864e+02
3.922900000000000205e+02
3.931800000000000068e+02
3.933400000000000318e+02
3.935600000000000023e+02
3.941000000000000227e+02
3.944800000000000182e+02
3.947500000000000000e+02
3.951299999999999955e+02
3.959499999999999886e+02
3.972599999999999909e+02
3.974399999999999977e+02
3.977500000000000000e+02
3.982400000000000091e+02
4.009800000000000182e+02
4.012100000000000364e+02
4.023000000000000114e+02
4.029000000000000341e+02
4.032300000000000182e+02
4.049600000000000364e+02
4.057300000000000182e+02
4.059600000000000364e+02
4.061700000000000159e+02
4.066800000000000068e+02
4.073199999999999932e+02
4.074300000000000068e+02
4.077200000000000273e+02
4.083899999999999864e+02
4.086899999999999977e+02
4.096600000000000250e+02
4.103100000000000023e+02
4.108100000000000023e+02
4.108899999999999864e+02
4.115400000000000205e+02
4.115699999999999932e+02
4.119200000000000159e+02
4.119900000000000091e+02
4.122500000000000000e+02
4.123500000000000227e+02
4.128899999999999864e+02
4.130799999999999841e+02
4.133299999999999841e+02
4.141399999999999864e+02
4.160600000000000023e+02
4.164300000000000068e+02
4.167200000000000273e+02
4.169399999999999977e+02
4.173299999999999841e+02
4.177300000000000182e+02
4.179200000000000159e+02
4.181100000000000136e+02
4.185500000000000114e+02
4.187800000000000296e+02
4.200199999999999818e+02
4.207500000000000000e+02
4.209300000000000068e+02
4.216999999999999886e+02
4.221100000000000136e+02
4.223100000000000023e+02
4.226100000000000136e+02
4.234800000000000182e+02
4.235300000000000296e+02
4.235900000000000318e+02
4.249900000000000091e+02
4.253500000000000227e+02
4.255000000000000000e+02
4.256299999999999955e+02
4.271000000000000227e+02
4.275799999999999841e+02
4.284399999999999977e+02
4.288400000000000318e+02
4.290500000000000114e+02
4.293700000000000045e+02
4.294800000000000182e+02
4.295900000000000318e+02
4.297800000000000296e+02
4.298000000000000114e+02
4.305199999999999818e+02
4.306899999999999977e+02
4.307100000000000364e+02
4.307100000000000364e+02
4.315699999999999932e+02
4.324399999999999977e+02
4.325699999999999932e+02
4.326600000000000250e+02
4.339600000000000364e+02
4.341800000000000068e+02
4.344399999999999977e+02
4.355799999999999841e+02
4.362800000000000296e+02
4.364000000000000341e+02
4.366899999999999977e+02
4.367599999999999909e+02
4.374200000000000159e+02
4.380199999999999818e+02
4.387200000000000273e+02
4.395500000000000114e+02
4.400900000000000318e+02
4.409499999999999886e+02
4.413799999999999955e+02
4.427500000000000000e+02
4.435099999999999909e+02
4.437100000000000364e+02
4.443899999999999864e+02
4.444900000000000091e+02
4.466899999999999977e+02
4.470300000000000296e+02
4.497800000000000296e+02
4.506299999999999955e+02
4.507699999999999818e+02
4.523899999999999864e+02
4.525300000000000296e+02
4.535500000000000114e+02
4.539300000000000068e+02
4.543000000000000114e+02
4.544700000000000273e+02
4.549499999999999886e+02
4.556399999999999864e+02
4.556700000000000159e+02
4.563100000000000023e+02
4.566500000000000341e+02
4.569499999999999886e+02
4.577400000000000091e+02
4.580099999999999909e+02
4.584399999999999977e+02
4.584600000000000364e+02
4.587200000000000273e+02
4.589499999999999886e+02
4.593000000000000114e+02
4.594600000000000364e+02
4.596299999999999955e+02
4.605000000000000000e+02
4.606899999999999977e+02
4.611800000000000068e+02
4.625600000000000023e+02
4.629000000000000341e+02
4.632200000000000273e+02
4.637900000000000205e+02
4.641299999999999955e+02
4.641700000000000159e+02
4.655699999999999932e+02
4.655900000000000318e+02
4.669499999999999886e+02
4.670500000000000114e+02
4.672300000000000182e+02
4.674800000000000182e+02
4.684399999999999977e+02
4.691299999999999955e+02
4.697400000000000091e+02
4.701200000000000045e+02
4.702200000000000273e+02
4.705199999999999818e+02
4.707400000000000091e+02
4.708500000000000227e+02
4.715699999999999932e+02
4.716000000000000227e+02
4.719499999999999886e+02
4.722500000000000000e+02
4.740600000000000023e+02
4.747599999999999909e+02
4.752800000000000296e+02
4.753500000000000227e+02
4.755600000000000023e+02
4.765099999999999909e+02
4.766500000000000341e+02
4.773000000000000114e+02
4.779200000000000159e+02
4.786899999999999977e+02
4.797500000000000000e+02
4.801200000000000045e+02
4.812200000000000273e+02
4.812500000000000000e+02
4.820900000000000318e+02
4.822300000000000182e+02
4.826600000000000250e+02
4.833299999999999841e+02
4.834800000000000182e+02
4.838199999999999932e+02
4.848100000000000023e+02
4.848600000000000136e+02
4.849800000000000182e+02
4.856299999999999955e+02
4.862100000000000364e+02
4.862599999999999909e+02
4.862900000000000205e+02
4.878299999999999841e+02
4.885000000000000000e+02
4.892699999999999818e+02
4.896299999999999955e+02
4.907500000000000000e+02
4.908899999999999864e+02
4.909499999999999886e+02
4.913299999999999841e+02
4.913500000000000227e+02
4.915900000000000318e+02
4.926000000000000227e+02
4.942500000000000000e+02
4.947599999999999909e+02
4.948000000000000114e+02
4.953500000000000227e+02
4.958000000000000114e+02
4.959800000000000182e+02
4.963899999999999864e+02
4.974399999999999977e+02
4.977100000000000364e+02
4.986000000000000227e+02
4.986200000000000045e+02
4.996600000000000250e+02
5.010200000000000387e+02
5.016200000000000045e+02
5.022300000000000182e+02
5.032200000000000273e+02
5.036800000000000068e+02
5.037900000000000205e+02
5.046500000000000341e+02
5.049200000000000159e+02
5.055900000000000318e+02
5.056700000000000159e+02
5.068199999999999932e+02
5.085799999999999841e+02
5.086100000000000136e+02
5.096700000000000159e+02
5.104200000000000159e+02
5.112100000000000364e+02
5.114700000000000273e+02
5.126699999999999591e+02
5.139700000000000273e+02
5.140600000000000591e+02
5.140800000000000409e+02
5.142100000000000364e+02
5.145700000000000500e+02
5.150499999999999545e+02
5.152100000000000364e+02
5.157200000000000273e+02
5.165900000000000318e+02
5.174099999999999682e+02
5.175000000000000000e+02
5.186800000000000637e+02
5.189700000000000273e+02
5.200600000000000591e+02
5.204300000000000637e+02
5.208100000000000591e+02
5.210000000000000000e+02
5.216699999999999591e+02
5.220000000000000000e+02
5.231299999999999955e+02
5.235199999999999818e+02
5.242999999999999545e+02
5.245800000000000409e+02
5.272899999999999636e+02
5.275199999999999818e+02
5.275399999999999636e+02
5.278100000000000591e+02
5.280099999999999909e+02
5.287599999999999909e+02
5.291699999999999591e+02
5.292300000000000182e+02
5.295700000000000500e+02
5.295700000000000500e+02
5.299199999999999591e+02
5.302000000000000455e+02
5.303200000000000500e+02
5.307799999999999727e+02
5.322899999999999636e+02
5.338500000000000227e+02
5.350700000000000500e+02
5.355099999999999909e+02
5.361499999999999773e+02
5.372899999999999636e+02
5.383600000000000136e+02
5.389400000000000546e+02
5.408799999999999955e+02
5.414099999999999682e+02
5.420700000000000500e+02
5.425199999999999818e+02
5.427300000000000182e+02
5.427599999999999909e+02
5.436900000000000546e+02
5.440299999999999727e+02
5.442400000000000091e+02
5.447300000000000182e+02
5.456299999999999955e+02
5.462400000000000091e+02
5.464099999999999682e+02
5.471399999999999864e+02
5.472100000000000364e+02
5.476399999999999864e+02
5.481299999999999955e+02
5.481900000000000546e+02
5.482799999999999727e+02
5.488400000000000318e+02
5.498400000000000318e+02
5.500299999999999727e+02
5.503999999999999773e+02
5.516399999999999864e+02
5.530700000000000500e+02
5.543600000000000136e+02
5.555800000000000409e+02
5.559700000000000273e+02
5.567799999999999727e+02
5.570700000000000500e+02
5.571000000000000227e+02
5.576100000000000136e+02
5.584400000000000546e+02
5.585199999999999818e+02
5.589199999999999591e+02
5.601599999999999682e+02
5.602000000000000455e+02
5.603600000000000136e+02
5.604600000000000364e+02
5.614500000000000455e+02
5.620700000000000500e+02
5.632000000000000455e+02
5.632400000000000091e+02
5.638899999999999864e+02
5.647100000000000364e+02
5.647100000000000364e+02
5.653000000000000682e+02
5.658999999999999773e+02
5.664700000000000273e+02
5.677899999999999636e+02
5.678100000000000591e+02
5.679199999999999591e+02
5.693200000000000500e+02
5.693500000000000227e+02
5.694300000000000637e+02
5.705000000000000000e+02
5.710800000000000409e+02
5.712100000000000364e+02
5.713799999999999955e+02
5.720000000000000000e+02
5.726499999999999773e+02
5.734099999999999682e+02
5.734900000000000091e+02
5.735199999999999818e+02
5.744700000000000273e+02
5.746499999999999773e+02
5.746599999999999682e+02
5.748799999999999955e+02
5.753600000000000136e+02
5.754700000000000273e+02
5.757599999999999909e+02
5.767100000000000364e+02
5.773899999999999864e+02
5.776599999999999682e+02
5.780199999999999818e+02
5.784600000000000364e+02
5.790800000000000409e+02
5.793200000000000500e+02
5.800900000000000318e+02
5.807100000000000364e+02
5.810299999999999727e+02
5.815299999999999727e+02
5.846299999999999955e+02
5.846399999999999864e+02
5.850600000000000591e+02
5.851900000000000546e+02
5.865299999999999727e+02
5.872599999999999909e+02
5.876800000000000637e+02
5.886800000000000637e+02
5.888899999999999864e+02
5.895700000000000500e+02
5.909700000000000273e+02
5.918200000000000500e+02
5.919099999999999682e+02
5.921599999999999682e+02
5.928899999999999864e+02
5.946299999999999955e+02
5.947200000000000273e+02
5.959199999999999591e+02
5.959300000000000637e+02
5.963700000000000045e+02
5.965199999999999818e+02
5.970000000000000000e+02
5.973200000000000500e+02
5.979199999999999591e+02
5.984199999999999591e+02
5.994700000000000273e+02
6.006699999999999591e+02
6.012100000000000364e+02
6.014900000000000091e+02
6.018100000000000591e+02
6.021200000000000045e+02
6.024600000000000364e+02
6.026299999999999955e+02
6.040700000000000500e+02
6.044600000000000364e+02
6.046299999999999955e+02
6.048100000000000591e+02
6.056499999999999773e+02
6.064400000000000546e+02
6.065500000000000682e+02
6.069800000000000182e+02
6.080800000000000409e+02
6.089099999999999682e+02
6.089800000000000182e+02
6.097599999999999909e+02
6.118500000000000227e+02
6.120500000000000682e+02
6.126299999999999955e+02
6.128899999999999864e+02
6.135700000000000500e+02
6.137000000000000455e+02
6.137100000000000364e+02
6.144800000000000182e+02
6.153200000000000500e+02
6.158799999999999955e+02
6.164500000000000455e+02
6.173100000000000591e+02
6.176900000000000546e+02
6.195800000000000409e+02
6.199800000000000182e+02
6.209700000000000273e+02
6.223600000000000136e+02
6.223899999999999864e+02
6.226499999999999773e+02
6.234300000000000637e+02
6.243000000000000682e+02
6.259400000000000546e+02
6.273899999999999864e+02
6.274700000000000273e+02
6.288100000000000591e+02
6.290600000000000591e+02
6.294800000000000182e+02
6.299800000000000182e+02
6.307300000000000182e+02
6.308799999999999955e+02
6.312699999999999818e+02
6.313999999999999773e+02
6.315800000000000409e+02
6.327899999999999636e+02
6.331200000000000045e+02
6.333999999999999773e+02
6.336000000000000227e+02
6.349300000000000637e+02
6.358300000000000409e+02
6.362599999999999909e+02
6.364199999999999591e+02
6.366100000000000136e+02
6.370000000000000000e+02
6.372400000000000091e+02
6.375500000000000682e+02
6.381200000000000045e+02
6.392599999999999909e+02
6.410600000000000591e+02
6.419700000000000273e+02
6.420099999999999909e+02
6.427300000000000182e+02
6.429199999999999591e+02
6.431599999999999682e+02
6.433999999999999773e+02
6.441900000000000546e+02
6.452599999999999909e+02
6.467000000000000455e+02
6.473200000000000500e+02
6.475600000000000591e+02
6.483400000000000318e+02
6.484199999999999591e+02
6.488100000000000591e+02
6.491100000000000136e+02
6.502799999999999727e+02
6.504800000000000182e+02
6.505099999999999909e+02
6.506399999999999864e+02
6.515299999999999727e+02
6.517200000000000273e+02
6.520299999999999727e+02
6.529700000000000273e+02
6.531599999999999682e+02
6.542200000000000273e+02
6.542300000000000182e+02
6.545000000000000000e+02
6.549800000000000182e+02
6.557200000000000273e+02
6.559600000000000364e+02
6.565900000000000318e+02
6.588700000000000045e+02
6.598600000000000136e+02
6.606200000000000045e+02
6.610700000000000500e+02
6.612100000000000364e+02
6.613700000000000045e+02
6.624800000000000182e+02
6.641900000000000546e+02
6.647599999999999909e+02
6.648400000000000318e+02
6.652899999999999636e+02
6.660800000000000409e+02
6.677400000000000091e+02
6.691900000000000546e+02
6.692899999999999636e+02
6.706499999999999773e+02
6.715199999999999818e+02
6.716299999999999955e+02
6.722200000000000273e+02
6.725800000000000409e+02
6.733899999999999864e+02
6.741100000000000136e+02
6.744900000000000091e+02
6.753400000000000318e+02
6.756499999999999773e+02
6.768300000000000409e+02
6.776800000000000637e+02
6.780199999999999818e+02
6.783799999999999955e+02
6.783899999999999864e+02
6.797699999999999818e+02
6.797799999999999727e+02
6.809300000000000637e+02
6.810099999999999909e+02
6.821000000000000227e+02
6.822899999999999636e+02
6.823999999999999773e+02
6.836499999999999773e+02
6.849300000000000637e+02
6.849700000000000273e+02
6.853999999999999773e+02
6.856699999999999591e+02
6.859800000000000182e+02
6.865700000000000500e+02
6.865800000000000409e+02
6.867000000000000455e+02
6.871699999999999591e+02
6.875600000000000591e+02
6.885199999999999818e+02
6.888899999999999864e+02
6.903700000000000045e+02
6.905800000000000409e+02
6.909099999999999682e+02
6.916299999999999955e+02
6.918100000000000591e+02
6.918600000000000136e+02
6.927599999999999909e+02
6.934199999999999591e+02
6.948999999999999773e+02
6.958300000000000409e+02
6.961299999999999955e+02
6.962799999999999727e+02
6.971200000000000045e+02
6.973300000000000409e+02
6.984600000000000364e+02
6.986000000000000227e+02
6.993100000000000591e+02
6.994800000000000182e+02
6.999099999999999682e+02
7.004300000000000637e+02
7.010500000000000682e+02
7.013600000000000136e+02
7.023300000000000409e+02
7.036299999999999955e+02
7.049300000000000637e+02
7.058200000000000500e+02
7.060099999999999909e+02
7.061599999999999682e+02
7.073000000000000682e+02
7.076599999999999682e+02
7.081299999999999955e+02
7.084500000000000455e+02
7.084900000000000091e+02
7.088899999999999864e+02
7.093600000000000136e+02
7.101100000000000136e+02
7.105199999999999818e+02
7.109900000000000091e+02
7.117400000000000091e+02
7.121900000000000546e+02
7.129700000000000273e+02
7.137000000000000455e+02
7.143000000000000682e+02
7.143899999999999864e+02
7.149500000000000455e+02
7.153700000000000045e+02
7.157200000000000273e+02
7.161499999999999773e+02
7.168799999999999955e+02
7.170700000000000500e+02
7.173700000000000045e+02
7.180399999999999636e+02
7.183200000000000500e+02
7.184900000000000091e+02
7.193100000000000591e+02
7.206100000000000136e+02
7.207100000000000364e+02
7.210299999999999727e+02
7.220800000000000409e+02
7.227799999999999727e+02
7.233000000000000682e+02
7.238700000000000045e+02
7.239400000000000546e+02
7.241000000000000227e+02
7.247300000000000182e+02
7.251699999999999591e+02
7.255399999999999636e+02
7.259800000000000182e+02
7.265299999999999727e+02
7.266900000000000546e+02
7.268799999999999955e+02
7.273400000000000318e+02
7.276900000000000546e+02
7.278100000000000591e+02
7.280000000000000000e+02
7.293400000000000318e+02
7.299500000000000455e+02
7.302400000000000091e+02
7.306299999999999955e+02
7.317100000000000364e+02
7.329099999999999682e+02
7.336699999999999591e+02
7.348100000000000591e+02
7.350299999999999727e+02
7.359199999999999591e+02
7.367400000000000091e+02
7.371299999999999955e+02
7.380800000000000409e+02
7.387500000000000000e+02
7.388000000000000682e+02
7.396900000000000546e+02
7.405199999999999818e+02
7.408999999999999773e+02
7.409099999999999682e+02
7.417300000000000182e+02
7.425000000000000000e+02
7.427899999999999636e+02
7.429600000000000364e+02
7.453400000000000318e+02
7.462100000000000364e+02
7.465700000000000500e+02
7.481100000000000136e+02
7.485000000000000000e+02
7.485199999999999818e+02
7.493400000000000318e+02
7.493799999999999955e+02
7.499300000000000637e+02
7.516200000000000045e+02
7.520000000000000000e+02
7.533300000000000409e+02
7.548899999999999864e+02
7.553700000000000045e+02
7.553700000000000045e+02
7.560199999999999818e+02
7.565399999999999636e+02
7.569099999999999682e+02
7.574400000000000546e+02
7.605000000000000000e+02
7.607300000000000182e+02
7.612000000000000455e+02
7.617000000000000455e+02
7.625000000000000000e+02
7.632100000000000364e+02
7.640800000000000409e+02
7.646200000000000045e+02
7.649900000000000091e+02
7.659300000000000637e+02
7.659300000000000637e+02
7.660900000000000318e+02
7.668600000000000136e+02
7.672599999999999909e+02
7.675800000000000409e+02
7.677599999999999909e+02
7.687100000000000364e+02
7.694800000000000182e+02
7.718999999999999773e+02
7.723799999999999955e+02
7.734300000000000637e+02
7.734700000000000273e+02
7.737400000000000091e+02
7.740600000000000591e+02
7.741200000000000045e+02
7.742400000000000091e+02
7.748100000000000591e+02
7.754300000000000637e+02
7.761200000000000045e+02
7.764400000000000546e+02
7.788300000000000409e+02
7.791399999999999864e+02
7.801499999999999773e+02
7.806599999999999682e+02
7.810199999999999818e+02
7.810299999999999727e+02
7.817100000000000364e+02
7.817699999999999818e+02
7.825900000000000318e+02
7.838700000000000045e+02
7.845299999999999727e+02
7.863000000000000682e+02
7.863700000000000045e+02
7.866100000000000136e+02
7.867899999999999636e+02
7.868400000000000318e+02
7.877300000000000182e+02
7.882400000000000091e+02
7.888999999999999773e+02
7.892100000000000364e+02
7.893100000000000591e+02
7.908799999999999955e+02
7.915600000000000591e+02
7.917799999999999727e+02
7.927699999999999818e+02
7.927799999999999727e+02
7.941800000000000637e+02
7.947599999999999909e+02
7.955600000000000591e+02
7.963700000000000045e+02
7.975299999999999727e+02
7.982599999999999909e+02
7.982599999999999909e+02
7.989099999999999682e+02
7.992899999999999636e+02
8.000099999999999909e+02
8.003700000000000045e+02
8.008100000000000591e+02
8.030399999999999636e+02
8.038999999999999773e+02
8.041299999999999955e+02
8.041399999999999864e+02
8.043000000000000682e+02
8.048000000000000682e+02
8.049800000000000182e+02
8.055500000000000682e+02
8.062400000000000091e+02
8.065500000000000682e+02
8.077500000000000000e+02
8.079600000000000364e+02
8.089400000000000546e+02
8.090900000000000318e+02
8.091900000000000546e+02
8.106000000000000227e+02
8.111100000000000136e+02
8.118700000000000045e+02
8.125000000000000000e+02
8.125299999999999727e+02
8.126800000000000637e+02
8.129099999999999682e+02
8.133400000000000318e+02
8.138000000000000682e+02
8.145399999999999636e+02
8.145800000000000409e+02
8.156800000000000637e+02
8.159800000000000182e+02
8.173700000000000045e+02
8.183899999999999864e+02
8.188999999999999773e+02
8.189400000000000546e+02
8.194500000000000455e+02
8.204600000000000364e+02
8.205099999999999909e+02
8.208899999999999864e+02
8.224600000000000364e+02
8.234600000000000364e+02
8.237200000000000273e+02
8.247899999999999636e+02
8.250099999999999909e+02
8.260199999999999818e+02
8.264700000000000273e+02
8.275900000000000318e+02
8.282599999999999909e+02
8.285500000000000682e+02
8.287300000000000182e+02
8.287400000000000091e+02
8.289200000000000728e+02
8.295600000000000591e+02
8.296299999999999955e+02
8.296900000000000546e+02
8.298899999999999864e+02
8.312699999999999818e+02
8.325000000000000000e+02
8.325600000000000591e+02
8.332100000000000364e+02
8.333100000000000591e+02
8.340000000000000000e+02
8.348700000000000045e+02
8.352100000000000364e+02
8.362100000000000364e+02
8.366299999999999955e+02
8.379099999999999682e+02
8.385399999999999636e+02
8.393700000000000045e+02
8.394400000000000546e+02
8.402500000000000000e+02
8.413200000000000500e+02
8.413200000000000500e+02
8.414800000000000182e+02
8.431000000000000227e+02
8.432500000000000000e+02
8.432899999999999636e+02
8.433000000000000682e+02
8.435299999999999727e+02
8.436399999999999864e+02
8.445700000000000500e+02
8.455500000000000682e+02
8.465900000000000318e+02
8.469700000000000273e+02
8.479800000000000182e+02
8.483200000000000500e+02
8.500099999999999909e+02
8.502300000000000182e+02
8.519099999999999682e+02
8.530700000000000500e+02
8.533300000000000409e+02
8.535500000000000682e+02
8.535600000000000591e+02
8.540099999999999909e+02
8.562599999999999909e+02
8.573799999999999955e+02
8.582899999999999636e+02
8.589500000000000455e+02
8.589900000000000091e+02
8.592699999999999818e+02
8.595700000000000500e+02
8.601499999999999773e+02
8.603999999999999773e+02
8.613300000000000409e+02
8.619099999999999682e+02
8.625099999999999909e+02
8.641399999999999864e+02
8.645800000000000409e+02
8.649900000000000091e+02
8.658500000000000227e+02
8.673899999999999864e+02
8.679800000000000182e+02
8.680099999999999909e+02
8.682000000000000455e+02
8.686700000000000728e+02
8.689700000000000273e+02
8.692100000000000364e+02
8.712500000000000000e+02
8.720299999999999727e+02
8.722300000000000182e+02
8.737400000000000091e+02
8.737799999999999727e+02
8.738500000000000227e+02
8.740800000000000409e+02
8.747400000000000091e+02
8.753000000000000682e+02
8.754700000000000273e+02
8.760800000000000409e+02
8.761700000000000728e+02
8.764600000000000364e+02
8.768200000000000500e+02
8.771399999999999864e+02
8.784400000000000546e+02
8.786599999999999682e+02
8.789300000000000637e+02
8.789600000000000364e+02
8.793500000000000227e+02
8.800099999999999909e+02
8.800800000000000409e+02
8.803400000000000318e+02
8.808000000000000682e+02
8.811000000000000227e+02
8.818600000000000136e+02
8.819800000000000182e+02
8.841000000000000227e+02
8.841900000000000546e+02
8.845900000000000318e+02
8.851399999999999864e+02
8.863799999999999955e+02
8.865299999999999727e+02
8.867699999999999818e+02
8.873400000000000318e+02
8.876499999999999773e+02
8.877899999999999636e+02
8.884300000000000637e+02
8.891700000000000728e+02
8.895600000000000591e+02
8.898200000000000500e+02
8.898999999999999773e+02
8.904099999999999682e+02
8.904900000000000091e+02
8.909200000000000728e+02
8.923999999999999773e+02
8.924099999999999682e+02
8.938200000000000500e+02
8.938899999999999864e+02
8.938999999999999773e+02
8.947599999999999909e+02
8.964900000000000091e+02
8.968899999999999864e+02
8.983200000000000500e+02
8.986000000000000227e+02
8.988999999999999773e+02
8.990800000000000409e+02
8.992300000000000182e+02
8.993000000000000682e+02
9.005900000000000318e+02
9.007599999999999909e+02
9.017699999999999818e+02
9.039800000000000182e+02
9.048999999999999773e+02
9.052300000000000182e+02
9.058300000000000409e+02
9.067699999999999818e+02
9.082599999999999909e+02
9.083400000000000318e+02
9.084900000000000091e+02
9.087799999999999727e+02
9.103700000000000045e+02
9.117400000000000091e+02
9.123700000000000045e+02
9.124900000000000091e+02
9.125199999999999818e+02
9.125500000000000682e+02
9.137599999999999909e+02
9.139900000000000091e+02
9.142000000000000455e+02
9.142699999999999818e+02
9.151200000000000045e+02
9.179300000000000637e+02
9.183600000000000136e+02
9.197899999999999636e+02
9.198300000000000409e+02
9.202899999999999636e+02
9.207799999999999727e+02
9.215800000000000409e+02
9.226200000000000045e+02
9.236299999999999955e+02
9.238600000000000136e+02
9.239099999999999682e+02
9.239500000000000455e+02
9.241000000000000227e+02
9.241700000000000728e+02
9.248400000000000318e+02
9.278000000000000682e+02
9.287500000000000000e+02
9.300600000000000591e+02
9.301100000000000136e+02
9.304300000000000637e+02
9.307699999999999818e+02
9.308000000000000682e+02
9.317100000000000364e+02
9.323400000000000318e+02
9.325700000000000500e+02
9.327400000000000091e+02
9.338300000000000409e+02
9.338899999999999864e+02
9.341100000000000136e+02
9.342500000000000000e+02
9.343899999999999864e+02
9.354300000000000637e+02
9.357500000000000000e+02
9.357899999999999636e+02
9.358000000000000682e+02
9.363500000000000227e+02
9.369500000000000455e+02
9.375299999999999727e+02
9.380299999999999727e+02
9.380900000000000318e+02
9.382100000000000364e+02
9.382799999999999727e+02
9.382799999999999727e+02
9.400399999999999636e+02
9.402500000000000000e+02
9.404300000000000637e+02
9.405299999999999727e+02
9.415600000000000591e+02
9.419600000000000364e+02
9.431700000000000728e+02
9.439099999999999682e+02
9.441700000000000728e+02
9.444099999999999682e+02
9.451700000000000728e+02
9.457300000000000182e+02
9.460399999999999636e+02
9.473999999999999773e+02
9.477100000000000364e+02
9.485099999999999909e+02
9.495199999999999818e+02
9.498799999999999955e+02
9.501900000000000546e+02
9.504200000000000728e+02
9.514800000000000182e+02
9.522200000000000273e+02
9.523500000000000227e+02
9.526399999999999864e+02
9.530600000000000591e+02
9.533000000000000682e+02
9.538100000000000591e+02
9.544099999999999682e+02
9.544200000000000728e+02
9.553600000000000136e+02
9.559900000000000091e+02
9.560099999999999909e+02
9.577599999999999909e+02
9.578000000000000682e+02
9.581399999999999864e+02
9.596900000000000546e+02
9.603700000000000045e+02
9.612300000000000182e+02
9.617100000000000364e+02
9.637699999999999818e+02
9.641200000000000045e+02
9.642300000000000182e+02
9.659200000000000728e+02
9.665800000000000409e+02
9.677599999999999909e+02
9.678200000000000500e+02
9.679900000000000091e+02
9.680700000000000500e+02
9.685500000000000682e+02
9.696299999999999955e+02
9.705399999999999636e+02
9.707200000000000273e+02
9.715900000000000318e+02
9.716399999999999864e+02
9.717500000000000000e+02
9.717799999999999727e+02
9.718200000000000500e+02
9.723799999999999955e+02
9.739700000000000273e+02
9.739800000000000182e+02
9.741100000000000136e+02
9.741800000000000637e+02
9.755099999999999909e+02
9.759200000000000728e+02
9.760700000000000500e+02
9.781000000000000227e+02
9.782400000000000091e+02
9.798899999999999864e+02
9.802000000000000455e+02
9.817100000000000364e+02
9.817100000000000364e+02
9.820099999999999909e+02
9.822400000000000091e+02
9.835400000000000773e+02
9.843100000000000591e+02
9.843400000000000318e+02
9.847900000000000773e+02
9.858200000000000500e+02
9.858400000000000318e+02
9.860000000000000000e+02
9.875299999999999727e+02
9.876100000000000136e+02
9.879300000000000637e+02
9.880600000000000591e+02
9.885400000000000773e+02
9.903500000000000227e+02
9.905000000000000000e+02
9.917300000000000182e+02
9.918899999999999864e+02
9.919700000000000273e+02
9.924500000000000455e+02
9.925400000000000773e+02
9.926000000000000227e+02
9.927300000000000182e+02
9.939300000000000637e+02
9.939900000000000091e+02
9.940500000000000682e+02
9.941900000000000546e+02
9.944400000000000546e+02
9.953799999999999955e+02
9.959200000000000728e+02
9.959300000000000637e+02
9.973300000000000409e+02
9.978799999999999955e+02
9.980199999999999818e+02
9.980900000000000318e+02
9.994400000000000546e+02
9.995299999999999727e+02
9.996700000000000728e+02
9.998400000000000318e+02
