2.450000000000000178e+00
2.569999999999999840e+00
2.640000000000000124e+00
2.669999999999999929e+00
2.750000000000000000e+00
2.760000000000000231e+00
2.879999999999999893e+00
2.930000000000000160e+00
4.589999999999999858e+00
4.780000000000000249e+00
4.810000000000000497e+00
4.850000000000000533e+00
4.900000000000000355e+00
6.509999999999999787e+00
6.530000000000000249e+00
6.660000000000000142e+00
6.669999999999999929e+00
6.750000000000000000e+00
6.790000000000000036e+00
6.820000000000000284e+00
8.439999999999999503e+00
8.470000000000000639e+00
8.500000000000000000e+00
8.540000000000000924e+00
8.630000000000000782e+00
8.689999999999999503e+00
8.900000000000000355e+00
9.000000000000000000e+00
1.054000000000000092e+01
1.058000000000000007e+01
1.064000000000000057e+01
1.064000000000000057e+01
1.066999999999999993e+01
1.074000000000000021e+01
1.241000000000000014e+01
1.242999999999999972e+01
1.248000000000000043e+01
1.266000000000000014e+01
1.268999999999999950e+01
1.273000000000000043e+01
1.276999999999999957e+01
1.456000000000000050e+01
1.474000000000000021e+01
1.490000000000000036e+01
1.499000000000000021e+01
1.644999999999999929e+01
1.657000000000000028e+01
1.658000000000000185e+01
1.660000000000000142e+01
1.676000000000000156e+01
1.676999999999999957e+01
1.689999999999999858e+01
1.701999999999999957e+01
1.853999999999999915e+01
1.864000000000000057e+01
1.878999999999999915e+01
1.882000000000000028e+01
1.900000000000000000e+01
2.028999999999999915e+01
2.055999999999999872e+01
2.073000000000000043e+01
2.076000000000000156e+01
2.083999999999999986e+01
2.098000000000000043e+01
2.100000000000000000e+01
2.235000000000000142e+01
2.248000000000000043e+01
2.251999999999999957e+01
2.251999999999999957e+01
2.258000000000000185e+01
2.267000000000000171e+01
2.432000000000000028e+01
2.439000000000000057e+01
2.442999999999999972e+01
2.450000000000000000e+01
2.456000000000000227e+01
2.460999999999999943e+01
2.471999999999999886e+01
2.476000000000000156e+01
2.514000000000000057e+01
2.632000000000000028e+01
2.642000000000000171e+01
2.649000000000000199e+01
2.662000000000000099e+01
2.664000000000000057e+01
2.666000000000000014e+01
2.667999999999999972e+01
2.678999999999999915e+01
2.701000000000000156e+01
2.837000000000000099e+01
2.858999999999999986e+01
2.865000000000000213e+01
3.021999999999999886e+01
3.060000000000000142e+01
3.067999999999999972e+01
3.069000000000000128e+01
3.078000000000000114e+01
3.094999999999999929e+01
3.094999999999999929e+01
3.101000000000000156e+01
3.252000000000000313e+01
3.310999999999999943e+01
3.460999999999999943e+01
3.461999999999999744e+01
3.488000000000000256e+01
3.492999999999999972e+01
3.642000000000000171e+01
3.664000000000000057e+01
3.671000000000000085e+01
3.671999999999999886e+01
3.680000000000000426e+01
3.692999999999999972e+01
3.803000000000000114e+01
3.855000000000000426e+01
3.860000000000000142e+01
3.867999999999999972e+01
3.870000000000000284e+01
3.891000000000000369e+01
3.898000000000000398e+01
4.057000000000000028e+01
4.067000000000000171e+01
4.073000000000000398e+01
4.095000000000000284e+01
4.096000000000000085e+01
4.100000000000000000e+01
4.106000000000000227e+01
4.255000000000000426e+01
4.264000000000000057e+01
4.277000000000000313e+01
4.278000000000000114e+01
4.278999999999999915e+01
4.299000000000000199e+01
4.300000000000000000e+01
4.439000000000000057e+01
4.446000000000000085e+01
4.450999999999999801e+01
4.459000000000000341e+01
4.464000000000000057e+01
4.503999999999999915e+01
4.506000000000000227e+01
4.614999999999999858e+01
4.652000000000000313e+01
4.661999999999999744e+01
4.661999999999999744e+01
4.663000000000000256e+01
4.707000000000000028e+01
4.710999999999999943e+01
4.717999999999999972e+01
4.828000000000000114e+01
4.864999999999999858e+01
4.882999999999999829e+01
4.941000000000000369e+01
5.009000000000000341e+01
5.032000000000000028e+01
5.039000000000000057e+01
5.057999999999999829e+01
5.062000000000000455e+01
5.075999999999999801e+01
5.093999999999999773e+01
5.095000000000000284e+01
5.117000000000000171e+01
5.200000000000000000e+01
5.267999999999999972e+01
5.310000000000000142e+01
5.446000000000000085e+01
5.453999999999999915e+01
5.471999999999999886e+01
5.496000000000000085e+01
5.621000000000000085e+01
5.642000000000000171e+01
5.664999999999999858e+01
5.696000000000000085e+01
5.705000000000000426e+01
5.841000000000000369e+01
5.846000000000000085e+01
5.875999999999999801e+01
6.028999999999999915e+01
6.043999999999999773e+01
6.075999999999999801e+01
6.187000000000000455e+01
6.207000000000000028e+01
6.277000000000000313e+01
6.432000000000000739e+01
6.465999999999999659e+01
6.475000000000000000e+01
6.482999999999999829e+01
6.648999999999999488e+01
6.675000000000000000e+01
6.840000000000000568e+01
6.868999999999999773e+01
6.873000000000000398e+01
7.010999999999999943e+01
7.031000000000000227e+01
7.035000000000000853e+01
7.043999999999999773e+01
7.056000000000000227e+01
7.071000000000000796e+01
7.078000000000000114e+01
7.085999999999999943e+01
7.107999999999999829e+01
7.215000000000000568e+01
7.276000000000000512e+01
7.284000000000000341e+01
7.296999999999999886e+01
7.314000000000000057e+01
7.343000000000000682e+01
7.410000000000000853e+01
7.426999999999999602e+01
7.456000000000000227e+01
7.487000000000000455e+01
7.542000000000000171e+01
7.590999999999999659e+01
7.640000000000000568e+01
7.656000000000000227e+01
7.657999999999999829e+01
7.678000000000000114e+01
7.720000000000000284e+01
7.793999999999999773e+01
7.842000000000000171e+01
7.851000000000000512e+01
7.857000000000000739e+01
7.873999999999999488e+01
7.901999999999999602e+01
7.915000000000000568e+01
8.026999999999999602e+01
8.031000000000000227e+01
8.062999999999999545e+01
8.071000000000000796e+01
8.079999999999999716e+01
8.082000000000000739e+01
8.132999999999999829e+01
8.150000000000000000e+01
8.159000000000000341e+01
8.200000000000000000e+01
8.239000000000000057e+01
8.273999999999999488e+01
8.298000000000000398e+01
8.312000000000000455e+01
8.445000000000000284e+01
8.454000000000000625e+01
8.454999999999999716e+01
8.476000000000000512e+01
8.490999999999999659e+01
8.515999999999999659e+01
8.525000000000000000e+01
8.543000000000000682e+01
8.579000000000000625e+01
8.601999999999999602e+01
8.632000000000000739e+01
8.637999999999999545e+01
8.662000000000000455e+01
8.665000000000000568e+01
8.693999999999999773e+01
8.707000000000000739e+01
8.815000000000000568e+01
8.840999999999999659e+01
8.862999999999999545e+01
8.885999999999999943e+01
8.896999999999999886e+01
8.921999999999999886e+01
8.937999999999999545e+01
9.040999999999999659e+01
9.065000000000000568e+01
9.065999999999999659e+01
9.100000000000000000e+01
9.151999999999999602e+01
9.162000000000000455e+01
9.162999999999999545e+01
9.240000000000000568e+01
9.243999999999999773e+01
9.271000000000000796e+01
9.271999999999999886e+01
9.329999999999999716e+01
9.368000000000000682e+01
9.375000000000000000e+01
9.410999999999999943e+01
9.426000000000000512e+01
9.435999999999999943e+01
9.476000000000000512e+01
9.481000000000000227e+01
9.484000000000000341e+01
9.493000000000000682e+01
9.501999999999999602e+01
9.646999999999999886e+01
9.687000000000000455e+01
9.700000000000000000e+01
9.710000000000000853e+01
9.760999999999999943e+01
9.774000000000000909e+01
9.807000000000000739e+01
9.818999999999999773e+01
9.856000000000000227e+01
9.914000000000000057e+01
1.002800000000000011e+02
1.005199999999999960e+02
1.006700000000000017e+02
1.007800000000000011e+02
1.009500000000000028e+02
1.011800000000000068e+02
1.021500000000000057e+02
1.023799999999999955e+02
1.027400000000000091e+02
1.031400000000000006e+02
1.037999999999999972e+02
1.038100000000000023e+02
1.040199999999999960e+02
1.041299999999999955e+02
1.046099999999999994e+02
1.047999999999999972e+02
1.049300000000000068e+02
1.058599999999999994e+02
1.061800000000000068e+02
1.061899999999999977e+02
1.067699999999999960e+02
1.069300000000000068e+02
1.076899999999999977e+02
1.085000000000000000e+02
1.086500000000000057e+02
1.087999999999999972e+02
1.088799999999999955e+02
1.090900000000000034e+02
1.093799999999999955e+02
1.094500000000000028e+02
1.099099999999999966e+02
1.099399999999999977e+02
1.100300000000000011e+02
1.102100000000000080e+02
1.106099999999999994e+02
1.109699999999999989e+02
1.110600000000000023e+02
1.121099999999999994e+02
1.124300000000000068e+02
1.126500000000000057e+02
1.130100000000000051e+02
1.141099999999999994e+02
1.141400000000000006e+02
1.143799999999999955e+02
1.145199999999999960e+02
1.146700000000000017e+02
1.148900000000000006e+02
1.150400000000000063e+02
1.162800000000000011e+02
1.170100000000000051e+02
1.172000000000000028e+02
1.173500000000000085e+02
1.183400000000000034e+02
1.187999999999999972e+02
1.191500000000000057e+02
1.197000000000000028e+02
1.197199999999999989e+02
1.202300000000000040e+02
1.207400000000000091e+02
1.211599999999999966e+02
1.212300000000000040e+02
1.217699999999999960e+02
1.218799999999999955e+02
1.219300000000000068e+02
1.222900000000000063e+02
1.233500000000000085e+02
1.234500000000000028e+02
1.238900000000000006e+02
1.239099999999999966e+02
1.241500000000000057e+02
1.243500000000000085e+02
1.247699999999999960e+02
1.260400000000000063e+02
1.260499999999999972e+02
1.261000000000000085e+02
1.265199999999999960e+02
1.267199999999999989e+02
1.272500000000000000e+02
1.278900000000000006e+02
1.280500000000000114e+02
1.286500000000000057e+02
1.295000000000000000e+02
1.301299999999999955e+02
1.302199999999999989e+02
1.303199999999999932e+02
1.304000000000000057e+02
1.306700000000000159e+02
1.306899999999999977e+02
1.323799999999999955e+02
1.325900000000000034e+02
1.329399999999999977e+02
1.331700000000000159e+02
1.333499999999999943e+02
1.339900000000000091e+02
1.350500000000000114e+02
1.352700000000000102e+02
1.354900000000000091e+02
1.356200000000000045e+02
1.360699999999999932e+02
1.363600000000000136e+02
1.367400000000000091e+02
1.368799999999999955e+02
1.376500000000000057e+02
1.387199999999999989e+02
1.398600000000000136e+02
1.402599999999999909e+02
1.410099999999999909e+02
1.418000000000000114e+02
1.419500000000000171e+02
1.420800000000000125e+02
1.424600000000000080e+02
1.425399999999999920e+02
1.426700000000000159e+02
1.427700000000000102e+02
1.447299999999999898e+02
1.452500000000000000e+02
1.453900000000000148e+02
1.455999999999999943e+02
1.464000000000000057e+02
1.464500000000000171e+02
1.466899999999999977e+02
1.471299999999999955e+02
1.483900000000000148e+02
1.484600000000000080e+02
1.484799999999999898e+02
1.486500000000000057e+02
1.500000000000000000e+02
1.501800000000000068e+02
1.512299999999999898e+02
1.513900000000000148e+02
1.516800000000000068e+02
1.517000000000000171e+02
1.520300000000000011e+02
1.520900000000000034e+02
1.523300000000000125e+02
1.528300000000000125e+02
1.532599999999999909e+02
1.540399999999999920e+02
1.540900000000000034e+02
1.542100000000000080e+02
1.545900000000000034e+02
1.548300000000000125e+02
1.553000000000000114e+02
1.558900000000000148e+02
1.561400000000000148e+02
1.562400000000000091e+02
1.565000000000000000e+02
1.566200000000000045e+02
1.567500000000000000e+02
1.573400000000000034e+02
1.577500000000000000e+02
1.585300000000000011e+02
1.586400000000000148e+02
1.586800000000000068e+02
1.588199999999999932e+02
1.590500000000000114e+02
1.597199999999999989e+02
1.600399999999999920e+02
1.602800000000000011e+02
1.607199999999999989e+02
1.609099999999999966e+02
1.610200000000000102e+02
1.613100000000000023e+02
1.613400000000000034e+02
1.617800000000000011e+02
1.623100000000000023e+02
1.626400000000000148e+02
1.629500000000000171e+02
1.633700000000000045e+02
1.639099999999999966e+02
1.640000000000000000e+02
1.640500000000000114e+02
1.643600000000000136e+02
1.649399999999999977e+02
1.650500000000000114e+02
1.659300000000000068e+02
1.660000000000000000e+02
1.661400000000000148e+02
1.663000000000000114e+02
1.664000000000000057e+02
1.664600000000000080e+02
1.664900000000000091e+02
1.670699999999999932e+02
1.671100000000000136e+02
1.673300000000000125e+02
1.674099999999999966e+02
1.679600000000000080e+02
1.681899999999999977e+02
1.684799999999999898e+02
1.685500000000000114e+02
1.689200000000000159e+02
1.690900000000000034e+02
1.693499999999999943e+02
1.693900000000000148e+02
1.696400000000000148e+02
1.698799999999999955e+02
1.699900000000000091e+02
1.700200000000000102e+02
1.707100000000000080e+02
1.709500000000000171e+02
1.710000000000000000e+02
1.711200000000000045e+02
1.711700000000000159e+02
1.720399999999999920e+02
1.733900000000000148e+02
1.736800000000000068e+02
1.736899999999999977e+02
1.742199999999999989e+02
1.742400000000000091e+02
1.743700000000000045e+02
1.747500000000000000e+02
1.747899999999999920e+02
1.751400000000000148e+02
1.752000000000000171e+02
1.759900000000000091e+02
1.763300000000000125e+02
1.778400000000000034e+02
1.785600000000000023e+02
1.789900000000000091e+02
1.794699999999999989e+02
1.796100000000000136e+02
1.798799999999999955e+02
1.799699999999999989e+02
1.800600000000000023e+02
1.802299999999999898e+02
1.803600000000000136e+02
1.808499999999999943e+02
1.813000000000000114e+02
1.813300000000000125e+02
1.814600000000000080e+02
1.815500000000000114e+02
1.816899999999999977e+02
1.819699999999999989e+02
1.820500000000000114e+02
1.822500000000000000e+02
1.829000000000000057e+02
1.829399999999999977e+02
1.834600000000000080e+02
1.837899999999999920e+02
1.842599999999999909e+02
1.846500000000000057e+02
1.849699999999999989e+02
1.851800000000000068e+02
1.852299999999999898e+02
1.857000000000000171e+02
1.857199999999999989e+02
1.861299999999999955e+02
1.867199999999999989e+02
1.870500000000000114e+02
1.872100000000000080e+02
1.874300000000000068e+02
1.874699999999999989e+02
1.877800000000000011e+02
1.882100000000000080e+02
1.884200000000000159e+02
1.885699999999999932e+02
1.886599999999999966e+02
1.888900000000000148e+02
1.891400000000000148e+02
1.893300000000000125e+02
1.896500000000000057e+02
1.899500000000000171e+02
1.900300000000000011e+02
1.903400000000000034e+02
1.909099999999999966e+02
1.915000000000000000e+02
1.917000000000000171e+02
1.917000000000000171e+02
1.920000000000000000e+02
1.930200000000000102e+02
1.931800000000000068e+02
1.935399999999999920e+02
1.935999999999999943e+02
1.954300000000000068e+02
1.954900000000000091e+02
1.956899999999999977e+02
1.967300000000000182e+02
1.967800000000000011e+02
1.968700000000000045e+02
1.969500000000000171e+02
1.973300000000000125e+02
1.975699999999999932e+02
1.978600000000000136e+02
1.982500000000000000e+02
1.987599999999999909e+02
1.989800000000000182e+02
1.990099999999999909e+02
1.994900000000000091e+02
1.997000000000000171e+02
1.999200000000000159e+02
2.004900000000000091e+02
2.008600000000000136e+02
2.012199999999999989e+02
2.014000000000000057e+02
2.021899999999999977e+02
2.025200000000000102e+02
2.028300000000000125e+02
2.029300000000000068e+02
2.037400000000000091e+02
2.038000000000000114e+02
2.038400000000000034e+02
2.038600000000000136e+02
2.038799999999999955e+02
2.047100000000000080e+02
2.051299999999999955e+02
2.053900000000000148e+02
2.056700000000000159e+02
2.057599999999999909e+02
2.063700000000000045e+02
2.070600000000000023e+02
2.074600000000000080e+02
2.075099999999999909e+02
2.080800000000000125e+02
2.083100000000000023e+02
2.093300000000000125e+02
2.095300000000000011e+02
2.095900000000000034e+02
2.101800000000000068e+02
2.103300000000000125e+02
2.105300000000000011e+02
2.105300000000000011e+02
2.107000000000000171e+02
2.110900000000000034e+02
2.115900000000000034e+02
2.121599999999999966e+02
2.125300000000000011e+02
2.127400000000000091e+02
2.131400000000000148e+02
2.133799999999999955e+02
2.136100000000000136e+02
2.139600000000000080e+02
2.143700000000000045e+02
2.148400000000000034e+02
2.149300000000000068e+02
2.156400000000000148e+02
2.160900000000000034e+02
2.165500000000000114e+02
2.168000000000000114e+02
2.169300000000000068e+02
2.169699999999999989e+02
2.171400000000000148e+02
2.172500000000000000e+02
2.174699999999999989e+02
2.179099999999999966e+02
2.179600000000000080e+02
2.180200000000000102e+02
2.188499999999999943e+02
2.189900000000000091e+02
2.191700000000000159e+02
2.195099999999999909e+02
2.210500000000000114e+02
2.213700000000000045e+02
2.214099999999999966e+02
2.216100000000000136e+02
2.221899999999999977e+02
2.222199999999999989e+02
2.228400000000000034e+02
2.247700000000000102e+02
2.252599999999999909e+02
2.254699999999999989e+02
2.256599999999999966e+02
2.257100000000000080e+02
2.260000000000000000e+02
2.264200000000000159e+02
2.265300000000000011e+02
2.265999999999999943e+02
2.269500000000000171e+02
2.277100000000000080e+02
2.280200000000000102e+02
2.282199999999999989e+02
2.284500000000000171e+02
2.286200000000000045e+02
2.291599999999999966e+02
2.292800000000000011e+02
2.295500000000000114e+02
2.300500000000000114e+02
2.305699999999999932e+02
2.314500000000000171e+02
2.324699999999999989e+02
2.327000000000000171e+02
2.329800000000000182e+02
2.338499999999999943e+02
2.339000000000000057e+02
2.340600000000000023e+02
2.340999999999999943e+02
2.350999999999999943e+02
2.354699999999999989e+02
2.355399999999999920e+02
2.356500000000000057e+02
2.362500000000000000e+02
2.363400000000000034e+02
2.368000000000000114e+02
2.368100000000000023e+02
2.368300000000000125e+02
2.371299999999999955e+02
2.375900000000000034e+02
2.379399999999999977e+02
2.383900000000000148e+02
2.384099999999999966e+02
2.386400000000000148e+02
2.388000000000000114e+02
2.394699999999999989e+02
2.395999999999999943e+02
2.397199999999999989e+02
2.404500000000000171e+02
2.404800000000000182e+02
2.407500000000000000e+02
2.411400000000000148e+02
2.412100000000000080e+02
2.413900000000000148e+02
2.415000000000000000e+02
2.424800000000000182e+02
2.428799999999999955e+02
2.430800000000000125e+02
2.431500000000000057e+02
2.433100000000000023e+02
2.434200000000000159e+02
2.441899999999999977e+02
2.442599999999999909e+02
2.445600000000000023e+02
2.452100000000000080e+02
2.458300000000000125e+02
2.458400000000000034e+02
2.460100000000000193e+02
2.468600000000000136e+02
2.473700000000000045e+02
2.482800000000000011e+02
2.493700000000000045e+02
2.495100000000000193e+02
2.507300000000000182e+02
2.508600000000000136e+02
2.509200000000000159e+02
2.515699999999999932e+02
2.516800000000000068e+02
2.518100000000000023e+02
2.526899999999999977e+02
2.528000000000000114e+02
2.530500000000000114e+02
2.536800000000000068e+02
2.542700000000000102e+02
2.545399999999999920e+02
2.548100000000000023e+02
2.548799999999999955e+02
2.552400000000000091e+02
2.556700000000000159e+02
2.559300000000000068e+02
2.561700000000000159e+02
2.577800000000000296e+02
2.580600000000000023e+02
2.581899999999999977e+02
2.584900000000000091e+02
2.593799999999999955e+02
2.611499999999999773e+02
2.613400000000000318e+02
2.616299999999999955e+02
2.616800000000000068e+02
2.617300000000000182e+02
2.620000000000000000e+02
2.621600000000000250e+02
2.624200000000000159e+02
2.627500000000000000e+02
2.630600000000000023e+02
2.636600000000000250e+02
2.644800000000000182e+02
2.646399999999999864e+02
2.654599999999999795e+02
2.673000000000000114e+02
2.674100000000000250e+02
2.675099999999999909e+02
2.678100000000000023e+02
2.680600000000000023e+02
2.686499999999999773e+02
2.690500000000000114e+02
2.698999999999999773e+02
2.701100000000000136e+02
2.701299999999999955e+02
2.702400000000000091e+02
2.702500000000000000e+02
2.702699999999999818e+02
2.710900000000000318e+02
2.712699999999999818e+02
2.716999999999999886e+02
2.723999999999999773e+02
2.726399999999999864e+02
2.726499999999999773e+02
2.728700000000000045e+02
2.729499999999999886e+02
2.729900000000000091e+02
2.733600000000000136e+02
2.734499999999999886e+02
2.737099999999999795e+02
2.744200000000000159e+02
2.753500000000000227e+02
2.753799999999999955e+02
2.760600000000000023e+02
2.764399999999999977e+02
2.768000000000000114e+02
2.774000000000000341e+02
2.776200000000000045e+02
2.776899999999999977e+02
2.788700000000000045e+02
2.789399999999999977e+02
2.792099999999999795e+02
2.793899999999999864e+02
2.800099999999999909e+02
2.809399999999999977e+02
2.810099999999999909e+02
2.810500000000000114e+02
2.814300000000000068e+02
2.816899999999999977e+02
2.824200000000000159e+02
2.827699999999999818e+02
2.830799999999999841e+02
2.831899999999999977e+02
2.834800000000000182e+02
2.837800000000000296e+02
2.839000000000000341e+02
2.839499999999999886e+02
2.842699999999999818e+02
2.844900000000000091e+02
2.847500000000000000e+02
2.849000000000000341e+02
2.852900000000000205e+02
2.853299999999999841e+02
2.860199999999999818e+02
2.862599999999999909e+02
2.862800000000000296e+02
2.868899999999999864e+02
2.873899999999999864e+02
2.876299999999999955e+02
2.877699999999999818e+02
2.883100000000000023e+02
2.883400000000000318e+02
2.885799999999999841e+02
2.886700000000000159e+02
2.886899999999999977e+02
2.892900000000000205e+02
2.894599999999999795e+02
2.898199999999999932e+02
2.901700000000000159e+02
2.903700000000000045e+02
2.905099999999999909e+02
2.916299999999999955e+02
2.920099999999999909e+02
2.924399999999999977e+02
2.924499999999999886e+02
2.928100000000000023e+02
2.938500000000000227e+02
2.938899999999999864e+02
2.940900000000000318e+02
2.941500000000000341e+02
2.942699999999999818e+02
2.942900000000000205e+02
2.962300000000000182e+02
2.963600000000000136e+02
2.964399999999999977e+02
2.965199999999999818e+02
2.966000000000000227e+02
2.968600000000000136e+02
2.971500000000000341e+02
2.978100000000000023e+02
2.979900000000000091e+02
2.985699999999999932e+02
2.996100000000000136e+02
2.998299999999999841e+02
3.000300000000000296e+02
3.004900000000000091e+02
3.007900000000000205e+02
3.013500000000000227e+02
3.016500000000000341e+02
3.016899999999999977e+02
3.020799999999999841e+02
3.030799999999999841e+02
3.038600000000000136e+02
3.039700000000000273e+02
3.057599999999999909e+02
3.059000000000000341e+02
3.064100000000000250e+02
3.071200000000000045e+02
3.072900000000000205e+02
3.074700000000000273e+02
3.086899999999999977e+02
3.096200000000000045e+02
3.098000000000000114e+02
3.108799999999999955e+02
3.108899999999999864e+02
3.112400000000000091e+02
3.115000000000000000e+02
3.120199999999999818e+02
3.121800000000000068e+02
3.122500000000000000e+02
3.126700000000000159e+02
3.130799999999999841e+02
3.134200000000000159e+02
3.137699999999999818e+02
3.142200000000000273e+02
3.145500000000000114e+02
3.152800000000000296e+02
3.157300000000000182e+02
3.161700000000000159e+02
3.164300000000000068e+02
3.166500000000000341e+02
3.166700000000000159e+02
3.176600000000000250e+02
3.177800000000000296e+02
3.180300000000000296e+02
3.181999999999999886e+02
3.190600000000000023e+02
3.197800000000000296e+02
3.204499999999999886e+02
3.205699999999999932e+02
3.210000000000000000e+02
3.211299999999999955e+02
3.213000000000000114e+02
3.213600000000000136e+02
3.216100000000000136e+02
3.216500000000000341e+02
3.218000000000000114e+02
3.229800000000000182e+02
3.236899999999999977e+02
3.237599999999999909e+02
3.242200000000000273e+02
3.249599999999999795e+02
3.251000000000000227e+02
3.257699999999999818e+02
3.258100000000000023e+02
3.259499999999999886e+02
3.263100000000000023e+02
3.263799999999999955e+02
3.270000000000000000e+02
3.282300000000000182e+02
3.289900000000000091e+02
3.291700000000000159e+02
3.294800000000000182e+02
3.309499999999999886e+02
3.311399999999999864e+02
3.320500000000000114e+02
3.322800000000000296e+02
3.323500000000000227e+02
3.323500000000000227e+02
3.325099999999999909e+02
3.330099999999999909e+02
3.330799999999999841e+02
3.331399999999999864e+02
3.331600000000000250e+02
3.336899999999999977e+02
3.343799999999999955e+02
3.344499999999999886e+02
3.345799999999999841e+02
3.349399999999999977e+02
3.356500000000000341e+02
3.357400000000000091e+02
3.367400000000000091e+02
3.368799999999999955e+02
3.372500000000000000e+02
3.373600000000000136e+02
3.375000000000000000e+02
3.375300000000000296e+02
3.376399999999999864e+02
3.381999999999999886e+02
3.389700000000000273e+02
3.391999999999999886e+02
3.392900000000000205e+02
3.401000000000000227e+02
3.404000000000000341e+02
3.411200000000000045e+02
3.413299999999999841e+02
3.416100000000000136e+02
3.417099999999999795e+02
3.417800000000000296e+02
3.435699999999999932e+02
3.440500000000000114e+02
3.440699999999999932e+02
3.443199999999999932e+02
3.447400000000000091e+02
3.455699999999999932e+02
3.456100000000000136e+02
3.456500000000000341e+02
3.457099999999999795e+02
3.462599999999999909e+02
3.464599999999999795e+02
3.465099999999999909e+02
3.471100000000000136e+02
3.476500000000000341e+02
3.479000000000000341e+02
3.482500000000000000e+02
3.485500000000000114e+02
3.490699999999999932e+02
3.494800000000000182e+02
3.495000000000000000e+02
3.502200000000000273e+02
3.503299999999999841e+02
3.504700000000000273e+02
3.510600000000000023e+02
3.516800000000000068e+02
3.518299999999999841e+02
3.521999999999999886e+02
3.529000000000000341e+02
3.536399999999999864e+02
3.545500000000000114e+02
3.549499999999999886e+02
3.550099999999999909e+02
3.551299999999999955e+02
3.552500000000000000e+02
3.554499999999999886e+02
3.555799999999999841e+02
3.567500000000000000e+02
3.570699999999999932e+02
3.572200000000000273e+02
3.572300000000000182e+02
3.575300000000000296e+02
3.577200000000000273e+02
3.577699999999999818e+02
3.583199999999999932e+02
3.584399999999999977e+02
3.593600000000000136e+02
3.604499999999999886e+02
3.604800000000000182e+02
3.610699999999999932e+02
3.611000000000000227e+02
3.614700000000000273e+02
3.615000000000000000e+02
3.617699999999999818e+02
3.618899999999999864e+02
3.624599999999999795e+02
3.639200000000000159e+02
3.639200000000000159e+02
3.641899999999999977e+02
3.647300000000000182e+02
3.649900000000000091e+02
3.655400000000000205e+02
3.658199999999999932e+02
3.663899999999999864e+02
3.664800000000000182e+02
3.666399999999999864e+02
3.670000000000000000e+02
3.670000000000000000e+02
3.676700000000000159e+02
3.682400000000000091e+02
3.682500000000000000e+02
3.687599999999999909e+02
3.692200000000000273e+02
3.692500000000000000e+02
3.696000000000000227e+02
3.697800000000000296e+02
3.698700000000000045e+02
3.699700000000000273e+02
3.701299999999999955e+02
3.708600000000000136e+02
3.711899999999999977e+02
3.712800000000000296e+02
3.714100000000000250e+02
3.718199999999999932e+02
3.721999999999999886e+02
3.731899999999999977e+02
3.734000000000000341e+02
3.738600000000000136e+02
3.738700000000000045e+02
3.739800000000000182e+02
3.743700000000000045e+02
3.749700000000000273e+02
3.753199999999999932e+02
3.754700000000000273e+02
3.756600000000000250e+02
3.758700000000000045e+02
3.762300000000000182e+02
3.770099999999999909e+02
3.772800000000000296e+02
3.774700000000000273e+02
3.778799999999999955e+02
3.780600000000000023e+02
3.784000000000000341e+02
3.788500000000000227e+02
3.792900000000000205e+02
3.793199999999999932e+02
3.797599999999999909e+02
3.797800000000000296e+02
3.804000000000000341e+02
3.809399999999999977e+02
3.810600000000000023e+02
3.813299999999999841e+02
3.816200000000000045e+02
3.821999999999999886e+02
3.825199999999999818e+02
3.830000000000000000e+02
3.834000000000000341e+02
3.834499999999999886e+02
3.835500000000000114e+02
3.836700000000000159e+02
3.838500000000000227e+02
3.842400000000000091e+02
3.843899999999999864e+02
3.846700000000000159e+02
3.847300000000000182e+02
3.847699999999999818e+02
3.856600000000000250e+02
3.861999999999999886e+02
3.863400000000000318e+02
3.869900000000000091e+02
3.882400000000000091e+02
3.895500000000000114e+02
3.895500000000000114e+02
3.900699999999999932e+02
3.900699999999999932e+02
3.903700000000000045e+02
3.907599999999999909e+02
3.910400000000000205e+02
3.913199999999999932e+02
3.924600000000000364e+02
3.925500000000000114e+02
3.933700000000000045e+02
3.935199999999999818e+02
3.941899999999999977e+02
3.942400000000000091e+02
3.942900000000000205e+02
3.944200000000000159e+02
3.948299999999999841e+02
3.949800000000000182e+02
3.950300000000000296e+02
3.955500000000000114e+02
3.963799999999999955e+02
3.964700000000000273e+02
3.967900000000000205e+02
3.969499999999999886e+02
3.971200000000000045e+02
3.973899999999999864e+02
3.974100000000000250e+02
3.979200000000000159e+02
3.979600000000000364e+02
3.989800000000000182e+02
3.999600000000000364e+02
4.001999999999999886e+02
4.005600000000000023e+02
4.008299999999999841e+02
4.009000000000000341e+02
4.019000000000000341e+02
4.023600000000000136e+02
4.026299999999999955e+02
4.026999999999999886e+02
4.029100000000000250e+02
4.029900000000000091e+02
4.033700000000000045e+02
4.035500000000000114e+02
4.035699999999999932e+02
4.052599999999999909e+02
4.054000000000000341e+02
4.054000000000000341e+02
4.056899999999999977e+02
4.065799999999999841e+02
4.066200000000000045e+02
4.067100000000000364e+02
4.071299999999999955e+02
4.076800000000000068e+02
4.080500000000000114e+02
4.084300000000000068e+02
4.088299999999999841e+02
4.089200000000000159e+02
4.097100000000000364e+02
4.105500000000000114e+02
4.112200000000000273e+02
4.115000000000000000e+02
4.134600000000000364e+02
4.135600000000000023e+02
4.143899999999999864e+02
4.144000000000000341e+02
4.144499999999999886e+02
4.145799999999999841e+02
4.146600000000000250e+02
4.149800000000000182e+02
4.153600000000000136e+02
4.160400000000000205e+02
4.164900000000000091e+02
4.167800000000000296e+02
4.174300000000000068e+02
4.177300000000000182e+02
4.181000000000000227e+02
4.182100000000000364e+02
4.183000000000000114e+02
4.188899999999999864e+02
4.190300000000000296e+02
4.192400000000000091e+02
4.192599999999999909e+02
4.203299999999999841e+02
4.206100000000000136e+02
4.211100000000000136e+02
4.211500000000000341e+02
4.220500000000000114e+02
4.223000000000000114e+02
4.223700000000000045e+02
4.240000000000000000e+02
4.246399999999999864e+02
4.249700000000000273e+02
4.252100000000000364e+02
4.259399999999999977e+02
4.263299999999999841e+02
4.266899999999999977e+02
4.268299999999999841e+02
4.270199999999999818e+02
4.276999999999999886e+02
4.283199999999999932e+02
4.284499999999999886e+02
4.285699999999999932e+02
4.287400000000000091e+02
4.293100000000000023e+02
4.304600000000000364e+02
4.308700000000000045e+02
4.311500000000000341e+02
4.317900000000000205e+02
4.319499999999999886e+02
4.320699999999999932e+02
4.321999999999999886e+02
4.326899999999999977e+02
4.327100000000000364e+02
4.329300000000000068e+02
4.332300000000000182e+02
4.333000000000000114e+02
4.334900000000000091e+02
4.343899999999999864e+02
4.350799999999999841e+02
4.350799999999999841e+02
4.353199999999999932e+02
4.358199999999999932e+02
4.360699999999999932e+02
4.367599999999999909e+02
4.373500000000000227e+02
4.380900000000000318e+02
4.389900000000000091e+02
4.392200000000000273e+02
4.394100000000000250e+02
4.394300000000000068e+02
4.406999999999999886e+02
4.410300000000000296e+02
4.414900000000000091e+02
4.417400000000000091e+02
4.426399999999999864e+02
4.427100000000000364e+02
4.427800000000000296e+02
4.441500000000000341e+02
4.448500000000000227e+02
4.456899999999999977e+02
4.458400000000000318e+02
4.459300000000000068e+02
4.460799999999999841e+02
4.461200000000000045e+02
4.462200000000000273e+02
4.465099999999999909e+02
4.466600000000000250e+02
4.467599999999999909e+02
4.469200000000000159e+02
4.479300000000000068e+02
4.482800000000000296e+02
4.491299999999999955e+02
4.493899999999999864e+02
4.498899999999999864e+02
4.502200000000000273e+02
4.509000000000000341e+02
4.511800000000000068e+02
4.516999999999999886e+02
4.527900000000000205e+02
4.530099999999999909e+02
4.532300000000000182e+02
4.540900000000000318e+02
4.549499999999999886e+02
4.559700000000000273e+02
4.562900000000000205e+02
4.565300000000000296e+02
4.566100000000000136e+02
4.569600000000000364e+02
4.579499999999999886e+02
4.581999999999999886e+02
4.594399999999999977e+02
4.595000000000000000e+02
4.595400000000000205e+02
4.596500000000000341e+02
4.601000000000000227e+02
4.602100000000000364e+02
4.605600000000000023e+02
4.608799999999999955e+02
4.621100000000000136e+02
4.623899999999999864e+02
4.629499999999999886e+02
4.634200000000000159e+02
4.634300000000000068e+02
4.648199999999999932e+02
4.649800000000000182e+02
4.651399999999999864e+02
4.653199999999999932e+02
4.653799999999999955e+02
4.654499999999999886e+02
4.657800000000000296e+02
4.658600000000000136e+02
4.662800000000000296e+02
4.674800000000000182e+02
4.681000000000000227e+02
4.683700000000000045e+02
4.691200000000000045e+02
4.691500000000000341e+02
4.693799999999999955e+02
4.695300000000000296e+02
4.701600000000000250e+02
4.703100000000000023e+02
4.703899999999999864e+02
4.704800000000000182e+02
4.705600000000000023e+02
4.714900000000000091e+02
4.721299999999999955e+02
4.721700000000000159e+02
4.724499999999999886e+02
4.725300000000000296e+02
4.726200000000000045e+02
4.732400000000000091e+02
4.733899999999999864e+02
4.737900000000000205e+02
4.743600000000000136e+02
4.748500000000000227e+02
4.749399999999999977e+02
4.749499999999999886e+02
4.752900000000000205e+02
4.754700000000000273e+02
4.757800000000000296e+02
4.759499999999999886e+02
4.761600000000000250e+02
4.772500000000000000e+02
4.773100000000000023e+02
4.777900000000000205e+02
4.779200000000000159e+02
4.781800000000000068e+02
4.790199999999999818e+02
4.792400000000000091e+02
4.792699999999999818e+02
4.792800000000000296e+02
4.793600000000000136e+02
4.798500000000000227e+02
4.804000000000000341e+02
4.808600000000000136e+02
4.813199999999999932e+02
4.815000000000000000e+02
4.820000000000000000e+02
4.820799999999999841e+02
4.832300000000000182e+02
4.837200000000000273e+02
4.841399999999999864e+02
4.842200000000000273e+02
4.843299999999999841e+02
4.854100000000000250e+02
4.859600000000000364e+02
4.859800000000000182e+02
4.861899999999999977e+02
4.863199999999999932e+02
4.864900000000000091e+02
4.873199999999999932e+02
4.880300000000000296e+02
4.883899999999999864e+02
4.885600000000000023e+02
4.893100000000000023e+02
4.893600000000000136e+02
4.899700000000000273e+02
4.901399999999999864e+02
4.902400000000000091e+02
4.910000000000000000e+02
4.910099999999999909e+02
4.912400000000000091e+02
4.913700000000000045e+02
4.919399999999999977e+02
4.922500000000000000e+02
4.923299999999999841e+02
4.939000000000000341e+02
4.943799999999999955e+02
4.949900000000000091e+02
4.952400000000000091e+02
4.958299999999999841e+02
4.962700000000000387e+02
4.963700000000000045e+02
4.967900000000000205e+02
4.968400000000000318e+02
4.972800000000000296e+02
4.982200000000000273e+02
4.983500000000000227e+02
4.990000000000000000e+02
4.992200000000000273e+02
4.994100000000000250e+02
4.998100000000000023e+02
5.002100000000000364e+02
5.004800000000000182e+02
5.009300000000000068e+02
5.012100000000000364e+02
5.013500000000000227e+02
5.022100000000000364e+02
5.029000000000000341e+02
5.040400000000000205e+02
5.041399999999999864e+02
5.049200000000000159e+02
5.061000000000000227e+02
5.072700000000000387e+02
5.074800000000000182e+02
5.082300000000000182e+02
5.088400000000000318e+02
5.090400000000000205e+02
5.091999999999999886e+02
5.099499999999999886e+02
5.102599999999999909e+02
5.110600000000000023e+02
5.111500000000000341e+02
5.111800000000000068e+02
5.112800000000000296e+02
5.112900000000000205e+02
5.119800000000000182e+02
5.122100000000000364e+02
5.122999999999999545e+02
5.128799999999999955e+02
5.131800000000000637e+02
5.138999999999999773e+02
5.141900000000000546e+02
5.143899999999999864e+02
5.143999999999999773e+02
5.149199999999999591e+02
5.149600000000000364e+02
5.150099999999999909e+02
5.151299999999999955e+02
5.152000000000000455e+02
5.161900000000000546e+02
5.163200000000000500e+02
5.164500000000000455e+02
5.172799999999999727e+02
5.173600000000000136e+02
5.180199999999999818e+02
5.181200000000000045e+02
5.181699999999999591e+02
5.188899999999999864e+02
5.189400000000000546e+02
5.189700000000000273e+02
5.190000000000000000e+02
5.191599999999999682e+02
5.198200000000000500e+02
5.201900000000000546e+02
5.202000000000000455e+02
5.202100000000000364e+02
5.209600000000000364e+02
5.211000000000000227e+02
5.212999999999999545e+02
5.220099999999999909e+02
5.220800000000000409e+02
5.222100000000000364e+02
5.231399999999999864e+02
5.241200000000000045e+02
5.241900000000000546e+02
5.242500000000000000e+02
5.249199999999999591e+02
5.256100000000000136e+02
5.257300000000000182e+02
5.257999999999999545e+02
5.263700000000000045e+02
5.270299999999999727e+02
5.270600000000000591e+02
5.270800000000000409e+02
5.270900000000000318e+02
5.271900000000000546e+02
5.277799999999999727e+02
5.281000000000000227e+02
5.281200000000000045e+02
5.288799999999999955e+02
5.291000000000000227e+02
5.293600000000000136e+02
5.298100000000000591e+02
5.301800000000000637e+02
5.310000000000000000e+02
5.310800000000000409e+02
5.311100000000000136e+02
5.311399999999999864e+02
5.311900000000000546e+02
5.315700000000000500e+02
5.318500000000000227e+02
5.321599999999999682e+02
5.322899999999999636e+02
5.323999999999999773e+02
5.331699999999999591e+02
5.331800000000000637e+02
5.331800000000000637e+02
5.332100000000000364e+02
5.342599999999999909e+02
5.343400000000000318e+02
5.349199999999999591e+02
5.352100000000000364e+02
5.361499999999999773e+02
5.375800000000000409e+02
5.380000000000000000e+02
5.381200000000000045e+02
5.382500000000000000e+02
5.385499999999999545e+02
5.387200000000000273e+02
5.387599999999999909e+02
5.388700000000000045e+02
5.390700000000000500e+02
5.392000000000000455e+02
5.402799999999999727e+02
5.420099999999999909e+02
5.420900000000000318e+02
5.429600000000000364e+02
5.431299999999999955e+02
5.432899999999999636e+02
5.441000000000000227e+02
5.441200000000000045e+02
5.442100000000000364e+02
5.442799999999999727e+02
5.444800000000000182e+02
5.444900000000000091e+02
5.448700000000000045e+02
5.449900000000000091e+02
5.458700000000000045e+02
5.462599999999999909e+02
5.470199999999999818e+02
5.470800000000000409e+02
5.471800000000000637e+02
5.472300000000000182e+02
5.475600000000000591e+02
5.479600000000000364e+02
5.480399999999999636e+02
5.482100000000000364e+02
5.490399999999999636e+02
5.500900000000000318e+02
5.502100000000000364e+02
5.505800000000000409e+02
5.507699999999999818e+02
5.508000000000000682e+02
5.513300000000000409e+02
5.513400000000000318e+02
5.528300000000000409e+02
5.533799999999999955e+02
5.538799999999999955e+02
5.542000000000000455e+02
5.546900000000000546e+02
5.557500000000000000e+02
5.560199999999999818e+02
5.578500000000000227e+02
5.581599999999999682e+02
5.586599999999999682e+02
5.590500000000000682e+02
5.591399999999999864e+02
5.591800000000000637e+02
5.599700000000000273e+02
5.600600000000000591e+02
5.601200000000000045e+02
5.611900000000000546e+02
5.612599999999999909e+02
5.620199999999999818e+02
5.621800000000000637e+02
5.626499999999999773e+02
5.627200000000000273e+02
5.627400000000000091e+02
5.642899999999999636e+02
5.647500000000000000e+02
5.651900000000000546e+02
5.655800000000000409e+02
5.659800000000000182e+02
5.667500000000000000e+02
5.675600000000000591e+02
5.677599999999999909e+02
5.677699999999999818e+02
5.685299999999999727e+02
5.690500000000000682e+02
5.697000000000000455e+02
5.698100000000000591e+02
5.706299999999999955e+02
5.706399999999999864e+02
5.711499999999999773e+02
5.714400000000000546e+02
5.716599999999999682e+02
5.717300000000000182e+02
5.718600000000000136e+02
5.720299999999999727e+02
5.728799999999999955e+02
5.735399999999999636e+02
5.735600000000000591e+02
5.744900000000000091e+02
5.748400000000000318e+02
5.758100000000000591e+02
5.758700000000000045e+02
5.759099999999999682e+02
5.765099999999999909e+02
5.766900000000000546e+02
5.768100000000000591e+02
5.768700000000000045e+02
5.773899999999999864e+02
5.777400000000000091e+02
5.778400000000000318e+02
5.780000000000000000e+02
5.785199999999999818e+02
5.794099999999999682e+02
5.794600000000000364e+02
5.799600000000000364e+02
5.806599999999999682e+02
5.812200000000000273e+02
5.815700000000000500e+02
5.817500000000000000e+02
5.820000000000000000e+02
5.824300000000000637e+02
5.834800000000000182e+02
5.842200000000000273e+02
5.844600000000000364e+02
5.847899999999999636e+02
5.849600000000000364e+02
5.852500000000000000e+02
5.853300000000000409e+02
5.855000000000000000e+02
5.862500000000000000e+02
5.867500000000000000e+02
5.868500000000000227e+02
5.869700000000000273e+02
5.870500000000000682e+02
5.873000000000000682e+02
5.878000000000000682e+02
5.882799999999999727e+02
5.886200000000000045e+02
5.889099999999999682e+02
5.895000000000000000e+02
5.899099999999999682e+02
5.899900000000000091e+02
5.906499999999999773e+02
5.913999999999999773e+02
5.922400000000000091e+02
5.926900000000000546e+02
5.928300000000000409e+02
5.929099999999999682e+02
5.930500000000000682e+02
5.931000000000000227e+02
5.933899999999999864e+02
5.937699999999999818e+02
5.946699999999999591e+02
5.947300000000000182e+02
5.949300000000000637e+02
5.949800000000000182e+02
5.953500000000000227e+02
5.954099999999999682e+02
5.954500000000000455e+02
5.960600000000000591e+02
5.971800000000000637e+02
5.973000000000000682e+02
5.982000000000000455e+02
5.983700000000000045e+02
5.987000000000000455e+02
5.988300000000000409e+02
5.989300000000000637e+02
5.994300000000000637e+02
5.994700000000000273e+02
6.001699999999999591e+02
6.002899999999999636e+02
6.010700000000000500e+02
6.011699999999999591e+02
6.015500000000000682e+02
6.015600000000000591e+02
6.021000000000000227e+02
6.023400000000000318e+02
6.026399999999999864e+02
6.033200000000000500e+02
6.037200000000000273e+02
6.041000000000000227e+02
6.044500000000000455e+02
6.048300000000000409e+02
6.051299999999999955e+02
6.060000000000000000e+02
6.064199999999999591e+02
6.073100000000000591e+02
6.073700000000000045e+02
6.076200000000000045e+02
6.076900000000000546e+02
6.077699999999999818e+02
6.081299999999999955e+02
6.083899999999999864e+02
6.084300000000000637e+02
6.084400000000000546e+02
6.084900000000000091e+02
6.085399999999999636e+02
6.087699999999999818e+02
6.096499999999999773e+02
6.098899999999999864e+02
6.099600000000000364e+02
6.104800000000000182e+02
6.104900000000000091e+02
6.105700000000000500e+02
6.107899999999999636e+02
6.108700000000000045e+02
6.111100000000000136e+02
6.112000000000000455e+02
6.112000000000000455e+02
6.117100000000000364e+02
6.117799999999999727e+02
6.119099999999999682e+02
6.121100000000000136e+02
6.128200000000000500e+02
6.130800000000000409e+02
6.131599999999999682e+02
6.142599999999999909e+02
6.149400000000000546e+02
6.150099999999999909e+02
6.151800000000000637e+02
6.156699999999999591e+02
6.160099999999999909e+02
6.164199999999999591e+02
6.165500000000000682e+02
6.168700000000000045e+02
6.183400000000000318e+02
6.184800000000000182e+02
6.185800000000000409e+02
6.188600000000000136e+02
6.189199999999999591e+02
6.189199999999999591e+02
6.193300000000000409e+02
6.193600000000000136e+02
6.200000000000000000e+02
6.200500000000000682e+02
6.202400000000000091e+02
6.203999999999999773e+02
6.208500000000000227e+02
6.209600000000000364e+02
6.217500000000000000e+02
6.218000000000000682e+02
6.224099999999999682e+02
6.224800000000000182e+02
6.228799999999999955e+02
6.229099999999999682e+02
6.229099999999999682e+02
6.229900000000000091e+02
6.233999999999999773e+02
6.238600000000000136e+02
6.248999999999999773e+02
6.250199999999999818e+02
6.258200000000000500e+02
6.258899999999999864e+02
6.264700000000000273e+02
6.273400000000000318e+02
6.274400000000000546e+02
6.278999999999999773e+02
6.280800000000000409e+02
6.284199999999999591e+02
6.295099999999999909e+02
6.296599999999999682e+02
6.297300000000000182e+02
6.299099999999999682e+02
6.300800000000000409e+02
6.302400000000000091e+02
6.303400000000000318e+02
6.308100000000000591e+02
6.314099999999999682e+02
6.316200000000000045e+02
6.321599999999999682e+02
6.322100000000000364e+02
6.322899999999999636e+02
6.323799999999999955e+02
6.328400000000000318e+02
6.328500000000000227e+02
6.330299999999999727e+02
6.335399999999999636e+02
6.336599999999999682e+02
6.339400000000000546e+02
6.344500000000000455e+02
6.347599999999999909e+02
6.351100000000000136e+02
6.352100000000000364e+02
6.352100000000000364e+02
6.353000000000000682e+02
6.355700000000000500e+02
6.358899999999999864e+02
6.365299999999999727e+02
6.369900000000000091e+02
6.377400000000000091e+02
6.392500000000000000e+02
6.392599999999999909e+02
6.398999999999999773e+02
6.401499999999999773e+02
6.403000000000000682e+02
6.403799999999999955e+02
6.407500000000000000e+02
6.409700000000000273e+02
6.414400000000000546e+02
6.417500000000000000e+02
6.420099999999999909e+02
6.420199999999999818e+02
6.421399999999999864e+02
6.423600000000000136e+02
6.440800000000000409e+02
6.444099999999999682e+02
6.447100000000000364e+02
6.448600000000000136e+02
6.449500000000000455e+02
6.456499999999999773e+02
6.462799999999999727e+02
6.463600000000000136e+02
6.464400000000000546e+02
6.470099999999999909e+02
6.473799999999999955e+02
6.475299999999999727e+02
6.479400000000000546e+02
6.480399999999999636e+02
6.484900000000000091e+02
6.486399999999999864e+02
6.491299999999999955e+02
6.492100000000000364e+02
6.494800000000000182e+02
6.500000000000000000e+02
6.501399999999999864e+02
6.501900000000000546e+02
6.507300000000000182e+02
6.509400000000000546e+02
6.513100000000000591e+02
6.515500000000000682e+02
6.529900000000000091e+02
6.532300000000000182e+02
6.541299999999999955e+02
6.541399999999999864e+02
6.542000000000000455e+02
6.545900000000000318e+02
6.560900000000000318e+02
6.561399999999999864e+02
6.563799999999999955e+02
6.567200000000000273e+02
6.567699999999999818e+02
6.568500000000000227e+02
6.572200000000000273e+02
6.574800000000000182e+02
6.578300000000000409e+02
6.579800000000000182e+02
6.579900000000000091e+02
6.584700000000000273e+02
6.585399999999999636e+02
6.591800000000000637e+02
6.591900000000000546e+02
6.592100000000000364e+02
6.596499999999999773e+02
6.597300000000000182e+02
6.601100000000000136e+02
6.607899999999999636e+02
6.609099999999999682e+02
6.609600000000000364e+02
6.613500000000000227e+02
6.620099999999999909e+02
6.621200000000000045e+02
6.624199999999999591e+02
6.629900000000000091e+02
6.630800000000000409e+02
6.638899999999999864e+02
6.640800000000000409e+02
6.651299999999999955e+02
6.663700000000000045e+02
6.665000000000000000e+02
6.665399999999999636e+02
6.667599999999999909e+02
6.668400000000000318e+02
6.670199999999999818e+02
6.681699999999999591e+02
6.682200000000000273e+02
6.685900000000000318e+02
6.686599999999999682e+02
6.692500000000000000e+02
6.693300000000000409e+02
6.698999999999999773e+02
6.700900000000000318e+02
6.706100000000000136e+02
6.708500000000000227e+02
6.711200000000000045e+02
6.715600000000000591e+02
6.716800000000000637e+02
6.719199999999999591e+02
6.719700000000000273e+02
6.720700000000000500e+02
6.721000000000000227e+02
6.723300000000000409e+02
6.745900000000000318e+02
6.751900000000000546e+02
6.766599999999999682e+02
6.769099999999999682e+02
6.771800000000000637e+02
6.772699999999999818e+02
6.777699999999999818e+02
6.778600000000000136e+02
6.779800000000000182e+02
6.784300000000000637e+02
6.784500000000000455e+02
6.786200000000000045e+02
6.788000000000000682e+02
6.794700000000000273e+02
6.799400000000000546e+02
6.805700000000000500e+02
6.808500000000000227e+02
6.811000000000000227e+02
6.812000000000000455e+02
6.819900000000000091e+02
6.821399999999999864e+02
6.825099999999999909e+02
6.827100000000000364e+02
6.829500000000000455e+02
6.831000000000000227e+02
6.832100000000000364e+02
6.832699999999999818e+02
6.836599999999999682e+02
6.839099999999999682e+02
6.846599999999999682e+02
6.858899999999999864e+02
6.861800000000000637e+02
6.863799999999999955e+02
6.865399999999999636e+02
6.866900000000000546e+02
6.877400000000000091e+02
6.881399999999999864e+02
6.883799999999999955e+02
6.886499999999999773e+02
6.898899999999999864e+02
6.903799999999999955e+02
6.912100000000000364e+02
6.913700000000000045e+02
6.919099999999999682e+02
6.922300000000000182e+02
6.925800000000000409e+02
6.926599999999999682e+02
6.936900000000000546e+02
6.939099999999999682e+02
6.939500000000000455e+02
6.939600000000000364e+02
6.943500000000000227e+02
6.946200000000000045e+02
6.946200000000000045e+02
6.949400000000000546e+02
6.953899999999999864e+02
6.961000000000000227e+02
6.966599999999999682e+02
6.968700000000000045e+02
6.971299999999999955e+02
6.973799999999999955e+02
6.974500000000000455e+02
6.981399999999999864e+02
6.981900000000000546e+02
6.982599999999999909e+02
6.983899999999999864e+02
6.989700000000000273e+02
6.992500000000000000e+02
6.995299999999999727e+02
6.997100000000000364e+02
7.004700000000000273e+02
7.007200000000000273e+02
7.009600000000000364e+02
7.010099999999999909e+02
7.015700000000000500e+02
7.017400000000000091e+02
7.027400000000000091e+02
7.027899999999999636e+02
7.031299999999999955e+02
7.033500000000000227e+02
7.033999999999999773e+02
7.040600000000000591e+02
7.041800000000000637e+02
7.043500000000000227e+02
7.054099999999999682e+02
7.056200000000000045e+02
7.056800000000000637e+02
7.057500000000000000e+02
7.060900000000000318e+02
7.065199999999999818e+02
7.066299999999999955e+02
7.066499999999999773e+02
7.067200000000000273e+02
7.068500000000000227e+02
7.072899999999999636e+02
7.074199999999999591e+02
7.074900000000000091e+02
7.081299999999999955e+02
7.084400000000000546e+02
7.087899999999999636e+02
7.089400000000000546e+02
7.089500000000000455e+02
7.090800000000000409e+02
7.093200000000000500e+02
7.095700000000000500e+02
7.104199999999999591e+02
7.106000000000000227e+02
7.112200000000000273e+02
7.113200000000000500e+02
7.113500000000000227e+02
7.117300000000000182e+02
7.118200000000000500e+02
7.130600000000000591e+02
7.137300000000000182e+02
7.140600000000000591e+02
7.141000000000000227e+02
7.144600000000000364e+02
7.145900000000000318e+02
7.146299999999999955e+02
7.148400000000000318e+02
7.150000000000000000e+02
7.152899999999999636e+02
7.155700000000000500e+02
7.168999999999999773e+02
7.171200000000000045e+02
7.171699999999999591e+02
7.173999999999999773e+02
7.176699999999999591e+02
7.177000000000000455e+02
7.177400000000000091e+02
7.183200000000000500e+02
7.187400000000000091e+02
7.189700000000000273e+02
7.190800000000000409e+02
7.194600000000000364e+02
7.197500000000000000e+02
7.199300000000000637e+02
7.199500000000000455e+02
7.205199999999999818e+02
7.205600000000000591e+02
7.208000000000000682e+02
7.211399999999999864e+02
7.211499999999999773e+02
7.211599999999999682e+02
7.216200000000000045e+02
7.223100000000000591e+02
7.228600000000000136e+02
7.228700000000000045e+02
7.236499999999999773e+02
7.238200000000000500e+02
7.252400000000000091e+02
7.253899999999999864e+02
7.255600000000000591e+02
7.267599999999999909e+02
7.275399999999999636e+02
7.275900000000000318e+02
7.277100000000000364e+02
7.280900000000000318e+02
7.285500000000000682e+02
7.289199999999999591e+02
7.295199999999999818e+02
7.299300000000000637e+02
7.300299999999999727e+02
7.302400000000000091e+02
7.306900000000000546e+02
7.309500000000000455e+02
7.312000000000000455e+02
7.316599999999999682e+02
7.327500000000000000e+02
7.333999999999999773e+02
7.337899999999999636e+02
7.338300000000000409e+02
7.338400000000000318e+02
7.341599999999999682e+02
7.362599999999999909e+02
7.362899999999999636e+02
7.363400000000000318e+02
7.366800000000000637e+02
7.372500000000000000e+02
7.374400000000000546e+02
7.374900000000000091e+02
7.386399999999999864e+02
7.387200000000000273e+02
7.387699999999999818e+02
7.396900000000000546e+02
7.408100000000000591e+02
7.415600000000000591e+02
7.417300000000000182e+02
7.420399999999999636e+02
7.425199999999999818e+02
7.426900000000000546e+02
7.428600000000000136e+02
7.436000000000000227e+02
7.436800000000000637e+02
7.439300000000000637e+02
7.444099999999999682e+02
7.447300000000000182e+02
7.457500000000000000e+02
7.458600000000000136e+02
7.459700000000000273e+02
7.468899999999999864e+02
7.470800000000000409e+02
7.476499999999999773e+02
7.477599999999999909e+02
7.484099999999999682e+02
7.486800000000000637e+02
7.492300000000000182e+02
7.495299999999999727e+02
7.500500000000000682e+02
7.506800000000000637e+02
7.513999999999999773e+02
7.517799999999999727e+02
7.525900000000000318e+02
7.530000000000000000e+02
7.530399999999999636e+02
7.538799999999999955e+02
7.542300000000000182e+02
7.544600000000000364e+02
7.553200000000000500e+02
7.553300000000000409e+02
7.556699999999999591e+02
7.559700000000000273e+02
7.564400000000000546e+02
7.573700000000000045e+02
7.582599999999999909e+02
7.585000000000000000e+02
7.589700000000000273e+02
7.597799999999999727e+02
7.598500000000000227e+02
7.602799999999999727e+02
7.602899999999999636e+02
7.603600000000000136e+02
7.606299999999999955e+02
7.608200000000000500e+02
7.611000000000000227e+02
7.611599999999999682e+02
7.622000000000000455e+02
7.628500000000000227e+02
7.629099999999999682e+02
7.639099999999999682e+02
7.640800000000000409e+02
7.641800000000000637e+02
7.642400000000000091e+02
7.643100000000000591e+02
7.645099999999999909e+02
7.650700000000000500e+02
7.660099999999999909e+02
7.663400000000000318e+02
7.664099999999999682e+02
7.664300000000000637e+02
7.668799999999999955e+02
7.674300000000000637e+02
7.680399999999999636e+02
7.680900000000000318e+02
7.683700000000000045e+02
7.685199999999999818e+02
7.687500000000000000e+02
7.687799999999999727e+02
7.689400000000000546e+02
7.694500000000000455e+02
7.694600000000000364e+02
7.697100000000000364e+02
7.701299999999999955e+02
7.706000000000000227e+02
7.707899999999999636e+02
7.710199999999999818e+02
7.711100000000000136e+02
7.714800000000000182e+02
7.720900000000000318e+02
7.722699999999999818e+02
7.725700000000000500e+02
7.726200000000000045e+02
7.726499999999999773e+02
7.737699999999999818e+02
7.741200000000000045e+02
7.741299999999999955e+02
7.749200000000000728e+02
7.750500000000000682e+02
7.754099999999999682e+02
7.757200000000000273e+02
7.759600000000000364e+02
7.763899999999999864e+02
7.764800000000000182e+02
7.768200000000000500e+02
7.771000000000000227e+02
7.773000000000000682e+02
7.774800000000000182e+02
7.777699999999999818e+02
7.780700000000000500e+02
7.784600000000000364e+02
7.786700000000000728e+02
7.788700000000000045e+02
7.791399999999999864e+02
7.796000000000000227e+02
7.803300000000000409e+02
7.804800000000000182e+02
7.811800000000000637e+02
7.816700000000000728e+02
7.819600000000000364e+02
7.827799999999999727e+02
7.830299999999999727e+02
7.837500000000000000e+02
7.837599999999999909e+02
7.837899999999999636e+02
7.838700000000000045e+02
7.842400000000000091e+02
7.842599999999999909e+02
7.848400000000000318e+02
7.850600000000000591e+02
7.858899999999999864e+02
7.860199999999999818e+02
7.861100000000000136e+02
7.862799999999999727e+02
7.865000000000000000e+02
7.868799999999999955e+02
7.869400000000000546e+02
7.870399999999999636e+02
7.872699999999999818e+02
7.879600000000000364e+02
7.890099999999999909e+02
7.893100000000000591e+02
7.896399999999999864e+02
7.899900000000000091e+02
7.900000000000000000e+02
7.905399999999999636e+02
7.910500000000000682e+02
7.911299999999999955e+02
7.913400000000000318e+02
7.917200000000000273e+02
7.917300000000000182e+02
7.922000000000000455e+02
7.922899999999999636e+02
7.934900000000000091e+02
7.937400000000000091e+02
7.941100000000000136e+02
7.945500000000000682e+02
7.949700000000000273e+02
7.955199999999999818e+02
7.960500000000000682e+02
7.962699999999999818e+02
7.963600000000000136e+02
7.963799999999999955e+02
7.967599999999999909e+02
7.972799999999999727e+02
7.977300000000000182e+02
7.988500000000000227e+02
7.988999999999999773e+02
7.992899999999999636e+02
8.001000000000000227e+02
8.003400000000000318e+02
8.004500000000000455e+02
8.006399999999999864e+02
8.009800000000000182e+02
8.011800000000000637e+02
8.012300000000000182e+02
8.013200000000000500e+02
8.013500000000000227e+02
8.024400000000000546e+02
8.025500000000000682e+02
8.031399999999999864e+02
8.033600000000000136e+02
8.034099999999999682e+02
8.037599999999999909e+02
8.041100000000000136e+02
8.042500000000000000e+02
8.048700000000000045e+02
8.049300000000000637e+02
8.055700000000000500e+02
8.056299999999999955e+02
8.059900000000000091e+02
8.061700000000000728e+02
8.064700000000000273e+02
8.066000000000000227e+02
8.067200000000000273e+02
8.076599999999999682e+02
8.085600000000000591e+02
8.090000000000000000e+02
8.096200000000000045e+02
8.099900000000000091e+02
8.103700000000000045e+02
8.104099999999999682e+02
8.113799999999999955e+02
8.115900000000000318e+02
8.122000000000000455e+02
8.138300000000000409e+02
8.142500000000000000e+02
8.147300000000000182e+02
8.149099999999999682e+02
8.151800000000000637e+02
8.152100000000000364e+02
8.152799999999999727e+02
8.155600000000000591e+02
8.158600000000000136e+02
8.161200000000000045e+02
8.172500000000000000e+02
8.178300000000000409e+02
8.181299999999999955e+02
8.183300000000000409e+02
8.184300000000000637e+02
8.188600000000000136e+02
8.197500000000000000e+02
8.198799999999999955e+02
8.205800000000000409e+02
8.218700000000000045e+02
8.225500000000000682e+02
8.235700000000000500e+02
8.237100000000000364e+02
8.240099999999999909e+02
8.240700000000000500e+02
8.243700000000000045e+02
8.244800000000000182e+02
8.246200000000000045e+02
8.246900000000000546e+02
8.248100000000000591e+02
8.253400000000000318e+02
8.258500000000000227e+02
8.259500000000000455e+02
8.263300000000000409e+02
8.268400000000000318e+02
8.269900000000000091e+02
8.275800000000000409e+02
8.276900000000000546e+02
8.288500000000000227e+02
8.294800000000000182e+02
8.295900000000000318e+02
8.300500000000000682e+02
8.301499999999999773e+02
8.302200000000000273e+02
8.304200000000000728e+02
8.305199999999999818e+02
8.308100000000000591e+02
8.308700000000000045e+02
8.312500000000000000e+02
8.327500000000000000e+02
8.333600000000000136e+02
8.335299999999999727e+02
8.336700000000000728e+02
8.337300000000000182e+02
8.341100000000000136e+02
8.345000000000000000e+02
8.348600000000000136e+02
8.356800000000000637e+02
8.357500000000000000e+02
8.358400000000000318e+02
8.360900000000000318e+02
8.362200000000000273e+02
8.362200000000000273e+02
8.363400000000000318e+02
8.373200000000000500e+02
8.376900000000000546e+02
8.380000000000000000e+02
8.382100000000000364e+02
8.383200000000000500e+02
8.383899999999999864e+02
8.385099999999999909e+02
8.386000000000000227e+02
8.391399999999999864e+02
8.391499999999999773e+02
8.395099999999999909e+02
8.397899999999999636e+02
8.401800000000000637e+02
8.402100000000000364e+02
8.407200000000000273e+02
8.408600000000000136e+02
8.415199999999999818e+02
8.415800000000000409e+02
8.418400000000000318e+02
8.420099999999999909e+02
8.423899999999999864e+02
8.430700000000000500e+02
8.431499999999999773e+02
8.432300000000000182e+02
8.435299999999999727e+02
8.440700000000000500e+02
8.445199999999999818e+02
8.445399999999999636e+02
8.445800000000000409e+02
8.447899999999999636e+02
8.453500000000000227e+02
8.455199999999999818e+02
8.461399999999999864e+02
8.468200000000000500e+02
8.468999999999999773e+02
8.469099999999999682e+02
8.472300000000000182e+02
8.478500000000000227e+02
8.482000000000000455e+02
8.482500000000000000e+02
8.486299999999999955e+02
8.488999999999999773e+02
8.489700000000000273e+02
8.494099999999999682e+02
8.495700000000000500e+02
8.496200000000000045e+02
8.497500000000000000e+02
8.502899999999999636e+02
8.504300000000000637e+02
8.506700000000000728e+02
8.510199999999999818e+02
8.512899999999999636e+02
8.513700000000000045e+02
8.514800000000000182e+02
8.516800000000000637e+02
8.518200000000000500e+02
8.519099999999999682e+02
8.520900000000000318e+02
8.544200000000000728e+02
8.548300000000000409e+02
8.553999999999999773e+02
8.555700000000000500e+02
8.558500000000000227e+02
8.559900000000000091e+02
8.564099999999999682e+02
8.564600000000000364e+02
8.568999999999999773e+02
8.572799999999999727e+02
8.574300000000000637e+02
8.575600000000000591e+02
8.576700000000000728e+02
8.583400000000000318e+02
8.585600000000000591e+02
8.586299999999999955e+02
8.588200000000000500e+02
8.596000000000000227e+02
8.597100000000000364e+02
8.598700000000000045e+02
8.603799999999999955e+02
8.604600000000000364e+02
8.612500000000000000e+02
8.612799999999999727e+02
8.616399999999999864e+02
8.616599999999999682e+02
8.620600000000000591e+02
8.621299999999999955e+02
8.625099999999999909e+02
8.634400000000000546e+02
8.645600000000000591e+02
8.646299999999999955e+02
8.646599999999999682e+02
8.649900000000000091e+02
8.652200000000000273e+02
8.656000000000000227e+02
8.659800000000000182e+02
8.667100000000000364e+02
8.667799999999999727e+02
8.668500000000000227e+02
8.675000000000000000e+02
8.677699999999999818e+02
8.677899999999999636e+02
8.680800000000000409e+02
8.681499999999999773e+02
8.682300000000000182e+02
8.683999999999999773e+02
8.685199999999999818e+02
8.687300000000000182e+02
8.695700000000000500e+02
8.696700000000000728e+02
8.702799999999999727e+02
8.707100000000000364e+02
8.707699999999999818e+02
8.709800000000000182e+02
8.710700000000000500e+02
8.718300000000000409e+02
8.720099999999999909e+02
8.720299999999999727e+02
8.723300000000000409e+02
8.723999999999999773e+02
8.727100000000000364e+02
8.732300000000000182e+02
8.734700000000000273e+02
8.744600000000000364e+02
8.744700000000000273e+02
8.748400000000000318e+02
8.751499999999999773e+02
8.752500000000000000e+02
8.755399999999999636e+02
8.757400000000000091e+02
8.759099999999999682e+02
8.762300000000000182e+02
8.765800000000000409e+02
8.769099999999999682e+02
8.772000000000000455e+02
8.775700000000000500e+02
8.777799999999999727e+02
8.777799999999999727e+02
8.779300000000000637e+02
8.779300000000000637e+02
8.781100000000000136e+02
8.785199999999999818e+02
8.786100000000000136e+02
8.798100000000000591e+02
8.798700000000000045e+02
8.799500000000000455e+02
8.800600000000000591e+02
8.801100000000000136e+02
8.806900000000000546e+02
8.808000000000000682e+02
8.808000000000000682e+02
8.813799999999999955e+02
8.817100000000000364e+02
8.819200000000000728e+02
8.824800000000000182e+02
8.831200000000000045e+02
8.832500000000000000e+02
8.833600000000000136e+02
8.839800000000000182e+02
8.841599999999999682e+02
8.845700000000000500e+02
8.855099999999999909e+02
8.857300000000000182e+02
8.860600000000000591e+02
8.863999999999999773e+02
8.866200000000000045e+02
8.867000000000000455e+02
8.867100000000000364e+02
8.872699999999999818e+02
8.892899999999999636e+02
8.895199999999999818e+02
8.895299999999999727e+02
8.898200000000000500e+02
8.898400000000000318e+02
8.901000000000000227e+02
8.902000000000000455e+02
8.903400000000000318e+02
8.904600000000000364e+02
8.905500000000000682e+02
8.908500000000000227e+02
8.911599999999999682e+02
8.913300000000000409e+02
8.921299999999999955e+02
8.929300000000000637e+02
8.929700000000000273e+02
8.933600000000000136e+02
8.936399999999999864e+02
8.937400000000000091e+02
8.941800000000000637e+02
8.941900000000000546e+02
8.943100000000000591e+02
8.944800000000000182e+02
8.960000000000000000e+02
8.962300000000000182e+02
8.962400000000000091e+02
8.966599999999999682e+02
8.980800000000000409e+02
8.987599999999999909e+02
8.988200000000000500e+02
8.992500000000000000e+02
8.994099999999999682e+02
8.996800000000000637e+02
8.999400000000000546e+02
9.001299999999999955e+02
9.003799999999999955e+02
9.007899999999999636e+02
9.009300000000000637e+02
9.009900000000000091e+02
9.010099999999999909e+02
9.014800000000000182e+02
9.017699999999999818e+02
9.025299999999999727e+02
9.042000000000000455e+02
9.042699999999999818e+02
9.052500000000000000e+02
9.055700000000000500e+02
9.056900000000000546e+02
9.058999999999999773e+02
9.060000000000000000e+02
9.069500000000000455e+02
9.075000000000000000e+02
9.081800000000000637e+02
9.082300000000000182e+02
9.087599999999999909e+02
9.092100000000000364e+02
9.098100000000000591e+02
9.100600000000000591e+02
9.102200000000000273e+02
9.102799999999999727e+02
9.113200000000000500e+02
9.117100000000000364e+02
9.120600000000000591e+02
9.128799999999999955e+02
9.129500000000000455e+02
9.133200000000000500e+02
9.135900000000000318e+02
9.136900000000000546e+02
9.139700000000000273e+02
9.140600000000000591e+02
9.143600000000000136e+02
9.144099999999999682e+02
9.148999999999999773e+02
9.151200000000000045e+02
9.152799999999999727e+02
9.152899999999999636e+02
9.153799999999999955e+02
9.158999999999999773e+02
9.160099999999999909e+02
9.161299999999999955e+02
9.173500000000000227e+02
9.177599999999999909e+02
9.178200000000000500e+02
9.182400000000000091e+02
9.183899999999999864e+02
9.183899999999999864e+02
9.185099999999999909e+02
9.188899999999999864e+02
9.192400000000000091e+02
9.193100000000000591e+02
9.193600000000000136e+02
9.198999999999999773e+02
9.200199999999999818e+02
9.212899999999999636e+02
9.216399999999999864e+02
9.223100000000000591e+02
9.224600000000000364e+02
9.236700000000000728e+02
9.238600000000000136e+02
9.242400000000000091e+02
9.248500000000000227e+02
9.271100000000000136e+02
9.273600000000000136e+02
9.273799999999999955e+02
9.276200000000000045e+02
9.277000000000000455e+02
9.277200000000000273e+02
9.277899999999999636e+02
9.280500000000000682e+02
9.282000000000000455e+02
9.282500000000000000e+02
9.285500000000000682e+02
9.293500000000000227e+02
9.294800000000000182e+02
9.297400000000000091e+02
9.300600000000000591e+02
9.303600000000000136e+02
9.311399999999999864e+02
9.311900000000000546e+02
9.316399999999999864e+02
9.317500000000000000e+02
9.320199999999999818e+02
9.323000000000000682e+02
9.334700000000000273e+02
9.337899999999999636e+02
9.338300000000000409e+02
9.338999999999999773e+02
9.340099999999999909e+02
9.353799999999999955e+02
9.354500000000000455e+02
9.355000000000000000e+02
9.355299999999999727e+02
9.355900000000000318e+02
9.358500000000000227e+02
9.358799999999999955e+02
9.361399999999999864e+02
9.370299999999999727e+02
9.371000000000000227e+02
9.373000000000000682e+02
9.376800000000000637e+02
9.378999999999999773e+02
9.388799999999999955e+02
9.394400000000000546e+02
9.396399999999999864e+02
9.397200000000000273e+02
9.399800000000000182e+02
9.406900000000000546e+02
9.410700000000000500e+02
9.411000000000000227e+02
9.414900000000000091e+02
9.415500000000000682e+02
9.416399999999999864e+02
9.417100000000000364e+02
9.417899999999999636e+02
9.419600000000000364e+02
9.421499999999999773e+02
9.424300000000000637e+02
9.433500000000000227e+02
9.435099999999999909e+02
9.436200000000000045e+02
9.437400000000000091e+02
9.437699999999999818e+02
9.438300000000000409e+02
9.449300000000000637e+02
9.453100000000000591e+02
9.454500000000000455e+02
9.458600000000000136e+02
9.461299999999999955e+02
9.472100000000000364e+02
9.473100000000000591e+02
9.475800000000000409e+02
9.481800000000000637e+02
9.493700000000000045e+02
9.494400000000000546e+02
9.494800000000000182e+02
9.494900000000000091e+02
9.495700000000000500e+02
9.497899999999999636e+02
9.498300000000000409e+02
9.498300000000000409e+02
9.500000000000000000e+02
9.500500000000000682e+02
9.503000000000000682e+02
9.514900000000000091e+02
9.518799999999999955e+02
9.519400000000000546e+02
9.521100000000000136e+02
9.521900000000000546e+02
9.523600000000000136e+02
9.532599999999999909e+02
9.533500000000000227e+02
9.534500000000000455e+02
9.535700000000000500e+02
9.537599999999999909e+02
9.538300000000000409e+02
9.540900000000000318e+02
9.542699999999999818e+02
9.554900000000000091e+02
9.555199999999999818e+02
9.556900000000000546e+02
9.557000000000000455e+02
9.557899999999999636e+02
9.560000000000000000e+02
9.572599999999999909e+02
9.575900000000000318e+02
9.583600000000000136e+02
9.591299999999999955e+02
9.593999999999999773e+02
9.596399999999999864e+02
9.596700000000000728e+02
9.597699999999999818e+02
9.598600000000000136e+02
9.600099999999999909e+02
9.612799999999999727e+02
9.613100000000000591e+02
9.616800000000000637e+02
9.618200000000000500e+02
9.618999999999999773e+02
9.640099999999999909e+02
9.640199999999999818e+02
9.640299999999999727e+02
9.640900000000000318e+02
9.641200000000000045e+02
9.642000000000000455e+02
9.644600000000000364e+02
9.653000000000000682e+02
9.656599999999999682e+02
9.657000000000000455e+02
9.657599999999999909e+02
9.659300000000000637e+02
9.673799999999999955e+02
9.675199999999999818e+02
9.677000000000000455e+02
9.677200000000000273e+02
9.677500000000000000e+02
9.678100000000000591e+02
9.680700000000000500e+02
9.695700000000000500e+02
9.696900000000000546e+02
9.698200000000000500e+02
9.698700000000000045e+02
9.701000000000000227e+02
9.718300000000000409e+02
9.718400000000000318e+02
9.719900000000000091e+02
9.733999999999999773e+02
9.735800000000000409e+02
9.737699999999999818e+02
9.737699999999999818e+02
9.738200000000000500e+02
9.738500000000000227e+02
9.741200000000000045e+02
9.754800000000000182e+02
9.755500000000000682e+02
9.758700000000000045e+02
9.758799999999999955e+02
9.758799999999999955e+02
9.758999999999999773e+02
9.761900000000000546e+02
9.764400000000000546e+02
9.771499999999999773e+02
9.772899999999999636e+02
9.778500000000000227e+02
9.792400000000000091e+02
9.795399999999999636e+02
9.797799999999999727e+02
9.798400000000000318e+02
9.814500000000000455e+02
9.816100000000000136e+02
9.816399999999999864e+02
9.816900000000000546e+02
9.818600000000000136e+02
9.832699999999999818e+02
9.834300000000000637e+02
9.835099999999999909e+02
9.836299999999999955e+02
9.836599999999999682e+02
9.837300000000000182e+02
9.838000000000000682e+02
9.851100000000000136e+02
9.855400000000000773e+02
9.855800000000000409e+02
9.856599999999999682e+02
9.857599999999999909e+02
9.858999999999999773e+02
9.860800000000000409e+02
9.861800000000000637e+02
9.872500000000000000e+02
9.872699999999999818e+02
9.873600000000000136e+02
9.875099999999999909e+02
9.875199999999999818e+02
9.877100000000000364e+02
9.877900000000000773e+02
9.879400000000000546e+02
9.893600000000000136e+02
9.895500000000000682e+02
9.896599999999999682e+02
9.896900000000000546e+02
9.897200000000000273e+02
9.897300000000000182e+02
9.897699999999999818e+02
9.912799999999999727e+02
9.914099999999999682e+02
9.916499999999999773e+02
9.916800000000000637e+02
9.917100000000000364e+02
9.917400000000000091e+02
9.917599999999999909e+02
9.918400000000000318e+02
9.918700000000000045e+02
9.932699999999999818e+02
9.934800000000000182e+02
9.934800000000000182e+02
9.935099999999999909e+02
9.935400000000000773e+02
9.936000000000000227e+02
9.936100000000000136e+02
9.936399999999999864e+02
9.938100000000000591e+02
9.940199999999999818e+02
9.955099999999999909e+02
9.955500000000000682e+02
9.955900000000000318e+02
9.956700000000000728e+02
9.956700000000000728e+02
9.957100000000000364e+02
9.957699999999999818e+02
9.974400000000000546e+02
9.976299999999999955e+02
9.978300000000000409e+02
9.993899999999999864e+02
9.995500000000000682e+02
9.995700000000000500e+02
9.995900000000000318e+02
9.997599999999999909e+02
