1.975300000000000011e+02
2.708500000000000227e+02
3.066899999999999977e+02
3.499200000000000159e+02
3.522200000000000273e+02
5.029300000000000068e+02
6.348899999999999864e+02
6.535900000000000318e+02
6.616599999999999682e+02
6.837500000000000000e+02
7.409600000000000364e+02
7.662799999999999727e+02
8.492300000000000182e+02
8.665700000000000500e+02
9.574200000000000728e+02
9.650199999999999818e+02
2.149000000000000199e+01
2.350000000000000000e+01
2.653000000000000114e+01
3.203000000000000114e+01
3.714000000000000057e+01
4.550000000000000000e+01
4.910999999999999943e+01
5.357000000000000028e+01
8.490000000000000568e+01
8.896999999999999886e+01
1.000300000000000011e+02
1.058100000000000023e+02
1.319600000000000080e+02
1.340200000000000102e+02
1.521400000000000148e+02
1.549600000000000080e+02
1.683499999999999943e+02
1.721100000000000136e+02
1.780500000000000114e+02
1.882700000000000102e+02
2.042599999999999909e+02
2.184099999999999966e+02
2.239000000000000057e+02
2.320000000000000000e+02
2.385099999999999909e+02
2.445699999999999932e+02
2.556800000000000068e+02
2.738000000000000114e+02
2.778899999999999864e+02
2.799100000000000250e+02
2.974599999999999795e+02
3.105799999999999841e+02
3.297699999999999818e+02
3.338799999999999955e+02
3.631899999999999977e+02
3.720300000000000296e+02
3.747599999999999909e+02
3.836100000000000136e+02
3.875799999999999841e+02
4.191899999999999977e+02
4.211999999999999886e+02
4.264700000000000273e+02
4.339300000000000068e+02
4.571600000000000250e+02
4.692400000000000091e+02
4.813199999999999932e+02
5.055000000000000000e+02
5.089499999999999886e+02
5.145299999999999727e+02
5.211000000000000227e+02
5.473400000000000318e+02
5.548300000000000409e+02
5.594199999999999591e+02
5.705399999999999636e+02
6.089300000000000637e+02
6.193100000000000591e+02
6.338400000000000318e+02
6.591299999999999955e+02
6.620900000000000318e+02
6.781699999999999591e+02
6.842899999999999636e+02
6.918500000000000227e+02
7.125299999999999727e+02
7.154700000000000273e+02
7.209700000000000273e+02
7.249800000000000182e+02
7.381599999999999682e+02
7.401900000000000546e+02
7.426499999999999773e+02
7.487100000000000364e+02
7.618200000000000500e+02
7.649099999999999682e+02
7.774500000000000455e+02
7.798799999999999955e+02
7.960500000000000682e+02
8.021800000000000637e+02
8.146800000000000637e+02
8.339300000000000637e+02
8.521700000000000728e+02
8.629800000000000182e+02
8.705900000000000318e+02
8.746800000000000637e+02
8.963200000000000500e+02
9.129700000000000273e+02
9.149900000000000091e+02
9.303100000000000591e+02
9.577200000000000273e+02
9.703000000000000682e+02
9.738200000000000500e+02
9.823700000000000045e+02
9.869400000000000546e+02
9.889500000000000455e+02
4.270000000000000462e+00
1.034999999999999964e+01
1.540000000000000036e+01
1.742000000000000171e+01
1.996000000000000085e+01
2.490000000000000213e+01
2.894999999999999929e+01
3.236999999999999744e+01
3.653999999999999915e+01
4.302000000000000313e+01
5.057999999999999829e+01
5.771000000000000085e+01
7.100000000000000000e+01
7.439000000000000057e+01
7.657999999999999829e+01
8.176000000000000512e+01
8.376999999999999602e+01
9.949000000000000909e+01
1.016899999999999977e+02
1.077900000000000063e+02
1.129399999999999977e+02
1.233900000000000006e+02
1.262600000000000051e+02
1.347500000000000000e+02
1.406100000000000136e+02
1.483400000000000034e+02
1.511200000000000045e+02
1.537199999999999989e+02
1.573100000000000023e+02
1.593199999999999932e+02
1.688700000000000045e+02
1.739600000000000080e+02
1.798700000000000045e+02
1.832800000000000011e+02
1.857500000000000000e+02
1.884900000000000091e+02
2.050699999999999932e+02
2.091400000000000148e+02
2.120800000000000125e+02
2.184200000000000159e+02
2.251200000000000045e+02
2.281100000000000136e+02
2.327000000000000171e+02
2.347100000000000080e+02
2.396400000000000148e+02
2.486599999999999966e+02
2.552300000000000182e+02
2.596800000000000068e+02
2.626700000000000159e+02
2.667699999999999818e+02
2.687800000000000296e+02
2.712300000000000182e+02
2.732500000000000000e+02
2.753000000000000114e+02
2.817400000000000091e+02
2.842599999999999909e+02
2.862900000000000205e+02
2.943600000000000136e+02
2.988199999999999932e+02
3.009399999999999977e+02
3.029599999999999795e+02
3.079499999999999886e+02
3.113600000000000136e+02
3.143600000000000136e+02
3.179800000000000182e+02
3.225600000000000023e+02
3.299000000000000341e+02
3.330799999999999841e+02
3.499399999999999977e+02
3.525600000000000023e+02
3.617699999999999818e+02
3.670099999999999909e+02
3.701700000000000159e+02
3.757300000000000182e+02
3.845699999999999932e+02
3.871700000000000159e+02
3.909200000000000159e+02
3.966700000000000159e+02
4.004499999999999886e+02
4.145000000000000000e+02
4.165199999999999818e+02
4.187100000000000364e+02
4.207500000000000000e+02
4.257400000000000091e+02
4.286600000000000250e+02
4.312599999999999909e+02
4.367900000000000205e+02
4.397599999999999909e+02
4.417800000000000296e+02
4.467200000000000273e+02
4.573700000000000045e+02
4.658299999999999841e+02
4.713299999999999841e+02
4.778400000000000318e+02
4.819499999999999886e+02
4.848199999999999932e+02
4.868400000000000318e+02
4.909600000000000364e+02
4.949800000000000182e+02
4.994200000000000159e+02
5.024700000000000273e+02
5.080000000000000000e+02
5.110000000000000000e+02
5.175299999999999727e+02
5.195700000000000500e+02
5.270700000000000500e+02
5.356000000000000227e+02
5.382200000000000273e+02
5.432500000000000000e+02
5.467100000000000364e+02
5.606100000000000136e+02
5.626900000000000546e+02
5.681800000000000637e+02
5.731299999999999955e+02
5.753500000000000227e+02
5.782699999999999818e+02
5.818200000000000500e+02
5.863100000000000591e+02
5.894300000000000637e+02
5.933899999999999864e+02
5.968999999999999773e+02
6.080199999999999818e+02
6.103100000000000591e+02
6.145500000000000682e+02
6.165600000000000591e+02
6.192500000000000000e+02
6.266299999999999955e+02
6.292000000000000455e+02
6.404400000000000546e+02
6.484400000000000546e+02
6.524500000000000455e+02
6.554800000000000182e+02
6.625000000000000000e+02
6.708300000000000409e+02
6.733000000000000682e+02
6.826200000000000045e+02
6.916100000000000136e+02
6.939800000000000182e+02
7.000099999999999909e+02
7.157400000000000091e+02
7.227200000000000273e+02
7.267300000000000182e+02
7.297599999999999909e+02
7.336699999999999591e+02
7.376699999999999591e+02
7.442799999999999727e+02
7.463000000000000682e+02
7.508700000000000045e+02
7.633500000000000227e+02
7.654200000000000728e+02
7.754400000000000546e+02
7.823400000000000318e+02
7.843899999999999864e+02
7.894600000000000364e+02
7.914700000000000273e+02
7.998799999999999955e+02
8.091200000000000045e+02
8.126299999999999955e+02
8.165000000000000000e+02
8.185299999999999727e+02
8.210800000000000409e+02
8.311900000000000546e+02
8.367699999999999818e+02
8.413799999999999955e+02
8.446100000000000136e+02
8.586800000000000637e+02
8.691499999999999773e+02
8.787699999999999818e+02
8.814600000000000364e+02
8.872899999999999636e+02
8.922100000000000364e+02
8.962799999999999727e+02
9.073600000000000136e+02
9.122699999999999818e+02
9.142799999999999727e+02
9.206200000000000045e+02
9.281299999999999955e+02
9.423200000000000500e+02
9.447899999999999636e+02
9.547599999999999909e+02
9.569200000000000728e+02
9.589500000000000455e+02
9.635399999999999636e+02
9.665399999999999636e+02
9.714800000000000182e+02
9.805700000000000500e+02
9.891000000000000227e+02
9.920700000000000500e+02
9.985500000000000682e+02
4.740000000000000213e+00
6.759999999999999787e+00
8.800000000000000711e+00
1.083999999999999986e+01
1.338000000000000078e+01
1.680000000000000071e+01
1.882000000000000028e+01
2.083999999999999986e+01
2.431000000000000227e+01
2.678000000000000114e+01
3.037999999999999901e+01
4.985999999999999943e+01
5.289999999999999858e+01
5.935000000000000142e+01
6.684000000000000341e+01
6.895000000000000284e+01
7.281000000000000227e+01
7.629000000000000625e+01
7.829999999999999716e+01
8.090000000000000568e+01
8.485999999999999943e+01
9.146000000000000796e+01
9.401999999999999602e+01
9.604000000000000625e+01
9.834000000000000341e+01
1.003500000000000085e+02
1.023700000000000045e+02
1.077100000000000080e+02
1.138400000000000034e+02
1.193500000000000085e+02
1.263400000000000034e+02
1.343100000000000023e+02
1.372599999999999909e+02
1.392700000000000102e+02
1.414000000000000057e+02
1.437199999999999989e+02
1.478600000000000136e+02
1.520699999999999932e+02
1.560300000000000011e+02
1.610600000000000023e+02
1.632299999999999898e+02
1.652400000000000091e+02
1.692599999999999909e+02
1.737800000000000011e+02
1.757899999999999920e+02
1.796899999999999977e+02
1.817400000000000091e+02
1.851800000000000068e+02
1.886700000000000159e+02
1.906899999999999977e+02
1.939900000000000091e+02
1.960099999999999909e+02
1.996400000000000148e+02
2.017100000000000080e+02
2.055900000000000034e+02
2.091100000000000136e+02
2.111400000000000148e+02
2.146400000000000148e+02
2.192300000000000182e+02
2.232000000000000171e+02
2.260699999999999932e+02
2.366599999999999966e+02
2.386800000000000068e+02
2.407300000000000182e+02
2.457400000000000091e+02
2.486200000000000045e+02
2.506400000000000148e+02
2.527500000000000000e+02
2.561499999999999773e+02
2.581700000000000159e+02
2.627500000000000000e+02
2.660900000000000318e+02
2.681000000000000227e+02
2.701200000000000045e+02
2.721800000000000068e+02
2.756500000000000341e+02
2.777200000000000273e+02
2.806399999999999864e+02
2.826600000000000250e+02
2.856700000000000159e+02
2.877200000000000273e+02
2.972699999999999818e+02
2.996200000000000045e+02
3.036899999999999977e+02
3.093600000000000136e+02
3.146399999999999864e+02
3.172599999999999909e+02
3.225600000000000023e+02
3.247800000000000296e+02
3.272400000000000091e+02
3.296500000000000341e+02
3.347200000000000273e+02
3.386999999999999886e+02
3.456200000000000045e+02
3.562800000000000296e+02
3.582900000000000205e+02
3.628000000000000114e+02
3.656399999999999864e+02
3.694399999999999977e+02
3.753700000000000045e+02
3.774200000000000159e+02
3.798600000000000136e+02
3.830199999999999818e+02
3.873299999999999841e+02
3.900799999999999841e+02
3.924399999999999977e+02
3.973600000000000136e+02
4.018500000000000227e+02
4.040799999999999841e+02
4.065699999999999932e+02
4.093899999999999864e+02
4.130199999999999818e+02
4.174600000000000364e+02
4.195000000000000000e+02
4.215900000000000318e+02
4.240600000000000023e+02
4.285900000000000318e+02
4.306000000000000227e+02
4.351200000000000045e+02
4.371399999999999864e+02
4.405300000000000296e+02
4.431100000000000136e+02
4.455000000000000000e+02
4.483500000000000227e+02
4.554600000000000364e+02
4.576500000000000341e+02
4.596600000000000250e+02
4.639200000000000159e+02
4.704499999999999886e+02
4.750000000000000000e+02
4.784399999999999977e+02
4.809499999999999886e+02
4.880000000000000000e+02
4.934900000000000091e+02
4.965099999999999909e+02
4.985400000000000205e+02
5.009700000000000273e+02
5.034900000000000091e+02
5.060200000000000387e+02
5.080300000000000296e+02
5.109600000000000364e+02
5.139900000000000091e+02
5.201000000000000227e+02
5.229800000000000182e+02
5.280099999999999909e+02
5.319800000000000182e+02
5.360499999999999545e+02
5.426000000000000227e+02
5.446100000000000136e+02
5.479300000000000637e+02
5.529800000000000182e+02
5.600500000000000682e+02
5.626000000000000227e+02
5.655399999999999636e+02
5.675500000000000682e+02
5.700099999999999909e+02
5.721299999999999955e+02
5.741399999999999864e+02
5.766200000000000045e+02
5.786499999999999773e+02
5.829600000000000364e+02
5.854800000000000182e+02
5.889600000000000364e+02
5.914800000000000182e+02
5.939099999999999682e+02
5.986599999999999682e+02
6.023100000000000591e+02
6.065000000000000000e+02
6.114500000000000455e+02
6.135000000000000000e+02
6.170000000000000000e+02
6.195800000000000409e+02
6.215900000000000318e+02
6.239199999999999591e+02
6.265000000000000000e+02
6.291599999999999682e+02
6.321599999999999682e+02
6.344400000000000546e+02
6.366800000000000637e+02
6.443700000000000045e+02
6.554700000000000273e+02
6.597699999999999818e+02
6.633500000000000227e+02
6.657100000000000364e+02
6.697599999999999909e+02
6.718799999999999955e+02
6.773400000000000318e+02
6.814600000000000364e+02
6.943100000000000591e+02
6.984300000000000637e+02
7.027699999999999818e+02
7.047899999999999636e+02
7.082899999999999636e+02
7.118799999999999955e+02
7.141800000000000637e+02
7.202699999999999818e+02
7.234099999999999682e+02
7.299099999999999682e+02
7.363600000000000136e+02
7.384099999999999682e+02
7.408500000000000227e+02
7.442599999999999909e+02
7.462899999999999636e+02
7.503400000000000318e+02
7.584600000000000364e+02
7.643200000000000500e+02
7.667100000000000364e+02
7.687200000000000273e+02
7.713300000000000409e+02
7.763200000000000500e+02
7.833200000000000500e+02
7.858700000000000045e+02
7.893500000000000227e+02
7.969400000000000546e+02
8.013700000000000045e+02
8.038400000000000318e+02
8.068799999999999955e+02
8.089500000000000455e+02
8.123799999999999955e+02
8.144200000000000728e+02
8.167000000000000455e+02
8.207799999999999727e+02
8.244900000000000091e+02
8.293300000000000409e+02
8.353100000000000591e+02
8.383700000000000045e+02
8.408400000000000318e+02
8.429600000000000364e+02
8.450199999999999818e+02
8.507200000000000273e+02
8.539600000000000364e+02
8.563899999999999864e+02
8.584500000000000455e+02
8.618300000000000409e+02
8.638500000000000227e+02
8.667899999999999636e+02
8.688000000000000682e+02
8.720299999999999727e+02
8.769200000000000728e+02
8.803200000000000500e+02
8.823300000000000409e+02
8.855500000000000682e+02
8.889200000000000728e+02
8.947400000000000091e+02
9.012699999999999818e+02
9.084800000000000182e+02
9.125099999999999909e+02
9.166200000000000045e+02
9.192400000000000091e+02
9.217000000000000455e+02
9.246800000000000637e+02
9.340099999999999909e+02
9.366599999999999682e+02
9.386900000000000546e+02
9.417500000000000000e+02
9.456000000000000227e+02
9.476200000000000045e+02
9.506299999999999955e+02
9.526700000000000728e+02
9.550500000000000682e+02
9.570700000000000500e+02
9.601000000000000227e+02
9.666299999999999955e+02
9.686499999999999773e+02
9.796200000000000045e+02
9.831200000000000045e+02
9.872599999999999909e+02
9.897500000000000000e+02
9.936700000000000728e+02
9.957100000000000364e+02
9.981299999999999955e+02
4.310000000000000497e+00
9.339999999999999858e+00
1.173000000000000043e+01
1.376999999999999957e+01
1.830999999999999872e+01
2.075000000000000000e+01
2.283999999999999986e+01
2.528999999999999915e+01
3.030000000000000071e+01
3.475000000000000000e+01
3.778000000000000114e+01
4.164999999999999858e+01
4.410999999999999943e+01
4.714999999999999858e+01
4.917999999999999972e+01
5.121000000000000085e+01
5.566000000000000369e+01
5.773000000000000398e+01
6.027000000000000313e+01
6.668999999999999773e+01
6.926000000000000512e+01
7.337000000000000455e+01
7.723000000000000398e+01
7.957999999999999829e+01
8.200000000000000000e+01
8.990999999999999659e+01
9.904000000000000625e+01
1.090100000000000051e+02
1.190700000000000074e+02
1.210799999999999983e+02
1.273299999999999983e+02
1.293400000000000034e+02
1.313499999999999943e+02
1.345699999999999932e+02
1.376800000000000068e+02
1.401299999999999955e+02
1.489000000000000057e+02
1.541800000000000068e+02
1.585999999999999943e+02
1.654900000000000091e+02
1.718900000000000148e+02
1.739000000000000057e+02
1.813600000000000136e+02
1.833900000000000148e+02
1.857500000000000000e+02
1.879099999999999966e+02
1.913499999999999943e+02
1.958199999999999932e+02
2.003300000000000125e+02
2.049500000000000171e+02
2.087800000000000011e+02
2.119300000000000068e+02
2.148300000000000125e+02
2.168400000000000034e+02
2.202599999999999909e+02
2.273400000000000034e+02
2.298300000000000125e+02
2.318400000000000034e+02
2.520800000000000125e+02
2.541100000000000136e+02
2.566200000000000045e+02
2.591100000000000136e+02
2.621899999999999977e+02
2.676399999999999864e+02
2.716499999999999773e+02
2.741200000000000045e+02
2.845900000000000318e+02
2.960400000000000205e+02
2.984100000000000250e+02
3.025400000000000205e+02
3.059200000000000159e+02
3.084499999999999886e+02
3.104599999999999795e+02
3.140000000000000000e+02
3.160400000000000205e+02
3.208400000000000318e+02
3.323799999999999955e+02
3.348199999999999932e+02
3.378100000000000023e+02
3.465600000000000023e+02
3.507699999999999818e+02
3.529499999999999886e+02
3.573600000000000136e+02
3.617099999999999795e+02
3.639399999999999977e+02
3.688799999999999955e+02
3.716700000000000159e+02
3.749399999999999977e+02
3.778600000000000136e+02
3.825099999999999909e+02
3.845199999999999818e+02
3.922699999999999818e+02
3.980099999999999909e+02
4.040400000000000205e+02
4.068100000000000023e+02
4.103100000000000023e+02
4.123299999999999841e+02
4.161800000000000068e+02
4.212599999999999909e+02
4.232800000000000296e+02
4.256299999999999955e+02
4.304200000000000159e+02
4.349200000000000159e+02
4.397200000000000273e+02
4.417500000000000000e+02
4.462100000000000364e+02
4.521999999999999886e+02
4.552800000000000296e+02
4.582699999999999818e+02
4.616600000000000250e+02
4.671100000000000136e+02
4.696899999999999977e+02
4.736000000000000227e+02
4.756600000000000250e+02
4.781899999999999977e+02
4.880600000000000023e+02
4.901100000000000136e+02
4.954900000000000091e+02
5.020400000000000205e+02
5.041000000000000227e+02
5.080400000000000205e+02
5.110400000000000205e+02
5.141100000000000136e+02
5.180299999999999727e+02
5.220000000000000000e+02
5.280600000000000591e+02
5.305000000000000000e+02
5.330099999999999909e+02
5.369500000000000455e+02
5.393600000000000136e+02
5.473600000000000136e+02
5.523500000000000227e+02
5.567799999999999727e+02
5.599700000000000273e+02
5.633500000000000227e+02
5.699199999999999591e+02
5.722799999999999727e+02
5.753400000000000318e+02
5.791599999999999682e+02
5.878000000000000682e+02
5.917500000000000000e+02
6.007300000000000182e+02
6.042599999999999909e+02
6.094500000000000455e+02
6.127400000000000091e+02
6.172000000000000455e+02
6.242799999999999727e+02
6.267400000000000091e+02
6.318999999999999773e+02
6.348100000000000591e+02
6.368200000000000500e+02
6.390900000000000318e+02
6.412000000000000455e+02
6.470900000000000318e+02
6.551200000000000045e+02
6.585800000000000409e+02
6.640500000000000682e+02
6.722799999999999727e+02
6.770800000000000409e+02
6.792200000000000273e+02
6.825399999999999636e+02
6.845600000000000591e+02
6.894700000000000273e+02
6.915600000000000591e+02
6.940299999999999727e+02
6.960500000000000682e+02
7.016000000000000227e+02
7.070800000000000409e+02
7.096299999999999955e+02
7.180500000000000682e+02
7.255399999999999636e+02
7.319800000000000182e+02
7.365500000000000682e+02
7.393999999999999773e+02
7.473300000000000409e+02
7.504400000000000546e+02
7.553700000000000045e+02
7.682799999999999727e+02
7.812400000000000091e+02
7.852200000000000273e+02
7.878100000000000591e+02
7.898300000000000409e+02
7.946000000000000227e+02
7.973200000000000500e+02
8.012300000000000182e+02
8.045900000000000318e+02
8.127300000000000182e+02
8.161499999999999773e+02
8.211700000000000728e+02
8.245900000000000318e+02
8.319200000000000728e+02
8.369400000000000546e+02
8.439700000000000273e+02
8.471000000000000227e+02
8.494800000000000182e+02
8.556900000000000546e+02
8.580900000000000318e+02
8.651399999999999864e+02
8.675399999999999636e+02
8.700299999999999727e+02
8.802899999999999636e+02
8.823000000000000682e+02
8.843100000000000591e+02
8.886900000000000546e+02
8.919800000000000182e+02
8.943200000000000500e+02
9.114900000000000091e+02
9.141599999999999682e+02
9.178700000000000045e+02
9.203999999999999773e+02
9.236100000000000136e+02
9.270800000000000409e+02
9.293100000000000591e+02
9.314500000000000455e+02
9.334700000000000273e+02
9.363799999999999955e+02
9.404600000000000364e+02
9.424800000000000182e+02
9.448400000000000318e+02
9.468899999999999864e+02
9.505199999999999818e+02
9.527400000000000091e+02
9.548100000000000591e+02
9.572699999999999818e+02
9.602899999999999636e+02
9.647899999999999636e+02
9.704099999999999682e+02
9.734099999999999682e+02
9.767699999999999818e+02
9.827899999999999636e+02
9.893000000000000682e+02
9.922300000000000182e+02
9.967400000000000091e+02
5.830000000000000071e+00
1.216000000000000014e+01
1.425000000000000000e+01
1.815000000000000213e+01
4.257999999999999829e+01
4.753999999999999915e+01
5.260000000000000142e+01
5.549000000000000199e+01
7.385000000000000853e+01
7.698000000000000398e+01
9.321000000000000796e+01
9.521999999999999886e+01
1.026700000000000017e+02
1.047000000000000028e+02
1.170799999999999983e+02
1.206599999999999966e+02
1.233200000000000074e+02
1.419900000000000091e+02
1.440099999999999909e+02
1.717199999999999989e+02
1.802299999999999898e+02
1.966100000000000136e+02
2.031800000000000068e+02
2.080099999999999909e+02
2.155000000000000000e+02
2.279200000000000159e+02
2.332700000000000102e+02
2.357899999999999920e+02
2.397500000000000000e+02
2.487800000000000011e+02
2.556200000000000045e+02
2.576499999999999773e+02
2.630900000000000318e+02
2.686600000000000250e+02
2.746000000000000227e+02
2.785199999999999818e+02
2.820799999999999841e+02
2.840900000000000318e+02
2.874300000000000068e+02
2.945000000000000000e+02
2.988199999999999932e+02
3.123299999999999841e+02
3.340699999999999932e+02
3.454900000000000091e+02
3.490699999999999932e+02
3.528899999999999864e+02
3.692099999999999795e+02
3.712300000000000182e+02
3.818400000000000318e+02
3.862100000000000364e+02
3.923199999999999932e+02
4.071500000000000341e+02
4.210500000000000114e+02
4.250699999999999932e+02
4.271600000000000250e+02
4.334600000000000364e+02
4.366700000000000159e+02
4.394499999999999886e+02
4.499200000000000159e+02
4.708199999999999932e+02
4.841999999999999886e+02
4.891399999999999864e+02
4.941100000000000136e+02
5.169199999999999591e+02
5.299099999999999682e+02
5.341499999999999773e+02
5.368999999999999773e+02
5.412899999999999636e+02
5.453300000000000409e+02
5.526800000000000637e+02
5.601100000000000136e+02
5.645299999999999727e+02
5.666699999999999591e+02
5.801000000000000227e+02
5.894099999999999682e+02
5.947500000000000000e+02
6.028899999999999864e+02
6.125800000000000409e+02
6.153600000000000136e+02
6.242300000000000182e+02
6.322400000000000091e+02
6.371699999999999591e+02
6.425099999999999909e+02
6.589600000000000364e+02
6.630199999999999818e+02
6.650800000000000409e+02
6.675099999999999909e+02
6.839600000000000364e+02
6.878000000000000682e+02
6.987500000000000000e+02
7.027000000000000455e+02
7.047599999999999909e+02
7.077300000000000182e+02
7.171399999999999864e+02
7.286399999999999864e+02
7.493999999999999773e+02
7.538600000000000136e+02
7.563500000000000227e+02
7.623899999999999864e+02
7.653899999999999864e+02
7.698500000000000227e+02
7.831299999999999955e+02
7.875399999999999636e+02
7.911299999999999955e+02
7.985299999999999727e+02
8.145399999999999636e+02
8.214400000000000546e+02
8.288700000000000045e+02
8.352300000000000182e+02
8.372799999999999727e+02
8.417799999999999727e+02
8.496900000000000546e+02
8.565600000000000591e+02
8.605700000000000500e+02
8.718100000000000591e+02
8.876800000000000637e+02
8.918100000000000591e+02
9.108300000000000409e+02
9.143400000000000318e+02
9.183999999999999773e+02
9.363600000000000136e+02
9.405900000000000318e+02
9.530299999999999727e+02
9.591299999999999955e+02
9.616499999999999773e+02
9.872799999999999727e+02
9.903000000000000682e+02
9.953000000000000682e+02
7.259999999999999787e+00
1.814000000000000057e+01
4.785999999999999943e+01
1.236200000000000045e+02
1.507599999999999909e+02
1.613600000000000136e+02
2.141100000000000136e+02
2.660600000000000023e+02
2.694100000000000250e+02
2.734200000000000159e+02
2.833500000000000227e+02
3.190199999999999818e+02
4.044700000000000273e+02
4.120099999999999909e+02
4.314000000000000341e+02
4.367900000000000205e+02
4.555699999999999932e+02
4.946200000000000045e+02
5.222400000000000091e+02
5.357300000000000182e+02
5.987599999999999909e+02
7.088700000000000045e+02
7.187899999999999636e+02
7.579099999999999682e+02
7.691900000000000546e+02
8.187200000000000273e+02
8.354200000000000728e+02
8.562899999999999636e+02
8.807899999999999636e+02
9.084900000000000091e+02
9.373700000000000045e+02
9.430000000000000000e+02
9.468200000000000500e+02
9.573400000000000318e+02
9.883999999999999773e+02
5.301299999999999955e+02
6.298500000000000227e+02
6.912400000000000091e+02
7.922200000000000273e+02
9.331700000000000728e+02
