1.367899999999999920e+02
1.664099999999999966e+02
1.862899999999999920e+02
2.468799999999999955e+02
2.867300000000000182e+02
5.566299999999999955e+02
5.971000000000000227e+02
6.667200000000000273e+02
8.969099999999999682e+02
9.080099999999999909e+02
9.871800000000000637e+02
8.609000000000000341e+01
1.254000000000000057e+02
1.368499999999999943e+02
1.664600000000000080e+02
1.863300000000000125e+02
2.050099999999999909e+02
2.347400000000000091e+02
2.854499999999999886e+02
2.868299999999999841e+02
2.935699999999999932e+02
3.145699999999999932e+02
3.441399999999999864e+02
3.535500000000000114e+02
3.843100000000000023e+02
4.733899999999999864e+02
5.567300000000000182e+02
5.732799999999999727e+02
5.934500000000000455e+02
5.971200000000000045e+02
6.229500000000000455e+02
6.667799999999999727e+02
7.319500000000000455e+02
7.615500000000000682e+02
8.023300000000000409e+02
8.214800000000000182e+02
8.526499999999999773e+02
8.901299999999999955e+02
8.969200000000000728e+02
9.013899999999999864e+02
9.080299999999999727e+02
8.614000000000000057e+01
1.254699999999999989e+02
1.370900000000000034e+02
1.665300000000000011e+02
1.863900000000000148e+02
2.051400000000000148e+02
2.348400000000000034e+02
2.936000000000000227e+02
3.147400000000000091e+02
3.442200000000000273e+02
3.535500000000000114e+02
3.847200000000000273e+02
5.733400000000000318e+02
5.971499999999999773e+02
6.230500000000000682e+02
6.668200000000000500e+02
8.215500000000000682e+02
8.969400000000000546e+02
9.080600000000000591e+02
1.678999999999999915e+01
1.865200000000000102e+02
2.377000000000000171e+02
2.936299999999999955e+02
3.535600000000000023e+02
5.592100000000000364e+02
5.734199999999999591e+02
5.971800000000000637e+02
6.668700000000000045e+02
8.969600000000000364e+02
2.377800000000000011e+02
2.936700000000000159e+02
3.535699999999999932e+02
5.593100000000000591e+02
5.972200000000000273e+02
6.669199999999999591e+02
8.969800000000000182e+02
2.937400000000000091e+02
3.535799999999999841e+02
6.670299999999999727e+02
3.535900000000000318e+02
6.520000000000000462e+00
1.589000000000000057e+01
2.719000000000000128e+01
4.664000000000000057e+01
5.639000000000000057e+01
7.576999999999999602e+01
8.607999999999999829e+01
9.603000000000000114e+01
1.059200000000000017e+02
1.168799999999999955e+02
1.259500000000000028e+02
1.357299999999999898e+02
1.462400000000000091e+02
1.565699999999999932e+02
1.860000000000000000e+02
1.953100000000000023e+02
2.054600000000000080e+02
2.163100000000000023e+02
2.354699999999999989e+02
2.554200000000000159e+02
2.650400000000000205e+02
2.754599999999999795e+02
2.855099999999999909e+02
2.957099999999999795e+02
3.154100000000000250e+02
3.355500000000000114e+02
3.450699999999999932e+02
3.536000000000000227e+02
3.551200000000000045e+02
3.658700000000000045e+02
3.750099999999999909e+02
3.852699999999999818e+02
4.158700000000000045e+02
4.255500000000000114e+02
4.649499999999999886e+02
4.754300000000000068e+02
4.850300000000000296e+02
5.048199999999999932e+02
5.257899999999999636e+02
5.349300000000000637e+02
5.646100000000000136e+02
5.745600000000000591e+02
5.950900000000000318e+02
6.049500000000000455e+02
6.239500000000000455e+02
6.458500000000000227e+02
6.643899999999999864e+02
6.954099999999999682e+02
7.050800000000000409e+02
7.139900000000000091e+02
7.442000000000000455e+02
7.645199999999999818e+02
7.737100000000000364e+02
7.851499999999999773e+02
8.056299999999999955e+02
8.138300000000000409e+02
8.246399999999999864e+02
8.444500000000000455e+02
8.544800000000000182e+02
8.651399999999999864e+02
9.745399999999999636e+02
1.592999999999999972e+01
2.728000000000000114e+01
5.650999999999999801e+01
7.582000000000000739e+01
8.623999999999999488e+01
9.631000000000000227e+01
1.059800000000000040e+02
1.259800000000000040e+02
1.358100000000000023e+02
1.463799999999999955e+02
1.566299999999999955e+02
1.863400000000000034e+02
1.953300000000000125e+02
2.055099999999999909e+02
2.355800000000000125e+02
2.554399999999999977e+02
2.651100000000000136e+02
2.755000000000000000e+02
2.857200000000000273e+02
2.958299999999999841e+02
3.156399999999999864e+02
3.355900000000000318e+02
3.451600000000000250e+02
3.536100000000000136e+02
3.554900000000000091e+02
3.659900000000000091e+02
3.750600000000000023e+02
3.854100000000000250e+02
4.257500000000000000e+02
4.650600000000000023e+02
4.754800000000000182e+02
4.851000000000000227e+02
5.048799999999999955e+02
5.350000000000000000e+02
5.646800000000000637e+02
5.745800000000000409e+02
6.051599999999999682e+02
6.239800000000000182e+02
6.460299999999999727e+02
6.644700000000000273e+02
7.140399999999999636e+02
7.442699999999999818e+02
7.740099999999999909e+02
7.853000000000000682e+02
8.138999999999999773e+02
9.746200000000000045e+02
1.597000000000000064e+01
2.739000000000000057e+01
7.585999999999999943e+01
1.060300000000000011e+02
1.260400000000000063e+02
1.359600000000000080e+02
1.953499999999999943e+02
2.056200000000000045e+02
2.356500000000000057e+02
2.554699999999999989e+02
2.651700000000000159e+02
2.755500000000000114e+02
3.356500000000000341e+02
3.452699999999999818e+02
3.536200000000000045e+02
3.661399999999999864e+02
3.751200000000000045e+02
4.755799999999999841e+02
4.851999999999999886e+02
5.049300000000000068e+02
5.350900000000000318e+02
5.746100000000000136e+02
6.053600000000000136e+02
6.240199999999999818e+02
7.141299999999999955e+02
7.443500000000000227e+02
8.139900000000000091e+02
9.747000000000000455e+02
1.601999999999999957e+01
7.590000000000000568e+01
1.060799999999999983e+02
1.953700000000000045e+02
2.357199999999999989e+02
2.555000000000000000e+02
2.652800000000000296e+02
2.756299999999999955e+02
3.536800000000000068e+02
3.751999999999999886e+02
5.049800000000000182e+02
5.746599999999999682e+02
6.240600000000000591e+02
8.141599999999999682e+02
1.608999999999999986e+01
7.595000000000000284e+01
1.061500000000000057e+02
1.954000000000000057e+02
2.555300000000000011e+02
2.757200000000000273e+02
5.050500000000000114e+02
7.601000000000000512e+01
1.954300000000000068e+02
2.555800000000000125e+02
2.594999999999999929e+01
4.725999999999999801e+01
6.684000000000000341e+01
7.609000000000000341e+01
8.637999999999999545e+01
1.069200000000000017e+02
1.271500000000000057e+02
1.366599999999999966e+02
1.662199999999999989e+02
1.763799999999999955e+02
1.862100000000000080e+02
1.954699999999999989e+02
2.168100000000000023e+02
2.373100000000000023e+02
2.465300000000000011e+02
2.660500000000000114e+02
2.865500000000000114e+02
3.074000000000000341e+02
3.163100000000000023e+02
3.575400000000000205e+02
3.973600000000000136e+02
4.171299999999999955e+02
4.365099999999999909e+02
4.473000000000000114e+02
4.871999999999999886e+02
4.970300000000000296e+02
5.271299999999999955e+02
5.382599999999999909e+02
5.477899999999999636e+02
5.565500000000000682e+02
5.669099999999999682e+02
5.970299999999999727e+02
6.573799999999999955e+02
6.665500000000000682e+02
6.771399999999999864e+02
7.375000000000000000e+02
7.964900000000000091e+02
8.279099999999999682e+02
8.384500000000000455e+02
8.968799999999999955e+02
9.079600000000000364e+02
9.870000000000000000e+02
2.600000000000000000e+01
8.648999999999999488e+01
1.070199999999999960e+02
1.272999999999999972e+02
1.367000000000000171e+02
1.663000000000000114e+02
1.862299999999999898e+02
1.955300000000000011e+02
2.466100000000000136e+02
2.661700000000000159e+02
2.866100000000000136e+02
3.076000000000000227e+02
3.163500000000000227e+02
4.173400000000000318e+02
4.365900000000000318e+02
4.872900000000000205e+02
4.970600000000000023e+02
5.480199999999999818e+02
5.565700000000000500e+02
5.670600000000000591e+02
5.970500000000000682e+02
6.575600000000000591e+02
6.666000000000000227e+02
6.772699999999999818e+02
7.375900000000000318e+02
7.965399999999999636e+02
8.281200000000000045e+02
8.968899999999999864e+02
9.079700000000000273e+02
9.870400000000000773e+02
2.607000000000000028e+01
1.367400000000000091e+02
1.663600000000000136e+02
1.862599999999999909e+02
1.956299999999999955e+02
2.467400000000000091e+02
2.866600000000000250e+02
3.164200000000000159e+02
4.971100000000000136e+02
5.565900000000000318e+02
5.970800000000000409e+02
6.666499999999999773e+02
7.376900000000000546e+02
7.965900000000000318e+02
8.282599999999999909e+02
8.968999999999999773e+02
9.079900000000000091e+02
9.870800000000000409e+02
