6.560000000000000497e+00
7.030000000000000249e+00
7.580000000000000071e+00
8.669999999999999929e+00
9.669999999999999929e+00
9.700000000000001066e+00
9.839999999999999858e+00
9.990000000000000213e+00
1.022000000000000064e+01
1.108999999999999986e+01
1.175000000000000000e+01
1.274000000000000021e+01
1.305000000000000071e+01
1.313000000000000078e+01
1.318999999999999950e+01
1.328000000000000114e+01
1.328000000000000114e+01
1.349000000000000021e+01
1.364000000000000057e+01
1.389000000000000057e+01
1.451999999999999957e+01
1.481000000000000050e+01
1.495000000000000107e+01
1.550000000000000000e+01
1.624000000000000199e+01
1.642999999999999972e+01
1.649000000000000199e+01
1.655999999999999872e+01
1.692999999999999972e+01
1.699000000000000199e+01
1.705000000000000071e+01
1.766000000000000014e+01
1.823000000000000043e+01
1.857000000000000028e+01
1.919000000000000128e+01
1.926000000000000156e+01
1.962000000000000099e+01
2.012999999999999901e+01
2.028000000000000114e+01
2.053000000000000114e+01
2.246999999999999886e+01
2.280999999999999872e+01
2.355999999999999872e+01
5.578000000000000114e+01
5.614999999999999858e+01
5.720000000000000284e+01
5.741000000000000369e+01
5.771000000000000085e+01
5.846999999999999886e+01
5.863000000000000256e+01
5.945000000000000284e+01
5.946999999999999886e+01
6.028999999999999915e+01
6.068999999999999773e+01
6.085999999999999943e+01
6.110999999999999943e+01
6.130000000000000426e+01
6.178000000000000114e+01
6.277000000000000313e+01
6.281000000000000227e+01
6.346999999999999886e+01
6.353999999999999915e+01
6.369000000000000483e+01
6.378999999999999915e+01
6.435999999999999943e+01
6.443000000000000682e+01
6.450000000000000000e+01
6.451999999999999602e+01
6.501000000000000512e+01
6.543999999999999773e+01
6.562999999999999545e+01
6.575000000000000000e+01
6.593999999999999773e+01
6.604999999999999716e+01
6.706000000000000227e+01
6.718000000000000682e+01
6.776999999999999602e+01
6.812999999999999545e+01
6.823000000000000398e+01
6.846000000000000796e+01
6.906000000000000227e+01
6.925000000000000000e+01
7.021999999999999886e+01
7.085000000000000853e+01
7.087999999999999545e+01
7.101000000000000512e+01
7.126999999999999602e+01
7.310999999999999943e+01
7.312999999999999545e+01
7.346000000000000796e+01
1.060900000000000034e+02
1.081700000000000017e+02
1.082100000000000080e+02
1.086200000000000045e+02
1.093799999999999955e+02
1.096099999999999994e+02
1.099699999999999989e+02
1.101099999999999994e+02
1.105000000000000000e+02
1.105900000000000034e+02
1.107500000000000000e+02
1.109200000000000017e+02
1.109800000000000040e+02
1.113500000000000085e+02
1.113599999999999994e+02
1.117800000000000011e+02
1.120700000000000074e+02
1.132999999999999972e+02
1.135400000000000063e+02
1.140700000000000074e+02
1.141099999999999994e+02
1.142400000000000091e+02
1.143299999999999983e+02
1.144699999999999989e+02
1.148400000000000034e+02
1.150199999999999960e+02
1.154699999999999989e+02
1.158400000000000034e+02
1.160400000000000063e+02
1.160799999999999983e+02
1.165700000000000074e+02
1.166899999999999977e+02
1.175100000000000051e+02
1.175400000000000063e+02
1.175799999999999983e+02
1.180000000000000000e+02
1.180199999999999960e+02
1.182900000000000063e+02
1.183200000000000074e+02
1.191099999999999994e+02
1.192100000000000080e+02
1.194500000000000028e+02
1.201599999999999966e+02
1.204600000000000080e+02
1.210700000000000074e+02
1.216599999999999966e+02
1.226099999999999994e+02
1.552000000000000171e+02
1.561500000000000057e+02
1.564699999999999989e+02
1.577700000000000102e+02
1.581400000000000148e+02
1.582899999999999920e+02
1.585600000000000023e+02
1.586299999999999955e+02
1.586400000000000148e+02
1.590399999999999920e+02
1.591800000000000068e+02
1.594399999999999977e+02
1.597400000000000091e+02
1.604099999999999966e+02
1.609600000000000080e+02
1.614699999999999989e+02
1.617199999999999989e+02
1.618499999999999943e+02
1.622500000000000000e+02
1.624099999999999966e+02
1.629399999999999977e+02
1.633199999999999932e+02
1.634099999999999966e+02
1.635699999999999932e+02
1.640500000000000114e+02
1.642000000000000171e+02
1.644099999999999966e+02
1.644900000000000091e+02
1.650500000000000114e+02
1.652000000000000171e+02
1.652400000000000091e+02
1.659399999999999977e+02
1.666299999999999955e+02
1.669900000000000091e+02
1.678400000000000034e+02
1.680399999999999920e+02
1.680900000000000034e+02
1.687199999999999989e+02
1.691899999999999977e+02
1.694399999999999977e+02
1.702100000000000080e+02
1.702400000000000091e+02
1.702800000000000011e+02
1.703199999999999932e+02
1.703499999999999943e+02
2.060800000000000125e+02
2.071299999999999955e+02
2.071400000000000148e+02
2.075200000000000102e+02
2.076800000000000068e+02
2.077700000000000102e+02
2.080500000000000114e+02
2.082100000000000080e+02
2.090399999999999920e+02
2.093199999999999932e+02
2.096700000000000159e+02
2.099600000000000080e+02
2.101500000000000057e+02
2.102100000000000080e+02
2.103400000000000034e+02
2.104399999999999977e+02
2.107899999999999920e+02
2.111599999999999966e+02
2.115999999999999943e+02
2.117800000000000011e+02
2.122000000000000171e+02
2.124600000000000080e+02
2.124900000000000091e+02
2.125999999999999943e+02
2.129300000000000068e+02
2.130200000000000102e+02
2.132800000000000011e+02
2.137199999999999989e+02
2.138900000000000148e+02
2.145300000000000011e+02
2.145399999999999920e+02
2.145800000000000125e+02
2.148700000000000045e+02
2.154699999999999989e+02
2.157100000000000080e+02
2.162800000000000011e+02
2.166599999999999966e+02
2.167000000000000171e+02
2.167100000000000080e+02
2.167100000000000080e+02
2.171400000000000148e+02
2.171700000000000159e+02
2.187100000000000080e+02
2.195099999999999909e+02
2.196599999999999966e+02
2.217500000000000000e+02
2.217800000000000011e+02
2.239300000000000068e+02
2.530500000000000114e+02
2.547700000000000102e+02
2.563000000000000114e+02
2.574300000000000068e+02
2.576100000000000136e+02
2.582699999999999818e+02
2.582699999999999818e+02
2.588199999999999932e+02
2.593799999999999955e+02
2.596200000000000045e+02
2.605799999999999841e+02
2.609399999999999977e+02
2.612200000000000273e+02
2.612699999999999818e+02
2.613700000000000045e+02
2.617200000000000273e+02
2.618799999999999955e+02
2.621200000000000045e+02
2.624599999999999795e+02
2.624599999999999795e+02
2.625199999999999818e+02
2.631600000000000250e+02
2.633400000000000318e+02
2.641899999999999977e+02
2.643299999999999841e+02
2.648999999999999773e+02
2.649900000000000091e+02
2.651800000000000068e+02
2.654200000000000159e+02
2.655099999999999909e+02
2.664200000000000159e+02
2.665900000000000318e+02
2.670600000000000023e+02
2.678000000000000114e+02
2.679700000000000273e+02
2.680400000000000205e+02
2.683999999999999773e+02
2.686299999999999955e+02
2.688100000000000023e+02
2.688899999999999864e+02
2.695799999999999841e+02
2.701899999999999977e+02
2.708100000000000023e+02
2.710000000000000000e+02
2.710500000000000114e+02
2.728999999999999773e+02
3.051700000000000159e+02
3.067099999999999795e+02
3.071200000000000045e+02
3.075099999999999909e+02
3.076800000000000068e+02
3.082599999999999909e+02
3.083899999999999864e+02
3.087500000000000000e+02
3.091899999999999977e+02
3.096000000000000227e+02
3.096999999999999886e+02
3.105900000000000318e+02
3.108299999999999841e+02
3.111899999999999977e+02
3.113700000000000045e+02
3.116999999999999886e+02
3.118199999999999932e+02
3.120699999999999932e+02
3.121500000000000341e+02
3.125400000000000205e+02
3.125900000000000318e+02
3.128199999999999932e+02
3.134800000000000182e+02
3.139300000000000068e+02
3.139300000000000068e+02
3.141600000000000250e+02
3.144300000000000068e+02
3.146500000000000341e+02
3.147699999999999818e+02
3.150300000000000296e+02
3.153600000000000136e+02
3.154700000000000273e+02
3.159399999999999977e+02
3.161700000000000159e+02
3.164800000000000182e+02
3.165500000000000114e+02
3.166100000000000136e+02
3.176700000000000159e+02
3.176999999999999886e+02
3.187200000000000273e+02
3.190699999999999932e+02
3.195400000000000205e+02
3.212300000000000182e+02
3.232599999999999909e+02
3.556600000000000250e+02
3.564399999999999977e+02
3.567699999999999818e+02
3.580000000000000000e+02
3.585400000000000205e+02
3.587200000000000273e+02
3.587599999999999909e+02
3.587599999999999909e+02
3.593700000000000045e+02
3.598500000000000227e+02
3.598700000000000045e+02
3.599599999999999795e+02
3.611999999999999886e+02
3.615099999999999909e+02
3.616800000000000068e+02
3.617800000000000296e+02
3.618799999999999955e+02
3.619700000000000273e+02
3.620799999999999841e+02
3.636999999999999886e+02
3.640199999999999818e+02
3.641299999999999955e+02
3.643600000000000136e+02
3.646000000000000227e+02
3.647200000000000273e+02
3.651500000000000341e+02
3.652300000000000182e+02
3.661399999999999864e+02
3.661899999999999977e+02
3.665000000000000000e+02
3.665300000000000296e+02
3.669800000000000182e+02
3.670699999999999932e+02
3.674499999999999886e+02
3.678500000000000227e+02
3.681299999999999955e+02
3.684300000000000068e+02
3.686100000000000136e+02
3.689599999999999795e+02
3.692300000000000182e+02
3.694499999999999886e+02
3.697900000000000205e+02
3.703600000000000136e+02
3.723199999999999932e+02
3.740000000000000000e+02
4.048799999999999955e+02
4.059600000000000364e+02
4.061800000000000068e+02
4.062800000000000296e+02
4.063199999999999932e+02
4.064600000000000364e+02
4.073500000000000227e+02
4.075000000000000000e+02
4.075199999999999818e+02
4.086200000000000045e+02
4.087400000000000091e+02
4.088500000000000227e+02
4.089499999999999886e+02
4.099100000000000250e+02
4.101299999999999955e+02
4.102699999999999818e+02
4.105300000000000296e+02
4.106100000000000136e+02
4.107300000000000182e+02
4.107699999999999818e+02
4.108000000000000114e+02
4.110000000000000000e+02
4.110699999999999932e+02
4.111399999999999864e+02
4.124700000000000273e+02
4.128600000000000136e+02
4.129200000000000159e+02
4.129499999999999886e+02
4.130799999999999841e+02
4.133100000000000023e+02
4.136700000000000159e+02
4.138400000000000318e+02
4.141800000000000068e+02
4.142500000000000000e+02
4.143000000000000114e+02
4.147200000000000273e+02
4.149300000000000068e+02
4.150500000000000114e+02
4.150799999999999841e+02
4.155099999999999909e+02
4.166299999999999955e+02
4.168600000000000136e+02
4.169700000000000273e+02
4.171000000000000227e+02
4.171200000000000045e+02
4.173500000000000227e+02
4.191000000000000227e+02
4.195400000000000205e+02
4.198700000000000045e+02
4.200099999999999909e+02
4.200900000000000318e+02
4.219700000000000273e+02
4.222900000000000205e+02
4.537900000000000205e+02
4.565799999999999841e+02
4.568100000000000023e+02
4.572400000000000091e+02
4.575300000000000296e+02
4.578400000000000318e+02
4.580000000000000000e+02
4.580799999999999841e+02
4.581800000000000068e+02
4.588500000000000227e+02
4.589499999999999886e+02
4.598100000000000023e+02
4.601700000000000159e+02
4.603199999999999932e+02
4.605600000000000023e+02
4.607900000000000205e+02
4.609000000000000341e+02
4.610000000000000000e+02
4.610199999999999818e+02
4.612400000000000091e+02
4.612500000000000000e+02
4.613799999999999955e+02
4.620000000000000000e+02
4.626500000000000341e+02
4.630500000000000114e+02
4.634499999999999886e+02
4.634700000000000273e+02
4.635699999999999932e+02
4.636399999999999864e+02
4.637200000000000273e+02
4.639000000000000341e+02
4.644100000000000250e+02
4.655000000000000000e+02
4.657200000000000273e+02
4.657900000000000205e+02
4.658500000000000227e+02
4.659200000000000159e+02
4.659800000000000182e+02
4.662400000000000091e+02
4.665099999999999909e+02
4.666000000000000227e+02
4.680699999999999932e+02
4.681100000000000136e+02
4.681800000000000068e+02
4.683700000000000045e+02
4.689000000000000341e+02
4.694100000000000250e+02
4.697200000000000273e+02
4.703799999999999955e+02
4.709700000000000273e+02
4.714800000000000182e+02
4.727900000000000205e+02
4.739900000000000091e+02
5.037700000000000387e+02
5.053299999999999841e+02
5.053299999999999841e+02
5.055099999999999909e+02
5.057100000000000364e+02
5.065600000000000023e+02
5.066000000000000227e+02
5.078899999999999864e+02
5.084200000000000159e+02
5.086000000000000227e+02
5.088400000000000318e+02
5.092599999999999909e+02
5.093000000000000114e+02
5.096299999999999955e+02
5.099100000000000250e+02
5.100500000000000114e+02
5.105099999999999909e+02
5.111600000000000250e+02
5.115600000000000023e+02
5.116600000000000250e+02
5.119499999999999886e+02
5.119700000000000273e+02
5.129099999999999682e+02
5.133700000000000045e+02
5.136000000000000227e+02
5.136699999999999591e+02
5.137000000000000455e+02
5.142300000000000182e+02
5.147599999999999909e+02
5.153799999999999955e+02
5.155399999999999636e+02
5.158500000000000227e+02
5.175499999999999545e+02
5.175600000000000591e+02
5.178899999999999864e+02
5.181399999999999864e+02
5.181699999999999591e+02
5.181900000000000546e+02
5.191599999999999682e+02
5.204500000000000455e+02
5.210700000000000500e+02
5.213999999999999773e+02
5.533000000000000682e+02
5.546800000000000637e+02
5.548500000000000227e+02
5.556299999999999955e+02
5.560500000000000682e+02
5.564600000000000364e+02
5.568300000000000409e+02
5.570000000000000000e+02
5.573500000000000227e+02
5.577400000000000091e+02
5.578100000000000591e+02
5.582300000000000182e+02
5.585600000000000591e+02
5.587200000000000273e+02
5.588700000000000045e+02
5.594400000000000546e+02
5.595099999999999909e+02
5.596499999999999773e+02
5.599199999999999591e+02
5.599600000000000364e+02
5.600099999999999909e+02
5.602799999999999727e+02
5.606299999999999955e+02
5.610000000000000000e+02
5.616000000000000227e+02
5.616599999999999682e+02
5.620500000000000682e+02
5.627400000000000091e+02
5.628200000000000500e+02
5.639400000000000546e+02
5.642500000000000000e+02
5.646399999999999864e+02
5.647400000000000091e+02
5.648700000000000045e+02
5.649300000000000637e+02
5.650199999999999818e+02
5.651699999999999591e+02
5.664500000000000455e+02
5.669600000000000364e+02
5.670000000000000000e+02
5.672300000000000182e+02
5.673200000000000500e+02
5.680299999999999727e+02
5.680500000000000682e+02
5.690199999999999818e+02
5.697300000000000182e+02
5.703600000000000136e+02
5.705600000000000591e+02
5.713300000000000409e+02
5.719500000000000455e+02
6.047799999999999727e+02
6.048999999999999773e+02
6.053899999999999864e+02
6.057500000000000000e+02
6.058300000000000409e+02
6.065000000000000000e+02
6.068100000000000591e+02
6.076299999999999955e+02
6.076399999999999864e+02
6.080500000000000682e+02
6.081499999999999773e+02
6.086800000000000637e+02
6.089900000000000091e+02
6.090600000000000591e+02
6.097899999999999636e+02
6.098999999999999773e+02
6.099500000000000455e+02
6.101299999999999955e+02
6.101399999999999864e+02
6.101699999999999591e+02
6.111599999999999682e+02
6.112100000000000364e+02
6.116699999999999591e+02
6.119400000000000546e+02
6.120700000000000500e+02
6.121299999999999955e+02
6.125500000000000682e+02
6.129400000000000546e+02
6.135199999999999818e+02
6.136599999999999682e+02
6.137000000000000455e+02
6.139099999999999682e+02
6.153100000000000591e+02
6.158000000000000682e+02
6.159099999999999682e+02
6.159600000000000364e+02
6.163100000000000591e+02
6.165199999999999818e+02
6.182200000000000273e+02
6.183500000000000227e+02
6.185299999999999727e+02
6.198600000000000136e+02
6.537500000000000000e+02
6.544800000000000182e+02
6.568799999999999955e+02
6.568999999999999773e+02
6.569099999999999682e+02
6.570399999999999636e+02
6.572200000000000273e+02
6.573100000000000591e+02
6.584700000000000273e+02
6.588500000000000227e+02
6.589199999999999591e+02
6.591499999999999773e+02
6.592100000000000364e+02
6.596800000000000637e+02
6.597899999999999636e+02
6.599300000000000637e+02
6.599400000000000546e+02
6.604600000000000364e+02
6.607100000000000364e+02
6.611299999999999955e+02
6.619500000000000455e+02
6.623700000000000045e+02
6.625399999999999636e+02
6.626900000000000546e+02
6.627000000000000455e+02
6.628500000000000227e+02
6.628899999999999864e+02
6.630000000000000000e+02
6.639199999999999591e+02
6.646100000000000136e+02
6.646699999999999591e+02
6.649600000000000364e+02
6.650600000000000591e+02
6.651299999999999955e+02
6.651699999999999591e+02
6.651900000000000546e+02
6.653000000000000682e+02
6.657100000000000364e+02
6.667300000000000182e+02
6.669900000000000091e+02
6.672100000000000364e+02
6.672200000000000273e+02
6.672899999999999636e+02
6.673400000000000318e+02
6.674600000000000364e+02
6.677300000000000182e+02
6.695500000000000682e+02
6.701299999999999955e+02
6.704400000000000546e+02
6.721299999999999955e+02
7.019800000000000182e+02
7.040800000000000409e+02
7.043400000000000318e+02
7.044600000000000364e+02
7.047599999999999909e+02
7.050099999999999909e+02
7.057000000000000455e+02
7.068300000000000409e+02
7.075700000000000500e+02
7.078999999999999773e+02
7.085700000000000500e+02
7.089199999999999591e+02
7.090600000000000591e+02
7.094300000000000637e+02
7.095600000000000591e+02
7.096499999999999773e+02
7.098200000000000500e+02
7.100099999999999909e+02
7.102699999999999818e+02
7.108000000000000682e+02
7.111299999999999955e+02
7.112799999999999727e+02
7.116000000000000227e+02
7.120399999999999636e+02
7.122500000000000000e+02
7.126599999999999682e+02
7.128000000000000682e+02
7.128799999999999955e+02
7.130199999999999818e+02
7.136200000000000045e+02
7.138100000000000591e+02
7.138700000000000045e+02
7.146900000000000546e+02
7.148400000000000318e+02
7.150299999999999727e+02
7.157799999999999727e+02
7.161100000000000136e+02
7.169700000000000273e+02
7.171100000000000136e+02
7.179600000000000364e+02
7.184300000000000637e+02
7.190700000000000500e+02
7.190800000000000409e+02
7.191200000000000045e+02
7.203400000000000318e+02
7.215000000000000000e+02
7.225199999999999818e+02
7.510000000000000000e+02
7.521499999999999773e+02
7.524199999999999591e+02
7.531599999999999682e+02
7.552899999999999636e+02
7.554099999999999682e+02
7.559700000000000273e+02
7.560399999999999636e+02
7.564600000000000364e+02
7.565500000000000682e+02
7.574900000000000091e+02
7.580600000000000591e+02
7.583899999999999864e+02
7.588400000000000318e+02
7.589400000000000546e+02
7.592599999999999909e+02
7.593100000000000591e+02
7.593999999999999773e+02
7.595199999999999818e+02
7.595700000000000500e+02
7.596000000000000227e+02
7.598999999999999773e+02
7.607400000000000091e+02
7.614900000000000091e+02
7.616599999999999682e+02
7.617400000000000091e+02
7.628100000000000591e+02
7.628799999999999955e+02
7.630299999999999727e+02
7.638300000000000409e+02
7.642699999999999818e+02
7.643899999999999864e+02
7.643999999999999773e+02
7.644199999999999591e+02
7.651800000000000637e+02
7.655299999999999727e+02
7.660199999999999818e+02
7.663999999999999773e+02
7.667500000000000000e+02
7.669300000000000637e+02
7.675099999999999909e+02
7.676900000000000546e+02
7.686000000000000227e+02
7.695299999999999727e+02
7.709700000000000273e+02
7.721900000000000546e+02
8.021900000000000546e+02
8.039700000000000273e+02
8.049900000000000091e+02
8.058500000000000227e+02
8.059900000000000091e+02
8.061299999999999955e+02
8.061499999999999773e+02
8.066499999999999773e+02
8.067300000000000182e+02
8.067899999999999636e+02
8.070399999999999636e+02
8.075399999999999636e+02
8.082000000000000455e+02
8.087400000000000091e+02
8.094400000000000546e+02
8.094800000000000182e+02
8.096299999999999955e+02
8.096399999999999864e+02
8.096499999999999773e+02
8.098100000000000591e+02
8.102300000000000182e+02
8.108200000000000500e+02
8.113200000000000500e+02
8.116000000000000227e+02
8.117000000000000455e+02
8.118200000000000500e+02
8.126399999999999864e+02
8.130900000000000318e+02
8.133999999999999773e+02
8.138400000000000318e+02
8.139400000000000546e+02
8.146299999999999955e+02
8.149900000000000091e+02
8.150399999999999636e+02
8.153500000000000227e+02
8.158799999999999955e+02
8.160500000000000682e+02
8.161399999999999864e+02
8.171299999999999955e+02
8.173600000000000136e+02
8.173600000000000136e+02
8.176299999999999955e+02
8.178200000000000500e+02
8.192300000000000182e+02
8.198600000000000136e+02
8.205700000000000500e+02
8.225299999999999727e+02
8.505399999999999636e+02
8.514200000000000728e+02
8.531599999999999682e+02
8.531599999999999682e+02
8.532000000000000455e+02
8.543200000000000500e+02
8.552000000000000455e+02
8.555000000000000000e+02
8.562500000000000000e+02
8.565299999999999727e+02
8.569200000000000728e+02
8.571800000000000637e+02
8.572000000000000455e+02
8.572500000000000000e+02
8.573899999999999864e+02
8.574099999999999682e+02
8.577000000000000455e+02
8.582599999999999909e+02
8.583799999999999955e+02
8.594900000000000091e+02
8.601599999999999682e+02
8.602300000000000182e+02
8.602599999999999909e+02
8.603200000000000500e+02
8.606499999999999773e+02
8.610600000000000591e+02
8.616100000000000136e+02
8.616599999999999682e+02
8.617500000000000000e+02
8.623400000000000318e+02
8.627100000000000364e+02
8.627599999999999909e+02
8.630700000000000500e+02
8.632200000000000273e+02
8.638300000000000409e+02
8.638700000000000045e+02
8.640299999999999727e+02
8.643100000000000591e+02
8.646900000000000546e+02
8.648700000000000045e+02
8.652400000000000091e+02
8.652500000000000000e+02
8.660000000000000000e+02
8.662100000000000364e+02
8.662400000000000091e+02
8.662899999999999636e+02
8.664500000000000455e+02
8.677799999999999727e+02
8.677799999999999727e+02
8.692100000000000364e+02
8.697200000000000273e+02
8.718799999999999955e+02
9.009099999999999682e+02
9.019800000000000182e+02
9.035099999999999909e+02
9.048000000000000682e+02
9.052599999999999909e+02
9.053500000000000227e+02
9.062300000000000182e+02
9.063400000000000318e+02
9.068200000000000500e+02
9.077899999999999636e+02
9.078100000000000591e+02
9.079500000000000455e+02
9.079500000000000455e+02
9.084700000000000273e+02
9.087400000000000091e+02
9.088799999999999955e+02
9.093899999999999864e+02
9.101000000000000227e+02
9.102300000000000182e+02
9.102699999999999818e+02
9.103999999999999773e+02
9.106399999999999864e+02
9.107200000000000273e+02
9.110500000000000682e+02
9.111299999999999955e+02
9.118200000000000500e+02
9.120000000000000000e+02
9.132000000000000455e+02
9.132100000000000364e+02
9.132699999999999818e+02
9.135800000000000409e+02
9.136299999999999955e+02
9.143200000000000500e+02
9.147400000000000091e+02
9.148300000000000409e+02
9.148400000000000318e+02
9.155299999999999727e+02
9.156200000000000045e+02
9.158400000000000318e+02
9.161700000000000728e+02
9.177799999999999727e+02
9.181800000000000637e+02
9.186599999999999682e+02
9.201399999999999864e+02
9.214700000000000273e+02
9.242899999999999636e+02
9.503600000000000136e+02
9.527300000000000182e+02
9.541200000000000045e+02
9.541299999999999955e+02
9.542899999999999636e+02
9.544099999999999682e+02
9.545299999999999727e+02
9.549900000000000091e+02
9.551800000000000637e+02
9.551900000000000546e+02
9.556000000000000227e+02
9.571100000000000136e+02
9.573400000000000318e+02
9.576000000000000227e+02
9.577699999999999818e+02
9.580800000000000409e+02
9.581499999999999773e+02
9.594700000000000273e+02
9.594900000000000091e+02
9.601200000000000045e+02
9.601700000000000728e+02
9.602300000000000182e+02
9.606800000000000637e+02
9.607200000000000273e+02
9.607699999999999818e+02
9.610700000000000500e+02
9.611000000000000227e+02
9.613700000000000045e+02
9.616599999999999682e+02
9.625500000000000682e+02
9.625600000000000591e+02
9.632300000000000182e+02
9.632400000000000091e+02
9.637699999999999818e+02
9.645199999999999818e+02
9.647200000000000273e+02
9.650000000000000000e+02
9.657500000000000000e+02
9.658300000000000409e+02
9.658600000000000136e+02
9.662899999999999636e+02
9.663300000000000409e+02
9.681000000000000227e+02
9.681499999999999773e+02
9.689400000000000546e+02
9.692899999999999636e+02
