7.307000000000000739e+01
2.541299999999999955e+02
2.723799999999999955e+02
4.538600000000000136e+02
6.340800000000000409e+02
6.499700000000000273e+02
8.834900000000000091e+02
8.976100000000000136e+02
9.158600000000000136e+02
7.780000000000000249e+00
1.000999999999999979e+01
2.608999999999999986e+01
1.426299999999999955e+02
2.087899999999999920e+02
2.441599999999999966e+02
2.928500000000000227e+02
3.444599999999999795e+02
3.784000000000000341e+02
4.108799999999999955e+02
4.451999999999999886e+02
4.614600000000000364e+02
4.777300000000000182e+02
4.938199999999999932e+02
5.127000000000000455e+02
5.782100000000000364e+02
6.449099999999999682e+02
6.620500000000000682e+02
7.143899999999999864e+02
8.141499999999999773e+02
8.462500000000000000e+02
8.494600000000000364e+02
8.656900000000000546e+02
8.805900000000000318e+02
9.319500000000000455e+02
9.489500000000000455e+02
9.656100000000000136e+02
9.831200000000000045e+02
6.259999999999999787e+00
2.324000000000000199e+01
2.566000000000000014e+01
4.067999999999999972e+01
4.416000000000000369e+01
5.657000000000000028e+01
7.279999999999999716e+01
7.498000000000000398e+01
8.998000000000000398e+01
9.215999999999999659e+01
1.073100000000000023e+02
1.102300000000000040e+02
1.225300000000000011e+02
1.249800000000000040e+02
1.287500000000000000e+02
1.415200000000000102e+02
1.447100000000000080e+02
1.575300000000000011e+02
1.745099999999999909e+02
1.770099999999999909e+02
1.910399999999999920e+02
1.931400000000000148e+02
2.084500000000000171e+02
2.105800000000000125e+02
2.252300000000000182e+02
2.418100000000000023e+02
2.582900000000000205e+02
2.742900000000000205e+02
2.917300000000000182e+02
2.943600000000000136e+02
3.064200000000000159e+02
3.085300000000000296e+02
3.257699999999999818e+02
3.409499999999999886e+02
3.439700000000000273e+02
3.584000000000000341e+02
3.744200000000000159e+02
3.772599999999999909e+02
3.912500000000000000e+02
4.083100000000000023e+02
4.104399999999999977e+02
4.250000000000000000e+02
4.426100000000000136e+02
4.447500000000000000e+02
4.571800000000000068e+02
4.592800000000000296e+02
4.752699999999999818e+02
4.782100000000000364e+02
4.946899999999999977e+02
5.085500000000000114e+02
5.248100000000000591e+02
5.269300000000000637e+02
5.291200000000000045e+02
5.413400000000000318e+02
5.434099999999999682e+02
5.457500000000000000e+02
5.580399999999999636e+02
5.604800000000000182e+02
5.760500000000000682e+02
5.923999999999999773e+02
6.084300000000000637e+02
6.105500000000000682e+02
6.135700000000000500e+02
6.257100000000000364e+02
6.423500000000000227e+02
6.601599999999999682e+02
6.761900000000000546e+02
6.783400000000000318e+02
6.943999999999999773e+02
6.965900000000000318e+02
7.096100000000000136e+02
7.121200000000000045e+02
7.257200000000000273e+02
7.285700000000000500e+02
7.413999999999999773e+02
7.442400000000000091e+02
7.606000000000000227e+02
7.628500000000000227e+02
7.764900000000000091e+02
7.923600000000000136e+02
8.115500000000000682e+02
8.271800000000000637e+02
8.463500000000000227e+02
8.587799999999999727e+02
8.755500000000000682e+02
8.776599999999999682e+02
8.798300000000000409e+02
8.946900000000000546e+02
8.970299999999999727e+02
9.093899999999999864e+02
9.118799999999999955e+02
9.143600000000000136e+02
9.268000000000000682e+02
9.300900000000000318e+02
9.438600000000000136e+02
9.463999999999999773e+02
9.597599999999999909e+02
9.778200000000000500e+02
9.800600000000000591e+02
9.943999999999999773e+02
5.919999999999999929e+00
8.320000000000000284e+00
2.267000000000000171e+01
2.492000000000000171e+01
4.032000000000000028e+01
5.750000000000000000e+01
5.964999999999999858e+01
7.392000000000000171e+01
9.110999999999999943e+01
1.064800000000000040e+02
1.094500000000000028e+02
1.229200000000000017e+02
1.268400000000000034e+02
1.401899999999999977e+02
1.572500000000000000e+02
1.595200000000000102e+02
1.726700000000000159e+02
1.752700000000000102e+02
1.905800000000000125e+02
2.060800000000000125e+02
2.082000000000000171e+02
2.230300000000000011e+02
2.252899999999999920e+02
2.413799999999999955e+02
2.573100000000000023e+02
2.594100000000000250e+02
2.751200000000000045e+02
2.892099999999999795e+02
2.913100000000000023e+02
3.066000000000000227e+02
3.103700000000000045e+02
3.229800000000000182e+02
3.272500000000000000e+02
3.400199999999999818e+02
3.578500000000000227e+02
3.733600000000000136e+02
3.757200000000000273e+02
3.906700000000000159e+02
3.927300000000000182e+02
4.065600000000000023e+02
4.099100000000000250e+02
4.231600000000000250e+02
4.260500000000000114e+02
4.389399999999999977e+02
4.410099999999999909e+02
4.554300000000000068e+02
4.574700000000000273e+02
4.601800000000000068e+02
4.744600000000000364e+02
4.886700000000000159e+02
4.907300000000000182e+02
4.927900000000000205e+02
5.068899999999999864e+02
5.090099999999999909e+02
5.228100000000000591e+02
5.250099999999999909e+02
5.394800000000000182e+02
5.438200000000000500e+02
5.558600000000000136e+02
5.580000000000000000e+02
5.733500000000000227e+02
5.759600000000000364e+02
5.891399999999999864e+02
5.912000000000000455e+02
6.056399999999999864e+02
6.093899999999999864e+02
6.226499999999999773e+02
6.263000000000000682e+02
6.385000000000000000e+02
6.408899999999999864e+02
6.563400000000000318e+02
6.584600000000000364e+02
6.722300000000000182e+02
6.743600000000000136e+02
6.767100000000000364e+02
6.903899999999999864e+02
6.925000000000000000e+02
7.065099999999999909e+02
7.085600000000000591e+02
7.109900000000000091e+02
7.240099999999999909e+02
7.261399999999999864e+02
7.396900000000000546e+02
7.417699999999999818e+02
7.562100000000000364e+02
7.583300000000000409e+02
7.741800000000000637e+02
7.763700000000000045e+02
7.909099999999999682e+02
7.934700000000000273e+02
8.076900000000000546e+02
8.242400000000000091e+02
8.266900000000000546e+02
8.383300000000000409e+02
8.409800000000000182e+02
8.433700000000000045e+02
8.568799999999999955e+02
8.589800000000000182e+02
8.746100000000000136e+02
8.767799999999999727e+02
8.905900000000000318e+02
9.056399999999999864e+02
9.081100000000000136e+02
9.235600000000000591e+02
9.405800000000000409e+02
9.439700000000000273e+02
9.563799999999999955e+02
9.593000000000000682e+02
9.726000000000000227e+02
9.747200000000000273e+02
9.893100000000000591e+02
9.933200000000000500e+02
6.839999999999999858e+00
9.300000000000000711e+00
2.237999999999999901e+01
2.589000000000000057e+01
3.968999999999999773e+01
4.396999999999999886e+01
5.650000000000000000e+01
5.863000000000000256e+01
7.365000000000000568e+01
7.679000000000000625e+01
8.946999999999999886e+01
9.151999999999999602e+01
1.061500000000000057e+02
1.226899999999999977e+02
1.387000000000000171e+02
1.408900000000000148e+02
1.571400000000000148e+02
1.731100000000000136e+02
1.900600000000000023e+02
2.062000000000000171e+02
2.223400000000000034e+02
2.244600000000000080e+02
2.392000000000000171e+02
2.556700000000000159e+02
2.726000000000000227e+02
2.759100000000000250e+02
2.899200000000000159e+02
3.053799999999999955e+02
3.083700000000000045e+02
3.211200000000000045e+02
3.234800000000000182e+02
3.400500000000000114e+02
3.425099999999999909e+02
3.566200000000000045e+02
3.719200000000000159e+02
3.752800000000000296e+02
3.900500000000000114e+02
3.926200000000000045e+02
4.049600000000000364e+02
4.081000000000000227e+02
4.216600000000000250e+02
4.238000000000000114e+02
4.377699999999999818e+02
4.404200000000000159e+02
4.429600000000000364e+02
4.546800000000000068e+02
4.583899999999999864e+02
4.709399999999999977e+02
4.730500000000000114e+02
4.886700000000000159e+02
4.914200000000000159e+02
5.048600000000000136e+02
5.069399999999999977e+02
5.210000000000000000e+02
5.236699999999999591e+02
5.380099999999999909e+02
5.558999999999999773e+02
5.710099999999999909e+02
5.730900000000000318e+02
5.877000000000000455e+02
5.909099999999999682e+02
6.036900000000000546e+02
6.086399999999999864e+02
6.213799999999999955e+02
6.251399999999999864e+02
6.372799999999999727e+02
6.393300000000000409e+02
6.419099999999999682e+02
6.538400000000000318e+02
6.564500000000000455e+02
6.714900000000000091e+02
6.736499999999999773e+02
6.875399999999999636e+02
6.918200000000000500e+02
7.035099999999999909e+02
7.057300000000000182e+02
7.222000000000000455e+02
7.375700000000000500e+02
7.398200000000000500e+02
7.539600000000000364e+02
7.705000000000000000e+02
7.859200000000000728e+02
7.907200000000000273e+02
8.033300000000000409e+02
8.058500000000000227e+02
8.222300000000000182e+02
8.370800000000000409e+02
8.394800000000000182e+02
8.536599999999999682e+02
8.559200000000000728e+02
8.717000000000000455e+02
8.748600000000000136e+02
8.855600000000000591e+02
8.878600000000000136e+02
9.022100000000000364e+02
9.217300000000000182e+02
9.367100000000000364e+02
9.530000000000000000e+02
9.685700000000000500e+02
9.708100000000000591e+02
9.744099999999999682e+02
9.854400000000000546e+02
9.892900000000000773e+02
6.860000000000000320e+00
2.375000000000000000e+01
2.756000000000000227e+01
5.656000000000000227e+01
5.973000000000000398e+01
7.385999999999999943e+01
9.085999999999999943e+01
1.245799999999999983e+02
1.419600000000000080e+02
1.568300000000000125e+02
1.721400000000000148e+02
2.075200000000000102e+02
2.230800000000000125e+02
2.406100000000000136e+02
2.537800000000000011e+02
2.567200000000000273e+02
2.714800000000000182e+02
2.882200000000000273e+02
2.904000000000000341e+02
3.041200000000000045e+02
3.211999999999999886e+02
3.391700000000000159e+02
3.710300000000000296e+02
3.879100000000000250e+02
4.055600000000000023e+02
4.249100000000000250e+02
4.544900000000000091e+02
4.712800000000000296e+02
4.861399999999999864e+02
5.027599999999999909e+02
5.059100000000000250e+02
5.205600000000000591e+02
5.369199999999999591e+02
5.528799999999999955e+02
5.550000000000000000e+02
5.685900000000000318e+02
5.860299999999999727e+02
6.033000000000000682e+02
6.196100000000000136e+02
6.361100000000000136e+02
6.503000000000000682e+02
6.527699999999999818e+02
6.681699999999999591e+02
6.703100000000000591e+02
6.846399999999999864e+02
6.867799999999999727e+02
7.188700000000000045e+02
7.362799999999999727e+02
7.505600000000000591e+02
7.689800000000000182e+02
7.710600000000000591e+02
7.841800000000000637e+02
8.012300000000000182e+02
8.189400000000000546e+02
8.343200000000000500e+02
8.372200000000000273e+02
8.509400000000000546e+02
8.690299999999999727e+02
8.836499999999999773e+02
8.876399999999999864e+02
8.995900000000000318e+02
9.335600000000000591e+02
9.370700000000000500e+02
9.534600000000000364e+02
9.670600000000000591e+02
9.816200000000000045e+02
9.998000000000000682e+02
