7.719999999999999751e+00
1.133999999999999986e+01
1.137000000000000099e+01
1.175000000000000000e+01
3.920000000000000284e+01
4.331000000000000227e+01
4.335000000000000142e+01
4.364999999999999858e+01
5.517000000000000171e+01
5.553999999999999915e+01
5.987000000000000455e+01
5.992000000000000171e+01
6.712000000000000455e+01
6.732999999999999829e+01
6.767000000000000171e+01
7.557000000000000739e+01
8.015999999999999659e+01
8.360000000000000853e+01
8.832999999999999829e+01
9.550000000000000000e+01
9.926000000000000512e+01
9.953000000000000114e+01
1.044300000000000068e+02
1.083400000000000034e+02
1.113799999999999955e+02
1.119099999999999966e+02
1.193100000000000023e+02
1.194800000000000040e+02
1.195100000000000051e+02
1.238200000000000074e+02
1.352299999999999898e+02
1.509799999999999898e+02
1.550800000000000125e+02
1.591599999999999966e+02
1.635399999999999920e+02
1.681800000000000068e+02
1.701400000000000148e+02
1.715399999999999920e+02
1.852700000000000102e+02
1.914000000000000057e+02
1.940500000000000114e+02
1.952400000000000091e+02
1.954699999999999989e+02
1.993199999999999932e+02
1.997800000000000011e+02
2.033400000000000034e+02
2.068199999999999932e+02
2.077800000000000011e+02
2.156400000000000148e+02
2.163499999999999943e+02
2.190500000000000114e+02
2.197000000000000171e+02
2.314500000000000171e+02
2.316299999999999955e+02
2.349900000000000091e+02
2.354200000000000159e+02
2.401899999999999977e+02
2.429000000000000057e+02
2.495699999999999932e+02
2.512000000000000171e+02
2.519500000000000171e+02
2.565000000000000000e+02
2.633600000000000136e+02
2.674200000000000159e+02
2.698500000000000227e+02
2.788799999999999955e+02
2.858600000000000136e+02
2.986299999999999955e+02
3.004399999999999977e+02
3.041100000000000136e+02
3.078400000000000318e+02
3.195900000000000318e+02
3.281399999999999864e+02
3.402599999999999909e+02
3.452300000000000182e+02
3.513000000000000114e+02
3.515199999999999818e+02
3.550900000000000318e+02
3.651399999999999864e+02
3.703600000000000136e+02
3.708100000000000023e+02
3.741700000000000159e+02
3.744900000000000091e+02
3.788700000000000045e+02
3.815300000000000296e+02
3.840900000000000318e+02
3.925199999999999818e+02
3.957400000000000091e+02
4.038600000000000136e+02
4.064200000000000159e+02
4.111299999999999955e+02
4.120099999999999909e+02
4.183600000000000136e+02
4.268400000000000318e+02
4.309600000000000364e+02
4.349000000000000341e+02
4.422900000000000205e+02
4.441600000000000250e+02
4.541700000000000159e+02
4.757200000000000273e+02
4.792100000000000364e+02
4.982500000000000000e+02
5.013400000000000318e+02
5.107599999999999909e+02
5.117500000000000000e+02
5.306699999999999591e+02
5.484800000000000182e+02
5.665399999999999636e+02
5.739900000000000091e+02
5.763600000000000136e+02
5.764099999999999682e+02
5.968700000000000045e+02
6.015399999999999636e+02
6.053000000000000682e+02
6.077000000000000455e+02
6.161200000000000045e+02
6.268600000000000136e+02
6.319800000000000182e+02
6.384500000000000455e+02
6.425199999999999818e+02
6.479099999999999682e+02
6.480399999999999636e+02
6.489199999999999591e+02
6.536499999999999773e+02
6.545800000000000409e+02
6.576599999999999682e+02
6.657300000000000182e+02
6.732000000000000455e+02
6.760700000000000500e+02
6.864199999999999591e+02
6.924400000000000546e+02
6.925700000000000500e+02
7.009800000000000182e+02
7.065000000000000000e+02
7.065700000000000500e+02
7.212300000000000182e+02
7.354300000000000637e+02
7.366200000000000045e+02
7.392000000000000455e+02
7.493500000000000227e+02
7.563100000000000591e+02
7.571499999999999773e+02
7.614500000000000455e+02
7.637500000000000000e+02
7.650099999999999909e+02
7.663000000000000682e+02
7.664300000000000637e+02
7.700299999999999727e+02
7.746700000000000728e+02
8.010900000000000318e+02
8.192799999999999727e+02
8.341599999999999682e+02
8.343999999999999773e+02
8.390700000000000500e+02
8.403899999999999864e+02
8.449500000000000455e+02
8.546100000000000136e+02
8.606100000000000136e+02
8.742200000000000273e+02
8.779300000000000637e+02
8.799200000000000728e+02
8.870399999999999636e+02
8.880000000000000000e+02
8.926900000000000546e+02
8.930900000000000318e+02
8.943799999999999955e+02
9.064800000000000182e+02
9.089700000000000273e+02
9.240099999999999909e+02
9.305900000000000318e+02
9.339500000000000455e+02
9.362100000000000364e+02
9.479500000000000455e+02
9.526499999999999773e+02
9.665800000000000409e+02
9.700700000000000500e+02
9.725299999999999727e+02
9.763500000000000227e+02
9.841700000000000728e+02
9.863000000000000682e+02
