3.839999999999999858e+00
4.169999999999999929e+00
4.520000000000000462e+00
4.730000000000000426e+00
5.240000000000000213e+00
6.060000000000000497e+00
6.549999999999999822e+00
1.383999999999999986e+01
1.412000000000000099e+01
1.422000000000000064e+01
1.445000000000000107e+01
1.454000000000000092e+01
1.483999999999999986e+01
1.630000000000000071e+01
2.376000000000000156e+01
2.399000000000000199e+01
2.421000000000000085e+01
2.466000000000000014e+01
2.487999999999999901e+01
2.592999999999999972e+01
2.610000000000000142e+01
2.633999999999999986e+01
3.407000000000000028e+01
3.410999999999999943e+01
3.421000000000000085e+01
3.427000000000000313e+01
3.568999999999999773e+01
3.671999999999999886e+01
4.368999999999999773e+01
4.375999999999999801e+01
4.407000000000000028e+01
4.471000000000000085e+01
4.482000000000000028e+01
4.611999999999999744e+01
4.650000000000000000e+01
5.396000000000000085e+01
5.413000000000000256e+01
5.418999999999999773e+01
5.421999999999999886e+01
5.505000000000000426e+01
5.624000000000000199e+01
6.401999999999999602e+01
6.421999999999999886e+01
6.425000000000000000e+01
6.457000000000000739e+01
6.468999999999999773e+01
7.345000000000000284e+01
7.371999999999999886e+01
7.404000000000000625e+01
7.501000000000000512e+01
7.582000000000000739e+01
7.632999999999999829e+01
8.396000000000000796e+01
8.401999999999999602e+01
8.409000000000000341e+01
8.487000000000000455e+01
8.651999999999999602e+01
9.326999999999999602e+01
9.354999999999999716e+01
9.385000000000000853e+01
9.439000000000000057e+01
9.571999999999999886e+01
9.623000000000000398e+01
1.037300000000000040e+02
1.037699999999999960e+02
1.040199999999999960e+02
1.043400000000000034e+02
1.046200000000000045e+02
1.063900000000000006e+02
1.066299999999999955e+02
1.132999999999999972e+02
1.133700000000000045e+02
1.138500000000000085e+02
1.145600000000000023e+02
1.149900000000000091e+02
1.156599999999999966e+02
1.156700000000000017e+02
1.232199999999999989e+02
1.242199999999999989e+02
1.245600000000000023e+02
1.253400000000000034e+02
1.334799999999999898e+02
1.337100000000000080e+02
1.338700000000000045e+02
1.340800000000000125e+02
1.351999999999999886e+02
1.359000000000000057e+02
1.367000000000000171e+02
1.432000000000000171e+02
1.434000000000000057e+02
1.436800000000000068e+02
1.443300000000000125e+02
1.456899999999999977e+02
1.523700000000000045e+02
1.526899999999999977e+02
1.542899999999999920e+02
1.543100000000000023e+02
1.550900000000000034e+02
1.565699999999999932e+02
1.627899999999999920e+02
1.636400000000000148e+02
1.640399999999999920e+02
1.641200000000000045e+02
1.662100000000000080e+02
1.725800000000000125e+02
1.727800000000000011e+02
1.738000000000000114e+02
1.741599999999999966e+02
1.747299999999999898e+02
1.754699999999999989e+02
1.763100000000000023e+02
1.764699999999999989e+02
1.773799999999999955e+02
1.830000000000000000e+02
1.838300000000000125e+02
1.841599999999999966e+02
1.844500000000000171e+02
1.845900000000000034e+02
1.868900000000000148e+02
1.933400000000000034e+02
1.935099999999999909e+02
1.939800000000000182e+02
1.958900000000000148e+02
1.962300000000000182e+02
2.024900000000000091e+02
2.027700000000000102e+02
2.034500000000000171e+02
2.045200000000000102e+02
2.058100000000000023e+02
2.067700000000000102e+02
2.128100000000000023e+02
2.134399999999999977e+02
2.144200000000000159e+02
2.159500000000000171e+02
2.160099999999999909e+02
2.231599999999999966e+02
2.232000000000000171e+02
2.237100000000000080e+02
2.252700000000000102e+02
2.253400000000000034e+02
2.276299999999999955e+02
2.327899999999999920e+02
2.331800000000000068e+02
2.348199999999999932e+02
2.354300000000000068e+02
2.431899999999999977e+02
2.432700000000000102e+02
2.435099999999999909e+02
2.440999999999999943e+02
2.454200000000000159e+02
2.461299999999999955e+02
2.465200000000000102e+02
2.522000000000000171e+02
2.532100000000000080e+02
2.535699999999999932e+02
2.545300000000000011e+02
2.556500000000000057e+02
2.573999999999999773e+02
2.622800000000000296e+02
2.630600000000000023e+02
2.643700000000000045e+02
2.647500000000000000e+02
2.656100000000000136e+02
2.657300000000000182e+02
2.720400000000000205e+02
2.733100000000000023e+02
2.741800000000000068e+02
2.745900000000000318e+02
2.763600000000000136e+02
2.820000000000000000e+02
2.821800000000000068e+02
2.829499999999999886e+02
2.842900000000000205e+02
2.845000000000000000e+02
2.859599999999999795e+02
2.862099999999999795e+02
2.865000000000000000e+02
2.922699999999999818e+02
2.931299999999999955e+02
2.946899999999999977e+02
2.947900000000000205e+02
2.953500000000000227e+02
2.959399999999999977e+02
3.015199999999999818e+02
3.018400000000000318e+02
3.034000000000000341e+02
3.037500000000000000e+02
3.046200000000000045e+02
3.059000000000000341e+02
3.076299999999999955e+02
3.116999999999999886e+02
3.123500000000000227e+02
3.127699999999999818e+02
3.138899999999999864e+02
3.144800000000000182e+02
3.150799999999999841e+02
3.160500000000000114e+02
3.215500000000000114e+02
3.223100000000000023e+02
3.233700000000000045e+02
3.250099999999999909e+02
3.263299999999999841e+02
3.277200000000000273e+02
3.323299999999999841e+02
3.334100000000000250e+02
3.345699999999999932e+02
3.364700000000000273e+02
3.406500000000000341e+02
3.421600000000000250e+02
3.430900000000000318e+02
3.441600000000000250e+02
3.459000000000000341e+02
3.459900000000000091e+02
3.464599999999999795e+02
3.484599999999999795e+02
3.516800000000000068e+02
3.521899999999999977e+02
3.530000000000000000e+02
3.545500000000000114e+02
3.552500000000000000e+02
3.564399999999999977e+02
3.614300000000000068e+02
3.619499999999999886e+02
3.631600000000000250e+02
3.640099999999999909e+02
3.662800000000000296e+02
3.663500000000000227e+02
3.712699999999999818e+02
3.718199999999999932e+02
3.728000000000000114e+02
3.746600000000000250e+02
3.763000000000000114e+02
3.810400000000000205e+02
3.817500000000000000e+02
3.828100000000000023e+02
3.846299999999999955e+02
3.850799999999999841e+02
3.863100000000000023e+02
3.918299999999999841e+02
3.926299999999999955e+02
3.951200000000000045e+02
3.952400000000000091e+02
4.001000000000000227e+02
4.017599999999999909e+02
4.031100000000000136e+02
4.045699999999999932e+02
4.067100000000000364e+02
4.091899999999999977e+02
4.108299999999999841e+02
4.119700000000000273e+02
4.126299999999999955e+02
4.147500000000000000e+02
4.150799999999999841e+02
4.162699999999999818e+02
4.197699999999999818e+02
4.209900000000000091e+02
4.226000000000000227e+02
4.245600000000000023e+02
4.249200000000000159e+02
4.262900000000000205e+02
4.268400000000000318e+02
4.307200000000000273e+02
4.315900000000000318e+02
4.337900000000000205e+02
4.342100000000000364e+02
4.371399999999999864e+02
4.397900000000000205e+02
4.416899999999999977e+02
4.429300000000000068e+02
4.455199999999999818e+02
4.465900000000000318e+02
4.504100000000000250e+02
4.514499999999999886e+02
4.525199999999999818e+02
4.548400000000000318e+02
4.551000000000000227e+02
4.564399999999999977e+02
4.572900000000000205e+02
4.594700000000000273e+02
4.617200000000000273e+02
4.633199999999999932e+02
4.643299999999999841e+02
4.656200000000000045e+02
4.669499999999999886e+02
4.670799999999999841e+02
4.687300000000000182e+02
4.693500000000000227e+02
4.705600000000000023e+02
4.729100000000000250e+02
4.733000000000000114e+02
4.744100000000000250e+02
4.766600000000000250e+02
4.807800000000000296e+02
4.816399999999999864e+02
4.824300000000000068e+02
4.851200000000000045e+02
4.875600000000000023e+02
4.899100000000000250e+02
4.911200000000000045e+02
4.930000000000000000e+02
4.950000000000000000e+02
4.993400000000000318e+02
5.013700000000000045e+02
5.026000000000000227e+02
5.046999999999999886e+02
5.051200000000000045e+02
5.068299999999999841e+02
5.097700000000000387e+02
5.112800000000000296e+02
5.127300000000000182e+02
5.150099999999999909e+02
5.150900000000000318e+02
5.176499999999999773e+02
5.196399999999999864e+02
5.221699999999999591e+02
5.229099999999999682e+02
5.245399999999999636e+02
5.281699999999999591e+02
5.297999999999999545e+02
5.307899999999999636e+02
5.324199999999999591e+02
5.358700000000000045e+02
5.365099999999999909e+02
5.399199999999999591e+02
5.403799999999999955e+02
5.409099999999999682e+02
5.432599999999999909e+02
5.447599999999999909e+02
5.485700000000000500e+02
5.492899999999999636e+02
5.505199999999999818e+02
5.524199999999999591e+02
5.530000000000000000e+02
5.546800000000000637e+02
5.572300000000000182e+02
5.579600000000000364e+02
5.601800000000000637e+02
5.612200000000000273e+02
5.628799999999999955e+02
5.646399999999999864e+02
5.676399999999999864e+02
5.703899999999999864e+02
5.706800000000000637e+02
5.728400000000000318e+02
5.749700000000000273e+02
5.783899999999999864e+02
5.790199999999999818e+02
5.803999999999999773e+02
5.825900000000000318e+02
5.849800000000000182e+02
5.876200000000000045e+02
5.877699999999999818e+02
5.904700000000000273e+02
5.928600000000000136e+02
5.954500000000000455e+02
5.970500000000000682e+02
5.995099999999999909e+02
6.004400000000000546e+02
6.023500000000000227e+02
6.049700000000000273e+02
6.078300000000000409e+02
6.103600000000000136e+02
6.122599999999999909e+02
6.145000000000000000e+02
6.169199999999999591e+02
6.175700000000000500e+02
6.183300000000000409e+02
6.202500000000000000e+02
6.208999999999999773e+02
6.225500000000000682e+02
6.255600000000000591e+02
6.275500000000000682e+02
6.287100000000000364e+02
6.305299999999999727e+02
6.323000000000000682e+02
6.347100000000000364e+02
6.370199999999999818e+02
6.373899999999999864e+02
6.379300000000000637e+02
6.401200000000000045e+02
6.421599999999999682e+02
6.445000000000000000e+02
6.447599999999999909e+02
6.486599999999999682e+02
6.495800000000000409e+02
6.513100000000000591e+02
6.525299999999999727e+02
6.544800000000000182e+02
6.571299999999999955e+02
6.582699999999999818e+02
6.599099999999999682e+02
6.624099999999999682e+02
6.648000000000000682e+02
6.690900000000000318e+02
6.698500000000000227e+02
6.714400000000000546e+02
6.720900000000000318e+02
6.745800000000000409e+02
6.748600000000000136e+02
6.781800000000000637e+02
6.791299999999999955e+02
6.799900000000000091e+02
6.823600000000000136e+02
6.827899999999999636e+02
6.844500000000000455e+02
6.880500000000000682e+02
6.900099999999999909e+02
6.918200000000000500e+02
6.921100000000000136e+02
6.944800000000000182e+02
6.946100000000000136e+02
6.984199999999999591e+02
6.987100000000000364e+02
6.993100000000000591e+02
7.008999999999999773e+02
7.024900000000000091e+02
7.048999999999999773e+02
7.050099999999999909e+02
7.077400000000000091e+02
7.080700000000000500e+02
7.100000000000000000e+02
7.120299999999999727e+02
7.150000000000000000e+02
7.190700000000000500e+02
7.194400000000000546e+02
7.232699999999999818e+02
7.253400000000000318e+02
7.274099999999999682e+02
7.282899999999999636e+02
7.296299999999999955e+02
7.325900000000000318e+02
7.336499999999999773e+02
7.349900000000000091e+02
7.390199999999999818e+02
7.391399999999999864e+02
7.413999999999999773e+02
7.422200000000000273e+02
7.447699999999999818e+02
7.484800000000000182e+02
7.502599999999999909e+02
7.520900000000000318e+02
7.544900000000000091e+02
7.554199999999999591e+02
7.569800000000000182e+02
7.590500000000000682e+02
7.596100000000000136e+02
7.617300000000000182e+02
7.623400000000000318e+02
7.648100000000000591e+02
7.649300000000000637e+02
7.665900000000000318e+02
7.672300000000000182e+02
7.692400000000000091e+02
7.701100000000000136e+02
7.721599999999999682e+02
7.752799999999999727e+02
7.755399999999999636e+02
7.771900000000000546e+02
7.780000000000000000e+02
7.781299999999999955e+02
7.789400000000000546e+02
7.820900000000000318e+02
7.822100000000000364e+02
7.852799999999999727e+02
7.855700000000000500e+02
7.869200000000000728e+02
7.877400000000000091e+02
7.883899999999999864e+02
7.893200000000000500e+02
7.917599999999999909e+02
7.946000000000000227e+02
7.951599999999999682e+02
7.971499999999999773e+02
7.983100000000000591e+02
7.992100000000000364e+02
8.016599999999999682e+02
8.040500000000000682e+02
8.051800000000000637e+02
8.091200000000000045e+02
8.091499999999999773e+02
8.114500000000000455e+02
8.114500000000000455e+02
8.136800000000000637e+02
8.161499999999999773e+02
8.191900000000000546e+02
8.192400000000000091e+02
8.221100000000000136e+02
8.246900000000000546e+02
8.253799999999999955e+02
8.269700000000000273e+02
8.284700000000000273e+02
8.288100000000000591e+02
8.314500000000000455e+02
8.316900000000000546e+02
8.340199999999999818e+02
8.359300000000000637e+02
8.384700000000000273e+02
8.388999999999999773e+02
8.416200000000000045e+02
8.421399999999999864e+02
8.448500000000000227e+02
8.486900000000000546e+02
8.505399999999999636e+02
8.509300000000000637e+02
8.517899999999999636e+02
8.541800000000000637e+02
8.553799999999999955e+02
8.561900000000000546e+02
8.591599999999999682e+02
8.603300000000000409e+02
8.624500000000000455e+02
8.635700000000000500e+02
8.655700000000000500e+02
8.662699999999999818e+02
8.685399999999999636e+02
8.689099999999999682e+02
8.719600000000000364e+02
8.752300000000000182e+02
8.762799999999999727e+02
8.781299999999999955e+02
8.789900000000000091e+02
8.819099999999999682e+02
8.845600000000000591e+02
8.860500000000000682e+02
8.881599999999999682e+02
8.886499999999999773e+02
8.916800000000000637e+02
8.939300000000000637e+02
8.954700000000000273e+02
8.960199999999999818e+02
8.986599999999999682e+02
8.994400000000000546e+02
9.028600000000000136e+02
9.061599999999999682e+02
9.084900000000000091e+02
9.101000000000000227e+02
9.114099999999999682e+02
9.152699999999999818e+02
9.175399999999999636e+02
9.199200000000000728e+02
9.201900000000000546e+02
9.218400000000000318e+02
9.250900000000000318e+02
9.256399999999999864e+02
9.288000000000000682e+02
9.313100000000000591e+02
9.334900000000000091e+02
9.355299999999999727e+02
9.358799999999999955e+02
9.378799999999999955e+02
9.387899999999999636e+02
9.403799999999999955e+02
9.415199999999999818e+02
9.438899999999999864e+02
9.455600000000000591e+02
9.460700000000000500e+02
9.483899999999999864e+02
9.503000000000000682e+02
9.514900000000000091e+02
9.549900000000000091e+02
9.577000000000000455e+02
9.580099999999999909e+02
9.594500000000000455e+02
9.612799999999999727e+02
9.637799999999999727e+02
9.649500000000000455e+02
9.652200000000000273e+02
9.680000000000000000e+02
9.683600000000000136e+02
9.689200000000000728e+02
9.716100000000000136e+02
9.742500000000000000e+02
9.758200000000000500e+02
9.785800000000000409e+02
9.801900000000000546e+02
9.817799999999999727e+02
9.852799999999999727e+02
9.880700000000000500e+02
9.882799999999999727e+02
9.894900000000000091e+02
9.908100000000000591e+02
9.930700000000000500e+02
9.960400000000000773e+02
9.977900000000000773e+02
9.996299999999999955e+02
