8.785000000000000000e+02
2.610000000000000142e+01
7.473000000000000398e+01
1.410999999999999943e+02
1.578100000000000023e+02
1.907100000000000080e+02
2.066200000000000045e+02
2.234500000000000171e+02
2.740799999999999841e+02
3.071299999999999955e+02
3.243500000000000227e+02
4.060300000000000296e+02
4.743700000000000045e+02
5.067300000000000182e+02
5.726699999999999591e+02
5.885099999999999909e+02
6.051299999999999955e+02
6.221499999999999773e+02
6.738700000000000045e+02
7.053700000000000045e+02
7.546900000000000546e+02
8.389200000000000728e+02
8.720600000000000591e+02
9.379300000000000637e+02
2.067500000000000000e+02
2.235399999999999920e+02
2.741999999999999886e+02
3.072200000000000273e+02
4.745199999999999818e+02
5.727599999999999909e+02
5.887000000000000455e+02
6.051499999999999773e+02
2.069200000000000159e+02
3.073799999999999955e+02
5.728799999999999955e+02
6.051699999999999591e+02
5.730399999999999636e+02
6.051900000000000546e+02
6.052200000000000273e+02
6.052599999999999909e+02
9.150000000000000355e+00
2.483999999999999986e+01
5.925999999999999801e+01
7.490999999999999659e+01
9.154999999999999716e+01
1.070499999999999972e+02
1.413000000000000114e+02
1.741299999999999955e+02
1.916200000000000045e+02
2.912699999999999818e+02
3.078600000000000136e+02
3.593899999999999864e+02
3.741500000000000341e+02
3.915799999999999841e+02
4.246800000000000068e+02
4.409700000000000273e+02
4.581299999999999955e+02
4.751500000000000341e+02
5.413700000000000045e+02
5.573300000000000409e+02
5.748700000000000045e+02
5.920600000000000591e+02
6.053400000000000318e+02
6.079300000000000637e+02
6.416599999999999682e+02
6.582699999999999818e+02
6.746000000000000227e+02
7.080299999999999727e+02
7.590700000000000500e+02
7.746200000000000045e+02
8.077500000000000000e+02
8.253899999999999864e+02
8.422100000000000364e+02
8.595700000000000500e+02
8.911299999999999955e+02
9.250199999999999818e+02
9.412100000000000364e+02
9.565099999999999909e+02
9.746200000000000045e+02
9.905199999999999818e+02
2.494000000000000128e+01
7.498000000000000398e+01
1.072000000000000028e+02
1.418600000000000136e+02
1.742700000000000102e+02
2.914300000000000068e+02
3.742400000000000091e+02
3.918100000000000023e+02
4.251700000000000159e+02
4.410099999999999909e+02
4.582699999999999818e+02
4.753500000000000227e+02
5.414199999999999591e+02
5.576299999999999955e+02
5.749800000000000182e+02
6.584300000000000637e+02
6.759099999999999682e+02
7.081499999999999773e+02
8.079500000000000455e+02
8.255000000000000000e+02
8.911599999999999682e+02
9.413100000000000591e+02
9.566100000000000136e+02
9.746599999999999682e+02
9.905600000000000591e+02
2.503000000000000114e+01
2.916000000000000227e+02
4.410500000000000114e+02
5.414900000000000091e+02
5.754300000000000637e+02
8.912100000000000364e+02
9.746900000000000546e+02
9.906299999999999955e+02
2.514000000000000057e+01
4.410799999999999841e+02
5.415700000000000500e+02
8.912799999999999727e+02
9.747300000000000182e+02
9.040000000000000924e+00
4.411200000000000045e+02
9.747799999999999727e+02
4.411700000000000159e+02
9.748700000000000045e+02
8.099999999999999645e+00
9.310999999999999943e+01
1.428499999999999943e+02
1.772500000000000000e+02
1.919600000000000080e+02
3.925400000000000205e+02
4.412300000000000182e+02
4.611399999999999864e+02
5.946399999999999864e+02
8.782000000000000455e+02
3.926399999999999864e+02
4.413199999999999932e+02
8.782799999999999727e+02
8.783600000000000136e+02
