2.700000000000000000e+01
7.643999999999999773e+01
7.925000000000000000e+01
1.465200000000000102e+02
1.592599999999999909e+02
1.951899999999999977e+02
2.349600000000000080e+02
2.397599999999999909e+02
2.655699999999999932e+02
2.878600000000000136e+02
3.028899999999999864e+02
3.105500000000000114e+02
3.106600000000000250e+02
3.262800000000000296e+02
3.455900000000000318e+02
3.642099999999999795e+02
3.720000000000000000e+02
3.800300000000000296e+02
3.852900000000000205e+02
4.022699999999999818e+02
4.746500000000000341e+02
5.218400000000000318e+02
5.617599999999999909e+02
5.724800000000000182e+02
5.869800000000000182e+02
6.013899999999999864e+02
7.100399999999999636e+02
7.489400000000000546e+02
7.724600000000000364e+02
8.024400000000000546e+02
8.105399999999999636e+02
8.262200000000000273e+02
8.394500000000000455e+02
9.278700000000000045e+02
9.383500000000000227e+02
9.925299999999999727e+02
