5.322899999999999636e+02
8.646399999999999864e+02
3.063100000000000023e+02
3.966999999999999886e+02
4.938799999999999955e+02
4.991899999999999977e+02
5.533700000000000045e+02
6.654500000000000455e+02
7.890700000000000500e+02
8.484500000000000455e+02
8.901000000000000227e+02
9.685299999999999727e+02
9.838100000000000591e+02
3.667999999999999972e+01
2.809100000000000250e+02
3.399000000000000341e+02
3.496600000000000250e+02
3.635199999999999818e+02
3.769800000000000182e+02
4.208899999999999864e+02
5.914300000000000637e+02
6.149300000000000637e+02
7.302100000000000364e+02
7.631499999999999773e+02
8.063700000000000045e+02
8.928600000000000136e+02
9.348300000000000409e+02
4.603000000000000114e+01
3.540300000000000296e+02
7.137899999999999636e+02
9.607699999999999818e+02
