9.926000000000000512e+01
7.741900000000000546e+02
2.021999999999999886e+01
8.698999999999999488e+01
2.119099999999999966e+02
2.746000000000000227e+02
2.902300000000000182e+02
3.571999999999999886e+02
4.935400000000000205e+02
6.004300000000000637e+02
6.204400000000000546e+02
6.246000000000000227e+02
6.640700000000000500e+02
6.767400000000000091e+02
7.573600000000000136e+02
9.104099999999999682e+02
9.850199999999999818e+02
4.280000000000000249e+00
8.320000000000000284e+00
1.828000000000000114e+01
4.246999999999999886e+01
5.264000000000000057e+01
9.065000000000000568e+01
9.651000000000000512e+01
1.027699999999999960e+02
1.165900000000000034e+02
1.426700000000000159e+02
1.630099999999999909e+02
1.665099999999999909e+02
1.725399999999999920e+02
1.811200000000000045e+02
1.908700000000000045e+02
2.153499999999999943e+02
2.210300000000000011e+02
2.311500000000000057e+02
2.428900000000000148e+02
2.629800000000000182e+02
2.690300000000000296e+02
2.793299999999999841e+02
2.848100000000000023e+02
3.029499999999999886e+02
3.273600000000000136e+02
3.471800000000000068e+02
3.519800000000000182e+02
3.594000000000000341e+02
3.712099999999999795e+02
3.859300000000000068e+02
3.911299999999999955e+02
3.979000000000000341e+02
4.091100000000000136e+02
4.113000000000000114e+02
4.161399999999999864e+02
4.334000000000000341e+02
4.423899999999999864e+02
5.116000000000000227e+02
5.488600000000000136e+02
5.518899999999999864e+02
5.776900000000000546e+02
5.869199999999999591e+02
5.971000000000000227e+02
6.100900000000000318e+02
6.239099999999999682e+02
6.318200000000000500e+02
6.480000000000000000e+02
6.560700000000000500e+02
6.601299999999999955e+02
6.719500000000000455e+02
6.821399999999999864e+02
6.855500000000000682e+02
6.899600000000000364e+02
7.323200000000000500e+02
7.704099999999999682e+02
7.725000000000000000e+02
7.763600000000000136e+02
7.857300000000000182e+02
7.921200000000000045e+02
7.964700000000000273e+02
8.004300000000000637e+02
8.101700000000000728e+02
8.325900000000000318e+02
8.566700000000000728e+02
8.587500000000000000e+02
8.665399999999999636e+02
8.725600000000000591e+02
8.747599999999999909e+02
8.889300000000000637e+02
9.145800000000000409e+02
9.167000000000000455e+02
9.187899999999999636e+02
9.286800000000000637e+02
9.389700000000000273e+02
9.468500000000000227e+02
9.909800000000000182e+02
9.972900000000000773e+02
5.980000000000000426e+00
1.435999999999999943e+01
1.842000000000000171e+01
3.625000000000000000e+01
5.003000000000000114e+01
5.216000000000000369e+01
6.625000000000000000e+01
7.585000000000000853e+01
8.617000000000000171e+01
9.217000000000000171e+01
9.421999999999999886e+01
1.062900000000000063e+02
1.102400000000000091e+02
1.159800000000000040e+02
1.224200000000000017e+02
1.323900000000000148e+02
1.420500000000000114e+02
1.580000000000000000e+02
1.623799999999999955e+02
1.721599999999999966e+02
1.760099999999999909e+02
1.845999999999999943e+02
1.883799999999999955e+02
2.120500000000000114e+02
2.280000000000000000e+02
2.385500000000000114e+02
2.406700000000000159e+02
2.459399999999999977e+02
2.483300000000000125e+02
2.547100000000000080e+02
2.739599999999999795e+02
2.781100000000000136e+02
2.898500000000000227e+02
2.981200000000000045e+02
3.138799999999999955e+02
3.159900000000000091e+02
3.265600000000000023e+02
3.306600000000000250e+02
3.341299999999999955e+02
3.385199999999999818e+02
3.778199999999999932e+02
3.964800000000000182e+02
4.015099999999999909e+02
4.167300000000000182e+02
4.285199999999999818e+02
4.338899999999999864e+02
4.485000000000000000e+02
4.514900000000000091e+02
4.545500000000000114e+02
4.586000000000000227e+02
4.646399999999999864e+02
4.678000000000000114e+02
4.736999999999999886e+02
5.024300000000000068e+02
5.286100000000000136e+02
5.307000000000000455e+02
5.327599999999999909e+02
5.407200000000000273e+02
5.466399999999999864e+02
5.528500000000000227e+02
5.635600000000000591e+02
5.675299999999999727e+02
5.732599999999999909e+02
5.764400000000000546e+02
5.796100000000000136e+02
5.854700000000000273e+02
5.877400000000000091e+02
5.914700000000000273e+02
6.057000000000000455e+02
6.089099999999999682e+02
6.150500000000000682e+02
6.174199999999999591e+02
6.709600000000000364e+02
6.787400000000000091e+02
6.929400000000000546e+02
7.074400000000000546e+02
7.106699999999999591e+02
7.133400000000000318e+02
7.193000000000000682e+02
7.231699999999999591e+02
7.268700000000000045e+02
7.328200000000000500e+02
7.510500000000000682e+02
7.707699999999999818e+02
7.753100000000000591e+02
7.873500000000000227e+02
7.912400000000000091e+02
7.951200000000000045e+02
8.028400000000000318e+02
8.053300000000000409e+02
8.088000000000000682e+02
8.214300000000000637e+02
8.311900000000000546e+02
8.353000000000000682e+02
8.408400000000000318e+02
8.433500000000000227e+02
8.470700000000000500e+02
8.512799999999999727e+02
8.714700000000000273e+02
8.790800000000000409e+02
8.812400000000000091e+02
8.952000000000000455e+02
9.128999999999999773e+02
9.289500000000000455e+02
9.310399999999999636e+02
9.333300000000000409e+02
9.374099999999999682e+02
9.412699999999999818e+02
9.511200000000000045e+02
9.548400000000000318e+02
9.590700000000000500e+02
9.632300000000000182e+02
9.672300000000000182e+02
9.693200000000000500e+02
9.930199999999999818e+02
9.971399999999999864e+02
6.310000000000000497e+00
1.002999999999999936e+01
1.412000000000000099e+01
2.217999999999999972e+01
2.605000000000000071e+01
2.815000000000000213e+01
5.209000000000000341e+01
6.006000000000000227e+01
7.987000000000000455e+01
9.400000000000000000e+01
1.038400000000000034e+02
1.079399999999999977e+02
1.115499999999999972e+02
1.155900000000000034e+02
1.239099999999999966e+02
1.275400000000000063e+02
1.355200000000000102e+02
1.377599999999999909e+02
1.435999999999999943e+02
1.535399999999999920e+02
1.576800000000000068e+02
1.675800000000000125e+02
1.697299999999999898e+02
1.735900000000000034e+02
1.874000000000000057e+02
1.916899999999999977e+02
2.013799999999999955e+02
2.054600000000000080e+02
2.109300000000000068e+02
2.195000000000000000e+02
2.295300000000000011e+02
2.489600000000000080e+02
2.510900000000000034e+02
2.569499999999999886e+02
2.636800000000000068e+02
2.767200000000000273e+02
2.791700000000000159e+02
2.865799999999999841e+02
3.033199999999999932e+02
3.311800000000000068e+02
3.352400000000000091e+02
3.462699999999999818e+02
3.510300000000000296e+02
3.565199999999999818e+02
3.663700000000000045e+02
3.684700000000000273e+02
3.705799999999999841e+02
3.810799999999999841e+02
3.831700000000000159e+02
3.864600000000000364e+02
3.942100000000000364e+02
3.970000000000000000e+02
4.000900000000000318e+02
4.240600000000000023e+02
4.388700000000000045e+02
4.509900000000000091e+02
4.623600000000000136e+02
4.786299999999999955e+02
4.900400000000000205e+02
4.928199999999999932e+02
4.995400000000000205e+02
5.106000000000000227e+02
5.143700000000000045e+02
5.165199999999999818e+02
5.228700000000000045e+02
5.255700000000000500e+02
5.277200000000000273e+02
5.298300000000000409e+02
5.446000000000000227e+02
5.502899999999999636e+02
5.662699999999999818e+02
5.765000000000000000e+02
5.832200000000000273e+02
5.962000000000000455e+02
6.011399999999999864e+02
6.052699999999999818e+02
6.342799999999999727e+02
6.368400000000000318e+02
6.508700000000000045e+02
6.639800000000000182e+02
7.082400000000000091e+02
7.105099999999999909e+02
7.160299999999999727e+02
7.463300000000000409e+02
7.486000000000000227e+02
7.546299999999999955e+02
7.658200000000000500e+02
7.737899999999999636e+02
7.816900000000000546e+02
7.877699999999999818e+02
7.978600000000000136e+02
8.084800000000000182e+02
8.115800000000000409e+02
8.175199999999999818e+02
8.196399999999999864e+02
8.256399999999999864e+02
8.319700000000000273e+02
8.356499999999999773e+02
8.455600000000000591e+02
8.534900000000000091e+02
8.714400000000000546e+02
8.813700000000000045e+02
8.937400000000000091e+02
9.074099999999999682e+02
9.294200000000000728e+02
9.334200000000000728e+02
9.372000000000000455e+02
9.417000000000000455e+02
9.473200000000000500e+02
9.573600000000000136e+02
9.748700000000000045e+02
9.770500000000000682e+02
9.830900000000000318e+02
9.852900000000000773e+02
9.970900000000000318e+02
8.269999999999999574e+00
1.823000000000000043e+01
4.995000000000000284e+01
5.778000000000000114e+01
7.967000000000000171e+01
1.170799999999999983e+02
1.372500000000000000e+02
1.646700000000000159e+02
1.750300000000000011e+02
2.006200000000000045e+02
2.203499999999999943e+02
2.460500000000000114e+02
2.716499999999999773e+02
2.742699999999999818e+02
2.957500000000000000e+02
2.978600000000000136e+02
3.278199999999999932e+02
3.727400000000000091e+02
3.854700000000000273e+02
4.410400000000000205e+02
4.690099999999999909e+02
4.750699999999999932e+02
5.205499999999999545e+02
5.642699999999999818e+02
6.080600000000000591e+02
6.101699999999999591e+02
6.198100000000000591e+02
6.244300000000000637e+02
6.417400000000000091e+02
6.653400000000000318e+02
6.733999999999999773e+02
7.031200000000000045e+02
7.291000000000000227e+02
7.555500000000000682e+02
8.263500000000000227e+02
8.400900000000000318e+02
8.799500000000000455e+02
8.882500000000000000e+02
8.995900000000000318e+02
9.119600000000000364e+02
9.157899999999999636e+02
9.258000000000000682e+02
9.298100000000000591e+02
9.355900000000000318e+02
5.523400000000000318e+02
6.847799999999999727e+02
