3.050000000000000266e+00
3.370000000000000107e+00
7.259999999999999787e+00
7.259999999999999787e+00
7.370000000000000107e+00
1.106000000000000050e+01
1.138000000000000078e+01
1.157000000000000028e+01
1.521000000000000085e+01
1.530000000000000071e+01
1.554000000000000092e+01
1.558999999999999986e+01
1.592999999999999972e+01
1.912999999999999901e+01
1.953999999999999915e+01
2.312999999999999901e+01
2.385999999999999943e+01
2.710000000000000142e+01
2.716000000000000014e+01
2.730000000000000071e+01
2.762000000000000099e+01
3.103000000000000114e+01
3.119999999999999929e+01
3.131000000000000227e+01
3.518999999999999773e+01
3.543999999999999773e+01
3.549000000000000199e+01
3.918999999999999773e+01
3.921999999999999886e+01
3.953999999999999915e+01
3.996000000000000085e+01
4.331000000000000227e+01
4.338000000000000256e+01
4.357999999999999829e+01
4.385999999999999943e+01
4.734000000000000341e+01
4.742000000000000171e+01
4.748000000000000398e+01
4.770000000000000284e+01
5.100999999999999801e+01
5.105000000000000426e+01
5.110999999999999943e+01
5.139000000000000057e+01
5.492000000000000171e+01
5.537000000000000455e+01
5.541000000000000369e+01
5.909000000000000341e+01
5.927000000000000313e+01
5.932000000000000028e+01
6.346000000000000085e+01
6.359000000000000341e+01
6.382000000000000028e+01
6.696000000000000796e+01
6.712999999999999545e+01
6.796000000000000796e+01
7.100000000000000000e+01
7.112000000000000455e+01
7.146000000000000796e+01
7.459000000000000341e+01
7.476000000000000512e+01
7.529999999999999716e+01
7.573999999999999488e+01
7.579999999999999716e+01
7.862000000000000455e+01
7.921000000000000796e+01
7.932999999999999829e+01
8.003000000000000114e+01
8.271000000000000796e+01
8.296000000000000796e+01
8.337999999999999545e+01
8.392000000000000171e+01
8.701999999999999602e+01
8.723000000000000398e+01
9.064000000000000057e+01
9.106000000000000227e+01
9.162999999999999545e+01
9.196999999999999886e+01
9.490999999999999659e+01
9.509000000000000341e+01
9.576999999999999602e+01
9.598000000000000398e+01
9.901999999999999602e+01
9.982000000000000739e+01
1.024399999999999977e+02
1.030300000000000011e+02
1.035100000000000051e+02
1.066099999999999994e+02
1.072400000000000091e+02
1.072800000000000011e+02
1.082600000000000051e+02
1.105600000000000023e+02
1.113599999999999994e+02
1.113799999999999955e+02
1.144699999999999989e+02
1.149000000000000057e+02
1.149699999999999989e+02
1.184099999999999966e+02
1.184500000000000028e+02
1.190499999999999972e+02
1.198700000000000045e+02
1.225600000000000023e+02
1.228100000000000023e+02
1.234699999999999989e+02
1.266700000000000017e+02
1.272300000000000040e+02
1.278200000000000074e+02
1.279699999999999989e+02
1.308799999999999955e+02
1.313000000000000114e+02
1.318400000000000034e+02
1.344399999999999977e+02
1.349300000000000068e+02
1.354499999999999886e+02
1.361299999999999955e+02
1.381100000000000136e+02
1.381899999999999977e+02
1.396599999999999966e+02
1.396899999999999977e+02
1.428600000000000136e+02
1.429000000000000057e+02
1.433799999999999955e+02
1.463600000000000136e+02
1.468900000000000148e+02
1.474099999999999966e+02
1.498700000000000045e+02
1.504900000000000091e+02
1.509399999999999977e+02
1.513400000000000034e+02
1.522599999999999909e+02
1.548600000000000136e+02
1.556899999999999977e+02
1.585800000000000125e+02
1.588300000000000125e+02
1.598400000000000034e+02
1.603000000000000114e+02
1.620900000000000034e+02
1.631100000000000136e+02
1.637700000000000102e+02
1.647100000000000080e+02
1.659300000000000068e+02
1.663400000000000034e+02
1.667899999999999920e+02
1.674300000000000068e+02
1.685399999999999920e+02
1.705200000000000102e+02
1.705600000000000023e+02
1.717500000000000000e+02
1.725200000000000102e+02
1.731700000000000159e+02
1.741599999999999966e+02
1.749699999999999989e+02
1.760600000000000023e+02
1.761700000000000159e+02
1.782100000000000080e+02
1.790399999999999920e+02
1.795800000000000125e+02
1.805200000000000102e+02
1.822899999999999920e+02
1.830000000000000000e+02
1.834600000000000080e+02
1.867100000000000080e+02
1.870300000000000011e+02
1.876899999999999977e+02
1.885900000000000034e+02
1.903900000000000148e+02
1.910900000000000034e+02
1.928000000000000114e+02
1.943600000000000136e+02
1.954099999999999966e+02
1.964600000000000080e+02
1.988100000000000023e+02
1.999000000000000057e+02
2.007199999999999989e+02
2.026299999999999955e+02
2.039600000000000080e+02
2.060399999999999920e+02
2.070099999999999909e+02
2.075099999999999909e+02
2.088300000000000125e+02
2.105600000000000023e+02
2.107199999999999989e+02
2.119800000000000182e+02
2.145300000000000011e+02
2.145500000000000114e+02
2.154800000000000182e+02
2.165800000000000125e+02
2.179399999999999977e+02
2.186299999999999955e+02
2.194800000000000182e+02
2.206800000000000068e+02
2.220300000000000011e+02
2.234300000000000068e+02
2.257599999999999909e+02
2.267500000000000000e+02
2.280000000000000000e+02
2.289300000000000068e+02
2.303499999999999943e+02
2.309300000000000068e+02
2.320200000000000102e+02
2.330099999999999909e+02
2.340099999999999909e+02
2.357700000000000102e+02
2.385300000000000011e+02
2.389500000000000171e+02
2.396500000000000057e+02
2.408499999999999943e+02
2.419500000000000171e+02
2.429200000000000159e+02
2.440300000000000011e+02
2.453100000000000023e+02
2.466599999999999966e+02
2.489200000000000159e+02
2.501100000000000136e+02
2.508799999999999955e+02
2.535300000000000011e+02
2.546299999999999955e+02
2.581899999999999977e+02
2.587699999999999818e+02
2.598799999999999955e+02
2.619200000000000159e+02
2.625300000000000296e+02
2.638199999999999932e+02
2.650900000000000318e+02
2.659100000000000250e+02
2.668199999999999932e+02
2.679900000000000091e+02
2.690500000000000114e+02
2.700199999999999818e+02
2.716700000000000159e+02
2.734300000000000068e+02
2.746999999999999886e+02
2.758100000000000023e+02
2.782099999999999795e+02
2.784300000000000068e+02
2.796200000000000045e+02
2.815600000000000023e+02
2.837099999999999795e+02
2.850099999999999909e+02
2.855699999999999932e+02
2.869399999999999977e+02
2.875900000000000318e+02
2.889800000000000182e+02
2.912099999999999795e+02
2.917300000000000182e+02
2.938799999999999955e+02
2.945500000000000114e+02
2.956999999999999886e+02
2.969599999999999795e+02
2.974800000000000182e+02
2.987400000000000091e+02
3.028799999999999955e+02
3.039499999999999886e+02
3.053700000000000045e+02
3.077300000000000182e+02
3.094499999999999886e+02
3.096200000000000045e+02
3.106600000000000250e+02
3.117699999999999818e+02
3.133400000000000318e+02
3.136200000000000045e+02
3.143899999999999864e+02
3.156999999999999886e+02
3.170300000000000296e+02
3.174399999999999977e+02
3.187500000000000000e+02
3.199599999999999795e+02
3.214599999999999795e+02
3.224499999999999886e+02
3.241200000000000045e+02
3.257300000000000182e+02
3.267500000000000000e+02
3.293400000000000318e+02
3.294200000000000159e+02
3.303700000000000045e+02
3.323500000000000227e+02
3.331500000000000341e+02
3.347300000000000182e+02
3.384200000000000159e+02
3.413500000000000227e+02
3.425400000000000205e+02
3.478000000000000114e+02
3.496200000000000045e+02
3.521100000000000136e+02
3.546500000000000341e+02
3.566800000000000068e+02
3.568899999999999864e+02
3.585900000000000318e+02
3.597900000000000205e+02
3.626200000000000045e+02
3.642800000000000296e+02
3.650400000000000205e+02
3.664499999999999886e+02
3.676100000000000136e+02
3.691500000000000341e+02
3.696800000000000068e+02
3.702400000000000091e+02
3.721600000000000250e+02
3.733199999999999932e+02
3.744200000000000159e+02
3.761999999999999886e+02
3.773500000000000227e+02
3.776000000000000227e+02
3.782300000000000182e+02
3.800199999999999818e+02
3.812800000000000296e+02
3.851500000000000341e+02
3.870099999999999909e+02
3.885000000000000000e+02
3.905000000000000000e+02
3.921000000000000227e+02
3.931200000000000045e+02
3.942800000000000296e+02
3.963299999999999841e+02
3.975099999999999909e+02
3.987100000000000364e+02
3.995600000000000023e+02
3.998400000000000318e+02
4.008600000000000136e+02
4.021100000000000136e+02
4.041200000000000045e+02
4.066399999999999864e+02
4.092699999999999818e+02
4.103000000000000114e+02
4.121600000000000250e+02
4.134600000000000364e+02
4.136200000000000045e+02
4.158899999999999864e+02
4.183899999999999864e+02
4.202400000000000091e+02
4.205600000000000023e+02
4.240000000000000000e+02
4.260600000000000023e+02
4.266500000000000341e+02
4.284000000000000341e+02
4.303000000000000114e+02
4.315500000000000114e+02
4.340400000000000205e+02
4.345500000000000114e+02
4.385799999999999841e+02
4.396700000000000159e+02
4.430099999999999909e+02
4.440000000000000000e+02
4.455300000000000296e+02
4.457900000000000205e+02
4.463600000000000136e+02
4.491200000000000045e+02
4.500799999999999841e+02
4.521000000000000227e+02
4.525900000000000318e+02
4.538299999999999841e+02
4.547500000000000000e+02
4.559700000000000273e+02
4.580799999999999841e+02
4.605300000000000296e+02
4.609800000000000182e+02
4.641200000000000045e+02
4.645799999999999841e+02
4.661700000000000159e+02
4.682400000000000091e+02
4.687599999999999909e+02
4.698199999999999932e+02
4.743000000000000114e+02
4.770699999999999932e+02
4.779200000000000159e+02
4.782599999999999909e+02
4.803100000000000023e+02
4.808400000000000318e+02
4.825500000000000114e+02
4.841200000000000045e+02
4.860900000000000318e+02
4.881899999999999977e+02
4.881999999999999886e+02
4.901500000000000341e+02
4.924600000000000364e+02
4.929900000000000091e+02
4.944800000000000182e+02
4.960500000000000114e+02
4.979700000000000273e+02
4.997599999999999909e+02
5.025799999999999841e+02
5.060900000000000318e+02
5.071299999999999955e+02
5.083500000000000227e+02
5.083700000000000045e+02
5.102599999999999909e+02
5.140299999999999727e+02
5.162300000000000182e+02
5.162799999999999727e+02
5.182599999999999909e+02
5.199900000000000091e+02
5.222400000000000091e+02
5.262699999999999818e+02
5.324800000000000182e+02
5.343400000000000318e+02
5.369700000000000273e+02
5.381900000000000546e+02
5.381900000000000546e+02
5.392899999999999636e+02
5.400299999999999727e+02
5.421000000000000227e+02
5.442300000000000182e+02
5.443200000000000500e+02
5.459900000000000091e+02
5.486900000000000546e+02
5.499700000000000273e+02
5.522200000000000273e+02
5.528200000000000500e+02
5.563899999999999864e+02
5.575500000000000682e+02
5.621000000000000227e+02
5.642799999999999727e+02
5.660900000000000318e+02
5.701399999999999864e+02
5.720600000000000591e+02
5.725099999999999909e+02
5.768400000000000318e+02
5.786499999999999773e+02
5.802300000000000182e+02
5.803300000000000409e+02
5.820700000000000500e+02
5.821200000000000045e+02
5.838799999999999955e+02
5.893500000000000227e+02
5.920099999999999909e+02
5.926100000000000136e+02
5.947500000000000000e+02
5.956900000000000546e+02
5.959800000000000182e+02
5.975900000000000318e+02
5.997000000000000455e+02
6.040299999999999727e+02
6.040900000000000318e+02
6.058899999999999864e+02
6.080800000000000409e+02
6.126900000000000546e+02
6.155600000000000591e+02
6.163899999999999864e+02
6.186900000000000546e+02
6.197899999999999636e+02
6.213500000000000227e+02
6.217200000000000273e+02
6.232699999999999818e+02
6.241399999999999864e+02
6.322000000000000455e+02
6.342899999999999636e+02
6.353700000000000045e+02
6.365800000000000409e+02
6.383799999999999955e+02
6.397400000000000091e+02
6.407200000000000273e+02
6.465500000000000682e+02
6.497400000000000091e+02
6.542599999999999909e+02
6.555099999999999909e+02
6.560000000000000000e+02
6.575600000000000591e+02
6.625700000000000500e+02
6.649900000000000091e+02
6.673600000000000136e+02
6.678400000000000318e+02
6.714800000000000182e+02
6.725800000000000409e+02
6.734400000000000546e+02
6.768400000000000318e+02
6.770900000000000318e+02
6.814400000000000546e+02
6.816499999999999773e+02
6.845099999999999909e+02
6.858100000000000591e+02
6.880900000000000318e+02
6.902799999999999727e+02
6.936100000000000136e+02
6.962500000000000000e+02
6.972200000000000273e+02
7.011900000000000546e+02
7.036900000000000546e+02
7.066499999999999773e+02
7.079400000000000546e+02
7.088600000000000136e+02
7.105399999999999636e+02
7.122799999999999727e+02
7.132400000000000091e+02
7.165299999999999727e+02
7.180700000000000500e+02
7.197200000000000273e+02
7.203899999999999864e+02
7.215900000000000318e+02
7.251800000000000637e+02
7.275199999999999818e+02
7.342200000000000273e+02
7.354800000000000182e+02
7.363200000000000500e+02
7.451299999999999955e+02
7.500900000000000318e+02
7.546900000000000546e+02
7.586599999999999682e+02
7.601000000000000227e+02
7.635500000000000682e+02
7.643700000000000045e+02
7.693000000000000682e+02
7.704400000000000546e+02
7.720000000000000000e+02
7.733200000000000500e+02
7.770700000000000500e+02
7.803200000000000500e+02
7.823899999999999864e+02
7.843500000000000227e+02
7.865500000000000682e+02
7.874300000000000637e+02
7.894099999999999682e+02
7.902400000000000091e+02
7.932000000000000455e+02
7.941100000000000136e+02
7.983899999999999864e+02
7.992100000000000364e+02
8.022799999999999727e+02
8.066000000000000227e+02
8.093100000000000591e+02
8.110900000000000318e+02
8.200600000000000591e+02
8.273899999999999864e+02
8.300800000000000409e+02
8.329200000000000728e+02
8.365199999999999818e+02
8.419600000000000364e+02
8.470099999999999909e+02
8.506299999999999955e+02
8.544099999999999682e+02
8.554300000000000637e+02
8.621299999999999955e+02
8.654900000000000091e+02
8.668000000000000682e+02
8.681599999999999682e+02
8.684600000000000364e+02
8.694400000000000546e+02
8.770399999999999636e+02
8.842400000000000091e+02
8.848899999999999864e+02
8.869600000000000364e+02
8.901000000000000227e+02
8.927000000000000455e+02
8.949800000000000182e+02
8.964800000000000182e+02
8.983799999999999955e+02
9.064200000000000728e+02
9.123600000000000136e+02
9.163500000000000227e+02
9.185399999999999636e+02
9.220600000000000591e+02
9.281100000000000136e+02
9.322000000000000455e+02
9.417200000000000273e+02
9.464200000000000728e+02
9.500700000000000500e+02
9.525299999999999727e+02
9.583300000000000409e+02
9.642699999999999818e+02
9.662200000000000273e+02
9.744500000000000455e+02
9.802500000000000000e+02
9.820900000000000318e+02
9.861100000000000136e+02
9.901299999999999955e+02
9.906700000000000728e+02
9.941800000000000637e+02
9.943000000000000682e+02
9.982400000000000091e+02
9.983400000000000318e+02
