4.419999999999999929e+00
5.310000000000000497e+00
5.610000000000000320e+00
5.969999999999999751e+00
6.200000000000000178e+00
6.469999999999999751e+00
6.549999999999999822e+00
6.560000000000000497e+00
6.870000000000000107e+00
6.900000000000000355e+00
7.200000000000000178e+00
7.860000000000000320e+00
7.879999999999999893e+00
8.470000000000000639e+00
8.540000000000000924e+00
8.759999999999999787e+00
9.050000000000000711e+00
9.099999999999999645e+00
9.310000000000000497e+00
9.700000000000001066e+00
1.016000000000000014e+01
1.049000000000000021e+01
1.060999999999999943e+01
1.064000000000000057e+01
1.073000000000000043e+01
1.108999999999999986e+01
1.116000000000000014e+01
1.133999999999999986e+01
1.177999999999999936e+01
1.221000000000000085e+01
1.232000000000000028e+01
1.233000000000000007e+01
1.267999999999999972e+01
1.268999999999999950e+01
1.275000000000000000e+01
1.310999999999999943e+01
1.317999999999999972e+01
1.331000000000000050e+01
1.343999999999999950e+01
1.370000000000000107e+01
1.451999999999999957e+01
1.475999999999999979e+01
1.482000000000000028e+01
1.492999999999999972e+01
1.521000000000000085e+01
1.555000000000000071e+01
1.562000000000000099e+01
1.614999999999999858e+01
1.617999999999999972e+01
1.619999999999999929e+01
1.621999999999999886e+01
1.653999999999999915e+01
1.680999999999999872e+01
1.683999999999999986e+01
1.694999999999999929e+01
1.712999999999999901e+01
1.767000000000000171e+01
1.790000000000000213e+01
1.792000000000000171e+01
1.810000000000000142e+01
1.826000000000000156e+01
1.866000000000000014e+01
1.882000000000000028e+01
1.912000000000000099e+01
1.916000000000000014e+01
1.987999999999999901e+01
2.000000000000000000e+01
2.028999999999999915e+01
2.037000000000000099e+01
2.078999999999999915e+01
2.096999999999999886e+01
2.169000000000000128e+01
2.192999999999999972e+01
2.251000000000000156e+01
2.283000000000000185e+01
2.287999999999999901e+01
2.317999999999999972e+01
2.401000000000000156e+01
2.551999999999999957e+01
5.446000000000000085e+01
5.549000000000000199e+01
5.609000000000000341e+01
5.760999999999999943e+01
5.777000000000000313e+01
5.830000000000000426e+01
5.864999999999999858e+01
5.884000000000000341e+01
5.924000000000000199e+01
5.925000000000000000e+01
5.928000000000000114e+01
5.967999999999999972e+01
5.980000000000000426e+01
6.000000000000000000e+01
6.013000000000000256e+01
6.077000000000000313e+01
6.085999999999999943e+01
6.087000000000000455e+01
6.139000000000000057e+01
6.143999999999999773e+01
6.185999999999999943e+01
6.216000000000000369e+01
6.228999999999999915e+01
6.275000000000000000e+01
6.287000000000000455e+01
6.303999999999999915e+01
6.309000000000000341e+01
6.310000000000000142e+01
6.381000000000000227e+01
6.385000000000000142e+01
6.396000000000000085e+01
6.403000000000000114e+01
6.404000000000000625e+01
6.409000000000000341e+01
6.454999999999999716e+01
6.471000000000000796e+01
6.485999999999999943e+01
6.487999999999999545e+01
6.596999999999999886e+01
6.617000000000000171e+01
6.618999999999999773e+01
6.632000000000000739e+01
6.643999999999999773e+01
6.646000000000000796e+01
6.668999999999999773e+01
6.682000000000000739e+01
6.689000000000000057e+01
6.693000000000000682e+01
6.695000000000000284e+01
6.731000000000000227e+01
6.825000000000000000e+01
6.871000000000000796e+01
6.884000000000000341e+01
6.887999999999999545e+01
6.898000000000000398e+01
6.901999999999999602e+01
6.907000000000000739e+01
6.915999999999999659e+01
6.934000000000000341e+01
6.960999999999999943e+01
7.032999999999999829e+01
7.093000000000000682e+01
7.093999999999999773e+01
7.110999999999999943e+01
7.121999999999999886e+01
7.132000000000000739e+01
7.200000000000000000e+01
7.210999999999999943e+01
7.301999999999999602e+01
7.326000000000000512e+01
7.382999999999999829e+01
1.051000000000000085e+02
1.075300000000000011e+02
1.080499999999999972e+02
1.081700000000000017e+02
1.082000000000000028e+02
1.084600000000000080e+02
1.084600000000000080e+02
1.088299999999999983e+02
1.090300000000000011e+02
1.105900000000000034e+02
1.106899999999999977e+02
1.108100000000000023e+02
1.108900000000000006e+02
1.109300000000000068e+02
1.110000000000000000e+02
1.111000000000000085e+02
1.118500000000000085e+02
1.120400000000000063e+02
1.129399999999999977e+02
1.129699999999999989e+02
1.130400000000000063e+02
1.133100000000000023e+02
1.135900000000000034e+02
1.135900000000000034e+02
1.137000000000000028e+02
1.139600000000000080e+02
1.141000000000000085e+02
1.145400000000000063e+02
1.146500000000000057e+02
1.150600000000000023e+02
1.151200000000000045e+02
1.151299999999999955e+02
1.152800000000000011e+02
1.153400000000000034e+02
1.155600000000000023e+02
1.156099999999999994e+02
1.157400000000000091e+02
1.167199999999999989e+02
1.168700000000000045e+02
1.169800000000000040e+02
1.171599999999999966e+02
1.173599999999999994e+02
1.173900000000000006e+02
1.176599999999999966e+02
1.177800000000000011e+02
1.182999999999999972e+02
1.190100000000000051e+02
1.190300000000000011e+02
1.193200000000000074e+02
1.195100000000000051e+02
1.195300000000000011e+02
1.195600000000000023e+02
1.195900000000000034e+02
1.197000000000000028e+02
1.198299999999999983e+02
1.202500000000000000e+02
1.205000000000000000e+02
1.214399999999999977e+02
1.216400000000000006e+02
1.227300000000000040e+02
1.229699999999999989e+02
1.553300000000000125e+02
1.554900000000000091e+02
1.555800000000000125e+02
1.558400000000000034e+02
1.568400000000000034e+02
1.575200000000000102e+02
1.575300000000000011e+02
1.580999999999999943e+02
1.581599999999999966e+02
1.584099999999999966e+02
1.593900000000000148e+02
1.595500000000000114e+02
1.595999999999999943e+02
1.599000000000000057e+02
1.601299999999999955e+02
1.601599999999999966e+02
1.603700000000000045e+02
1.605500000000000114e+02
1.605800000000000125e+02
1.606100000000000136e+02
1.606599999999999966e+02
1.607700000000000102e+02
1.608400000000000034e+02
1.611800000000000068e+02
1.611899999999999977e+02
1.621200000000000045e+02
1.624600000000000080e+02
1.626100000000000136e+02
1.626299999999999955e+02
1.626599999999999966e+02
1.627700000000000102e+02
1.632100000000000080e+02
1.635500000000000114e+02
1.636500000000000057e+02
1.636800000000000068e+02
1.640500000000000114e+02
1.641599999999999966e+02
1.642000000000000171e+02
1.646400000000000148e+02
1.647800000000000011e+02
1.647899999999999920e+02
1.648900000000000148e+02
1.653199999999999932e+02
1.655999999999999943e+02
1.658000000000000114e+02
1.662199999999999989e+02
1.663300000000000125e+02
1.663799999999999955e+02
1.666500000000000057e+02
1.666899999999999977e+02
1.668600000000000136e+02
1.668799999999999955e+02
1.669300000000000068e+02
1.671700000000000159e+02
1.672199999999999989e+02
1.680900000000000034e+02
1.682700000000000102e+02
1.685999999999999943e+02
1.689600000000000080e+02
1.700699999999999932e+02
1.703499999999999943e+02
1.704900000000000091e+02
1.705099999999999909e+02
1.706400000000000148e+02
1.707500000000000000e+02
1.712400000000000091e+02
1.732700000000000102e+02
1.746200000000000045e+02
2.034900000000000091e+02
2.037300000000000182e+02
2.045999999999999943e+02
2.049000000000000057e+02
2.061500000000000057e+02
2.064900000000000091e+02
2.070600000000000023e+02
2.071800000000000068e+02
2.074699999999999989e+02
2.076100000000000136e+02
2.081899999999999977e+02
2.082700000000000102e+02
2.084399999999999977e+02
2.085200000000000102e+02
2.089000000000000057e+02
2.089200000000000159e+02
2.091400000000000148e+02
2.092000000000000171e+02
2.094200000000000159e+02
2.095099999999999909e+02
2.096599999999999966e+02
2.098100000000000023e+02
2.098799999999999955e+02
2.099500000000000171e+02
2.107400000000000091e+02
2.108000000000000114e+02
2.115200000000000102e+02
2.115399999999999920e+02
2.115399999999999920e+02
2.115800000000000125e+02
2.117400000000000091e+02
2.117800000000000011e+02
2.120099999999999909e+02
2.123799999999999955e+02
2.125000000000000000e+02
2.125200000000000102e+02
2.127700000000000102e+02
2.130099999999999909e+02
2.135500000000000114e+02
2.135699999999999932e+02
2.135900000000000034e+02
2.138600000000000136e+02
2.141899999999999977e+02
2.145200000000000102e+02
2.149200000000000159e+02
2.150000000000000000e+02
2.150500000000000114e+02
2.153300000000000125e+02
2.154099999999999966e+02
2.156599999999999966e+02
2.158700000000000045e+02
2.158700000000000045e+02
2.160200000000000102e+02
2.164900000000000091e+02
2.166400000000000148e+02
2.167500000000000000e+02
2.169800000000000182e+02
2.171299999999999955e+02
2.173499999999999943e+02
2.177000000000000171e+02
2.177400000000000091e+02
2.180699999999999932e+02
2.180999999999999943e+02
2.180999999999999943e+02
2.181400000000000148e+02
2.183499999999999943e+02
2.185300000000000011e+02
2.190000000000000000e+02
2.205099999999999909e+02
2.205300000000000011e+02
2.205900000000000034e+02
2.214000000000000057e+02
2.214600000000000080e+02
2.215300000000000011e+02
2.222599999999999909e+02
2.230300000000000011e+02
2.230999999999999943e+02
2.546500000000000057e+02
2.549500000000000171e+02
2.551400000000000148e+02
2.555399999999999920e+02
2.557899999999999920e+02
2.562200000000000273e+02
2.566100000000000136e+02
2.566899999999999977e+02
2.571600000000000250e+02
2.574399999999999977e+02
2.575500000000000114e+02
2.580300000000000296e+02
2.581299999999999955e+02
2.583600000000000136e+02
2.585400000000000205e+02
2.586299999999999955e+02
2.591899999999999977e+02
2.592400000000000091e+02
2.594399999999999977e+02
2.596999999999999886e+02
2.598700000000000045e+02
2.605600000000000023e+02
2.608999999999999773e+02
2.609900000000000091e+02
2.611399999999999864e+02
2.612599999999999909e+02
2.613500000000000227e+02
2.618299999999999841e+02
2.620099999999999909e+02
2.622900000000000205e+02
2.623299999999999841e+02
2.630199999999999818e+02
2.630199999999999818e+02
2.631999999999999886e+02
2.633100000000000023e+02
2.633799999999999955e+02
2.634200000000000159e+02
2.639399999999999977e+02
2.640600000000000023e+02
2.643299999999999841e+02
2.643299999999999841e+02
2.646800000000000068e+02
2.647200000000000273e+02
2.650199999999999818e+02
2.652300000000000182e+02
2.652300000000000182e+02
2.653400000000000318e+02
2.654100000000000250e+02
2.657300000000000182e+02
2.657699999999999818e+02
2.658000000000000114e+02
2.674399999999999977e+02
2.674900000000000091e+02
2.675400000000000205e+02
2.678500000000000227e+02
2.681700000000000159e+02
2.683000000000000114e+02
2.685500000000000114e+02
2.687099999999999795e+02
2.689700000000000273e+02
2.697099999999999795e+02
2.700400000000000205e+02
2.703400000000000318e+02
2.707400000000000091e+02
2.717300000000000182e+02
2.719100000000000250e+02
2.729300000000000068e+02
2.748000000000000114e+02
3.048500000000000227e+02
3.048799999999999955e+02
3.054100000000000250e+02
3.058500000000000227e+02
3.062800000000000296e+02
3.063299999999999841e+02
3.066200000000000045e+02
3.070900000000000318e+02
3.074499999999999886e+02
3.076200000000000045e+02
3.077699999999999818e+02
3.078299999999999841e+02
3.078600000000000136e+02
3.079700000000000273e+02
3.084800000000000182e+02
3.085199999999999818e+02
3.088799999999999955e+02
3.090900000000000318e+02
3.091000000000000227e+02
3.091899999999999977e+02
3.092300000000000182e+02
3.094599999999999795e+02
3.095600000000000023e+02
3.095900000000000318e+02
3.098500000000000227e+02
3.100199999999999818e+02
3.100500000000000114e+02
3.101600000000000250e+02
3.108100000000000023e+02
3.111999999999999886e+02
3.116399999999999864e+02
3.119100000000000250e+02
3.120099999999999909e+02
3.120799999999999841e+02
3.122699999999999818e+02
3.127699999999999818e+02
3.132300000000000182e+02
3.136100000000000136e+02
3.136700000000000159e+02
3.141299999999999955e+02
3.146299999999999955e+02
3.149900000000000091e+02
3.151700000000000159e+02
3.152599999999999909e+02
3.153000000000000114e+02
3.154700000000000273e+02
3.157900000000000205e+02
3.158899999999999864e+02
3.160000000000000000e+02
3.161800000000000068e+02
3.161899999999999977e+02
3.163100000000000023e+02
3.165600000000000023e+02
3.166999999999999886e+02
3.175300000000000296e+02
3.178199999999999932e+02
3.179300000000000068e+02
3.181600000000000250e+02
3.184100000000000250e+02
3.186000000000000227e+02
3.187599999999999909e+02
3.191500000000000341e+02
3.192099999999999795e+02
3.206800000000000068e+02
3.210500000000000114e+02
3.212900000000000205e+02
3.225400000000000205e+02
3.233299999999999841e+02
3.234599999999999795e+02
3.243899999999999864e+02
3.517300000000000182e+02
3.525199999999999818e+02
3.539499999999999886e+02
3.548000000000000114e+02
3.552699999999999818e+02
3.564399999999999977e+02
3.574399999999999977e+02
3.576200000000000045e+02
3.576999999999999886e+02
3.587099999999999795e+02
3.587300000000000182e+02
3.593000000000000114e+02
3.595600000000000023e+02
3.595900000000000318e+02
3.596000000000000227e+02
3.598000000000000114e+02
3.601000000000000227e+02
3.601100000000000136e+02
3.604300000000000068e+02
3.608700000000000045e+02
3.611200000000000045e+02
3.612200000000000273e+02
3.620600000000000023e+02
3.621999999999999886e+02
3.624499999999999886e+02
3.628500000000000227e+02
3.628799999999999955e+02
3.628899999999999864e+02
3.634599999999999795e+02
3.635300000000000296e+02
3.635699999999999932e+02
3.635799999999999841e+02
3.636100000000000136e+02
3.640799999999999841e+02
3.642200000000000273e+02
3.644300000000000068e+02
3.651700000000000159e+02
3.653100000000000023e+02
3.656100000000000136e+02
3.656500000000000341e+02
3.656999999999999886e+02
3.658199999999999932e+02
3.658299999999999841e+02
3.661100000000000136e+02
3.663899999999999864e+02
3.663899999999999864e+02
3.670000000000000000e+02
3.672300000000000182e+02
3.676800000000000068e+02
3.677300000000000182e+02
3.678199999999999932e+02
3.678600000000000136e+02
3.690900000000000318e+02
3.694499999999999886e+02
3.695000000000000000e+02
3.697200000000000273e+02
3.697599999999999909e+02
3.702500000000000000e+02
3.709499999999999886e+02
3.716500000000000341e+02
3.717200000000000273e+02
3.717599999999999909e+02
3.717900000000000205e+02
4.045199999999999818e+02
4.046899999999999977e+02
4.048799999999999955e+02
4.052500000000000000e+02
4.053000000000000114e+02
4.056600000000000250e+02
4.058100000000000023e+02
4.058400000000000318e+02
4.061500000000000341e+02
4.063299999999999841e+02
4.069300000000000068e+02
4.069900000000000091e+02
4.079000000000000341e+02
4.082400000000000091e+02
4.086399999999999864e+02
4.089499999999999886e+02
4.090600000000000023e+02
4.090799999999999841e+02
4.092300000000000182e+02
4.093100000000000023e+02
4.095000000000000000e+02
4.095900000000000318e+02
4.100099999999999909e+02
4.100099999999999909e+02
4.102900000000000205e+02
4.104100000000000250e+02
4.105799999999999841e+02
4.108000000000000114e+02
4.113000000000000114e+02
4.113899999999999864e+02
4.115000000000000000e+02
4.119000000000000341e+02
4.120600000000000023e+02
4.122599999999999909e+02
4.125000000000000000e+02
4.128600000000000136e+02
4.129000000000000341e+02
4.134300000000000068e+02
4.135900000000000318e+02
4.136399999999999864e+02
4.137400000000000091e+02
4.139399999999999977e+02
4.140799999999999841e+02
4.141000000000000227e+02
4.142500000000000000e+02
4.143199999999999932e+02
4.143299999999999841e+02
4.156299999999999955e+02
4.159700000000000273e+02
4.161500000000000341e+02
4.163500000000000227e+02
4.164900000000000091e+02
4.165600000000000023e+02
4.172699999999999818e+02
4.177200000000000273e+02
4.177500000000000000e+02
4.180000000000000000e+02
4.181000000000000227e+02
4.182200000000000273e+02
4.189900000000000091e+02
4.194300000000000068e+02
4.202100000000000364e+02
4.202300000000000182e+02
4.205099999999999909e+02
4.205699999999999932e+02
4.227400000000000091e+02
4.244000000000000341e+02
4.525400000000000205e+02
4.531500000000000341e+02
4.539600000000000364e+02
4.541299999999999955e+02
4.544000000000000341e+02
4.546399999999999864e+02
4.548700000000000045e+02
4.549499999999999886e+02
4.553199999999999932e+02
4.566000000000000227e+02
4.570000000000000000e+02
4.571600000000000250e+02
4.574200000000000159e+02
4.574700000000000273e+02
4.578500000000000227e+02
4.582800000000000296e+02
4.586000000000000227e+02
4.587500000000000000e+02
4.591999999999999886e+02
4.592200000000000273e+02
4.592500000000000000e+02
4.594300000000000068e+02
4.599600000000000364e+02
4.600099999999999909e+02
4.600600000000000023e+02
4.603199999999999932e+02
4.603799999999999955e+02
4.608199999999999932e+02
4.610000000000000000e+02
4.613799999999999955e+02
4.614399999999999977e+02
4.615000000000000000e+02
4.615600000000000023e+02
4.618700000000000045e+02
4.620300000000000296e+02
4.621399999999999864e+02
4.623000000000000114e+02
4.624100000000000250e+02
4.626500000000000341e+02
4.628500000000000227e+02
4.628600000000000136e+02
4.628899999999999864e+02
4.632599999999999909e+02
4.634800000000000182e+02
4.639100000000000250e+02
4.640500000000000114e+02
4.642500000000000000e+02
4.645199999999999818e+02
4.649600000000000364e+02
4.653899999999999864e+02
4.654499999999999886e+02
4.657699999999999818e+02
4.657900000000000205e+02
4.658799999999999955e+02
4.660799999999999841e+02
4.664100000000000250e+02
4.665900000000000318e+02
4.677599999999999909e+02
4.678100000000000023e+02
4.679399999999999977e+02
4.680400000000000205e+02
4.685099999999999909e+02
4.685699999999999932e+02
4.688899999999999864e+02
4.695400000000000205e+02
4.698400000000000318e+02
4.699800000000000182e+02
4.699800000000000182e+02
4.701600000000000250e+02
4.716000000000000227e+02
4.726800000000000068e+02
4.728500000000000227e+02
4.745099999999999909e+02
5.008899999999999864e+02
5.012599999999999909e+02
5.028500000000000227e+02
5.037500000000000000e+02
5.043199999999999932e+02
5.043799999999999955e+02
5.059700000000000273e+02
5.060799999999999841e+02
5.060900000000000318e+02
5.062599999999999909e+02
5.065200000000000387e+02
5.067700000000000387e+02
5.069200000000000159e+02
5.070699999999999932e+02
5.075600000000000023e+02
5.076399999999999864e+02
5.077800000000000296e+02
5.085600000000000023e+02
5.088100000000000023e+02
5.089900000000000091e+02
5.092100000000000364e+02
5.093400000000000318e+02
5.098000000000000114e+02
5.098899999999999864e+02
5.099200000000000159e+02
5.100200000000000387e+02
5.106700000000000159e+02
5.108000000000000114e+02
5.111299999999999955e+02
5.113600000000000136e+02
5.115300000000000296e+02
5.119000000000000341e+02
5.119499999999999886e+02
5.120600000000000591e+02
5.122200000000000273e+02
5.123100000000000591e+02
5.123899999999999864e+02
5.127400000000000091e+02
5.132400000000000091e+02
5.132400000000000091e+02
5.135700000000000500e+02
5.137599999999999909e+02
5.139700000000000273e+02
5.139900000000000091e+02
5.140099999999999909e+02
5.140800000000000409e+02
5.145900000000000318e+02
5.147400000000000091e+02
5.153100000000000591e+02
5.153999999999999773e+02
5.154300000000000637e+02
5.156000000000000227e+02
5.159400000000000546e+02
5.159800000000000182e+02
5.166800000000000637e+02
5.168799999999999955e+02
5.176100000000000136e+02
5.179400000000000546e+02
5.179700000000000273e+02
5.180000000000000000e+02
5.182799999999999727e+02
5.185700000000000500e+02
5.189099999999999682e+02
5.197400000000000091e+02
5.198300000000000409e+02
5.199700000000000273e+02
5.204099999999999682e+02
5.207400000000000091e+02
5.207599999999999909e+02
5.211100000000000136e+02
5.222599999999999909e+02
5.242200000000000273e+02
5.532899999999999636e+02
5.533899999999999864e+02
5.541299999999999955e+02
5.544500000000000455e+02
5.549199999999999591e+02
5.551399999999999864e+02
5.552500000000000000e+02
5.554800000000000182e+02
5.554900000000000091e+02
5.555900000000000318e+02
5.556299999999999955e+02
5.560399999999999636e+02
5.560600000000000591e+02
5.562000000000000455e+02
5.563400000000000318e+02
5.564700000000000273e+02
5.572300000000000182e+02
5.577799999999999727e+02
5.578000000000000682e+02
5.582100000000000364e+02
5.587300000000000182e+02
5.588600000000000136e+02
5.592699999999999818e+02
5.593000000000000682e+02
5.594199999999999591e+02
5.594700000000000273e+02
5.595500000000000682e+02
5.598200000000000500e+02
5.608799999999999955e+02
5.610700000000000500e+02
5.611100000000000136e+02
5.613000000000000682e+02
5.613000000000000682e+02
5.613500000000000227e+02
5.614900000000000091e+02
5.616200000000000045e+02
5.618100000000000591e+02
5.618899999999999864e+02
5.633500000000000227e+02
5.635299999999999727e+02
5.636000000000000227e+02
5.636800000000000637e+02
5.640000000000000000e+02
5.641200000000000045e+02
5.641200000000000045e+02
5.643799999999999955e+02
5.647000000000000455e+02
5.647300000000000182e+02
5.653799999999999955e+02
5.658799999999999955e+02
5.663300000000000409e+02
5.664199999999999591e+02
5.664400000000000546e+02
5.664900000000000091e+02
5.667100000000000364e+02
5.667400000000000091e+02
5.671599999999999682e+02
5.672899999999999636e+02
5.674800000000000182e+02
5.678600000000000136e+02
5.684500000000000455e+02
5.685900000000000318e+02
5.688500000000000227e+02
5.693100000000000591e+02
5.693300000000000409e+02
5.704800000000000182e+02
5.708600000000000136e+02
5.709700000000000273e+02
5.720399999999999636e+02
5.720399999999999636e+02
5.732599999999999909e+02
5.754099999999999682e+02
6.014700000000000273e+02
6.025700000000000500e+02
6.040900000000000318e+02
6.043300000000000409e+02
6.048000000000000682e+02
6.049300000000000637e+02
6.050000000000000000e+02
6.052000000000000455e+02
6.056599999999999682e+02
6.062300000000000182e+02
6.062899999999999636e+02
6.063100000000000591e+02
6.065099999999999909e+02
6.071499999999999773e+02
6.073100000000000591e+02
6.077699999999999818e+02
6.077899999999999636e+02
6.080800000000000409e+02
6.086499999999999773e+02
6.087100000000000364e+02
6.087599999999999909e+02
6.092300000000000182e+02
6.095000000000000000e+02
6.098200000000000500e+02
6.099199999999999591e+02
6.101900000000000546e+02
6.104400000000000546e+02
6.104500000000000455e+02
6.109900000000000091e+02
6.118500000000000227e+02
6.119700000000000273e+02
6.122100000000000364e+02
6.122500000000000000e+02
6.122699999999999818e+02
6.125000000000000000e+02
6.126499999999999773e+02
6.128000000000000682e+02
6.131299999999999955e+02
6.135800000000000409e+02
6.139600000000000364e+02
6.140199999999999818e+02
6.143100000000000591e+02
6.143600000000000136e+02
6.144300000000000637e+02
6.145800000000000409e+02
6.151100000000000136e+02
6.151900000000000546e+02
6.154199999999999591e+02
6.154600000000000364e+02
6.156499999999999773e+02
6.162200000000000273e+02
6.163500000000000227e+02
6.165399999999999636e+02
6.166000000000000227e+02
6.169800000000000182e+02
6.171299999999999955e+02
6.176800000000000637e+02
6.177799999999999727e+02
6.181699999999999591e+02
6.185399999999999636e+02
6.185800000000000409e+02
6.190399999999999636e+02
6.196200000000000045e+02
6.200000000000000000e+02
6.202000000000000455e+02
6.205000000000000000e+02
6.215399999999999636e+02
6.219099999999999682e+02
6.230000000000000000e+02
6.230099999999999909e+02
6.245399999999999636e+02
6.533400000000000318e+02
6.539900000000000091e+02
6.540299999999999727e+02
6.547100000000000364e+02
6.551100000000000136e+02
6.552000000000000455e+02
6.560500000000000682e+02
6.561299999999999955e+02
6.566900000000000546e+02
6.567300000000000182e+02
6.567899999999999636e+02
6.570199999999999818e+02
6.575099999999999909e+02
6.577300000000000182e+02
6.580000000000000000e+02
6.580900000000000318e+02
6.582300000000000182e+02
6.584400000000000546e+02
6.591200000000000045e+02
6.597500000000000000e+02
6.598700000000000045e+02
6.600399999999999636e+02
6.604800000000000182e+02
6.605800000000000409e+02
6.605900000000000318e+02
6.607300000000000182e+02
6.610399999999999636e+02
6.610900000000000318e+02
6.614300000000000637e+02
6.617100000000000364e+02
6.617100000000000364e+02
6.617100000000000364e+02
6.620299999999999727e+02
6.620800000000000409e+02
6.624700000000000273e+02
6.627200000000000273e+02
6.630600000000000591e+02
6.631200000000000045e+02
6.636599999999999682e+02
6.638700000000000045e+02
6.639600000000000364e+02
6.640199999999999818e+02
6.641200000000000045e+02
6.651200000000000045e+02
6.655900000000000318e+02
6.658999999999999773e+02
6.659900000000000091e+02
6.660000000000000000e+02
6.662200000000000273e+02
6.663999999999999773e+02
6.665199999999999818e+02
6.681000000000000227e+02
6.685099999999999909e+02
6.685800000000000409e+02
6.688500000000000227e+02
6.692200000000000273e+02
6.703999999999999773e+02
6.708799999999999955e+02
6.715700000000000500e+02
6.730800000000000409e+02
6.731800000000000637e+02
6.733500000000000227e+02
7.015700000000000500e+02
7.037799999999999727e+02
7.040800000000000409e+02
7.041100000000000136e+02
7.042899999999999636e+02
7.043999999999999773e+02
7.047500000000000000e+02
7.049099999999999682e+02
7.052799999999999727e+02
7.054800000000000182e+02
7.067699999999999818e+02
7.068000000000000682e+02
7.069099999999999682e+02
7.074400000000000546e+02
7.074500000000000455e+02
7.078000000000000682e+02
7.080399999999999636e+02
7.081299999999999955e+02
7.081599999999999682e+02
7.083300000000000409e+02
7.087000000000000455e+02
7.087100000000000364e+02
7.089500000000000455e+02
7.089600000000000364e+02
7.089700000000000273e+02
7.091699999999999591e+02
7.095000000000000000e+02
7.095199999999999818e+02
7.095299999999999727e+02
7.100000000000000000e+02
7.105399999999999636e+02
7.107599999999999909e+02
7.112100000000000364e+02
7.115700000000000500e+02
7.117000000000000455e+02
7.118999999999999773e+02
7.121100000000000136e+02
7.122699999999999818e+02
7.129900000000000091e+02
7.131399999999999864e+02
7.136000000000000227e+02
7.137000000000000455e+02
7.137599999999999909e+02
7.141100000000000136e+02
7.141299999999999955e+02
7.141599999999999682e+02
7.143000000000000682e+02
7.143799999999999955e+02
7.153200000000000500e+02
7.155000000000000000e+02
7.159199999999999591e+02
7.161699999999999591e+02
7.165099999999999909e+02
7.167200000000000273e+02
7.173500000000000227e+02
7.173500000000000227e+02
7.175600000000000591e+02
7.185700000000000500e+02
7.187400000000000091e+02
7.198400000000000318e+02
7.199099999999999682e+02
7.203300000000000409e+02
7.205500000000000682e+02
7.218999999999999773e+02
7.221699999999999591e+02
7.501100000000000136e+02
7.502899999999999636e+02
7.518700000000000045e+02
7.521499999999999773e+02
7.521599999999999682e+02
7.522300000000000182e+02
7.529300000000000637e+02
7.546800000000000637e+02
7.548000000000000682e+02
7.548700000000000045e+02
7.550000000000000000e+02
7.553100000000000591e+02
7.553799999999999955e+02
7.554099999999999682e+02
7.557100000000000364e+02
7.559700000000000273e+02
7.560000000000000000e+02
7.566000000000000227e+02
7.574300000000000637e+02
7.574500000000000455e+02
7.576699999999999591e+02
7.577100000000000364e+02
7.578999999999999773e+02
7.579800000000000182e+02
7.583600000000000136e+02
7.586299999999999955e+02
7.590299999999999727e+02
7.594500000000000455e+02
7.597000000000000455e+02
7.597500000000000000e+02
7.597699999999999818e+02
7.599400000000000546e+02
7.600500000000000682e+02
7.603400000000000318e+02
7.606000000000000227e+02
7.607300000000000182e+02
7.611100000000000136e+02
7.618999999999999773e+02
7.621100000000000136e+02
7.621399999999999864e+02
7.621499999999999773e+02
7.627599999999999909e+02
7.628300000000000409e+02
7.629400000000000546e+02
7.629500000000000455e+02
7.640000000000000000e+02
7.641699999999999591e+02
7.642599999999999909e+02
7.646900000000000546e+02
7.647500000000000000e+02
7.651399999999999864e+02
7.651599999999999682e+02
7.653000000000000682e+02
7.653700000000000045e+02
7.662799999999999727e+02
7.663500000000000227e+02
7.665800000000000409e+02
7.667500000000000000e+02
7.669400000000000546e+02
7.674600000000000364e+02
7.678500000000000227e+02
7.691100000000000136e+02
7.693200000000000500e+02
7.693500000000000227e+02
7.700199999999999818e+02
7.705099999999999909e+02
7.720000000000000000e+02
7.741800000000000637e+02
7.968000000000000682e+02
7.968400000000000318e+02
8.006200000000000045e+02
8.026299999999999955e+02
8.029600000000000364e+02
8.031000000000000227e+02
8.036900000000000546e+02
8.045000000000000000e+02
8.049400000000000546e+02
8.051100000000000136e+02
8.051499999999999773e+02
8.057000000000000455e+02
8.065399999999999636e+02
8.066900000000000546e+02
8.070399999999999636e+02
8.074900000000000091e+02
8.075800000000000409e+02
8.075900000000000318e+02
8.076399999999999864e+02
8.077599999999999909e+02
8.085600000000000591e+02
8.085700000000000500e+02
8.089200000000000728e+02
8.092300000000000182e+02
8.096399999999999864e+02
8.096499999999999773e+02
8.096700000000000728e+02
8.099200000000000728e+02
8.100099999999999909e+02
8.102200000000000273e+02
8.102599999999999909e+02
8.104700000000000273e+02
8.106200000000000045e+02
8.107000000000000455e+02
8.108799999999999955e+02
8.109800000000000182e+02
8.120099999999999909e+02
8.120600000000000591e+02
8.122000000000000455e+02
8.124600000000000364e+02
8.126399999999999864e+02
8.130800000000000409e+02
8.136499999999999773e+02
8.140399999999999636e+02
8.140900000000000318e+02
8.147000000000000455e+02
8.147300000000000182e+02
8.151100000000000136e+02
8.154500000000000455e+02
8.155000000000000000e+02
8.157100000000000364e+02
8.161000000000000227e+02
8.167400000000000091e+02
8.167699999999999818e+02
8.169800000000000182e+02
8.170700000000000500e+02
8.174099999999999682e+02
8.190000000000000000e+02
8.190099999999999909e+02
8.191100000000000136e+02
8.196200000000000045e+02
8.198799999999999955e+02
8.206399999999999864e+02
8.230399999999999636e+02
8.234800000000000182e+02
8.241599999999999682e+02
8.500600000000000591e+02
8.509400000000000546e+02
8.509400000000000546e+02
8.514400000000000546e+02
8.519200000000000728e+02
8.524600000000000364e+02
8.529700000000000273e+02
8.532599999999999909e+02
8.533999999999999773e+02
8.534300000000000637e+02
8.539600000000000364e+02
8.541800000000000637e+02
8.542000000000000455e+02
8.542599999999999909e+02
8.542699999999999818e+02
8.546700000000000728e+02
8.550299999999999727e+02
8.553899999999999864e+02
8.554500000000000455e+02
8.563400000000000318e+02
8.566200000000000045e+02
8.566800000000000637e+02
8.569200000000000728e+02
8.569500000000000455e+02
8.570900000000000318e+02
8.571100000000000136e+02
8.574300000000000637e+02
8.575000000000000000e+02
8.575800000000000409e+02
8.578500000000000227e+02
8.586399999999999864e+02
8.586700000000000728e+02
8.592500000000000000e+02
8.593000000000000682e+02
8.593300000000000409e+02
8.593500000000000227e+02
8.596200000000000045e+02
8.598799999999999955e+02
8.600700000000000500e+02
8.606000000000000227e+02
8.610900000000000318e+02
8.611499999999999773e+02
8.613700000000000045e+02
8.613799999999999955e+02
8.614700000000000273e+02
8.616499999999999773e+02
8.620199999999999818e+02
8.620399999999999636e+02
8.620800000000000409e+02
8.622000000000000455e+02
8.625700000000000500e+02
8.631800000000000637e+02
8.634099999999999682e+02
8.636000000000000227e+02
8.636200000000000045e+02
8.637000000000000455e+02
8.641399999999999864e+02
8.643200000000000500e+02
8.652200000000000273e+02
8.653799999999999955e+02
8.654600000000000364e+02
8.655700000000000500e+02
8.656599999999999682e+02
8.658799999999999955e+02
8.661700000000000728e+02
8.663799999999999955e+02
8.670900000000000318e+02
8.674099999999999682e+02
8.677799999999999727e+02
8.679400000000000546e+02
8.679800000000000182e+02
8.682599999999999909e+02
8.685600000000000591e+02
8.700000000000000000e+02
8.703300000000000409e+02
8.713300000000000409e+02
8.716000000000000227e+02
8.964500000000000455e+02
8.978100000000000591e+02
9.003700000000000045e+02
9.004300000000000637e+02
9.012200000000000273e+02
9.016599999999999682e+02
9.024700000000000273e+02
9.028700000000000045e+02
9.032899999999999636e+02
9.034600000000000364e+02
9.041499999999999773e+02
9.043999999999999773e+02
9.050800000000000409e+02
9.055099999999999909e+02
9.055099999999999909e+02
9.055299999999999727e+02
9.057599999999999909e+02
9.060000000000000000e+02
9.061000000000000227e+02
9.069600000000000364e+02
9.070000000000000000e+02
9.071100000000000136e+02
9.072599999999999909e+02
9.073899999999999864e+02
9.075600000000000591e+02
9.078100000000000591e+02
9.078400000000000318e+02
9.080500000000000682e+02
9.081499999999999773e+02
9.089900000000000091e+02
9.090600000000000591e+02
9.095199999999999818e+02
9.095900000000000318e+02
9.098400000000000318e+02
9.098799999999999955e+02
9.098899999999999864e+02
9.100500000000000682e+02
9.101499999999999773e+02
9.104400000000000546e+02
9.106299999999999955e+02
9.110299999999999727e+02
9.112599999999999909e+02
9.116000000000000227e+02
9.123500000000000227e+02
9.125000000000000000e+02
9.127100000000000364e+02
9.128400000000000318e+02
9.132899999999999636e+02
9.136399999999999864e+02
9.144099999999999682e+02
9.148100000000000591e+02
9.148500000000000227e+02
9.149600000000000364e+02
9.153999999999999773e+02
9.154099999999999682e+02
9.154200000000000728e+02
9.155399999999999636e+02
9.158899999999999864e+02
9.160099999999999909e+02
9.168999999999999773e+02
9.169800000000000182e+02
9.180199999999999818e+02
9.181900000000000546e+02
9.199099999999999682e+02
9.200299999999999727e+02
9.201100000000000136e+02
9.202000000000000455e+02
9.209300000000000637e+02
9.220299999999999727e+02
9.221499999999999773e+02
9.226599999999999682e+02
9.233400000000000318e+02
9.481200000000000045e+02
9.487400000000000091e+02
9.487599999999999909e+02
9.495000000000000000e+02
9.498700000000000045e+02
9.500299999999999727e+02
9.515000000000000000e+02
9.521499999999999773e+02
9.523400000000000318e+02
9.526900000000000546e+02
9.528300000000000409e+02
9.531800000000000637e+02
9.535800000000000409e+02
9.538100000000000591e+02
9.540900000000000318e+02
9.544200000000000728e+02
9.545500000000000682e+02
9.546700000000000728e+02
9.548600000000000136e+02
9.558799999999999955e+02
9.558899999999999864e+02
9.559700000000000273e+02
9.567300000000000182e+02
9.568000000000000682e+02
9.572000000000000455e+02
9.573500000000000227e+02
9.575299999999999727e+02
9.575800000000000409e+02
9.576299999999999955e+02
9.578400000000000318e+02
9.581900000000000546e+02
9.583899999999999864e+02
9.587599999999999909e+02
9.587799999999999727e+02
9.588200000000000500e+02
9.588999999999999773e+02
9.595700000000000500e+02
9.597400000000000091e+02
9.600399999999999636e+02
9.600800000000000409e+02
9.606900000000000546e+02
9.607400000000000091e+02
9.607699999999999818e+02
9.608799999999999955e+02
9.608999999999999773e+02
9.615900000000000318e+02
9.616200000000000045e+02
9.617200000000000273e+02
9.617699999999999818e+02
9.621100000000000136e+02
9.622899999999999636e+02
9.624900000000000091e+02
9.629700000000000273e+02
9.634500000000000455e+02
9.636299999999999955e+02
9.636499999999999773e+02
9.638000000000000682e+02
9.640600000000000591e+02
9.640700000000000500e+02
9.641299999999999955e+02
9.643200000000000500e+02
9.647599999999999909e+02
9.652599999999999909e+02
9.658400000000000318e+02
9.663000000000000682e+02
9.666700000000000728e+02
9.669900000000000091e+02
9.671700000000000728e+02
9.678600000000000136e+02
9.687599999999999909e+02
9.689400000000000546e+02
9.690700000000000500e+02
9.694200000000000728e+02
9.701000000000000227e+02
9.713600000000000136e+02
9.720000000000000000e+02
9.721700000000000728e+02
9.725000000000000000e+02
9.952699999999999818e+02
9.984099999999999682e+02
9.995000000000000000e+02
9.996299999999999955e+02
9.999700000000000273e+02
