3.700000000000000178e+00
6.259999999999999787e+00
6.890000000000000568e+00
7.299999999999999822e+00
1.006000000000000050e+01
1.364000000000000057e+01
1.550999999999999979e+01
1.600000000000000000e+01
1.657000000000000028e+01
1.780000000000000071e+01
1.826999999999999957e+01
1.869000000000000128e+01
1.983000000000000185e+01
2.005000000000000071e+01
2.246999999999999886e+01
2.444000000000000128e+01
2.550000000000000000e+01
2.785999999999999943e+01
2.928000000000000114e+01
3.261999999999999744e+01
3.510999999999999943e+01
4.066000000000000369e+01
4.432999999999999829e+01
4.731000000000000227e+01
4.970000000000000284e+01
5.196999999999999886e+01
5.602000000000000313e+01
5.631000000000000227e+01
5.639000000000000057e+01
6.107000000000000028e+01
6.484999999999999432e+01
6.828000000000000114e+01
6.948000000000000398e+01
6.957000000000000739e+01
7.082000000000000739e+01
7.185000000000000853e+01
7.737000000000000455e+01
7.743000000000000682e+01
7.771000000000000796e+01
7.943000000000000682e+01
8.026000000000000512e+01
8.043999999999999773e+01
8.168999999999999773e+01
8.504000000000000625e+01
8.648999999999999488e+01
8.787999999999999545e+01
9.160000000000000853e+01
9.196999999999999886e+01
9.559000000000000341e+01
1.001700000000000017e+02
1.003100000000000023e+02
1.045199999999999960e+02
1.048400000000000034e+02
1.048500000000000085e+02
1.052400000000000091e+02
1.087800000000000011e+02
1.095400000000000063e+02
1.118100000000000023e+02
1.121599999999999966e+02
1.150000000000000000e+02
1.157800000000000011e+02
1.165499999999999972e+02
1.312299999999999898e+02
1.314000000000000057e+02
1.320000000000000000e+02
1.354200000000000159e+02
1.400099999999999909e+02
1.423300000000000125e+02
1.450999999999999943e+02
1.462599999999999909e+02
1.478400000000000034e+02
1.510200000000000102e+02
1.535099999999999909e+02
1.600200000000000102e+02
1.616500000000000057e+02
1.641800000000000068e+02
1.660699999999999932e+02
1.676899999999999977e+02
1.697000000000000171e+02
1.702700000000000102e+02
1.752500000000000000e+02
1.767199999999999989e+02
1.842800000000000011e+02
1.849200000000000159e+02
1.865600000000000023e+02
1.916899999999999977e+02
1.921400000000000148e+02
1.954399999999999977e+02
2.026299999999999955e+02
2.059600000000000080e+02
2.061299999999999955e+02
2.084500000000000171e+02
2.094399999999999977e+02
2.146700000000000159e+02
2.193300000000000125e+02
2.193799999999999955e+02
2.199300000000000068e+02
2.202400000000000091e+02
2.212000000000000171e+02
2.219900000000000091e+02
2.244000000000000057e+02
2.256599999999999966e+02
2.280000000000000000e+02
2.355399999999999920e+02
2.364300000000000068e+02
2.372199999999999989e+02
2.382500000000000000e+02
2.389200000000000159e+02
2.428799999999999955e+02
2.496800000000000068e+02
2.497199999999999989e+02
2.500600000000000023e+02
2.525900000000000034e+02
2.537800000000000011e+02
2.573199999999999932e+02
2.636800000000000068e+02
2.735000000000000000e+02
2.741800000000000068e+02
2.779200000000000159e+02
2.785000000000000000e+02
2.793400000000000318e+02
2.801100000000000136e+02
2.829800000000000182e+02
2.862500000000000000e+02
2.890900000000000318e+02
2.914499999999999886e+02
2.916299999999999955e+02
2.952300000000000182e+02
2.968199999999999932e+02
2.997200000000000273e+02
3.030099999999999909e+02
3.046200000000000045e+02
3.050000000000000000e+02
3.065600000000000023e+02
3.100799999999999841e+02
3.115300000000000296e+02
3.133600000000000136e+02
3.155600000000000023e+02
3.157300000000000182e+02
3.169399999999999977e+02
3.173400000000000318e+02
3.180099999999999909e+02
3.189200000000000159e+02
3.208600000000000136e+02
3.230500000000000114e+02
3.234200000000000159e+02
3.268799999999999955e+02
3.306600000000000250e+02
3.330300000000000296e+02
3.366600000000000250e+02
3.383199999999999932e+02
3.423100000000000023e+02
3.430000000000000000e+02
3.435900000000000318e+02
3.446100000000000136e+02
3.459200000000000159e+02
3.463199999999999932e+02
3.484599999999999795e+02
3.518700000000000045e+02
3.538100000000000023e+02
3.552800000000000296e+02
3.591999999999999886e+02
3.609399999999999977e+02
3.611100000000000136e+02
3.615300000000000296e+02
3.619100000000000250e+02
3.623100000000000023e+02
3.631800000000000068e+02
3.686299999999999955e+02
3.697200000000000273e+02
3.707900000000000205e+02
3.728199999999999932e+02
3.731500000000000341e+02
3.751999999999999886e+02
3.754900000000000091e+02
3.772300000000000182e+02
3.776299999999999955e+02
3.779800000000000182e+02
3.806600000000000250e+02
3.829600000000000364e+02
3.865199999999999818e+02
3.867599999999999909e+02
3.875300000000000296e+02
3.895900000000000318e+02
3.927699999999999818e+02
3.937300000000000182e+02
3.946399999999999864e+02
3.959200000000000159e+02
3.970199999999999818e+02
4.039499999999999886e+02
4.041299999999999955e+02
4.070400000000000205e+02
4.108100000000000023e+02
4.111600000000000250e+02
4.117800000000000296e+02
4.152599999999999909e+02
4.191200000000000045e+02
4.214300000000000068e+02
4.220699999999999932e+02
4.232800000000000296e+02
4.240400000000000205e+02
4.262100000000000364e+02
4.269900000000000091e+02
4.286100000000000136e+02
4.383000000000000114e+02
4.386299999999999955e+02
4.395500000000000114e+02
4.397699999999999818e+02
4.472900000000000205e+02
4.509100000000000250e+02
4.531600000000000250e+02
4.535199999999999818e+02
4.537599999999999909e+02
4.605600000000000023e+02
4.628000000000000114e+02
4.650500000000000114e+02
4.712300000000000182e+02
4.759100000000000250e+02
4.770300000000000296e+02
4.845400000000000205e+02
4.916100000000000136e+02
4.921200000000000045e+02
4.956800000000000068e+02
4.976000000000000227e+02
4.992100000000000364e+02
5.000799999999999841e+02
5.006999999999999886e+02
5.010099999999999909e+02
5.109600000000000364e+02
5.117200000000000273e+02
5.133999999999999773e+02
5.139400000000000546e+02
5.178799999999999955e+02
5.188799999999999955e+02
5.273300000000000409e+02
5.291599999999999682e+02
5.307000000000000455e+02
5.321200000000000045e+02
5.323400000000000318e+02
5.459800000000000182e+02
5.517100000000000364e+02
5.518300000000000409e+02
5.525700000000000500e+02
5.556900000000000546e+02
5.573100000000000591e+02
5.574900000000000091e+02
5.599600000000000364e+02
5.613600000000000136e+02
5.626900000000000546e+02
5.661399999999999864e+02
5.759300000000000637e+02
5.794600000000000364e+02
5.818000000000000682e+02
5.861100000000000136e+02
5.899199999999999591e+02
5.907100000000000364e+02
5.946000000000000227e+02
5.959800000000000182e+02
5.960399999999999636e+02
5.969700000000000273e+02
6.003899999999999864e+02
6.027100000000000364e+02
6.050700000000000500e+02
6.068400000000000318e+02
6.132699999999999818e+02
6.141599999999999682e+02
6.211599999999999682e+02
6.262799999999999727e+02
6.297100000000000364e+02
6.311000000000000227e+02
6.313999999999999773e+02
6.323700000000000045e+02
6.325299999999999727e+02
6.339400000000000546e+02
6.344300000000000637e+02
6.346900000000000546e+02
6.358200000000000500e+02
6.360299999999999727e+02
6.380099999999999909e+02
6.419800000000000182e+02
6.420500000000000682e+02
6.471599999999999682e+02
6.492699999999999818e+02
6.495199999999999818e+02
6.510000000000000000e+02
6.569700000000000273e+02
6.571800000000000637e+02
6.600000000000000000e+02
6.636299999999999955e+02
6.649500000000000455e+02
6.667699999999999818e+02
6.671599999999999682e+02
6.727400000000000091e+02
6.745000000000000000e+02
6.771399999999999864e+02
6.878200000000000500e+02
6.919700000000000273e+02
6.928600000000000136e+02
6.945299999999999727e+02
7.017300000000000182e+02
7.027500000000000000e+02
7.028899999999999864e+02
7.064800000000000182e+02
7.074199999999999591e+02
7.084300000000000637e+02
7.093799999999999955e+02
7.120500000000000682e+02
7.125299999999999727e+02
7.146299999999999955e+02
7.152500000000000000e+02
7.160099999999999909e+02
7.178000000000000682e+02
7.188600000000000136e+02
7.205900000000000318e+02
7.240700000000000500e+02
7.284800000000000182e+02
7.297400000000000091e+02
7.305000000000000000e+02
7.343200000000000500e+02
7.423799999999999955e+02
7.461200000000000045e+02
7.494500000000000455e+02
7.504600000000000364e+02
7.513100000000000591e+02
7.526399999999999864e+02
7.531599999999999682e+02
7.536100000000000136e+02
7.544099999999999682e+02
7.556000000000000227e+02
7.598500000000000227e+02
7.610299999999999727e+02
7.615399999999999636e+02
7.645900000000000318e+02
7.720299999999999727e+02
7.727799999999999727e+02
7.755199999999999818e+02
7.765399999999999636e+02
7.868799999999999955e+02
7.870399999999999636e+02
7.876200000000000045e+02
7.878200000000000500e+02
7.912699999999999818e+02
7.927599999999999909e+02
7.979800000000000182e+02
8.029200000000000728e+02
8.045800000000000409e+02
8.073799999999999955e+02
8.093400000000000318e+02
8.108700000000000045e+02
8.248100000000000591e+02
8.300500000000000682e+02
8.315600000000000591e+02
8.319700000000000273e+02
8.354600000000000364e+02
8.372599999999999909e+02
8.410700000000000500e+02
8.414600000000000364e+02
8.428000000000000682e+02
8.430000000000000000e+02
8.438100000000000591e+02
8.452100000000000364e+02
8.454400000000000546e+02
8.466100000000000136e+02
8.472200000000000273e+02
8.490000000000000000e+02
8.518799999999999955e+02
8.524400000000000546e+02
8.537699999999999818e+02
8.595199999999999818e+02
8.626599999999999682e+02
8.629400000000000546e+02
8.639099999999999682e+02
8.639800000000000182e+02
8.644800000000000182e+02
8.662100000000000364e+02
8.670800000000000409e+02
8.675099999999999909e+02
8.711000000000000227e+02
8.723000000000000682e+02
8.763999999999999773e+02
8.766700000000000728e+02
8.773300000000000409e+02
8.787500000000000000e+02
8.843400000000000318e+02
8.871900000000000546e+02
8.877799999999999727e+02
8.912200000000000273e+02
8.927899999999999636e+02
8.932699999999999818e+02
8.954200000000000728e+02
8.956900000000000546e+02
8.959200000000000728e+02
8.961299999999999955e+02
8.988999999999999773e+02
8.991000000000000227e+02
9.015800000000000409e+02
9.051100000000000136e+02
9.053600000000000136e+02
9.073200000000000500e+02
9.075299999999999727e+02
9.088200000000000500e+02
9.186800000000000637e+02
9.189900000000000091e+02
9.235000000000000000e+02
9.279300000000000637e+02
9.303500000000000227e+02
9.307500000000000000e+02
9.310299999999999727e+02
9.315199999999999818e+02
9.317400000000000091e+02
9.330399999999999636e+02
9.351100000000000136e+02
9.378999999999999773e+02
9.384400000000000546e+02
9.396100000000000136e+02
9.399099999999999682e+02
9.400900000000000318e+02
9.422100000000000364e+02
9.455800000000000409e+02
9.457400000000000091e+02
9.458500000000000227e+02
9.489900000000000091e+02
9.501599999999999682e+02
9.525700000000000500e+02
9.539200000000000728e+02
9.539900000000000091e+02
9.553999999999999773e+02
9.558000000000000682e+02
9.589400000000000546e+02
9.611000000000000227e+02
9.620399999999999636e+02
9.634400000000000546e+02
9.654200000000000728e+02
9.656800000000000637e+02
9.658500000000000227e+02
9.668799999999999955e+02
9.699200000000000728e+02
9.792100000000000364e+02
9.821100000000000136e+02
9.823600000000000136e+02
9.863700000000000045e+02
9.873300000000000409e+02
9.906900000000000546e+02
9.926299999999999955e+02
9.965500000000000682e+02
9.977200000000000273e+02
9.993300000000000409e+02
9.997699999999999818e+02
