3.209999999999999964e+00
8.550000000000000711e+00
1.005000000000000071e+01
1.339000000000000057e+01
1.617999999999999972e+01
1.657000000000000028e+01
1.860000000000000142e+01
2.005999999999999872e+01
2.269000000000000128e+01
2.460999999999999943e+01
2.910999999999999943e+01
2.919000000000000128e+01
3.553000000000000114e+01
3.718999999999999773e+01
4.057000000000000028e+01
4.370000000000000284e+01
4.436999999999999744e+01
4.743999999999999773e+01
4.978000000000000114e+01
5.632999999999999829e+01
6.027000000000000313e+01
6.102000000000000313e+01
6.820000000000000284e+01
7.084000000000000341e+01
7.357999999999999829e+01
7.665000000000000568e+01
7.685000000000000853e+01
7.951000000000000512e+01
8.015999999999999659e+01
8.748999999999999488e+01
8.796000000000000796e+01
9.165000000000000568e+01
9.198000000000000398e+01
9.681000000000000227e+01
1.051599999999999966e+02
1.066800000000000068e+02
1.086099999999999994e+02
1.088200000000000074e+02
1.118900000000000006e+02
1.154800000000000040e+02
1.158900000000000006e+02
1.189900000000000091e+02
1.191200000000000045e+02
1.230900000000000034e+02
1.295000000000000000e+02
1.313199999999999932e+02
1.333100000000000023e+02
1.379300000000000068e+02
1.416599999999999966e+02
1.442100000000000080e+02
1.449799999999999898e+02
1.451599999999999966e+02
1.478900000000000148e+02
1.504099999999999966e+02
1.531800000000000068e+02
1.612400000000000091e+02
1.662400000000000091e+02
1.684500000000000171e+02
1.724699999999999989e+02
1.752199999999999989e+02
1.837800000000000011e+02
1.847000000000000171e+02
1.870200000000000102e+02
1.915200000000000102e+02
1.917199999999999989e+02
1.945200000000000102e+02
1.953900000000000148e+02
2.060900000000000034e+02
2.092400000000000091e+02
2.148100000000000023e+02
2.192199999999999989e+02
2.196599999999999966e+02
2.213300000000000125e+02
2.220999999999999943e+02
2.222100000000000080e+02
2.244800000000000182e+02
2.253499999999999943e+02
2.267800000000000011e+02
2.287300000000000182e+02
2.305399999999999920e+02
2.356899999999999977e+02
2.365500000000000114e+02
2.387000000000000171e+02
2.434500000000000171e+02
2.443300000000000125e+02
2.482700000000000102e+02
2.566100000000000136e+02
2.571700000000000159e+02
2.607400000000000091e+02
2.647599999999999909e+02
2.654599999999999795e+02
2.682099999999999795e+02
2.688299999999999841e+02
2.726499999999999773e+02
2.733400000000000318e+02
2.749000000000000341e+02
2.767200000000000273e+02
2.785099999999999909e+02
2.794100000000000250e+02
2.832099999999999795e+02
2.838899999999999864e+02
2.854900000000000091e+02
2.864200000000000159e+02
2.875400000000000205e+02
2.948700000000000045e+02
2.955000000000000000e+02
2.968299999999999841e+02
2.979300000000000068e+02
3.027800000000000296e+02
3.033600000000000136e+02
3.047099999999999795e+02
3.154300000000000068e+02
3.158000000000000114e+02
3.169499999999999886e+02
3.205099999999999909e+02
3.206800000000000068e+02
3.234499999999999886e+02
3.289300000000000068e+02
3.304499999999999886e+02
3.318600000000000136e+02
3.328199999999999932e+02
3.335099999999999909e+02
3.380400000000000205e+02
3.385300000000000296e+02
3.424300000000000068e+02
3.446700000000000159e+02
3.458000000000000114e+02
3.483100000000000023e+02
3.517699999999999818e+02
3.555199999999999818e+02
3.566399999999999864e+02
3.606200000000000045e+02
3.613500000000000227e+02
3.620300000000000296e+02
3.623600000000000136e+02
3.685300000000000296e+02
3.729700000000000273e+02
3.738500000000000227e+02
3.745199999999999818e+02
3.772099999999999795e+02
3.780099999999999909e+02
3.823199999999999932e+02
3.828299999999999841e+02
3.833899999999999864e+02
3.860500000000000114e+02
3.906899999999999977e+02
3.928799999999999955e+02
3.949499999999999886e+02
3.991700000000000159e+02
4.022599999999999909e+02
4.048100000000000023e+02
4.050099999999999909e+02
4.112100000000000364e+02
4.137900000000000205e+02
4.165799999999999841e+02
4.179399999999999977e+02
4.242200000000000273e+02
4.266200000000000045e+02
4.267400000000000091e+02
4.287800000000000296e+02
4.334300000000000068e+02
4.340400000000000205e+02
4.368400000000000318e+02
4.386299999999999955e+02
4.399600000000000364e+02
4.486299999999999955e+02
4.522300000000000182e+02
4.530099999999999909e+02
4.549000000000000341e+02
4.575300000000000296e+02
4.604800000000000182e+02
4.610699999999999932e+02
4.611299999999999955e+02
4.655000000000000000e+02
4.759000000000000341e+02
4.760600000000000023e+02
4.761600000000000250e+02
4.770500000000000114e+02
4.803100000000000023e+02
4.833100000000000023e+02
4.868000000000000114e+02
4.917900000000000205e+02
4.923600000000000136e+02
4.962200000000000273e+02
4.962599999999999909e+02
4.974600000000000364e+02
4.998700000000000045e+02
5.002300000000000182e+02
5.008500000000000227e+02
5.011200000000000045e+02
5.046399999999999864e+02
5.067200000000000273e+02
5.075799999999999841e+02
5.093899999999999864e+02
5.133500000000000227e+02
5.188200000000000500e+02
5.188700000000000045e+02
5.204700000000000273e+02
5.220099999999999909e+02
5.237599999999999909e+02
5.271900000000000546e+02
5.290399999999999636e+02
5.308300000000000409e+02
5.323100000000000591e+02
5.349900000000000091e+02
5.405900000000000318e+02
5.418300000000000409e+02
5.447999999999999545e+02
5.470700000000000500e+02
5.475500000000000682e+02
5.513400000000000318e+02
5.555900000000000318e+02
5.562899999999999636e+02
5.572699999999999818e+02
5.575299999999999727e+02
5.613999999999999773e+02
5.626200000000000045e+02
5.673500000000000227e+02
5.724700000000000273e+02
5.753400000000000318e+02
5.821100000000000136e+02
5.852699999999999818e+02
5.872200000000000273e+02
5.895199999999999818e+02
5.925600000000000591e+02
5.955000000000000000e+02
5.960900000000000318e+02
5.977599999999999909e+02
5.977799999999999727e+02
6.029700000000000273e+02
6.045800000000000409e+02
6.073999999999999773e+02
6.077400000000000091e+02
6.110299999999999727e+02
6.123000000000000682e+02
6.133799999999999955e+02
6.134099999999999682e+02
6.188300000000000409e+02
6.247100000000000364e+02
6.248899999999999864e+02
6.311200000000000045e+02
6.325299999999999727e+02
6.337599999999999909e+02
6.341100000000000136e+02
6.348600000000000136e+02
6.377200000000000273e+02
6.418000000000000682e+02
6.440800000000000409e+02
6.481499999999999773e+02
6.493600000000000136e+02
6.547500000000000000e+02
6.571299999999999955e+02
6.590700000000000500e+02
6.636699999999999591e+02
6.670399999999999636e+02
6.674400000000000546e+02
6.704700000000000273e+02
6.724900000000000091e+02
6.733000000000000682e+02
6.762500000000000000e+02
6.784800000000000182e+02
6.806100000000000136e+02
6.813700000000000045e+02
6.849600000000000364e+02
6.893000000000000682e+02
6.919099999999999682e+02
6.925600000000000591e+02
6.939700000000000273e+02
7.021699999999999591e+02
7.028799999999999955e+02
7.063400000000000318e+02
7.082500000000000000e+02
7.103200000000000500e+02
7.117799999999999727e+02
7.121499999999999773e+02
7.157500000000000000e+02
7.221000000000000227e+02
7.260000000000000000e+02
7.296599999999999682e+02
7.303600000000000136e+02
7.328100000000000591e+02
7.383999999999999773e+02
7.392000000000000455e+02
7.424600000000000364e+02
7.425900000000000318e+02
7.460500000000000682e+02
7.470199999999999818e+02
7.493899999999999864e+02
7.513600000000000136e+02
7.557100000000000364e+02
7.574199999999999591e+02
7.587200000000000273e+02
7.609199999999999591e+02
7.617200000000000273e+02
7.645500000000000682e+02
7.672300000000000182e+02
7.696000000000000227e+02
7.782300000000000182e+02
7.869800000000000182e+02
7.877400000000000091e+02
7.903400000000000318e+02
7.912400000000000091e+02
7.956700000000000728e+02
7.982000000000000455e+02
8.025700000000000500e+02
8.046700000000000728e+02
8.054500000000000455e+02
8.083700000000000045e+02
8.108899999999999864e+02
8.126000000000000227e+02
8.173100000000000591e+02
8.252300000000000182e+02
8.284800000000000182e+02
8.308999999999999773e+02
8.319800000000000182e+02
8.334099999999999682e+02
8.354600000000000364e+02
8.425800000000000409e+02
8.430199999999999818e+02
8.453600000000000136e+02
8.466700000000000728e+02
8.491399999999999864e+02
8.536900000000000546e+02
8.537400000000000091e+02
8.546900000000000546e+02
8.630000000000000000e+02
8.640800000000000409e+02
8.663100000000000591e+02
8.676000000000000227e+02
8.710500000000000682e+02
8.737699999999999818e+02
8.766599999999999682e+02
8.789700000000000273e+02
8.846499999999999773e+02
8.886200000000000045e+02
8.915099999999999909e+02
8.927100000000000364e+02
8.952699999999999818e+02
8.960199999999999818e+02
8.967100000000000364e+02
8.988300000000000409e+02
9.028400000000000318e+02
9.032899999999999636e+02
9.056000000000000227e+02
9.073300000000000409e+02
9.093999999999999773e+02
9.113999999999999773e+02
9.127400000000000091e+02
9.236000000000000227e+02
9.308300000000000409e+02
9.316599999999999682e+02
9.317200000000000273e+02
9.385099999999999909e+02
9.400199999999999818e+02
9.404300000000000637e+02
9.417899999999999636e+02
9.423000000000000682e+02
9.456100000000000136e+02
9.501700000000000728e+02
9.522799999999999727e+02
9.552300000000000182e+02
9.601599999999999682e+02
9.626299999999999955e+02
9.657500000000000000e+02
9.686399999999999864e+02
9.699700000000000273e+02
9.727300000000000182e+02
9.793899999999999864e+02
9.808400000000000318e+02
9.825900000000000318e+02
9.863500000000000227e+02
9.876499999999999773e+02
9.879400000000000546e+02
9.908500000000000227e+02
9.922000000000000455e+02
9.967799999999999727e+02
9.996900000000000546e+02
