3.609999999999999876e+00
7.790000000000000036e+00
2.167999999999999972e+01
3.238000000000000256e+01
3.245000000000000284e+01
4.210000000000000142e+01
5.203999999999999915e+01
6.203999999999999915e+01
6.418999999999999773e+01
7.621999999999999886e+01
8.490999999999999659e+01
9.782000000000000739e+01
9.846000000000000796e+01
1.001700000000000017e+02
1.113200000000000074e+02
1.184200000000000017e+02
1.214800000000000040e+02
1.324300000000000068e+02
1.715999999999999943e+02
1.748600000000000136e+02
1.920600000000000023e+02
1.956800000000000068e+02
2.069000000000000057e+02
2.251899999999999977e+02
2.286899999999999977e+02
2.311299999999999955e+02
2.335399999999999920e+02
2.394300000000000068e+02
2.489800000000000182e+02
2.502300000000000182e+02
2.522600000000000193e+02
2.607300000000000182e+02
2.652800000000000296e+02
2.742099999999999795e+02
2.938899999999999864e+02
2.963199999999999932e+02
3.047500000000000000e+02
3.107599999999999909e+02
3.147599999999999909e+02
3.234700000000000273e+02
3.262500000000000000e+02
3.357200000000000273e+02
3.447500000000000000e+02
3.567699999999999818e+02
3.661800000000000068e+02
3.706500000000000341e+02
3.757599999999999909e+02
3.805199999999999818e+02
3.857400000000000091e+02
3.895300000000000296e+02
4.163500000000000227e+02
4.197300000000000182e+02
4.200199999999999818e+02
4.213100000000000023e+02
4.262400000000000091e+02
4.378799999999999955e+02
4.408100000000000023e+02
4.438899999999999864e+02
4.508799999999999955e+02
4.579200000000000159e+02
4.767699999999999818e+02
4.806500000000000341e+02
4.819200000000000159e+02
4.909200000000000159e+02
5.051800000000000068e+02
5.232300000000000182e+02
5.274500000000000455e+02
5.308300000000000409e+02
5.340600000000000591e+02
5.369600000000000364e+02
5.422500000000000000e+02
5.542500000000000000e+02
5.570399999999999636e+02
5.592799999999999727e+02
5.689400000000000546e+02
5.726900000000000546e+02
5.919400000000000546e+02
5.958700000000000045e+02
5.996100000000000136e+02
6.036599999999999682e+02
6.117300000000000182e+02
6.128700000000000045e+02
6.175600000000000591e+02
6.223899999999999864e+02
6.298300000000000409e+02
6.417400000000000091e+02
6.458000000000000682e+02
6.528799999999999955e+02
6.603400000000000318e+02
6.632100000000000364e+02
6.681599999999999682e+02
6.807200000000000273e+02
7.099500000000000455e+02
7.218300000000000409e+02
7.275800000000000409e+02
7.334900000000000091e+02
7.401299999999999955e+02
7.403500000000000227e+02
7.452899999999999636e+02
7.581399999999999864e+02
7.599800000000000182e+02
7.687300000000000182e+02
7.690800000000000409e+02
7.717899999999999636e+02
7.781499999999999773e+02
7.840199999999999818e+02
7.918600000000000136e+02
7.985900000000000318e+02
8.012200000000000273e+02
8.021100000000000136e+02
8.046900000000000546e+02
8.106299999999999955e+02
8.255299999999999727e+02
8.300199999999999818e+02
8.345099999999999909e+02
8.467599999999999909e+02
8.490600000000000591e+02
8.497699999999999818e+02
8.512500000000000000e+02
8.550900000000000318e+02
8.608700000000000045e+02
8.642200000000000273e+02
8.665800000000000409e+02
8.836299999999999955e+02
8.921000000000000227e+02
8.993200000000000500e+02
9.120600000000000591e+02
9.181599999999999682e+02
9.226200000000000045e+02
9.284900000000000091e+02
9.330800000000000409e+02
9.378799999999999955e+02
9.407000000000000455e+02
9.628300000000000409e+02
9.726299999999999955e+02
9.763300000000000409e+02
9.789099999999999682e+02
9.812300000000000182e+02
9.843000000000000682e+02
9.878000000000000682e+02
9.972900000000000773e+02
