4.259999999999999787e+00
4.410000000000000142e+00
4.669999999999999929e+00
4.669999999999999929e+00
4.780000000000000249e+00
4.990000000000000213e+00
5.600000000000000533e+00
5.810000000000000497e+00
5.950000000000000178e+00
6.040000000000000036e+00
6.169999999999999929e+00
6.310000000000000497e+00
6.379999999999999893e+00
6.549999999999999822e+00
6.810000000000000497e+00
6.959999999999999964e+00
7.030000000000000249e+00
7.450000000000000178e+00
7.469999999999999751e+00
7.530000000000000249e+00
7.860000000000000320e+00
8.120000000000000995e+00
8.169999999999999929e+00
8.380000000000000782e+00
8.830000000000000071e+00
1.960999999999999943e+01
2.042000000000000171e+01
2.076000000000000156e+01
2.087000000000000099e+01
2.096999999999999886e+01
2.151999999999999957e+01
2.151999999999999957e+01
2.166000000000000014e+01
2.176999999999999957e+01
2.182000000000000028e+01
2.183000000000000185e+01
2.190000000000000213e+01
2.190000000000000213e+01
2.205999999999999872e+01
2.257000000000000028e+01
2.258000000000000185e+01
2.258000000000000185e+01
2.276999999999999957e+01
2.278000000000000114e+01
2.283000000000000185e+01
2.315000000000000213e+01
2.340000000000000213e+01
2.380000000000000071e+01
2.400000000000000000e+01
2.412999999999999901e+01
2.430000000000000071e+01
2.458000000000000185e+01
2.462000000000000099e+01
2.483999999999999986e+01
2.508000000000000185e+01
3.660999999999999943e+01
3.696999999999999886e+01
3.742999999999999972e+01
3.771000000000000085e+01
3.791000000000000369e+01
3.810000000000000142e+01
3.836999999999999744e+01
3.841000000000000369e+01
3.848000000000000398e+01
3.867999999999999972e+01
3.871000000000000085e+01
3.885999999999999943e+01
3.886999999999999744e+01
3.900000000000000000e+01
3.927000000000000313e+01
3.932000000000000028e+01
3.932999999999999829e+01
3.936999999999999744e+01
3.943999999999999773e+01
3.956000000000000227e+01
3.956000000000000227e+01
3.986999999999999744e+01
4.011999999999999744e+01
4.030000000000000426e+01
4.057999999999999829e+01
4.070000000000000284e+01
4.085999999999999943e+01
4.146000000000000085e+01
4.159000000000000341e+01
4.189999999999999858e+01
4.207999999999999829e+01
4.218999999999999773e+01
4.232000000000000028e+01
5.309000000000000341e+01
5.389000000000000057e+01
5.389999999999999858e+01
5.463000000000000256e+01
5.492999999999999972e+01
5.516000000000000369e+01
5.542999999999999972e+01
5.570000000000000284e+01
5.600000000000000000e+01
5.605000000000000426e+01
5.612000000000000455e+01
5.620000000000000284e+01
5.628000000000000114e+01
5.632000000000000028e+01
5.660999999999999943e+01
5.667000000000000171e+01
5.685000000000000142e+01
5.753999999999999915e+01
5.813000000000000256e+01
5.846000000000000085e+01
5.852000000000000313e+01
5.867999999999999972e+01
5.878000000000000114e+01
7.096000000000000796e+01
7.121000000000000796e+01
7.125000000000000000e+01
7.126999999999999602e+01
7.134000000000000341e+01
7.140000000000000568e+01
7.148999999999999488e+01
7.157999999999999829e+01
7.167000000000000171e+01
7.198000000000000398e+01
7.207999999999999829e+01
7.240000000000000568e+01
7.243000000000000682e+01
7.248999999999999488e+01
7.251999999999999602e+01
7.253000000000000114e+01
7.262999999999999545e+01
7.285999999999999943e+01
7.317000000000000171e+01
7.337999999999999545e+01
7.342000000000000171e+01
7.348999999999999488e+01
7.357999999999999829e+01
7.373999999999999488e+01
7.389000000000000057e+01
7.437000000000000455e+01
7.453000000000000114e+01
7.500000000000000000e+01
7.642000000000000171e+01
8.707999999999999829e+01
8.712000000000000455e+01
8.762999999999999545e+01
8.779000000000000625e+01
8.801000000000000512e+01
8.815000000000000568e+01
8.851000000000000512e+01
8.851999999999999602e+01
8.857000000000000739e+01
8.868000000000000682e+01
8.898000000000000398e+01
8.900000000000000000e+01
8.907000000000000739e+01
8.934000000000000341e+01
8.946000000000000796e+01
8.950000000000000000e+01
8.954000000000000625e+01
8.957000000000000739e+01
8.968000000000000682e+01
8.984000000000000341e+01
9.000000000000000000e+01
9.089000000000000057e+01
9.090000000000000568e+01
9.120000000000000284e+01
9.159000000000000341e+01
9.190000000000000568e+01
9.195000000000000284e+01
9.221000000000000796e+01
1.032900000000000063e+02
1.037999999999999972e+02
1.040900000000000034e+02
1.042600000000000051e+02
1.043700000000000045e+02
1.046000000000000085e+02
1.046700000000000017e+02
1.047199999999999989e+02
1.047500000000000000e+02
1.047600000000000051e+02
1.051599999999999966e+02
1.053200000000000074e+02
1.062600000000000051e+02
1.064699999999999989e+02
1.065900000000000034e+02
1.068700000000000045e+02
1.069000000000000057e+02
1.071599999999999966e+02
1.072100000000000080e+02
1.072900000000000063e+02
1.073799999999999955e+02
1.075499999999999972e+02
1.076500000000000057e+02
1.077999999999999972e+02
1.080499999999999972e+02
1.080700000000000074e+02
1.081800000000000068e+02
1.082400000000000091e+02
1.083900000000000006e+02
1.090199999999999960e+02
1.198700000000000045e+02
1.206500000000000057e+02
1.207100000000000080e+02
1.208299999999999983e+02
1.209500000000000028e+02
1.213200000000000074e+02
1.218700000000000045e+02
1.219300000000000068e+02
1.221200000000000045e+02
1.223500000000000085e+02
1.223900000000000006e+02
1.225000000000000000e+02
1.225700000000000074e+02
1.226500000000000057e+02
1.227900000000000063e+02
1.231500000000000057e+02
1.231599999999999966e+02
1.233200000000000074e+02
1.234699999999999989e+02
1.235000000000000000e+02
1.235499999999999972e+02
1.235799999999999983e+02
1.236099999999999994e+02
1.238100000000000023e+02
1.238200000000000074e+02
1.247500000000000000e+02
1.249399999999999977e+02
1.251300000000000097e+02
1.359399999999999977e+02
1.364300000000000068e+02
1.367100000000000080e+02
1.370900000000000034e+02
1.372000000000000171e+02
1.372400000000000091e+02
1.372899999999999920e+02
1.374399999999999977e+02
1.375099999999999909e+02
1.380000000000000000e+02
1.388400000000000034e+02
1.389900000000000091e+02
1.391899999999999977e+02
1.394000000000000057e+02
1.394000000000000057e+02
1.395099999999999909e+02
1.395500000000000114e+02
1.396100000000000136e+02
1.397700000000000102e+02
1.397899999999999920e+02
1.400000000000000000e+02
1.402199999999999989e+02
1.407299999999999898e+02
1.411400000000000148e+02
1.413000000000000114e+02
1.415300000000000011e+02
1.416599999999999966e+02
1.421299999999999955e+02
1.538000000000000114e+02
1.540099999999999909e+02
1.540099999999999909e+02
1.540900000000000034e+02
1.546800000000000068e+02
1.549500000000000171e+02
1.549799999999999898e+02
1.553400000000000034e+02
1.554200000000000159e+02
1.554500000000000171e+02
1.556200000000000045e+02
1.561700000000000159e+02
1.561899999999999977e+02
1.562599999999999909e+02
1.562899999999999920e+02
1.563600000000000136e+02
1.563700000000000045e+02
1.568400000000000034e+02
1.571200000000000045e+02
1.578600000000000136e+02
1.578900000000000148e+02
1.579600000000000080e+02
1.579600000000000080e+02
1.582000000000000171e+02
1.584300000000000068e+02
1.588499999999999943e+02
1.589099999999999966e+02
1.596299999999999955e+02
1.694900000000000091e+02
1.697599999999999909e+02
1.704900000000000091e+02
1.707299999999999898e+02
1.708900000000000148e+02
1.709600000000000080e+02
1.711599999999999966e+02
1.712800000000000011e+02
1.719799999999999898e+02
1.721400000000000148e+02
1.728100000000000023e+02
1.728700000000000045e+02
1.730099999999999909e+02
1.730699999999999932e+02
1.730900000000000034e+02
1.733100000000000023e+02
1.736700000000000159e+02
1.738400000000000034e+02
1.738600000000000136e+02
1.744000000000000057e+02
1.746200000000000045e+02
1.746899999999999977e+02
1.747100000000000080e+02
1.747199999999999989e+02
1.752000000000000171e+02
1.759000000000000057e+02
1.771299999999999955e+02
1.860500000000000114e+02
1.865600000000000023e+02
1.866899999999999977e+02
1.869500000000000171e+02
1.872199999999999989e+02
1.877800000000000011e+02
1.879099999999999966e+02
1.881100000000000136e+02
1.882599999999999909e+02
1.884900000000000091e+02
1.887500000000000000e+02
1.888300000000000125e+02
1.888400000000000034e+02
1.891800000000000068e+02
1.892800000000000011e+02
1.893000000000000114e+02
1.895600000000000023e+02
1.895800000000000125e+02
1.898100000000000023e+02
1.900999999999999943e+02
1.903700000000000045e+02
1.905099999999999909e+02
1.905699999999999932e+02
1.906400000000000148e+02
1.917400000000000091e+02
1.920500000000000114e+02
1.938799999999999955e+02
2.025200000000000102e+02
2.030200000000000102e+02
2.030399999999999920e+02
2.040900000000000034e+02
2.041100000000000136e+02
2.043000000000000114e+02
2.043000000000000114e+02
2.044399999999999977e+02
2.044600000000000080e+02
2.046100000000000136e+02
2.050600000000000023e+02
2.050800000000000125e+02
2.051700000000000159e+02
2.051899999999999977e+02
2.059099999999999966e+02
2.060600000000000023e+02
2.060800000000000125e+02
2.063000000000000114e+02
2.064900000000000091e+02
2.065699999999999932e+02
2.066299999999999955e+02
2.067000000000000171e+02
2.067500000000000000e+02
2.067599999999999909e+02
2.073400000000000034e+02
2.078000000000000114e+02
2.079399999999999977e+02
2.080500000000000114e+02
2.086200000000000045e+02
2.095900000000000034e+02
2.197500000000000000e+02
2.202100000000000080e+02
2.202500000000000000e+02
2.204600000000000080e+02
2.204800000000000182e+02
2.209099999999999966e+02
2.210000000000000000e+02
2.217700000000000102e+02
2.217700000000000102e+02
2.218199999999999932e+02
2.219399999999999977e+02
2.226599999999999966e+02
2.230000000000000000e+02
2.233499999999999943e+02
2.234200000000000159e+02
2.234600000000000080e+02
2.235600000000000023e+02
2.236899999999999977e+02
2.239399999999999977e+02
2.239900000000000091e+02
2.240300000000000011e+02
2.243100000000000023e+02
2.256700000000000159e+02
2.256800000000000068e+02
2.263199999999999932e+02
2.263499999999999943e+02
2.362599999999999909e+02
2.367700000000000102e+02
2.368900000000000148e+02
2.373100000000000023e+02
2.373100000000000023e+02
2.376200000000000045e+02
2.378700000000000045e+02
2.378799999999999955e+02
2.383499999999999943e+02
2.384900000000000091e+02
2.389300000000000068e+02
2.392000000000000171e+02
2.392300000000000182e+02
2.394800000000000182e+02
2.397700000000000102e+02
2.397899999999999920e+02
2.398499999999999943e+02
2.401200000000000045e+02
2.404800000000000182e+02
2.406599999999999966e+02
2.410699999999999932e+02
2.412000000000000171e+02
2.412400000000000091e+02
2.417100000000000080e+02
2.419800000000000182e+02
2.420500000000000114e+02
2.427000000000000171e+02
2.436100000000000136e+02
2.442800000000000011e+02
2.531400000000000148e+02
2.535900000000000034e+02
2.541100000000000136e+02
2.543100000000000023e+02
2.547800000000000011e+02
2.550800000000000125e+02
2.552300000000000182e+02
2.553000000000000114e+02
2.553199999999999932e+02
2.553900000000000148e+02
2.557300000000000182e+02
2.558400000000000034e+02
2.559000000000000057e+02
2.560000000000000000e+02
2.560099999999999909e+02
2.562699999999999818e+02
2.563199999999999932e+02
2.564900000000000091e+02
2.567200000000000273e+02
2.567900000000000205e+02
2.569599999999999795e+02
2.571399999999999864e+02
2.578500000000000227e+02
2.591299999999999955e+02
2.593000000000000114e+02
2.593000000000000114e+02
2.603199999999999932e+02
2.610500000000000114e+02
2.683299999999999841e+02
2.696800000000000068e+02
2.701000000000000227e+02
2.706499999999999773e+02
2.706899999999999977e+02
2.711299999999999955e+02
2.712300000000000182e+02
2.713400000000000318e+02
2.713600000000000136e+02
2.713799999999999955e+02
2.713799999999999955e+02
2.714599999999999795e+02
2.715500000000000114e+02
2.716299999999999955e+02
2.716999999999999886e+02
2.717599999999999909e+02
2.726399999999999864e+02
2.727300000000000182e+02
2.728000000000000114e+02
2.732500000000000000e+02
2.735199999999999818e+02
2.736999999999999886e+02
2.738500000000000227e+02
2.738899999999999864e+02
2.739800000000000182e+02
2.741999999999999886e+02
2.751800000000000068e+02
2.761800000000000068e+02
2.767900000000000205e+02
2.768199999999999932e+02
2.769499999999999886e+02
2.864000000000000341e+02
2.870600000000000023e+02
2.871299999999999955e+02
2.873700000000000045e+02
2.876999999999999886e+02
2.877400000000000091e+02
2.884499999999999886e+02
2.887500000000000000e+02
2.891700000000000159e+02
2.892300000000000182e+02
2.894100000000000250e+02
2.895300000000000296e+02
2.898600000000000136e+02
2.903500000000000227e+02
2.904700000000000273e+02
2.905600000000000023e+02
2.908600000000000136e+02
2.914200000000000159e+02
2.916999999999999886e+02
2.917200000000000273e+02
2.919700000000000273e+02
2.919800000000000182e+02
2.925600000000000023e+02
3.023400000000000318e+02
3.024499999999999886e+02
3.033799999999999955e+02
3.037699999999999818e+02
3.043299999999999841e+02
3.044499999999999886e+02
3.045799999999999841e+02
3.046999999999999886e+02
3.051800000000000068e+02
3.052599999999999909e+02
3.053000000000000114e+02
3.053199999999999932e+02
3.055699999999999932e+02
3.058700000000000045e+02
3.058799999999999955e+02
3.061600000000000250e+02
3.063100000000000023e+02
3.068299999999999841e+02
3.072400000000000091e+02
3.073600000000000136e+02
3.074000000000000341e+02
3.074800000000000182e+02
3.080500000000000114e+02
3.087300000000000182e+02
3.096999999999999886e+02
3.102400000000000091e+02
3.112900000000000205e+02
3.186700000000000159e+02
3.187300000000000182e+02
3.188199999999999932e+02
3.190000000000000000e+02
3.196200000000000045e+02
3.202099999999999795e+02
3.208899999999999864e+02
3.211600000000000250e+02
3.212699999999999818e+02
3.213400000000000318e+02
3.213899999999999864e+02
3.214300000000000068e+02
3.218600000000000136e+02
3.225900000000000318e+02
3.227500000000000000e+02
3.230099999999999909e+02
3.231899999999999977e+02
3.233700000000000045e+02
3.234399999999999977e+02
3.239399999999999977e+02
3.245699999999999932e+02
3.247900000000000205e+02
3.254300000000000068e+02
3.261999999999999886e+02
3.279300000000000068e+02
3.340799999999999841e+02
3.358400000000000318e+02
3.367599999999999909e+02
3.368700000000000045e+02
3.369100000000000250e+02
3.370300000000000296e+02
3.376200000000000045e+02
3.377900000000000205e+02
3.377900000000000205e+02
3.382300000000000182e+02
3.383199999999999932e+02
3.389100000000000250e+02
3.389399999999999977e+02
3.390199999999999818e+02
3.394200000000000159e+02
3.394599999999999795e+02
3.395000000000000000e+02
3.396000000000000227e+02
3.405699999999999932e+02
3.406100000000000136e+02
3.407599999999999909e+02
3.414399999999999977e+02
3.415500000000000114e+02
3.415699999999999932e+02
3.416800000000000068e+02
3.416999999999999886e+02
3.428000000000000114e+02
3.433400000000000318e+02
3.435300000000000296e+02
3.511700000000000159e+02
3.522200000000000273e+02
3.528400000000000318e+02
3.530500000000000114e+02
3.531800000000000068e+02
3.532699999999999818e+02
3.533000000000000114e+02
3.534900000000000091e+02
3.540000000000000000e+02
3.544900000000000091e+02
3.546700000000000159e+02
3.550099999999999909e+02
3.554399999999999977e+02
3.554800000000000182e+02
3.559800000000000182e+02
3.560600000000000023e+02
3.562599999999999909e+02
3.563400000000000318e+02
3.563500000000000227e+02
3.563700000000000045e+02
3.567500000000000000e+02
3.569800000000000182e+02
3.571800000000000068e+02
3.571899999999999977e+02
3.574200000000000159e+02
3.575300000000000296e+02
3.576999999999999886e+02
3.585699999999999932e+02
3.586299999999999955e+02
3.589700000000000273e+02
3.591200000000000045e+02
3.596500000000000341e+02
3.597099999999999795e+02
3.597500000000000000e+02
3.599599999999999795e+02
3.611500000000000341e+02
3.682699999999999818e+02
3.683000000000000114e+02
3.688899999999999864e+02
3.689499999999999886e+02
3.698899999999999864e+02
3.701100000000000136e+02
3.704900000000000091e+02
3.707900000000000205e+02
3.708100000000000023e+02
3.711800000000000068e+02
3.713199999999999932e+02
3.715099999999999909e+02
3.716700000000000159e+02
3.717400000000000091e+02
3.718199999999999932e+02
3.720000000000000000e+02
3.720099999999999909e+02
3.722699999999999818e+02
3.728799999999999955e+02
3.730300000000000296e+02
3.733299999999999841e+02
3.734399999999999977e+02
3.734900000000000091e+02
3.736600000000000250e+02
3.736999999999999886e+02
3.739800000000000182e+02
3.744499999999999886e+02
3.744900000000000091e+02
3.746200000000000045e+02
3.751600000000000250e+02
3.752099999999999795e+02
3.757099999999999795e+02
3.762900000000000205e+02
3.765699999999999932e+02
3.766899999999999977e+02
3.850000000000000000e+02
3.855699999999999932e+02
3.856700000000000159e+02
3.858000000000000114e+02
3.861800000000000068e+02
3.864399999999999977e+02
3.871100000000000136e+02
3.872900000000000205e+02
3.875199999999999818e+02
3.879600000000000364e+02
3.879900000000000091e+02
3.885300000000000296e+02
3.886899999999999977e+02
3.889499999999999886e+02
3.889499999999999886e+02
3.895300000000000296e+02
3.898199999999999932e+02
3.898799999999999955e+02
3.900199999999999818e+02
3.900699999999999932e+02
3.901299999999999955e+02
3.901600000000000250e+02
3.908000000000000114e+02
3.915900000000000318e+02
3.916500000000000341e+02
3.918400000000000318e+02
3.922100000000000364e+02
3.926500000000000341e+02
3.930400000000000205e+02
3.932100000000000364e+02
3.945400000000000205e+02
3.998299999999999841e+02
4.014200000000000159e+02
4.019000000000000341e+02
4.022300000000000182e+02
4.024200000000000159e+02
4.026000000000000227e+02
4.030400000000000205e+02
4.038000000000000114e+02
4.038100000000000023e+02
4.038100000000000023e+02
4.039100000000000250e+02
4.050699999999999932e+02
4.053799999999999955e+02
4.059499999999999886e+02
4.060099999999999909e+02
4.060500000000000114e+02
4.060600000000000023e+02
4.061000000000000227e+02
4.066800000000000068e+02
4.068400000000000318e+02
4.070300000000000296e+02
4.071700000000000159e+02
4.076600000000000250e+02
4.079499999999999886e+02
4.081000000000000227e+02
4.085000000000000000e+02
4.085799999999999841e+02
4.091200000000000045e+02
4.092900000000000205e+02
4.100699999999999932e+02
4.102400000000000091e+02
4.113000000000000114e+02
4.182599999999999909e+02
4.186800000000000068e+02
4.188799999999999955e+02
4.190400000000000205e+02
4.195099999999999909e+02
4.204900000000000091e+02
4.205799999999999841e+02
4.209200000000000159e+02
4.214200000000000159e+02
4.216500000000000341e+02
4.220199999999999818e+02
4.222900000000000205e+02
4.222900000000000205e+02
4.223899999999999864e+02
4.228799999999999955e+02
4.230000000000000000e+02
4.232599999999999909e+02
4.236000000000000227e+02
4.236200000000000045e+02
4.237400000000000091e+02
4.243700000000000045e+02
4.244000000000000341e+02
4.244499999999999886e+02
4.255300000000000296e+02
4.258299999999999841e+02
4.258600000000000136e+02
4.260400000000000205e+02
4.264000000000000341e+02
4.267599999999999909e+02
4.268100000000000023e+02
4.351600000000000250e+02
4.352300000000000182e+02
4.360199999999999818e+02
4.363100000000000023e+02
4.372900000000000205e+02
4.377400000000000091e+02
4.379600000000000364e+02
4.380000000000000000e+02
4.382200000000000273e+02
4.385500000000000114e+02
4.386800000000000068e+02
4.386800000000000068e+02
4.386800000000000068e+02
4.390199999999999818e+02
4.396500000000000341e+02
4.396500000000000341e+02
4.399499999999999886e+02
4.403199999999999932e+02
4.404600000000000364e+02
4.405400000000000205e+02
4.410699999999999932e+02
4.411999999999999886e+02
4.414600000000000364e+02
4.420099999999999909e+02
4.427699999999999818e+02
4.431700000000000159e+02
4.433700000000000045e+02
4.443199999999999932e+02
4.500799999999999841e+02
4.505300000000000296e+02
4.514300000000000068e+02
4.522599999999999909e+02
4.524000000000000341e+02
4.526100000000000136e+02
4.529800000000000182e+02
4.530799999999999841e+02
4.532400000000000091e+02
4.539300000000000068e+02
4.541899999999999977e+02
4.548100000000000023e+02
4.548400000000000318e+02
4.550400000000000205e+02
4.553000000000000114e+02
4.553299999999999841e+02
4.554700000000000273e+02
4.557300000000000182e+02
4.559399999999999977e+02
4.561899999999999977e+02
4.564700000000000273e+02
4.564800000000000182e+02
4.577300000000000182e+02
4.579399999999999977e+02
4.582200000000000273e+02
4.582800000000000296e+02
4.592200000000000273e+02
4.592599999999999909e+02
4.596100000000000136e+02
4.671600000000000250e+02
4.689200000000000159e+02
4.692200000000000273e+02
4.697400000000000091e+02
4.697699999999999818e+02
4.701700000000000159e+02
4.706100000000000136e+02
4.708700000000000045e+02
4.713199999999999932e+02
4.718400000000000318e+02
4.720199999999999818e+02
4.722300000000000182e+02
4.727400000000000091e+02
4.731200000000000045e+02
4.735799999999999841e+02
4.736600000000000250e+02
4.739100000000000250e+02
4.739200000000000159e+02
4.740300000000000296e+02
4.753299999999999841e+02
4.754300000000000068e+02
4.755000000000000000e+02
4.755500000000000114e+02
4.760400000000000205e+02
4.775300000000000296e+02
4.844100000000000250e+02
4.846700000000000159e+02
4.851299999999999955e+02
4.862300000000000182e+02
4.868199999999999932e+02
4.871800000000000068e+02
4.874900000000000091e+02
4.875699999999999932e+02
4.876399999999999864e+02
4.881100000000000136e+02
4.885099999999999909e+02
4.885699999999999932e+02
4.891500000000000341e+02
4.896899999999999977e+02
4.900799999999999841e+02
4.906100000000000136e+02
4.908000000000000114e+02
4.908799999999999955e+02
4.908799999999999955e+02
4.910099999999999909e+02
4.913000000000000114e+02
4.922300000000000182e+02
4.936999999999999886e+02
4.937200000000000273e+02
4.954100000000000250e+02
4.961299999999999955e+02
5.006700000000000159e+02
5.009399999999999977e+02
5.012599999999999909e+02
5.027500000000000000e+02
5.027700000000000387e+02
5.030600000000000023e+02
5.031200000000000045e+02
5.034100000000000250e+02
5.037400000000000091e+02
5.046899999999999977e+02
5.052900000000000205e+02
5.053400000000000318e+02
5.058100000000000023e+02
5.062100000000000364e+02
5.064800000000000182e+02
5.065500000000000114e+02
5.069600000000000364e+02
5.072700000000000387e+02
5.075300000000000296e+02
5.077599999999999909e+02
5.080300000000000296e+02
5.086600000000000250e+02
5.087800000000000296e+02
5.088299999999999841e+02
5.094300000000000068e+02
5.101000000000000227e+02
5.104600000000000364e+02
5.109399999999999977e+02
5.113600000000000136e+02
5.165499999999999545e+02
5.167999999999999545e+02
5.170900000000000318e+02
5.173400000000000318e+02
5.184300000000000637e+02
5.192799999999999727e+02
5.195800000000000409e+02
5.201900000000000546e+02
5.202400000000000091e+02
5.202699999999999818e+02
5.209800000000000182e+02
5.210800000000000409e+02
5.211699999999999591e+02
5.215700000000000500e+02
5.219199999999999591e+02
5.219800000000000182e+02
5.220099999999999909e+02
5.223999999999999773e+02
5.230600000000000591e+02
5.231800000000000637e+02
5.233400000000000318e+02
5.239400000000000546e+02
5.245199999999999818e+02
5.248799999999999955e+02
5.249300000000000637e+02
5.249900000000000091e+02
5.271499999999999773e+02
5.278200000000000500e+02
5.279400000000000546e+02
5.284300000000000637e+02
5.284800000000000182e+02
5.307200000000000273e+02
5.349099999999999682e+02
5.353500000000000227e+02
5.357799999999999727e+02
5.363899999999999864e+02
5.369099999999999682e+02
5.370800000000000409e+02
5.371100000000000136e+02
5.371399999999999864e+02
5.372000000000000455e+02
5.372899999999999636e+02
5.377400000000000091e+02
5.383300000000000409e+02
5.388799999999999955e+02
5.393700000000000045e+02
5.393799999999999955e+02
5.394300000000000637e+02
5.396299999999999955e+02
5.401599999999999682e+02
5.405499999999999545e+02
5.410399999999999636e+02
5.414199999999999591e+02
5.417400000000000091e+02
5.434900000000000091e+02
5.436599999999999682e+02
5.489400000000000546e+02
5.530700000000000500e+02
5.535299999999999727e+02
5.537100000000000364e+02
5.542899999999999636e+02
5.543799999999999955e+02
5.547100000000000364e+02
5.550500000000000682e+02
5.551299999999999955e+02
5.553100000000000591e+02
5.565199999999999818e+02
5.568500000000000227e+02
5.569400000000000546e+02
5.569900000000000091e+02
5.571200000000000045e+02
5.581100000000000136e+02
5.581299999999999955e+02
5.584500000000000455e+02
5.587699999999999818e+02
5.589099999999999682e+02
5.590800000000000409e+02
5.593300000000000409e+02
5.638899999999999864e+02
5.659900000000000091e+02
5.678000000000000682e+02
5.680000000000000000e+02
5.686699999999999591e+02
5.693000000000000682e+02
5.694900000000000091e+02
5.707599999999999909e+02
5.708600000000000136e+02
5.710500000000000682e+02
5.712200000000000273e+02
5.712699999999999818e+02
5.713500000000000227e+02
5.721699999999999591e+02
5.721800000000000637e+02
5.722400000000000091e+02
5.729400000000000546e+02
5.729600000000000364e+02
5.731200000000000045e+02
5.736900000000000546e+02
5.739900000000000091e+02
5.742500000000000000e+02
5.746499999999999773e+02
5.751100000000000136e+02
5.760299999999999727e+02
5.760700000000000500e+02
5.770800000000000409e+02
5.819900000000000091e+02
5.821200000000000045e+02
5.846000000000000227e+02
5.849099999999999682e+02
5.855500000000000682e+02
5.857500000000000000e+02
5.857599999999999909e+02
5.858500000000000227e+02
5.859800000000000182e+02
5.860299999999999727e+02
5.863500000000000227e+02
5.872500000000000000e+02
5.874099999999999682e+02
5.877100000000000364e+02
5.882899999999999636e+02
5.885399999999999636e+02
5.888400000000000318e+02
5.889600000000000364e+02
5.892200000000000273e+02
5.893500000000000227e+02
5.895299999999999727e+02
5.901000000000000227e+02
5.902200000000000273e+02
5.903999999999999773e+02
5.907100000000000364e+02
5.918600000000000136e+02
5.918899999999999864e+02
5.920399999999999636e+02
5.929199999999999591e+02
5.933200000000000500e+02
5.938700000000000045e+02
5.940800000000000409e+02
5.954900000000000091e+02
5.965399999999999636e+02
5.971599999999999682e+02
5.977100000000000364e+02
6.009300000000000637e+02
6.013999999999999773e+02
6.026599999999999682e+02
6.028799999999999955e+02
6.030000000000000000e+02
6.032899999999999636e+02
6.034400000000000546e+02
6.040700000000000500e+02
6.046299999999999955e+02
6.050399999999999636e+02
6.050500000000000682e+02
6.051200000000000045e+02
6.058700000000000045e+02
6.058700000000000045e+02
6.059199999999999591e+02
6.060000000000000000e+02
6.066399999999999864e+02
6.070600000000000591e+02
6.072699999999999818e+02
6.086200000000000045e+02
6.088600000000000136e+02
6.092599999999999909e+02
6.093100000000000591e+02
6.098400000000000318e+02
6.099099999999999682e+02
6.106100000000000136e+02
6.123000000000000682e+02
6.152100000000000364e+02
6.164600000000000364e+02
6.176699999999999591e+02
6.181100000000000136e+02
6.185299999999999727e+02
6.187500000000000000e+02
6.191699999999999591e+02
6.197100000000000364e+02
6.199099999999999682e+02
6.202000000000000455e+02
6.208000000000000682e+02
6.210700000000000500e+02
6.221800000000000637e+02
6.224700000000000273e+02
6.227300000000000182e+02
6.229400000000000546e+02
6.233000000000000682e+02
6.237300000000000182e+02
6.238100000000000591e+02
6.240099999999999909e+02
6.249199999999999591e+02
6.255099999999999909e+02
6.259400000000000546e+02
6.260900000000000318e+02
6.277400000000000091e+02
6.290299999999999727e+02
6.294700000000000273e+02
6.296299999999999955e+02
6.327000000000000455e+02
6.330399999999999636e+02
6.345700000000000500e+02
6.352300000000000182e+02
6.355299999999999727e+02
6.362200000000000273e+02
6.367100000000000364e+02
6.370700000000000500e+02
6.381100000000000136e+02
6.385900000000000318e+02
6.386900000000000546e+02
6.390700000000000500e+02
6.391699999999999591e+02
6.392100000000000364e+02
6.395800000000000409e+02
6.416900000000000546e+02
6.423000000000000682e+02
6.432599999999999909e+02
6.441599999999999682e+02
6.454700000000000273e+02
6.471100000000000136e+02
6.497200000000000273e+02
6.502200000000000273e+02
6.511200000000000045e+02
6.511299999999999955e+02
6.512500000000000000e+02
6.514099999999999682e+02
6.524500000000000455e+02
6.525099999999999909e+02
6.534199999999999591e+02
6.535500000000000682e+02
6.543200000000000500e+02
6.544800000000000182e+02
6.549099999999999682e+02
6.551200000000000045e+02
6.555800000000000409e+02
6.558899999999999864e+02
6.561399999999999864e+02
6.562699999999999818e+02
6.563999999999999773e+02
6.567100000000000364e+02
6.579099999999999682e+02
6.583999999999999773e+02
6.587500000000000000e+02
6.587599999999999909e+02
6.600900000000000318e+02
6.607200000000000273e+02
6.626299999999999955e+02
6.636100000000000136e+02
6.648000000000000682e+02
6.667000000000000455e+02
6.682000000000000455e+02
6.683600000000000136e+02
6.683700000000000045e+02
6.684199999999999591e+02
6.691299999999999955e+02
6.700800000000000409e+02
6.702100000000000364e+02
6.702799999999999727e+02
6.704700000000000273e+02
6.707200000000000273e+02
6.711800000000000637e+02
6.724700000000000273e+02
6.724800000000000182e+02
6.729099999999999682e+02
6.729099999999999682e+02
6.730099999999999909e+02
6.745099999999999909e+02
6.745500000000000682e+02
6.746599999999999682e+02
6.751100000000000136e+02
6.751499999999999773e+02
6.762899999999999636e+02
6.767100000000000364e+02
6.770399999999999636e+02
6.774199999999999591e+02
6.779500000000000455e+02
6.786699999999999591e+02
6.795199999999999818e+02
6.811900000000000546e+02
6.848400000000000318e+02
6.854700000000000273e+02
6.859600000000000364e+02
6.860900000000000318e+02
6.864700000000000273e+02
6.865000000000000000e+02
6.871499999999999773e+02
6.886299999999999955e+02
6.886299999999999955e+02
6.886399999999999864e+02
6.886599999999999682e+02
6.891100000000000136e+02
6.891800000000000637e+02
6.892100000000000364e+02
6.898300000000000409e+02
6.906299999999999955e+02
6.913500000000000227e+02
6.918700000000000045e+02
6.918799999999999955e+02
6.923799999999999955e+02
6.929400000000000546e+02
6.935000000000000000e+02
6.942000000000000455e+02
6.961399999999999864e+02
6.962799999999999727e+02
6.976900000000000546e+02
6.994300000000000637e+02
7.003700000000000045e+02
7.006000000000000227e+02
7.016800000000000637e+02
7.028000000000000682e+02
7.031699999999999591e+02
7.036100000000000136e+02
7.038700000000000045e+02
7.042799999999999727e+02
7.043700000000000045e+02
7.046299999999999955e+02
7.054700000000000273e+02
7.058100000000000591e+02
7.058300000000000409e+02
7.065500000000000682e+02
7.067500000000000000e+02
7.067799999999999727e+02
7.067799999999999727e+02
7.077000000000000455e+02
7.084700000000000273e+02
7.086499999999999773e+02
7.090099999999999909e+02
7.093100000000000591e+02
7.107200000000000273e+02
7.108799999999999955e+02
7.109300000000000637e+02
7.109600000000000364e+02
7.121399999999999864e+02
7.135700000000000500e+02
7.143500000000000227e+02
7.153600000000000136e+02
7.160600000000000591e+02
7.163999999999999773e+02
7.171900000000000546e+02
7.172899999999999636e+02
7.175600000000000591e+02
7.184199999999999591e+02
7.186000000000000227e+02
7.195299999999999727e+02
7.195700000000000500e+02
7.198100000000000591e+02
7.213899999999999864e+02
7.217699999999999818e+02
7.219700000000000273e+02
7.229500000000000455e+02
7.229900000000000091e+02
7.232400000000000091e+02
7.241000000000000227e+02
7.243700000000000045e+02
7.247200000000000273e+02
7.248999999999999773e+02
7.251100000000000136e+02
7.257599999999999909e+02
7.269500000000000455e+02
7.271599999999999682e+02
7.280700000000000500e+02
7.292200000000000273e+02
7.296599999999999682e+02
7.325399999999999636e+02
7.327000000000000455e+02
7.329300000000000637e+02
7.337200000000000273e+02
7.346699999999999591e+02
7.346800000000000637e+02
7.347200000000000273e+02
7.354800000000000182e+02
7.361299999999999955e+02
7.372200000000000273e+02
7.373999999999999773e+02
7.377899999999999636e+02
7.377899999999999636e+02
7.382699999999999818e+02
7.383999999999999773e+02
7.390500000000000682e+02
7.391200000000000045e+02
7.393400000000000318e+02
7.406499999999999773e+02
7.413100000000000591e+02
7.417400000000000091e+02
7.422300000000000182e+02
7.432599999999999909e+02
7.438500000000000227e+02
7.440099999999999909e+02
7.492799999999999727e+02
7.503100000000000591e+02
7.507000000000000455e+02
7.513799999999999955e+02
7.522899999999999636e+02
7.528700000000000045e+02
7.538899999999999864e+02
7.542000000000000455e+02
7.543500000000000227e+02
7.552300000000000182e+02
7.553700000000000045e+02
7.560700000000000500e+02
7.574900000000000091e+02
7.575299999999999727e+02
7.575900000000000318e+02
7.580299999999999727e+02
7.581499999999999773e+02
7.585700000000000500e+02
7.587799999999999727e+02
7.590600000000000591e+02
7.591399999999999864e+02
7.597100000000000364e+02
7.609900000000000091e+02
7.610900000000000318e+02
7.613200000000000500e+02
7.640900000000000318e+02
7.657699999999999818e+02
7.668799999999999955e+02
7.671299999999999955e+02
7.674500000000000455e+02
7.678100000000000591e+02
7.681100000000000136e+02
7.682799999999999727e+02
7.686100000000000136e+02
7.698200000000000500e+02
7.703600000000000136e+02
7.704400000000000546e+02
7.705099999999999909e+02
7.706000000000000227e+02
7.706800000000000637e+02
7.715800000000000409e+02
7.715800000000000409e+02
7.720800000000000409e+02
7.728400000000000318e+02
7.736399999999999864e+02
7.741499999999999773e+02
7.745000000000000000e+02
7.755099999999999909e+02
7.755399999999999636e+02
7.766700000000000728e+02
7.767799999999999727e+02
7.785299999999999727e+02
7.813999999999999773e+02
7.814400000000000546e+02
7.821399999999999864e+02
7.822300000000000182e+02
7.839400000000000546e+02
7.843200000000000500e+02
7.847200000000000273e+02
7.849600000000000364e+02
7.855900000000000318e+02
7.858100000000000591e+02
7.860399999999999636e+02
7.871200000000000045e+02
7.878500000000000227e+02
7.883300000000000409e+02
7.884600000000000364e+02
7.891299999999999955e+02
7.892599999999999909e+02
7.893300000000000409e+02
7.898200000000000500e+02
7.898799999999999955e+02
7.903100000000000591e+02
7.912699999999999818e+02
7.914099999999999682e+02
7.919800000000000182e+02
7.929600000000000364e+02
7.931200000000000045e+02
7.937699999999999818e+02
7.942300000000000182e+02
7.943799999999999955e+02
7.947300000000000182e+02
7.975500000000000682e+02
7.978400000000000318e+02
7.985099999999999909e+02
7.993500000000000227e+02
7.995600000000000591e+02
7.998899999999999864e+02
8.011700000000000728e+02
8.017300000000000182e+02
8.019200000000000728e+02
8.022799999999999727e+02
8.023700000000000045e+02
8.028899999999999864e+02
8.038999999999999773e+02
8.040000000000000000e+02
8.042300000000000182e+02
8.046800000000000637e+02
8.048200000000000500e+02
8.052000000000000455e+02
8.056399999999999864e+02
8.061700000000000728e+02
8.065600000000000591e+02
8.070800000000000409e+02
8.074099999999999682e+02
8.075700000000000500e+02
8.081299999999999955e+02
8.091599999999999682e+02
8.092300000000000182e+02
8.094600000000000364e+02
8.107100000000000364e+02
8.113700000000000045e+02
8.117400000000000091e+02
8.117699999999999818e+02
8.122200000000000273e+02
8.135099999999999909e+02
8.139900000000000091e+02
8.150900000000000318e+02
8.155299999999999727e+02
8.160299999999999727e+02
8.185900000000000318e+02
8.186399999999999864e+02
8.187100000000000364e+02
8.191900000000000546e+02
8.192699999999999818e+02
8.201499999999999773e+02
8.205000000000000000e+02
8.207500000000000000e+02
8.208500000000000227e+02
8.212500000000000000e+02
8.221800000000000637e+02
8.226700000000000728e+02
8.230700000000000500e+02
8.234300000000000637e+02
8.256100000000000136e+02
8.260099999999999909e+02
8.261200000000000045e+02
8.269400000000000546e+02
8.273999999999999773e+02
8.274700000000000273e+02
8.282599999999999909e+02
8.283899999999999864e+02
8.285399999999999636e+02
8.317300000000000182e+02
8.319400000000000546e+02
8.328799999999999955e+02
8.339900000000000091e+02
8.344500000000000455e+02
8.345399999999999636e+02
8.350600000000000591e+02
8.352200000000000273e+02
8.352899999999999636e+02
8.363799999999999955e+02
8.364900000000000091e+02
8.371499999999999773e+02
8.376000000000000227e+02
8.385099999999999909e+02
8.385800000000000409e+02
8.399400000000000546e+02
8.399500000000000455e+02
8.400600000000000591e+02
8.406200000000000045e+02
8.407799999999999727e+02
8.407799999999999727e+02
8.415000000000000000e+02
8.415099999999999909e+02
8.416399999999999864e+02
8.431100000000000136e+02
8.444900000000000091e+02
8.455800000000000409e+02
8.491800000000000637e+02
8.501100000000000136e+02
8.507000000000000455e+02
8.514099999999999682e+02
8.519400000000000546e+02
8.528799999999999955e+02
8.537100000000000364e+02
8.546000000000000227e+02
8.556900000000000546e+02
8.559700000000000273e+02
8.560299999999999727e+02
8.572899999999999636e+02
8.576499999999999773e+02
8.582100000000000364e+02
8.587899999999999636e+02
8.595399999999999636e+02
8.599300000000000637e+02
8.607200000000000273e+02
8.609900000000000091e+02
8.631000000000000227e+02
8.643400000000000318e+02
8.648200000000000500e+02
8.652799999999999727e+02
8.666299999999999955e+02
8.667200000000000273e+02
8.673000000000000682e+02
8.673300000000000409e+02
8.688600000000000136e+02
8.692799999999999727e+02
8.695199999999999818e+02
8.697899999999999636e+02
8.700800000000000409e+02
8.710800000000000409e+02
8.717000000000000455e+02
8.723400000000000318e+02
8.724700000000000273e+02
8.733500000000000227e+02
8.742899999999999636e+02
8.748100000000000591e+02
8.750199999999999818e+02
8.751900000000000546e+02
8.758200000000000500e+02
8.760000000000000000e+02
8.771000000000000227e+02
8.791700000000000728e+02
8.802699999999999818e+02
8.803300000000000409e+02
8.804300000000000637e+02
8.808100000000000591e+02
8.823300000000000409e+02
8.838300000000000409e+02
8.844300000000000637e+02
8.844500000000000455e+02
8.844700000000000273e+02
8.850800000000000409e+02
8.860900000000000318e+02
8.865900000000000318e+02
8.867599999999999909e+02
8.882599999999999909e+02
8.882799999999999727e+02
8.887500000000000000e+02
8.892799999999999727e+02
8.896599999999999682e+02
8.902100000000000364e+02
8.908600000000000136e+02
8.912300000000000182e+02
8.923200000000000500e+02
8.925000000000000000e+02
8.933400000000000318e+02
8.935800000000000409e+02
8.943799999999999955e+02
8.954300000000000637e+02
8.956399999999999864e+02
8.957599999999999909e+02
8.959400000000000546e+02
8.986900000000000546e+02
8.988400000000000318e+02
9.008100000000000591e+02
9.016100000000000136e+02
9.028600000000000136e+02
9.030299999999999727e+02
9.033999999999999773e+02
9.041499999999999773e+02
9.041800000000000637e+02
9.043899999999999864e+02
9.061800000000000637e+02
9.062400000000000091e+02
9.065800000000000409e+02
9.082500000000000000e+02
9.085299999999999727e+02
9.091299999999999955e+02
9.091499999999999773e+02
9.097300000000000182e+02
9.119500000000000455e+02
9.133600000000000136e+02
9.140099999999999909e+02
9.141800000000000637e+02
9.149700000000000273e+02
9.169700000000000273e+02
9.178100000000000591e+02
9.186900000000000546e+02
9.187000000000000455e+02
9.191000000000000227e+02
9.191700000000000728e+02
9.196000000000000227e+02
9.198600000000000136e+02
9.203600000000000136e+02
9.218799999999999955e+02
9.219400000000000546e+02
9.227300000000000182e+02
9.233500000000000227e+02
9.235900000000000318e+02
9.243400000000000318e+02
9.246800000000000637e+02
9.254700000000000273e+02
9.263400000000000318e+02
9.275399999999999636e+02
9.276700000000000728e+02
9.282799999999999727e+02
9.292000000000000455e+02
9.297400000000000091e+02
9.301800000000000637e+02
9.316399999999999864e+02
9.318100000000000591e+02
9.328000000000000682e+02
9.330500000000000682e+02
9.341800000000000637e+02
9.345700000000000500e+02
9.347699999999999818e+02
9.360700000000000500e+02
9.363200000000000500e+02
9.365700000000000500e+02
9.367200000000000273e+02
9.381299999999999955e+02
9.383600000000000136e+02
9.384700000000000273e+02
9.389900000000000091e+02
9.396000000000000227e+02
9.397300000000000182e+02
9.402500000000000000e+02
9.413100000000000591e+02
9.417599999999999909e+02
9.423100000000000591e+02
9.423700000000000045e+02
9.437599999999999909e+02
9.450800000000000409e+02
9.454600000000000364e+02
9.455800000000000409e+02
9.461599999999999682e+02
9.473200000000000500e+02
9.482100000000000364e+02
9.483500000000000227e+02
9.484700000000000273e+02
9.485000000000000000e+02
9.485600000000000591e+02
9.498400000000000318e+02
9.504800000000000182e+02
9.505500000000000682e+02
9.506000000000000227e+02
9.510600000000000591e+02
9.513300000000000409e+02
9.521800000000000637e+02
9.539700000000000273e+02
9.542400000000000091e+02
9.542400000000000091e+02
9.561299999999999955e+02
9.561900000000000546e+02
9.574500000000000455e+02
9.575299999999999727e+02
9.583400000000000318e+02
9.585000000000000000e+02
9.599700000000000273e+02
9.602100000000000364e+02
9.606299999999999955e+02
9.607699999999999818e+02
9.616499999999999773e+02
9.623200000000000500e+02
9.636599999999999682e+02
9.638200000000000500e+02
9.647699999999999818e+02
9.659500000000000455e+02
9.672200000000000273e+02
9.673400000000000318e+02
9.678799999999999955e+02
9.691499999999999773e+02
9.698300000000000409e+02
9.700399999999999636e+02
9.701399999999999864e+02
9.705399999999999636e+02
9.713000000000000682e+02
9.724600000000000364e+02
9.724800000000000182e+02
9.725299999999999727e+02
9.727799999999999727e+02
9.730600000000000591e+02
9.749099999999999682e+02
9.751399999999999864e+02
9.752000000000000455e+02
9.755000000000000000e+02
9.767500000000000000e+02
9.775000000000000000e+02
9.776700000000000728e+02
9.778799999999999955e+02
9.785299999999999727e+02
9.789400000000000546e+02
9.791800000000000637e+02
9.804200000000000728e+02
9.804800000000000182e+02
9.810399999999999636e+02
9.811700000000000728e+02
9.815900000000000318e+02
9.833100000000000591e+02
9.841499999999999773e+02
9.850000000000000000e+02
9.853000000000000682e+02
9.854600000000000364e+02
9.861700000000000728e+02
9.863700000000000045e+02
9.877900000000000773e+02
9.885700000000000500e+02
9.888400000000000318e+02
9.889900000000000091e+02
9.891900000000000546e+02
9.897900000000000773e+02
9.911100000000000136e+02
9.911900000000000546e+02
9.912200000000000273e+02
9.921299999999999955e+02
9.924200000000000728e+02
9.928200000000000500e+02
9.930700000000000500e+02
9.949700000000000273e+02
9.955000000000000000e+02
9.962200000000000273e+02
9.962500000000000000e+02
9.975299999999999727e+02
9.990900000000000318e+02
9.992400000000000091e+02
