6.390000000000000568e+00
7.070000000000000284e+00
7.740000000000000213e+00
8.500000000000000000e+00
9.509999999999999787e+00
1.056000000000000050e+01
1.057000000000000028e+01
1.249000000000000021e+01
1.262000000000000099e+01
1.266000000000000014e+01
1.467999999999999972e+01
1.483999999999999986e+01
1.491999999999999993e+01
1.535999999999999943e+01
1.676000000000000156e+01
1.692000000000000171e+01
1.741000000000000014e+01
1.885999999999999943e+01
1.910000000000000142e+01
1.951000000000000156e+01
2.103999999999999915e+01
2.125000000000000000e+01
2.164000000000000057e+01
2.341000000000000014e+01
5.585000000000000142e+01
5.610000000000000142e+01
5.664000000000000057e+01
5.827000000000000313e+01
5.880000000000000426e+01
5.991000000000000369e+01
6.038000000000000256e+01
6.087000000000000455e+01
6.217000000000000171e+01
6.246000000000000085e+01
6.295000000000000284e+01
6.442000000000000171e+01
6.451999999999999602e+01
6.507999999999999829e+01
6.657000000000000739e+01
6.657000000000000739e+01
6.717000000000000171e+01
6.865999999999999659e+01
6.881000000000000227e+01
6.895000000000000284e+01
6.923999999999999488e+01
7.089000000000000057e+01
7.262999999999999545e+01
7.318000000000000682e+01
1.061000000000000085e+02
1.077500000000000000e+02
1.082800000000000011e+02
1.083299999999999983e+02
1.099200000000000017e+02
1.103500000000000085e+02
1.103700000000000045e+02
1.121299999999999955e+02
1.124399999999999977e+02
1.125000000000000000e+02
1.134500000000000028e+02
1.145199999999999960e+02
1.145700000000000074e+02
1.156200000000000045e+02
1.166099999999999994e+02
1.168100000000000023e+02
1.177800000000000011e+02
1.187000000000000028e+02
1.189300000000000068e+02
1.199800000000000040e+02
1.210799999999999983e+02
1.213500000000000085e+02
1.235600000000000023e+02
1.239000000000000057e+02
1.558000000000000114e+02
1.577100000000000080e+02
1.580399999999999920e+02
1.582500000000000000e+02
1.599099999999999966e+02
1.603499999999999943e+02
1.604200000000000159e+02
1.604699999999999989e+02
1.619799999999999898e+02
1.625300000000000011e+02
1.625300000000000011e+02
1.633300000000000125e+02
1.640300000000000011e+02
1.645800000000000125e+02
1.657000000000000171e+02
1.661299999999999955e+02
1.666899999999999977e+02
1.679200000000000159e+02
1.681899999999999977e+02
1.688000000000000114e+02
1.702199999999999989e+02
1.702400000000000091e+02
1.709600000000000080e+02
1.725800000000000125e+02
2.058900000000000148e+02
2.061899999999999977e+02
2.063000000000000114e+02
2.079699999999999989e+02
2.083499999999999943e+02
2.084699999999999989e+02
2.094000000000000057e+02
2.100500000000000114e+02
2.104399999999999977e+02
2.105900000000000034e+02
2.121500000000000057e+02
2.126800000000000068e+02
2.127599999999999909e+02
2.142100000000000080e+02
2.147899999999999920e+02
2.149699999999999989e+02
2.162700000000000102e+02
2.168400000000000034e+02
2.171800000000000068e+02
2.183600000000000136e+02
2.190099999999999909e+02
2.207000000000000171e+02
2.240300000000000011e+02
2.241299999999999955e+02
2.544200000000000159e+02
2.555000000000000000e+02
2.556400000000000148e+02
2.571499999999999773e+02
2.578700000000000045e+02
2.578799999999999955e+02
2.593299999999999841e+02
2.600799999999999841e+02
2.602599999999999909e+02
2.602599999999999909e+02
2.614499999999999886e+02
2.621499999999999773e+02
2.623799999999999955e+02
2.626399999999999864e+02
2.642300000000000182e+02
2.644800000000000182e+02
2.649700000000000273e+02
2.651800000000000068e+02
2.663299999999999841e+02
2.667500000000000000e+02
2.685500000000000114e+02
2.688299999999999841e+02
2.706100000000000136e+02
2.710199999999999818e+02
2.727599999999999909e+02
3.047400000000000091e+02
3.052500000000000000e+02
3.068600000000000136e+02
3.070000000000000000e+02
3.071899999999999977e+02
3.081700000000000159e+02
3.089800000000000182e+02
3.091899999999999977e+02
3.101999999999999886e+02
3.111200000000000045e+02
3.112800000000000296e+02
3.123299999999999841e+02
3.131999999999999886e+02
3.133199999999999932e+02
3.145199999999999818e+02
3.152699999999999818e+02
3.154000000000000341e+02
3.166100000000000136e+02
3.174900000000000091e+02
3.175799999999999841e+02
3.192400000000000091e+02
3.195400000000000205e+02
3.195799999999999841e+02
3.198600000000000136e+02
3.216399999999999864e+02
3.220799999999999841e+02
3.238600000000000136e+02
3.553000000000000114e+02
3.556399999999999864e+02
3.575300000000000296e+02
3.579100000000000250e+02
3.580300000000000296e+02
3.580400000000000205e+02
3.600500000000000114e+02
3.601100000000000136e+02
3.604300000000000068e+02
3.621500000000000341e+02
3.621999999999999886e+02
3.642599999999999909e+02
3.643299999999999841e+02
3.643600000000000136e+02
3.663199999999999932e+02
3.663899999999999864e+02
3.664700000000000273e+02
3.683700000000000045e+02
3.685699999999999932e+02
3.686399999999999864e+02
3.704900000000000091e+02
3.709000000000000341e+02
3.737500000000000000e+02
4.037400000000000091e+02
4.041600000000000250e+02
4.059200000000000159e+02
4.062200000000000273e+02
4.063100000000000023e+02
4.079700000000000273e+02
4.082800000000000296e+02
4.084700000000000273e+02
4.085799999999999841e+02
4.103299999999999841e+02
4.105199999999999818e+02
4.109499999999999886e+02
4.117500000000000000e+02
4.123799999999999955e+02
4.126299999999999955e+02
4.131200000000000045e+02
4.144600000000000364e+02
4.147699999999999818e+02
4.165300000000000296e+02
4.168600000000000136e+02
4.185900000000000318e+02
4.190900000000000318e+02
4.207200000000000273e+02
4.230500000000000114e+02
4.537100000000000364e+02
4.547400000000000091e+02
4.560400000000000205e+02
4.561000000000000227e+02
4.569200000000000159e+02
4.581000000000000227e+02
4.585500000000000114e+02
4.599100000000000250e+02
4.603400000000000318e+02
4.606399999999999864e+02
4.624600000000000364e+02
4.626999999999999886e+02
4.633600000000000136e+02
4.645500000000000114e+02
4.648199999999999932e+02
4.666299999999999955e+02
4.668799999999999955e+02
4.688899999999999864e+02
4.689600000000000364e+02
4.710400000000000205e+02
4.714200000000000159e+02
4.741399999999999864e+02
5.027599999999999909e+02
5.047500000000000000e+02
5.048400000000000318e+02
5.057500000000000000e+02
5.062300000000000182e+02
5.069100000000000250e+02
5.071700000000000159e+02
5.089000000000000341e+02
5.089800000000000182e+02
5.090600000000000023e+02
5.092700000000000387e+02
5.112500000000000000e+02
5.113600000000000136e+02
5.115000000000000000e+02
5.132999999999999545e+02
5.134300000000000637e+02
5.135900000000000318e+02
5.153999999999999773e+02
5.156399999999999864e+02
5.175000000000000000e+02
5.177100000000000364e+02
5.198200000000000500e+02
5.202799999999999727e+02
5.237300000000000182e+02
5.544700000000000273e+02
5.544900000000000091e+02
5.551000000000000227e+02
5.553400000000000318e+02
5.566200000000000045e+02
5.567699999999999818e+02
5.571900000000000546e+02
5.587100000000000364e+02
5.588400000000000318e+02
5.593200000000000500e+02
5.603000000000000682e+02
5.609600000000000364e+02
5.612000000000000455e+02
5.614199999999999591e+02
5.630700000000000500e+02
5.633400000000000318e+02
5.635199999999999818e+02
5.652300000000000182e+02
5.655700000000000500e+02
5.662699999999999818e+02
5.673000000000000682e+02
5.677400000000000091e+02
5.695299999999999727e+02
5.698300000000000409e+02
5.719199999999999591e+02
5.724900000000000091e+02
6.038500000000000227e+02
6.042100000000000364e+02
6.053700000000000045e+02
6.060500000000000682e+02
6.064199999999999591e+02
6.076299999999999955e+02
6.081200000000000045e+02
6.085399999999999636e+02
6.097400000000000091e+02
6.106100000000000136e+02
6.110299999999999727e+02
6.118200000000000500e+02
6.126699999999999591e+02
6.133300000000000409e+02
6.137100000000000364e+02
6.138700000000000045e+02
6.151699999999999591e+02
6.159199999999999591e+02
6.164199999999999591e+02
6.176599999999999682e+02
6.181000000000000227e+02
6.197799999999999727e+02
6.202300000000000182e+02
6.512599999999999909e+02
6.536100000000000136e+02
6.545600000000000591e+02
6.566900000000000546e+02
6.567400000000000091e+02
6.585900000000000318e+02
6.587899999999999636e+02
6.588000000000000682e+02
6.608300000000000409e+02
6.608400000000000318e+02
6.608500000000000227e+02
6.628999999999999773e+02
6.629199999999999591e+02
6.639199999999999591e+02
6.649700000000000273e+02
6.649900000000000091e+02
6.670099999999999909e+02
6.670800000000000409e+02
6.675500000000000682e+02
6.691800000000000637e+02
6.693400000000000318e+02
6.721200000000000045e+02
7.013600000000000136e+02
7.023200000000000500e+02
7.040500000000000682e+02
7.047000000000000455e+02
7.061299999999999955e+02
7.061499999999999773e+02
7.063999999999999773e+02
7.073899999999999864e+02
7.082599999999999909e+02
7.085099999999999909e+02
7.097500000000000000e+02
7.103700000000000045e+02
7.105600000000000591e+02
7.120099999999999909e+02
7.124400000000000546e+02
7.126100000000000136e+02
7.141499999999999773e+02
7.146000000000000227e+02
7.146800000000000637e+02
7.167100000000000364e+02
7.167500000000000000e+02
7.188100000000000591e+02
7.191000000000000227e+02
7.209900000000000091e+02
7.504500000000000455e+02
7.523500000000000227e+02
7.539900000000000091e+02
7.546599999999999682e+02
7.551699999999999591e+02
7.561800000000000637e+02
7.561800000000000637e+02
7.567599999999999909e+02
7.583600000000000136e+02
7.585000000000000000e+02
7.588200000000000500e+02
7.604099999999999682e+02
7.609199999999999591e+02
7.610299999999999727e+02
7.624700000000000273e+02
7.629700000000000273e+02
7.645199999999999818e+02
7.650399999999999636e+02
7.652200000000000273e+02
7.666000000000000227e+02
7.671000000000000227e+02
7.686800000000000637e+02
7.708000000000000682e+02
7.708799999999999955e+02
7.738400000000000318e+02
8.009800000000000182e+02
8.024400000000000546e+02
8.037599999999999909e+02
8.047799999999999727e+02
8.049700000000000273e+02
8.058700000000000045e+02
8.068400000000000318e+02
8.070500000000000682e+02
8.084800000000000182e+02
8.089400000000000546e+02
8.091200000000000045e+02
8.106200000000000045e+02
8.111000000000000227e+02
8.111900000000000546e+02
8.132100000000000364e+02
8.132500000000000000e+02
8.138700000000000045e+02
8.153200000000000500e+02
8.154200000000000728e+02
8.173799999999999955e+02
8.174900000000000091e+02
8.195900000000000318e+02
8.199300000000000637e+02
8.217200000000000273e+02
8.241599999999999682e+02
8.489800000000000182e+02
8.508000000000000682e+02
8.512200000000000273e+02
8.529300000000000637e+02
8.545399999999999636e+02
8.550199999999999818e+02
8.551100000000000136e+02
8.562599999999999909e+02
8.570800000000000409e+02
8.571900000000000546e+02
8.575199999999999818e+02
8.592899999999999636e+02
8.594500000000000455e+02
8.597500000000000000e+02
8.613500000000000227e+02
8.616100000000000136e+02
8.622400000000000091e+02
8.634200000000000728e+02
8.637599999999999909e+02
8.655099999999999909e+02
8.660000000000000000e+02
8.676299999999999955e+02
8.686100000000000136e+02
8.697400000000000091e+02
8.718200000000000500e+02
8.980299999999999727e+02
8.991299999999999955e+02
9.020399999999999636e+02
9.021399999999999864e+02
9.042200000000000273e+02
9.046299999999999955e+02
9.047400000000000091e+02
9.066299999999999955e+02
9.067300000000000182e+02
9.076599999999999682e+02
9.087899999999999636e+02
9.091100000000000136e+02
9.097799999999999727e+02
9.108700000000000045e+02
9.118400000000000318e+02
9.121200000000000045e+02
9.129600000000000364e+02
9.138799999999999955e+02
9.150900000000000318e+02
9.159200000000000728e+02
9.180099999999999909e+02
9.180399999999999636e+02
9.201399999999999864e+02
9.225500000000000682e+02
9.473500000000000227e+02
9.491900000000000546e+02
9.518600000000000136e+02
9.518799999999999955e+02
9.524900000000000091e+02
9.541399999999999864e+02
9.543700000000000045e+02
9.547000000000000455e+02
9.564099999999999682e+02
9.568799999999999955e+02
9.572200000000000273e+02
9.586299999999999955e+02
9.590199999999999818e+02
9.594300000000000637e+02
9.607799999999999727e+02
9.610800000000000409e+02
9.615099999999999909e+02
9.631499999999999773e+02
9.636000000000000227e+02
9.641299999999999955e+02
9.653300000000000409e+02
9.657300000000000182e+02
9.674200000000000728e+02
9.679600000000000364e+02
9.694900000000000091e+02
9.717799999999999727e+02
9.740000000000000000e+02
9.989099999999999682e+02
