6.840000000000000000e+02
9.576700000000000728e+02
2.180999999999999872e+01
2.387000000000000099e+01
3.739999999999999858e+01
4.577000000000000313e+01
5.384000000000000341e+01
8.518999999999999773e+01
1.002699999999999960e+02
1.523400000000000034e+02
1.552599999999999909e+02
1.686500000000000057e+02
1.783100000000000023e+02
2.741000000000000227e+02
3.634800000000000182e+02
4.213600000000000136e+02
4.575000000000000000e+02
5.597400000000000091e+02
5.726200000000000045e+02
6.340900000000000318e+02
6.623700000000000045e+02
6.788999999999999773e+02
7.404900000000000091e+02
7.429300000000000637e+02
7.962300000000000182e+02
8.038300000000000409e+02
8.355299999999999727e+02
8.633100000000000591e+02
8.749600000000000364e+02
9.705600000000000591e+02
9.826599999999999682e+02
4.469999999999999751e+00
1.572000000000000064e+01
2.055000000000000071e+01
2.519000000000000128e+01
7.118999999999999773e+01
7.679999999999999716e+01
8.214000000000000057e+01
1.133500000000000085e+02
1.240900000000000034e+02
1.265300000000000011e+02
1.349399999999999977e+02
1.575500000000000114e+02
1.595900000000000034e+02
1.691299999999999955e+02
1.742500000000000000e+02
1.801400000000000148e+02
1.841599999999999966e+02
1.862100000000000080e+02
2.061800000000000068e+02
2.136400000000000148e+02
2.267000000000000171e+02
2.489500000000000171e+02
2.603100000000000023e+02
2.692300000000000182e+02
2.714800000000000182e+02
2.750600000000000023e+02
2.865500000000000114e+02
2.990199999999999818e+02
3.620900000000000318e+02
3.672599999999999909e+02
3.848600000000000136e+02
3.881299999999999955e+02
3.921800000000000068e+02
3.981700000000000159e+02
4.014399999999999977e+02
4.420199999999999818e+02
4.716500000000000341e+02
4.797400000000000091e+02
4.850300000000000296e+02
4.970600000000000023e+02
4.996700000000000159e+02
5.206399999999999864e+02
5.756399999999999864e+02
5.873400000000000318e+02
5.940800000000000409e+02
6.082899999999999636e+02
6.194900000000000091e+02
6.487200000000000273e+02
6.734500000000000455e+02
6.831100000000000136e+02
6.926100000000000136e+02
7.002899999999999636e+02
7.161499999999999773e+02
7.338799999999999955e+02
7.758200000000000500e+02
7.826299999999999955e+02
7.846900000000000546e+02
7.916700000000000728e+02
8.000700000000000500e+02
8.137000000000000455e+02
8.589200000000000728e+02
8.693799999999999955e+02
8.793799999999999955e+02
8.923799999999999955e+02
8.965700000000000500e+02
9.282899999999999636e+02
9.450800000000000409e+02
9.550000000000000000e+02
9.668400000000000318e+02
9.923000000000000682e+02
5.870000000000000107e+00
1.451999999999999957e+01
1.698000000000000043e+01
1.903000000000000114e+01
2.108000000000000185e+01
2.694999999999999929e+01
3.202000000000000313e+01
5.323000000000000398e+01
6.012000000000000455e+01
9.607000000000000739e+01
1.014300000000000068e+02
1.092900000000000063e+02
1.403799999999999955e+02
1.538199999999999932e+02
1.653499999999999943e+02
1.703300000000000125e+02
1.799300000000000068e+02
1.853600000000000136e+02
1.889300000000000068e+02
1.941800000000000068e+02
2.022800000000000011e+02
2.058400000000000034e+02
2.113600000000000136e+02
2.149000000000000057e+02
2.263499999999999943e+02
2.390300000000000011e+02
2.418300000000000125e+02
2.563500000000000227e+02
2.583999999999999773e+02
2.662699999999999818e+02
2.727599999999999909e+02
2.758500000000000227e+02
2.819000000000000341e+02
2.863199999999999932e+02
2.883700000000000045e+02
2.999100000000000250e+02
3.149300000000000068e+02
3.228299999999999841e+02
3.275099999999999909e+02
3.476800000000000068e+02
3.583199999999999932e+02
3.630099999999999909e+02
3.767800000000000296e+02
3.903799999999999955e+02
3.978799999999999955e+02
4.132100000000000364e+02
4.194900000000000091e+02
4.307599999999999909e+02
4.372200000000000273e+02
4.407800000000000296e+02
4.457800000000000296e+02
4.485699999999999932e+02
4.557100000000000364e+02
4.642400000000000091e+02
4.707699999999999818e+02
4.792100000000000364e+02
4.812500000000000000e+02
4.833000000000000114e+02
4.937200000000000273e+02
4.968100000000000023e+02
4.990900000000000318e+02
5.066600000000000250e+02
5.087100000000000364e+02
5.112500000000000000e+02
5.212999999999999545e+02
5.233400000000000318e+02
5.282699999999999818e+02
5.325199999999999818e+02
5.435299999999999727e+02
5.677799999999999727e+02
5.702500000000000000e+02
5.777500000000000000e+02
5.842899999999999636e+02
5.868300000000000409e+02
5.951399999999999864e+02
6.024900000000000091e+02
6.119900000000000091e+02
6.324800000000000182e+02
6.445700000000000500e+02
6.605700000000000500e+02
6.635700000000000500e+02
6.700299999999999727e+02
6.776299999999999955e+02
6.953999999999999773e+02
7.030299999999999727e+02
7.060800000000000409e+02
7.085900000000000318e+02
7.124300000000000637e+02
7.205500000000000682e+02
7.445600000000000591e+02
7.514500000000000455e+02
7.669900000000000091e+02
7.700700000000000500e+02
7.764800000000000182e+02
7.865500000000000682e+02
7.975600000000000591e+02
8.015700000000000500e+02
8.051200000000000045e+02
8.108000000000000682e+02
8.136100000000000136e+02
8.169500000000000455e+02
8.210399999999999636e+02
8.391000000000000227e+02
8.451100000000000136e+02
8.510199999999999818e+02
8.566399999999999864e+02
8.587100000000000364e+02
8.623799999999999955e+02
8.644200000000000728e+02
8.690800000000000409e+02
8.772000000000000455e+02
8.813400000000000318e+02
8.891800000000000637e+02
8.951499999999999773e+02
9.015199999999999818e+02
9.087300000000000182e+02
9.129700000000000273e+02
9.194500000000000455e+02
9.251399999999999864e+02
9.342899999999999636e+02
9.388899999999999864e+02
9.508300000000000409e+02
9.528899999999999864e+02
9.553300000000000409e+02
9.903799999999999955e+02
9.983600000000000136e+02
4.530000000000000249e+00
1.393999999999999950e+01
2.585000000000000142e+01
3.520000000000000284e+01
4.192999999999999972e+01
4.432000000000000028e+01
4.731000000000000227e+01
5.114000000000000057e+01
5.596000000000000085e+01
5.842999999999999972e+01
6.737000000000000455e+01
6.975000000000000000e+01
7.373000000000000398e+01
9.021999999999999886e+01
1.312599999999999909e+02
1.333300000000000125e+02
1.382400000000000091e+02
1.403000000000000114e+02
1.816700000000000159e+02
1.838400000000000034e+02
1.858900000000000148e+02
1.915900000000000034e+02
2.170099999999999909e+02
2.285300000000000011e+02
2.522600000000000193e+02
2.554600000000000080e+02
2.579100000000000250e+02
2.633700000000000045e+02
2.862400000000000091e+02
2.986700000000000159e+02
3.031899999999999977e+02
3.061999999999999886e+02
3.106100000000000136e+02
3.210400000000000205e+02
3.340799999999999841e+02
3.380799999999999841e+02
3.619900000000000091e+02
3.758799999999999955e+02
3.847400000000000091e+02
3.925799999999999841e+02
4.074000000000000341e+02
4.135600000000000023e+02
4.164100000000000250e+02
4.216100000000000136e+02
4.365600000000000023e+02
4.416100000000000136e+02
4.536700000000000159e+02
4.557200000000000273e+02
4.626100000000000136e+02
4.801899999999999977e+02
4.883400000000000318e+02
5.025600000000000023e+02
5.088000000000000114e+02
5.284900000000000091e+02
5.381599999999999682e+02
5.525600000000000591e+02
5.606299999999999955e+02
5.639800000000000182e+02
5.725299999999999727e+02
5.794300000000000637e+02
5.880600000000000591e+02
6.009300000000000637e+02
6.059700000000000273e+02
6.258200000000000500e+02
6.321499999999999773e+02
6.350500000000000682e+02
6.371100000000000136e+02
6.473000000000000682e+02
6.643300000000000409e+02
6.794400000000000546e+02
6.906000000000000227e+02
7.018500000000000227e+02
7.257899999999999636e+02
7.396599999999999682e+02
7.475399999999999636e+02
7.556599999999999682e+02
7.854900000000000091e+02
8.015000000000000000e+02
8.048200000000000500e+02
8.248300000000000409e+02
8.321000000000000227e+02
8.371499999999999773e+02
8.446000000000000227e+02
8.561700000000000728e+02
8.888999999999999773e+02
8.945399999999999636e+02
9.117799999999999727e+02
9.144700000000000273e+02
9.180800000000000409e+02
9.239400000000000546e+02
9.260199999999999818e+02
9.288999999999999773e+02
9.317000000000000455e+02
9.340199999999999818e+02
9.369200000000000728e+02
9.406299999999999955e+02
9.450399999999999636e+02
9.575000000000000000e+02
9.605800000000000409e+02
9.650099999999999909e+02
9.706700000000000728e+02
9.734800000000000182e+02
9.784400000000000546e+02
9.896399999999999864e+02
9.940700000000000500e+02
1.242999999999999972e+01
1.835999999999999943e+01
4.781000000000000227e+01
1.029500000000000028e+02
1.176899999999999977e+02
1.804699999999999989e+02
2.284600000000000080e+02
2.335600000000000023e+02
2.558199999999999932e+02
2.706100000000000136e+02
2.757300000000000182e+02
2.995199999999999818e+02
3.343199999999999932e+02
3.821000000000000227e+02
3.870600000000000023e+02
3.929200000000000159e+02
4.074399999999999977e+02
4.274700000000000273e+02
4.400600000000000023e+02
4.501399999999999864e+02
4.710000000000000000e+02
4.845000000000000000e+02
4.894300000000000068e+02
5.171200000000000045e+02
5.314199999999999591e+02
5.529300000000000637e+02
5.896100000000000136e+02
6.158000000000000682e+02
6.378100000000000591e+02
6.426800000000000637e+02
6.842699999999999818e+02
7.030600000000000591e+02
7.545600000000000591e+02
7.566000000000000227e+02
7.833799999999999955e+02
7.888500000000000227e+02
7.916000000000000227e+02
8.221499999999999773e+02
8.294300000000000637e+02
8.369300000000000637e+02
8.420800000000000409e+02
8.500099999999999909e+02
8.567899999999999636e+02
8.607599999999999909e+02
8.720700000000000500e+02
8.878799999999999955e+02
9.111200000000000045e+02
9.369900000000000091e+02
9.408400000000000318e+02
9.532699999999999818e+02
9.910700000000000500e+02
7.509999999999999787e+00
1.874000000000000199e+01
2.696999999999999886e+02
2.737300000000000182e+02
3.193000000000000114e+02
4.123100000000000023e+02
5.224600000000000364e+02
7.091599999999999682e+02
9.376299999999999955e+02
9.886700000000000728e+02
6.915199999999999818e+02
9.334200000000000728e+02
