2.280999999999999872e+01
7.323000000000000398e+01
9.204000000000000625e+01
1.744600000000000080e+02
1.950399999999999920e+02
2.763299999999999841e+02
3.124399999999999977e+02
4.965699999999999932e+02
5.290900000000000318e+02
5.983100000000000591e+02
6.163600000000000136e+02
6.482599999999999909e+02
6.659500000000000455e+02
6.806699999999999591e+02
7.147200000000000273e+02
9.517500000000000000e+02
5.560000000000000497e+00
7.629999999999999893e+00
2.298000000000000043e+01
2.512000000000000099e+01
3.952000000000000313e+01
4.306000000000000227e+01
5.735000000000000142e+01
7.367000000000000171e+01
9.082999999999999829e+01
1.083100000000000023e+02
1.242999999999999972e+02
1.409200000000000159e+02
1.565699999999999932e+02
1.600699999999999932e+02
1.758600000000000136e+02
1.782800000000000011e+02
1.904500000000000171e+02
2.071700000000000159e+02
2.241500000000000057e+02
2.275099999999999909e+02
2.431299999999999955e+02
2.453300000000000125e+02
2.604599999999999795e+02
2.625300000000000296e+02
2.753500000000000227e+02
2.779499999999999886e+02
2.916200000000000045e+02
2.936800000000000068e+02
3.079800000000000182e+02
3.114000000000000341e+02
3.427200000000000273e+02
3.447900000000000205e+02
3.608600000000000136e+02
3.746399999999999864e+02
3.767200000000000273e+02
3.927400000000000091e+02
3.956999999999999886e+02
4.104399999999999977e+02
4.124900000000000091e+02
4.266800000000000068e+02
4.431600000000000250e+02
4.454600000000000364e+02
4.766500000000000341e+02
4.786999999999999886e+02
4.924499999999999886e+02
4.948000000000000114e+02
4.972900000000000205e+02
5.121100000000000136e+02
5.260800000000000409e+02
5.295600000000000591e+02
5.448100000000000591e+02
5.596000000000000227e+02
5.650600000000000591e+02
5.772200000000000273e+02
5.952300000000000182e+02
5.976599999999999682e+02
6.117599999999999909e+02
6.266599999999999682e+02
6.288700000000000045e+02
6.308899999999999864e+02
6.444099999999999682e+02
6.466000000000000227e+02
6.638000000000000682e+02
6.781900000000000546e+02
6.946499999999999773e+02
6.972899999999999636e+02
7.120399999999999636e+02
7.262599999999999909e+02
7.303799999999999955e+02
7.450000000000000000e+02
7.624700000000000273e+02
7.779300000000000637e+02
7.800000000000000000e+02
7.833100000000000591e+02
7.949200000000000728e+02
7.987100000000000364e+02
8.128600000000000136e+02
8.149300000000000637e+02
8.296900000000000546e+02
8.442599999999999909e+02
8.618700000000000045e+02
8.655000000000000000e+02
8.803200000000000500e+02
8.965800000000000409e+02
9.000099999999999909e+02
9.151800000000000637e+02
9.288200000000000500e+02
9.313200000000000500e+02
9.467300000000000182e+02
9.488100000000000591e+02
9.628000000000000682e+02
9.659300000000000637e+02
9.803300000000000409e+02
9.973700000000000045e+02
5.410000000000000142e+00
7.459999999999999964e+00
1.000000000000000000e+01
2.267000000000000171e+01
2.600000000000000000e+01
3.925000000000000000e+01
4.132000000000000028e+01
4.336999999999999744e+01
5.721000000000000085e+01
7.235999999999999943e+01
7.439000000000000057e+01
7.643999999999999773e+01
8.965999999999999659e+01
9.275000000000000000e+01
1.049500000000000028e+02
1.074000000000000057e+02
1.094200000000000017e+02
1.230300000000000011e+02
1.261099999999999994e+02
1.385900000000000034e+02
1.406400000000000148e+02
1.427000000000000171e+02
1.564900000000000091e+02
1.590099999999999909e+02
1.741599999999999966e+02
1.761800000000000068e+02
1.896400000000000148e+02
1.916599999999999966e+02
2.063400000000000034e+02
2.084099999999999966e+02
2.107400000000000091e+02
2.229200000000000159e+02
2.249699999999999989e+02
2.274800000000000182e+02
2.387700000000000102e+02
2.409600000000000080e+02
2.429900000000000091e+02
2.564499999999999886e+02
2.585000000000000000e+02
2.605199999999999818e+02
2.727800000000000296e+02
2.748199999999999932e+02
2.773500000000000227e+02
2.903199999999999932e+02
2.923799999999999955e+02
3.063299999999999841e+02
3.083799999999999955e+02
3.108199999999999932e+02
3.237400000000000091e+02
3.265900000000000318e+02
3.291000000000000227e+02
3.393799999999999955e+02
3.425900000000000318e+02
3.446600000000000250e+02
3.574200000000000159e+02
3.601399999999999864e+02
3.726600000000000250e+02
3.746899999999999977e+02
3.777200000000000273e+02
3.909499999999999886e+02
3.933600000000000136e+02
4.081800000000000068e+02
4.112300000000000182e+02
4.235400000000000205e+02
4.255799999999999841e+02
4.276000000000000227e+02
4.408000000000000114e+02
4.443299999999999841e+02
4.564499999999999886e+02
4.590799999999999841e+02
4.611399999999999864e+02
4.742699999999999818e+02
4.765699999999999932e+02
4.903000000000000114e+02
4.923500000000000227e+02
5.064900000000000091e+02
5.085300000000000296e+02
5.112400000000000091e+02
5.244900000000000091e+02
5.265399999999999636e+02
5.286299999999999955e+02
5.407799999999999727e+02
5.428300000000000409e+02
5.448999999999999773e+02
5.562000000000000455e+02
5.592899999999999636e+02
5.742699999999999818e+02
5.772000000000000455e+02
5.906800000000000637e+02
5.930199999999999818e+02
5.950500000000000682e+02
6.077899999999999636e+02
6.103799999999999955e+02
6.134800000000000182e+02
6.248600000000000136e+02
6.270500000000000682e+02
6.434600000000000364e+02
6.455199999999999818e+02
6.595500000000000682e+02
6.616699999999999591e+02
6.740600000000000591e+02
6.761599999999999682e+02
6.782300000000000182e+02
6.917799999999999727e+02
6.938400000000000318e+02
7.066200000000000045e+02
7.088200000000000500e+02
7.118799999999999955e+02
7.258799999999999955e+02
7.280800000000000409e+02
7.418000000000000682e+02
7.444199999999999591e+02
7.587400000000000091e+02
7.621399999999999864e+02
7.756499999999999773e+02
7.904800000000000182e+02
7.925299999999999727e+02
7.955399999999999636e+02
8.087200000000000273e+02
8.107500000000000000e+02
8.271499999999999773e+02
8.294400000000000546e+02
8.426000000000000227e+02
8.456599999999999682e+02
8.599500000000000455e+02
8.621100000000000136e+02
8.763400000000000318e+02
8.783799999999999955e+02
8.816100000000000136e+02
8.923799999999999955e+02
8.944400000000000546e+02
8.969200000000000728e+02
9.096800000000000637e+02
9.258300000000000409e+02
9.286700000000000728e+02
9.308700000000000045e+02
9.413999999999999773e+02
9.434500000000000455e+02
9.462400000000000091e+02
9.586000000000000227e+02
9.611100000000000136e+02
9.634700000000000273e+02
9.763500000000000227e+02
9.787699999999999818e+02
9.922599999999999909e+02
9.942799999999999727e+02
9.963400000000000318e+02
5.940000000000000391e+00
8.070000000000000284e+00
2.076999999999999957e+01
2.285999999999999943e+01
2.528000000000000114e+01
4.002000000000000313e+01
5.499000000000000199e+01
5.724000000000000199e+01
5.956000000000000227e+01
7.210999999999999943e+01
7.421999999999999886e+01
8.820000000000000284e+01
9.046000000000000796e+01
1.052400000000000091e+02
1.076099999999999994e+02
1.101899999999999977e+02
1.217999999999999972e+02
1.238200000000000074e+02
1.378600000000000136e+02
1.401200000000000045e+02
1.421800000000000068e+02
1.551100000000000136e+02
1.573600000000000136e+02
1.593900000000000148e+02
1.721100000000000136e+02
1.763799999999999955e+02
1.883700000000000045e+02
1.904000000000000057e+02
1.929000000000000057e+02
2.041899999999999977e+02
2.063100000000000023e+02
2.083900000000000148e+02
2.215699999999999932e+02
2.237599999999999909e+02
2.267800000000000011e+02
2.384099999999999966e+02
2.405999999999999943e+02
2.426599999999999966e+02
2.554600000000000080e+02
2.574900000000000091e+02
2.722699999999999818e+02
2.750099999999999909e+02
2.888500000000000227e+02
2.909599999999999795e+02
2.930000000000000000e+02
3.054800000000000182e+02
3.075099999999999909e+02
3.213600000000000136e+02
3.238799999999999955e+02
3.259000000000000341e+02
3.379100000000000250e+02
3.405600000000000023e+02
3.428199999999999932e+02
3.558199999999999932e+02
3.580900000000000318e+02
3.607800000000000296e+02
3.719599999999999795e+02
3.740000000000000000e+02
3.760300000000000296e+02
3.886700000000000159e+02
3.906999999999999886e+02
3.927699999999999818e+02
4.049499999999999886e+02
4.071200000000000045e+02
4.096500000000000341e+02
4.225699999999999932e+02
4.247400000000000091e+02
4.269600000000000364e+02
4.388899999999999864e+02
4.409300000000000068e+02
4.429900000000000091e+02
4.541299999999999955e+02
4.561500000000000341e+02
4.588899999999999864e+02
4.709200000000000159e+02
4.729700000000000273e+02
4.750000000000000000e+02
4.886999999999999886e+02
4.912400000000000091e+02
4.933400000000000318e+02
5.042700000000000387e+02
5.081299999999999955e+02
5.101600000000000250e+02
5.222200000000000273e+02
5.242699999999999818e+02
5.382899999999999636e+02
5.403500000000000227e+02
5.425199999999999818e+02
5.555299999999999727e+02
5.581399999999999864e+02
5.602000000000000455e+02
5.723700000000000045e+02
5.751499999999999773e+02
5.888600000000000136e+02
5.909600000000000364e+02
5.930099999999999909e+02
6.061699999999999591e+02
6.098000000000000682e+02
6.222200000000000273e+02
6.242500000000000000e+02
6.382200000000000273e+02
6.402500000000000000e+02
6.428600000000000136e+02
6.556299999999999955e+02
6.576599999999999682e+02
6.598500000000000227e+02
6.716200000000000045e+02
6.736399999999999864e+02
6.756900000000000546e+02
6.872400000000000091e+02
6.897799999999999727e+02
6.925099999999999909e+02
7.054300000000000637e+02
7.075000000000000000e+02
7.095900000000000318e+02
7.209600000000000364e+02
7.230800000000000409e+02
7.251900000000000546e+02
7.273100000000000591e+02
7.385500000000000682e+02
7.405800000000000409e+02
7.426299999999999955e+02
7.553500000000000227e+02
7.573899999999999864e+02
7.599199999999999591e+02
7.717300000000000182e+02
7.739099999999999682e+02
7.778500000000000227e+02
7.890000000000000000e+02
7.910299999999999727e+02
7.930800000000000409e+02
8.051499999999999773e+02
8.072100000000000364e+02
8.092500000000000000e+02
8.216499999999999773e+02
8.237200000000000273e+02
8.267799999999999727e+02
8.376399999999999864e+02
8.396599999999999682e+02
8.417000000000000455e+02
8.568500000000000227e+02
8.588799999999999955e+02
8.609500000000000455e+02
8.722300000000000182e+02
8.744600000000000364e+02
8.765099999999999909e+02
8.894099999999999682e+02
8.914400000000000546e+02
8.934900000000000091e+02
9.045500000000000682e+02
9.073400000000000318e+02
9.093999999999999773e+02
9.203200000000000500e+02
9.238899999999999864e+02
9.266100000000000136e+02
9.374700000000000273e+02
9.394900000000000091e+02
9.424700000000000273e+02
9.551200000000000045e+02
9.572300000000000182e+02
9.618100000000000591e+02
9.712899999999999636e+02
9.735800000000000409e+02
9.760700000000000500e+02
9.897200000000000273e+02
9.923000000000000682e+02
5.770000000000000462e+00
7.919999999999999929e+00
2.191000000000000014e+01
2.392999999999999972e+01
2.616000000000000014e+01
3.906000000000000227e+01
4.114999999999999858e+01
5.657999999999999829e+01
5.930000000000000426e+01
7.239000000000000057e+01
7.451000000000000512e+01
7.760000000000000853e+01
8.893999999999999773e+01
9.098999999999999488e+01
9.304999999999999716e+01
1.044399999999999977e+02
1.064600000000000080e+02
1.084900000000000091e+02
1.224800000000000040e+02
1.245799999999999983e+02
1.382400000000000091e+02
1.404799999999999898e+02
1.426599999999999966e+02
1.549500000000000171e+02
1.570000000000000000e+02
1.600200000000000102e+02
1.709099999999999966e+02
1.730900000000000034e+02
1.755500000000000114e+02
1.880999999999999943e+02
1.901299999999999955e+02
2.041700000000000159e+02
2.062000000000000171e+02
2.089300000000000068e+02
2.213600000000000136e+02
2.234000000000000057e+02
2.379200000000000159e+02
2.400300000000000011e+02
2.422000000000000171e+02
2.547400000000000091e+02
2.568000000000000114e+02
2.589700000000000273e+02
2.708299999999999841e+02
2.728600000000000136e+02
2.882099999999999795e+02
2.903500000000000227e+02
2.925600000000000023e+02
3.034900000000000091e+02
3.055500000000000114e+02
3.085699999999999932e+02
3.201500000000000341e+02
3.221999999999999886e+02
3.242400000000000091e+02
3.380600000000000023e+02
3.400799999999999841e+02
3.421399999999999864e+02
3.541999999999999886e+02
3.566200000000000045e+02
3.588199999999999932e+02
3.701000000000000227e+02
3.723000000000000114e+02
3.748199999999999932e+02
3.873299999999999841e+02
3.896600000000000250e+02
3.918500000000000227e+02
4.030500000000000114e+02
4.050900000000000318e+02
4.071200000000000045e+02
4.200300000000000296e+02
4.220500000000000114e+02
4.240900000000000318e+02
4.374600000000000364e+02
4.395000000000000000e+02
4.415699999999999932e+02
4.537599999999999909e+02
4.559000000000000341e+02
4.700699999999999932e+02
4.721399999999999864e+02
4.742200000000000273e+02
4.873799999999999955e+02
4.896899999999999977e+02
4.919399999999999977e+02
5.024100000000000250e+02
5.044600000000000364e+02
5.065099999999999909e+02
5.086399999999999864e+02
5.207400000000000091e+02
5.230199999999999818e+02
5.365000000000000000e+02
5.385299999999999727e+02
5.405800000000000409e+02
5.542300000000000182e+02
5.580000000000000000e+02
5.704600000000000364e+02
5.724800000000000182e+02
5.745299999999999727e+02
5.868999999999999773e+02
5.893700000000000045e+02
5.918700000000000045e+02
6.040299999999999727e+02
6.060900000000000318e+02
6.192599999999999909e+02
6.212799999999999727e+02
6.236200000000000045e+02
6.363799999999999955e+02
6.392599999999999909e+02
6.522699999999999818e+02
6.545299999999999727e+02
6.566000000000000227e+02
6.712300000000000182e+02
6.871100000000000136e+02
6.897200000000000273e+02
7.017500000000000000e+02
7.039099999999999682e+02
7.079600000000000364e+02
7.184400000000000546e+02
7.206200000000000045e+02
7.226699999999999591e+02
7.348700000000000045e+02
7.369300000000000637e+02
7.389500000000000455e+02
7.518500000000000227e+02
7.539300000000000637e+02
7.563799999999999955e+02
7.689600000000000364e+02
7.715000000000000000e+02
7.854700000000000273e+02
7.882599999999999909e+02
7.909800000000000182e+02
8.023200000000000500e+02
8.043899999999999864e+02
8.064900000000000091e+02
8.198700000000000045e+02
8.219300000000000637e+02
8.351399999999999864e+02
8.374700000000000273e+02
8.411200000000000045e+02
8.518500000000000227e+02
8.540000000000000000e+02
8.560800000000000409e+02
8.678700000000000045e+02
8.699700000000000273e+02
8.736399999999999864e+02
8.855399999999999636e+02
8.876200000000000045e+02
8.896800000000000637e+02
9.027599999999999909e+02
9.052699999999999818e+02
9.073600000000000136e+02
9.181200000000000045e+02
9.201399999999999864e+02
9.230099999999999909e+02
9.342000000000000455e+02
9.362599999999999909e+02
9.383300000000000409e+02
9.516299999999999955e+02
9.537400000000000091e+02
9.684900000000000091e+02
9.705500000000000682e+02
9.725900000000000318e+02
9.844600000000000364e+02
9.864800000000000182e+02
9.889400000000000546e+02
7.190000000000000391e+00
9.279999999999999361e+00
2.212000000000000099e+01
2.414000000000000057e+01
3.775999999999999801e+01
3.982000000000000028e+01
4.275000000000000000e+01
5.424000000000000199e+01
5.628000000000000114e+01
5.835999999999999943e+01
7.242000000000000171e+01
7.451999999999999602e+01
8.971999999999999886e+01
9.237000000000000455e+01
1.057900000000000063e+02
1.092300000000000040e+02
1.218599999999999994e+02
1.242999999999999972e+02
1.370900000000000034e+02
1.407700000000000102e+02
1.566100000000000136e+02
1.590500000000000114e+02
1.716400000000000148e+02
1.742299999999999898e+02
1.877100000000000080e+02
2.036700000000000159e+02
2.057300000000000182e+02
2.078100000000000023e+02
2.209000000000000057e+02
2.245800000000000125e+02
2.380399999999999920e+02
2.403400000000000034e+02
2.542899999999999920e+02
2.574900000000000091e+02
2.694800000000000182e+02
2.717800000000000296e+02
2.748700000000000045e+02
2.882900000000000205e+02
2.905500000000000114e+02
3.036000000000000227e+02
3.056700000000000159e+02
3.198000000000000114e+02
3.225000000000000000e+02
3.352300000000000182e+02
3.372900000000000205e+02
3.523199999999999932e+02
3.543500000000000227e+02
3.565500000000000114e+02
3.586000000000000227e+02
3.693799999999999955e+02
3.714300000000000068e+02
3.861500000000000341e+02
3.891500000000000341e+02
4.025699999999999932e+02
4.049200000000000159e+02
4.070500000000000114e+02
4.198400000000000318e+02
4.363799999999999955e+02
4.397900000000000205e+02
4.512300000000000182e+02
4.533700000000000045e+02
4.554700000000000273e+02
4.709000000000000341e+02
4.855600000000000023e+02
4.896899999999999977e+02
5.018199999999999932e+02
5.042100000000000364e+02
5.179500000000000455e+02
5.204199999999999591e+02
5.227000000000000455e+02
5.360700000000000500e+02
5.381699999999999591e+02
5.548799999999999955e+02
5.671399999999999864e+02
5.692000000000000455e+02
5.722200000000000273e+02
5.857599999999999909e+02
5.883899999999999864e+02
6.020800000000000409e+02
6.041699999999999591e+02
6.176100000000000136e+02
6.196599999999999682e+02
6.341900000000000546e+02
6.366399999999999864e+02
6.508700000000000045e+02
6.528999999999999773e+02
6.678500000000000227e+02
6.698700000000000045e+02
6.823400000000000318e+02
6.860000000000000000e+02
6.988400000000000318e+02
7.015199999999999818e+02
7.050399999999999636e+02
7.172100000000000364e+02
7.197300000000000182e+02
7.336900000000000546e+02
7.357599999999999909e+02
7.504300000000000637e+02
7.524900000000000091e+02
7.652400000000000091e+02
7.673700000000000045e+02
7.694099999999999682e+02
7.825900000000000318e+02
7.850900000000000318e+02
7.871599999999999682e+02
7.996599999999999682e+02
8.030900000000000318e+02
8.162400000000000091e+02
8.197200000000000273e+02
8.328799999999999955e+02
8.355900000000000318e+02
8.503400000000000318e+02
8.531100000000000136e+02
8.664400000000000546e+02
8.684600000000000364e+02
8.819600000000000364e+02
8.849800000000000182e+02
8.998400000000000318e+02
9.019200000000000728e+02
9.131000000000000227e+02
9.153000000000000682e+02
9.189800000000000182e+02
9.329700000000000273e+02
9.357400000000000091e+02
9.493700000000000045e+02
9.516200000000000045e+02
9.648100000000000591e+02
9.683799999999999955e+02
9.816299999999999955e+02
9.853200000000000500e+02
9.973999999999999773e+02
8.189999999999999503e+00
4.202000000000000313e+01
5.716000000000000369e+01
8.878000000000000114e+01
1.084600000000000080e+02
1.210199999999999960e+02
1.232300000000000040e+02
1.403400000000000034e+02
1.706400000000000148e+02
1.750000000000000000e+02
1.872000000000000171e+02
1.899000000000000057e+02
2.063199999999999932e+02
2.374099999999999966e+02
2.565600000000000023e+02
2.726299999999999955e+02
2.875500000000000114e+02
3.389599999999999795e+02
3.533700000000000045e+02
3.867200000000000273e+02
4.194100000000000250e+02
4.363199999999999932e+02
4.525799999999999841e+02
4.683199999999999932e+02
4.703700000000000045e+02
4.879900000000000091e+02
5.020900000000000318e+02
5.177000000000000455e+02
5.197500000000000000e+02
5.500900000000000318e+02
5.691499999999999773e+02
5.831399999999999864e+02
5.988600000000000136e+02
6.338600000000000136e+02
7.006000000000000227e+02
7.155000000000000000e+02
7.183400000000000318e+02
7.825500000000000682e+02
8.125199999999999818e+02
8.151299999999999955e+02
8.294099999999999682e+02
8.642500000000000000e+02
8.663400000000000318e+02
8.814800000000000182e+02
8.968000000000000682e+02
9.145199999999999818e+02
9.303500000000000227e+02
9.786499999999999773e+02
3.857999999999999829e+01
1.383499999999999943e+02
2.220600000000000023e+02
4.009800000000000182e+02
5.318700000000000045e+02
7.132899999999999636e+02
