5.230000000000000426e+00
8.660000000000000142e+00
8.769999999999999574e+00
1.288000000000000078e+01
1.435999999999999943e+01
1.810000000000000142e+01
2.230999999999999872e+01
2.606000000000000227e+01
3.256000000000000227e+01
3.485999999999999943e+01
3.993999999999999773e+01
4.600000000000000000e+01
4.870000000000000284e+01
5.207999999999999829e+01
5.566000000000000369e+01
6.130000000000000426e+01
6.550000000000000000e+01
6.629999999999999716e+01
7.212000000000000455e+01
7.693999999999999773e+01
7.768999999999999773e+01
8.167000000000000171e+01
8.646000000000000796e+01
9.040000000000000568e+01
9.812000000000000455e+01
1.035300000000000011e+02
1.075300000000000011e+02
1.136500000000000057e+02
1.153799999999999955e+02
1.156599999999999966e+02
1.192600000000000051e+02
1.197000000000000028e+02
1.220000000000000000e+02
1.282700000000000102e+02
1.314300000000000068e+02
1.319099999999999966e+02
1.378600000000000136e+02
1.471400000000000148e+02
1.504099999999999966e+02
1.526200000000000045e+02
1.558100000000000023e+02
1.559799999999999898e+02
1.599900000000000091e+02
1.640300000000000011e+02
1.713300000000000125e+02
1.731400000000000148e+02
1.768000000000000114e+02
1.863300000000000125e+02
1.864699999999999989e+02
1.922500000000000000e+02
1.933300000000000125e+02
1.966800000000000068e+02
1.997899999999999920e+02
2.016400000000000148e+02
2.051200000000000045e+02
2.093900000000000148e+02
2.110399999999999920e+02
2.145099999999999909e+02
2.190999999999999943e+02
2.198799999999999955e+02
2.250000000000000000e+02
2.286700000000000159e+02
2.304099999999999966e+02
2.359600000000000080e+02
2.411800000000000068e+02
2.436800000000000068e+02
2.451100000000000136e+02
2.455900000000000034e+02
2.519900000000000091e+02
2.563899999999999864e+02
2.628000000000000114e+02
2.632200000000000273e+02
2.665400000000000205e+02
2.711299999999999955e+02
2.740699999999999932e+02
2.753600000000000136e+02
2.765099999999999909e+02
2.801999999999999886e+02
2.846200000000000045e+02
2.934800000000000182e+02
2.969900000000000091e+02
3.033799999999999955e+02
3.047099999999999795e+02
3.082400000000000091e+02
3.100300000000000296e+02
3.155600000000000023e+02
3.173299999999999841e+02
3.233199999999999932e+02
3.264100000000000250e+02
3.293700000000000045e+02
3.320900000000000318e+02
3.338700000000000045e+02
3.381899999999999977e+02
3.589200000000000159e+02
3.623199999999999932e+02
3.625000000000000000e+02
3.653199999999999932e+02
3.657400000000000091e+02
3.662400000000000091e+02
3.714800000000000182e+02
3.721700000000000159e+02
3.767599999999999909e+02
3.822300000000000182e+02
3.839800000000000182e+02
3.939900000000000091e+02
4.035000000000000000e+02
4.049499999999999886e+02
4.102900000000000205e+02
4.145500000000000114e+02
4.148600000000000136e+02
4.178000000000000114e+02
4.223600000000000136e+02
4.237100000000000364e+02
4.317800000000000296e+02
4.344100000000000250e+02
4.403199999999999932e+02
4.427599999999999909e+02
4.453400000000000318e+02
4.467800000000000296e+02
4.522200000000000273e+02
4.564900000000000091e+02
4.568700000000000045e+02
4.619399999999999977e+02
4.627699999999999818e+02
4.656800000000000068e+02
4.726899999999999977e+02
4.791000000000000227e+02
4.796600000000000250e+02
4.891999999999999886e+02
4.909300000000000068e+02
4.950500000000000114e+02
4.958500000000000227e+02
5.036200000000000045e+02
5.094499999999999886e+02
5.114100000000000250e+02
5.148200000000000500e+02
5.184700000000000273e+02
5.271599999999999682e+02
5.333899999999999864e+02
5.430700000000000500e+02
5.431900000000000546e+02
5.457999999999999545e+02
5.469700000000000273e+02
5.730099999999999909e+02
5.863700000000000045e+02
5.897200000000000273e+02
5.932400000000000091e+02
6.034300000000000637e+02
6.131399999999999864e+02
6.166800000000000637e+02
6.195000000000000000e+02
6.253000000000000682e+02
6.304900000000000091e+02
6.317699999999999818e+02
6.345800000000000409e+02
6.462300000000000182e+02
6.482899999999999636e+02
6.484099999999999682e+02
6.535000000000000000e+02
6.561399999999999864e+02
6.610500000000000682e+02
6.619099999999999682e+02
6.653600000000000136e+02
6.675700000000000500e+02
6.691900000000000546e+02
6.707799999999999727e+02
6.723700000000000045e+02
6.772599999999999909e+02
6.807400000000000091e+02
6.834400000000000546e+02
6.853000000000000682e+02
6.918700000000000045e+02
7.003400000000000318e+02
7.013500000000000227e+02
7.054500000000000455e+02
7.101000000000000227e+02
7.164600000000000364e+02
7.182000000000000455e+02
7.201900000000000546e+02
7.262699999999999818e+02
7.312799999999999727e+02
7.319300000000000637e+02
7.354400000000000546e+02
7.403600000000000136e+02
7.536900000000000546e+02
7.588200000000000500e+02
7.783400000000000318e+02
7.880299999999999727e+02
7.887500000000000000e+02
7.917599999999999909e+02
7.927599999999999909e+02
7.991399999999999864e+02
8.012000000000000455e+02
8.016900000000000546e+02
8.063200000000000500e+02
8.079300000000000637e+02
8.099700000000000273e+02
8.114200000000000728e+02
8.147400000000000091e+02
8.167100000000000364e+02
8.187000000000000455e+02
8.245199999999999818e+02
8.272500000000000000e+02
8.305900000000000318e+02
8.340500000000000682e+02
8.417100000000000364e+02
8.439800000000000182e+02
8.444800000000000182e+02
8.601399999999999864e+02
8.662599999999999909e+02
8.693700000000000045e+02
8.848100000000000591e+02
8.857200000000000273e+02
8.874800000000000182e+02
8.977200000000000273e+02
8.988000000000000682e+02
9.014099999999999682e+02
9.020099999999999909e+02
9.053700000000000045e+02
9.082100000000000364e+02
9.128799999999999955e+02
9.380199999999999818e+02
9.411599999999999682e+02
9.432400000000000091e+02
9.438799999999999955e+02
9.501299999999999955e+02
9.543300000000000409e+02
9.599700000000000273e+02
9.609900000000000091e+02
9.673200000000000500e+02
9.713700000000000045e+02
9.761499999999999773e+02
9.794600000000000364e+02
9.910199999999999818e+02
9.937599999999999909e+02
9.972900000000000773e+02
9.997599999999999909e+02
