3.825999999999999801e+01
1.520399999999999920e+02
2.373900000000000148e+02
2.471599999999999966e+02
6.633300000000000409e+02
7.237999999999999545e+01
1.048599999999999994e+02
1.577199999999999989e+02
1.785600000000000023e+02
3.185799999999999841e+02
3.574599999999999795e+02
4.160000000000000000e+02
5.200600000000000591e+02
5.449700000000000273e+02
6.797599999999999909e+02
8.608500000000000227e+02
9.412799999999999727e+02
9.558899999999999864e+02
1.171000000000000085e+01
4.117999999999999972e+01
1.540500000000000114e+02
1.595699999999999932e+02
3.116299999999999955e+02
3.678100000000000023e+02
6.870000000000000000e+02
8.285700000000000500e+02
3.285099999999999909e+02
4.420099999999999909e+02
8.460000000000000000e+02
9.687500000000000000e+02
3.131000000000000227e+01
