7.719999999999999751e+00
9.779999999999999361e+00
1.187000000000000099e+01
1.391999999999999993e+01
1.595000000000000107e+01
1.803999999999999915e+01
2.012999999999999901e+01
2.475000000000000000e+01
5.835999999999999943e+01
6.056000000000000227e+01
6.264000000000000057e+01
6.465999999999999659e+01
6.668999999999999773e+01
7.025000000000000000e+01
7.228000000000000114e+01
7.462999999999999545e+01
1.072400000000000091e+02
1.097699999999999960e+02
1.118100000000000023e+02
1.144600000000000080e+02
1.172000000000000028e+02
1.193700000000000045e+02
1.237999999999999972e+02
1.589399999999999977e+02
1.626500000000000057e+02
1.647100000000000080e+02
1.667400000000000091e+02
1.689900000000000091e+02
1.713600000000000136e+02
2.082800000000000011e+02
2.103199999999999932e+02
2.123499999999999943e+02
2.143799999999999955e+02
2.174600000000000080e+02
2.208400000000000034e+02
2.228700000000000045e+02
2.559200000000000159e+02
2.599900000000000091e+02
2.620600000000000023e+02
2.641299999999999955e+02
2.663000000000000114e+02
2.689599999999999795e+02
2.710400000000000205e+02
2.740799999999999841e+02
3.082800000000000296e+02
3.108000000000000114e+02
3.128299999999999841e+02
3.148899999999999864e+02
3.170000000000000000e+02
3.190600000000000023e+02
3.224100000000000250e+02
3.575900000000000318e+02
3.596600000000000250e+02
3.626800000000000068e+02
3.648299999999999841e+02
3.673600000000000136e+02
3.696999999999999886e+02
3.751899999999999977e+02
4.074700000000000273e+02
4.097400000000000091e+02
4.117599999999999909e+02
4.138100000000000023e+02
4.158400000000000318e+02
4.178899999999999864e+02
4.202599999999999909e+02
4.231500000000000341e+02
4.577400000000000091e+02
4.599800000000000182e+02
4.621200000000000045e+02
4.641500000000000341e+02
4.666700000000000159e+02
4.691899999999999977e+02
4.714300000000000068e+02
4.739700000000000273e+02
5.064300000000000068e+02
5.095900000000000318e+02
5.116399999999999864e+02
5.145399999999999636e+02
5.165800000000000409e+02
5.186800000000000637e+02
5.222500000000000000e+02
5.581599999999999682e+02
5.605299999999999727e+02
5.627400000000000091e+02
5.654199999999999591e+02
5.680900000000000318e+02
5.701499999999999773e+02
5.723899999999999864e+02
6.065399999999999636e+02
6.101299999999999955e+02
6.122500000000000000e+02
6.146499999999999773e+02
6.169500000000000455e+02
6.195299999999999727e+02
6.556299999999999955e+02
6.580500000000000682e+02
6.602899999999999636e+02
6.631000000000000227e+02
6.657799999999999727e+02
6.683200000000000500e+02
6.707200000000000273e+02
6.733100000000000591e+02
7.079900000000000091e+02
7.100500000000000682e+02
7.124099999999999682e+02
7.150000000000000000e+02
7.172400000000000091e+02
7.195900000000000318e+02
7.226800000000000637e+02
7.571900000000000546e+02
7.601100000000000136e+02
7.626599999999999682e+02
7.649600000000000364e+02
7.670600000000000591e+02
7.691000000000000227e+02
7.733799999999999955e+02
8.061399999999999864e+02
8.081599999999999682e+02
8.102599999999999909e+02
8.127500000000000000e+02
8.151000000000000227e+02
8.171299999999999955e+02
8.191599999999999682e+02
8.212200000000000273e+02
8.237000000000000455e+02
8.574099999999999682e+02
8.594400000000000546e+02
8.614800000000000182e+02
8.638600000000000136e+02
8.659200000000000728e+02
8.680199999999999818e+02
8.703700000000000045e+02
8.730600000000000591e+02
9.059500000000000455e+02
9.089400000000000546e+02
9.112400000000000091e+02
9.132899999999999636e+02
9.159300000000000637e+02
9.189600000000000364e+02
9.213000000000000682e+02
9.254800000000000182e+02
9.556800000000000637e+02
9.592500000000000000e+02
9.613000000000000682e+02
9.636499999999999773e+02
9.669600000000000364e+02
9.692200000000000273e+02
1.226999999999999957e+01
1.431000000000000050e+01
1.760000000000000142e+01
2.044000000000000128e+01
5.856000000000000227e+01
6.060999999999999943e+01
6.264999999999999858e+01
6.556000000000000227e+01
6.821999999999999886e+01
7.037999999999999545e+01
7.423000000000000398e+01
1.093599999999999994e+02
1.119099999999999966e+02
1.152500000000000000e+02
1.172900000000000063e+02
1.193299999999999983e+02
1.215900000000000034e+02
1.563499999999999943e+02
1.594500000000000171e+02
1.621200000000000045e+02
1.644500000000000171e+02
1.671100000000000136e+02
1.703700000000000045e+02
2.083000000000000114e+02
2.104399999999999977e+02
2.127400000000000091e+02
2.160500000000000114e+02
2.181200000000000045e+02
2.206899999999999977e+02
2.251100000000000136e+02
2.587599999999999909e+02
2.617500000000000000e+02
2.643000000000000114e+02
2.676000000000000227e+02
2.696299999999999955e+02
2.721600000000000250e+02
3.078600000000000136e+02
3.102900000000000205e+02
3.123400000000000318e+02
3.151000000000000227e+02
3.176899999999999977e+02
3.244399999999999977e+02
3.568199999999999932e+02
3.599300000000000068e+02
3.623500000000000227e+02
3.657599999999999909e+02
3.677900000000000205e+02
3.698700000000000045e+02
3.735000000000000000e+02
4.060300000000000296e+02
4.084700000000000273e+02
4.114300000000000068e+02
4.139900000000000091e+02
4.166800000000000068e+02
4.207300000000000182e+02
4.549399999999999977e+02
4.591399999999999864e+02
4.617300000000000182e+02
4.645699999999999932e+02
4.668500000000000227e+02
4.693500000000000227e+02
4.726600000000000250e+02
5.090600000000000023e+02
5.127200000000000273e+02
5.147599999999999909e+02
5.170000000000000000e+02
5.192400000000000091e+02
5.216100000000000136e+02
5.560099999999999909e+02
5.589800000000000182e+02
5.610399999999999636e+02
5.631699999999999591e+02
5.652200000000000273e+02
5.683799999999999955e+02
6.059300000000000637e+02
6.092000000000000455e+02
6.112200000000000273e+02
6.132400000000000091e+02
6.164900000000000091e+02
6.193999999999999773e+02
6.580000000000000000e+02
6.600299999999999727e+02
6.635500000000000682e+02
6.658200000000000500e+02
6.678799999999999955e+02
6.713100000000000591e+02
7.054900000000000091e+02
7.090700000000000500e+02
7.123100000000000591e+02
7.144199999999999591e+02
7.169099999999999682e+02
7.190700000000000500e+02
7.215099999999999909e+02
7.535700000000000500e+02
7.564500000000000455e+02
7.586200000000000045e+02
7.606399999999999864e+02
7.628700000000000045e+02
7.654200000000000728e+02
7.679200000000000728e+02
7.721499999999999773e+02
8.051200000000000045e+02
8.071599999999999682e+02
8.092599999999999909e+02
8.113100000000000591e+02
8.142699999999999818e+02
8.172200000000000273e+02
8.204099999999999682e+02
8.516900000000000546e+02
8.542699999999999818e+02
8.563200000000000500e+02
8.583700000000000045e+02
8.613000000000000682e+02
8.642500000000000000e+02
8.663200000000000500e+02
8.689400000000000546e+02
9.031299999999999955e+02
9.073999999999999773e+02
9.095000000000000000e+02
9.115199999999999818e+02
9.143700000000000045e+02
9.166100000000000136e+02
9.552300000000000182e+02
9.582799999999999727e+02
9.612500000000000000e+02
9.637300000000000182e+02
9.661700000000000728e+02
1.100000000000000000e+01
1.429000000000000092e+01
1.742000000000000171e+01
2.080000000000000071e+01
2.362999999999999901e+01
5.692999999999999972e+01
6.143999999999999773e+01
6.485999999999999943e+01
6.929000000000000625e+01
7.218000000000000682e+01
1.105300000000000011e+02
1.155000000000000000e+02
1.176500000000000057e+02
1.213400000000000034e+02
1.576200000000000045e+02
1.609000000000000057e+02
1.641200000000000045e+02
1.692700000000000102e+02
1.713300000000000125e+02
2.072300000000000182e+02
2.111100000000000136e+02
2.136200000000000045e+02
2.156700000000000159e+02
2.183400000000000034e+02
2.542000000000000171e+02
2.574499999999999886e+02
2.594900000000000091e+02
2.625500000000000114e+02
2.660799999999999841e+02
3.086800000000000068e+02
3.117699999999999818e+02
3.138000000000000114e+02
3.176600000000000250e+02
3.598700000000000045e+02
3.631399999999999864e+02
3.664100000000000250e+02
3.684800000000000182e+02
4.074300000000000068e+02
4.110699999999999932e+02
4.148400000000000318e+02
4.584100000000000250e+02
4.615000000000000000e+02
4.647500000000000000e+02
5.049300000000000068e+02
5.077599999999999909e+02
5.104200000000000159e+02
5.147799999999999727e+02
5.168300000000000409e+02
5.558300000000000409e+02
5.578700000000000045e+02
5.606900000000000546e+02
5.627799999999999727e+02
5.676100000000000136e+02
6.076699999999999591e+02
6.177000000000000455e+02
6.548999999999999773e+02
6.600199999999999818e+02
6.622599999999999909e+02
6.651000000000000227e+02
6.671699999999999591e+02
7.052400000000000091e+02
7.087500000000000000e+02
7.111699999999999591e+02
7.142000000000000455e+02
7.521499999999999773e+02
7.576299999999999955e+02
7.596800000000000637e+02
8.033500000000000227e+02
8.071599999999999682e+02
8.108100000000000591e+02
8.525700000000000500e+02
8.546499999999999773e+02
8.567000000000000455e+02
8.587500000000000000e+02
8.622300000000000182e+02
8.643799999999999955e+02
9.020800000000000409e+02
9.046800000000000637e+02
9.067100000000000364e+02
9.089500000000000455e+02
9.113400000000000318e+02
9.515199999999999818e+02
9.538700000000000045e+02
9.559200000000000728e+02
9.585099999999999909e+02
9.618999999999999773e+02
9.657000000000000455e+02
1.666000000000000014e+01
5.978000000000000114e+01
1.093200000000000074e+02
1.628700000000000045e+02
2.157000000000000171e+02
2.661399999999999864e+02
3.063199999999999932e+02
3.591500000000000341e+02
4.154600000000000364e+02
5.068600000000000136e+02
5.110600000000000023e+02
5.544500000000000455e+02
5.608000000000000682e+02
7.031299999999999955e+02
8.106499999999999773e+02
8.583999999999999773e+02
6.110500000000000682e+02
