2.770000000000000018e+00
2.890000000000000124e+00
4.589999999999999858e+00
4.770000000000000462e+00
4.910000000000000142e+00
6.730000000000000426e+00
6.780000000000000249e+00
8.630000000000000782e+00
8.640000000000000568e+00
8.779999999999999361e+00
8.870000000000000995e+00
8.880000000000000782e+00
9.120000000000000995e+00
1.082000000000000028e+01
1.258000000000000007e+01
1.265000000000000036e+01
1.268999999999999950e+01
1.293999999999999950e+01
1.296000000000000085e+01
1.471000000000000085e+01
1.493999999999999950e+01
1.521000000000000085e+01
1.669999999999999929e+01
1.671999999999999886e+01
1.689999999999999858e+01
1.871999999999999886e+01
1.899000000000000199e+01
2.057000000000000028e+01
2.069999999999999929e+01
2.091000000000000014e+01
2.091000000000000014e+01
2.265000000000000213e+01
2.276000000000000156e+01
2.453000000000000114e+01
2.465000000000000213e+01
2.467999999999999972e+01
2.469999999999999929e+01
2.473000000000000043e+01
2.492000000000000171e+01
2.500000000000000000e+01
2.669999999999999929e+01
2.671999999999999886e+01
2.691000000000000014e+01
2.853000000000000114e+01
2.876000000000000156e+01
3.039000000000000057e+01
3.075000000000000000e+01
3.092000000000000171e+01
3.114000000000000057e+01
3.123000000000000043e+01
3.475000000000000000e+01
3.482000000000000028e+01
3.517000000000000171e+01
3.681000000000000227e+01
3.903000000000000114e+01
4.085000000000000142e+01
4.116000000000000369e+01
4.124000000000000199e+01
4.128000000000000114e+01
4.263000000000000256e+01
4.275000000000000000e+01
4.300000000000000000e+01
4.466000000000000369e+01
4.470000000000000284e+01
4.489999999999999858e+01
4.511999999999999744e+01
4.670000000000000284e+01
4.725999999999999801e+01
4.738000000000000256e+01
4.842000000000000171e+01
4.856000000000000227e+01
5.059000000000000341e+01
5.075999999999999801e+01
5.082999999999999829e+01
5.096999999999999886e+01
5.109000000000000341e+01
5.112000000000000455e+01
5.135000000000000142e+01
5.217999999999999972e+01
5.468999999999999773e+01
5.471000000000000085e+01
5.492000000000000171e+01
5.516000000000000369e+01
5.632999999999999829e+01
5.725999999999999801e+01
5.856000000000000227e+01
5.857999999999999829e+01
6.224000000000000199e+01
6.478000000000000114e+01
6.495000000000000284e+01
6.889000000000000057e+01
7.051999999999999602e+01
7.096000000000000796e+01
7.101999999999999602e+01
7.228000000000000114e+01
7.296999999999999886e+01
7.328000000000000114e+01
7.428000000000000114e+01
7.440999999999999659e+01
7.468999999999999773e+01
7.482000000000000739e+01
7.484000000000000341e+01
7.667000000000000171e+01
7.689000000000000057e+01
7.698000000000000398e+01
7.748000000000000398e+01
7.814000000000000057e+01
7.887000000000000455e+01
7.893999999999999773e+01
7.917000000000000171e+01
8.048000000000000398e+01
8.060999999999999943e+01
8.278000000000000114e+01
8.309000000000000341e+01
8.332000000000000739e+01
8.337999999999999545e+01
8.482000000000000739e+01
8.510000000000000853e+01
8.557000000000000739e+01
8.621000000000000796e+01
8.648999999999999488e+01
8.682999999999999829e+01
8.914000000000000057e+01
8.934000000000000341e+01
8.957000000000000739e+01
9.059000000000000341e+01
9.071999999999999886e+01
9.251000000000000512e+01
9.273999999999999488e+01
9.284000000000000341e+01
9.289000000000000057e+01
9.428000000000000114e+01
9.464000000000000057e+01
9.496999999999999886e+01
9.710999999999999943e+01
9.776000000000000512e+01
9.826999999999999602e+01
9.839000000000000057e+01
9.874000000000000909e+01
9.932000000000000739e+01
1.008700000000000045e+02
1.009699999999999989e+02
1.012500000000000000e+02
1.013299999999999983e+02
1.023599999999999994e+02
1.029800000000000040e+02
1.039800000000000040e+02
1.047699999999999960e+02
1.051200000000000045e+02
1.064900000000000091e+02
1.070499999999999972e+02
1.086800000000000068e+02
1.087699999999999960e+02
1.100900000000000034e+02
1.103900000000000006e+02
1.109500000000000028e+02
1.112199999999999989e+02
1.122400000000000091e+02
1.127999999999999972e+02
1.130400000000000063e+02
1.142900000000000063e+02
1.142999999999999972e+02
1.145600000000000023e+02
1.147100000000000080e+02
1.147300000000000040e+02
1.151099999999999994e+02
1.152100000000000080e+02
1.174099999999999966e+02
1.193200000000000074e+02
1.209099999999999966e+02
1.215199999999999960e+02
1.221800000000000068e+02
1.224200000000000017e+02
1.241400000000000006e+02
1.261500000000000057e+02
1.262699999999999960e+02
1.262999999999999972e+02
1.268400000000000034e+02
1.288400000000000034e+02
1.304799999999999898e+02
1.305699999999999932e+02
1.309799999999999898e+02
1.325600000000000023e+02
1.328000000000000114e+02
1.331299999999999955e+02
1.341299999999999955e+02
1.356700000000000159e+02
1.357700000000000102e+02
1.364799999999999898e+02
1.369500000000000171e+02
1.370600000000000023e+02
1.389000000000000057e+02
1.404399999999999977e+02
1.411599999999999966e+02
1.419799999999999898e+02
1.420800000000000125e+02
1.422599999999999909e+02
1.426800000000000068e+02
1.427899999999999920e+02
1.457800000000000011e+02
1.473300000000000125e+02
1.485699999999999932e+02
1.487199999999999989e+02
1.502299999999999898e+02
1.503700000000000045e+02
1.523000000000000114e+02
1.524200000000000159e+02
1.535099999999999909e+02
1.547800000000000011e+02
1.561700000000000159e+02
1.562199999999999989e+02
1.562800000000000011e+02
1.569900000000000091e+02
1.572899999999999920e+02
1.579699999999999989e+02
1.583700000000000045e+02
1.588300000000000125e+02
1.590600000000000023e+02
1.599200000000000159e+02
1.605099999999999909e+02
1.608799999999999955e+02
1.611299999999999955e+02
1.614799999999999898e+02
1.632000000000000171e+02
1.632400000000000091e+02
1.643799999999999955e+02
1.650800000000000125e+02
1.661599999999999966e+02
1.663000000000000114e+02
1.664799999999999898e+02
1.668199999999999932e+02
1.673100000000000023e+02
1.675300000000000011e+02
1.675900000000000034e+02
1.683499999999999943e+02
1.691200000000000045e+02
1.700600000000000023e+02
1.702000000000000171e+02
1.711599999999999966e+02
1.721800000000000068e+02
1.735800000000000125e+02
1.738700000000000045e+02
1.745399999999999920e+02
1.749600000000000080e+02
1.753700000000000045e+02
1.764300000000000068e+02
1.797400000000000091e+02
1.800200000000000102e+02
1.803799999999999955e+02
1.814500000000000171e+02
1.815000000000000000e+02
1.825099999999999909e+02
1.828400000000000034e+02
1.830999999999999943e+02
1.839900000000000091e+02
1.844900000000000091e+02
1.858900000000000148e+02
1.868799999999999955e+02
1.879600000000000080e+02
1.888400000000000034e+02
1.890600000000000023e+02
1.894600000000000080e+02
1.902000000000000171e+02
1.905600000000000023e+02
1.911899999999999977e+02
1.919200000000000159e+02
1.933600000000000136e+02
1.935800000000000125e+02
1.938300000000000125e+02
1.956100000000000136e+02
1.969099999999999966e+02
1.970300000000000011e+02
1.971299999999999955e+02
1.984200000000000159e+02
1.990900000000000034e+02
1.991400000000000148e+02
2.000399999999999920e+02
2.023100000000000023e+02
2.024900000000000091e+02
2.030200000000000102e+02
2.031299999999999955e+02
2.040099999999999909e+02
2.040200000000000102e+02
2.040500000000000114e+02
2.040600000000000023e+02
2.077300000000000182e+02
2.083300000000000125e+02
2.097500000000000000e+02
2.098100000000000023e+02
2.104000000000000057e+02
2.106500000000000057e+02
2.129000000000000057e+02
2.138000000000000114e+02
2.138799999999999955e+02
2.142100000000000080e+02
2.160500000000000114e+02
2.173300000000000125e+02
2.173700000000000045e+02
2.176400000000000148e+02
2.180900000000000034e+02
2.182300000000000182e+02
2.190200000000000102e+02
2.194500000000000171e+02
2.208799999999999955e+02
2.215500000000000114e+02
2.217199999999999989e+02
2.217899999999999920e+02
2.223900000000000148e+02
2.249699999999999989e+02
2.258499999999999943e+02
2.258900000000000148e+02
2.265500000000000114e+02
2.267599999999999909e+02
2.271700000000000159e+02
2.280800000000000125e+02
2.284699999999999989e+02
2.293499999999999943e+02
2.295200000000000102e+02
2.297500000000000000e+02
2.301700000000000159e+02
2.307400000000000091e+02
2.329300000000000068e+02
2.356500000000000057e+02
2.357199999999999989e+02
2.364200000000000159e+02
2.365399999999999920e+02
2.369699999999999989e+02
2.370000000000000000e+02
2.371500000000000057e+02
2.385699999999999932e+02
2.389900000000000091e+02
2.399300000000000068e+02
2.403900000000000148e+02
2.409200000000000159e+02
2.413900000000000148e+02
2.413900000000000148e+02
2.425200000000000102e+02
2.434800000000000182e+02
2.435999999999999943e+02
2.443799999999999955e+02
2.446599999999999966e+02
2.460100000000000193e+02
2.463100000000000023e+02
2.469900000000000091e+02
2.475100000000000193e+02
2.484000000000000057e+02
2.495000000000000000e+02
2.496500000000000057e+02
2.520200000000000102e+02
2.528600000000000136e+02
2.529800000000000182e+02
2.532199999999999989e+02
2.545600000000000023e+02
2.548400000000000034e+02
2.550200000000000102e+02
2.554800000000000182e+02
2.615000000000000000e+02
2.618000000000000114e+02
2.621399999999999864e+02
2.622699999999999818e+02
2.631999999999999886e+02
2.638000000000000114e+02
2.648000000000000114e+02
2.674800000000000182e+02
2.675600000000000023e+02
2.693000000000000114e+02
2.701100000000000136e+02
2.702800000000000296e+02
2.703299999999999841e+02
2.704499999999999886e+02
2.704800000000000182e+02
2.714499999999999886e+02
2.718999999999999773e+02
2.725500000000000114e+02
2.728400000000000318e+02
2.731200000000000045e+02
2.731800000000000068e+02
2.753400000000000318e+02
2.766399999999999864e+02
2.769499999999999886e+02
2.774300000000000068e+02
2.777800000000000296e+02
2.778100000000000023e+02
2.778299999999999841e+02
2.790400000000000205e+02
2.811899999999999977e+02
2.819499999999999886e+02
2.825900000000000318e+02
2.829499999999999886e+02
2.833400000000000318e+02
2.836700000000000159e+02
2.851000000000000227e+02
2.854499999999999886e+02
2.854900000000000091e+02
2.861899999999999977e+02
2.882800000000000296e+02
2.888000000000000114e+02
2.893100000000000023e+02
2.899900000000000091e+02
2.918700000000000045e+02
2.940600000000000023e+02
2.940900000000000318e+02
2.944000000000000341e+02
2.966000000000000227e+02
2.966100000000000136e+02
2.969700000000000273e+02
2.973299999999999841e+02
2.980199999999999818e+02
2.983400000000000318e+02
2.987699999999999818e+02
3.015099999999999909e+02
3.018199999999999932e+02
3.018700000000000045e+02
3.033000000000000114e+02
3.044800000000000182e+02
3.059399999999999977e+02
3.078299999999999841e+02
3.088799999999999955e+02
3.124000000000000341e+02
3.146299999999999955e+02
3.155300000000000296e+02
3.166399999999999864e+02
3.179599999999999795e+02
3.182900000000000205e+02
3.215400000000000205e+02
3.216700000000000159e+02
3.220000000000000000e+02
3.250799999999999841e+02
3.258899999999999864e+02
3.259599999999999795e+02
3.261200000000000045e+02
3.264300000000000068e+02
3.291500000000000341e+02
3.296700000000000159e+02
3.313199999999999932e+02
3.325400000000000205e+02
3.328299999999999841e+02
3.332099999999999795e+02
3.338299999999999841e+02
3.346299999999999955e+02
3.351200000000000045e+02
3.358199999999999932e+02
3.370600000000000023e+02
3.376899999999999977e+02
3.379499999999999886e+02
3.383700000000000045e+02
3.391899999999999977e+02
3.402699999999999818e+02
3.407300000000000182e+02
3.413500000000000227e+02
3.418400000000000318e+02
3.437500000000000000e+02
3.448899999999999864e+02
3.458199999999999932e+02
3.464499999999999886e+02
3.473100000000000023e+02
3.496200000000000045e+02
3.496800000000000068e+02
3.504900000000000091e+02
3.505099999999999909e+02
3.518299999999999841e+02
3.524499999999999886e+02
3.531000000000000227e+02
3.552300000000000182e+02
3.553100000000000023e+02
3.556500000000000341e+02
3.557800000000000296e+02
3.577099999999999795e+02
3.578899999999999864e+02
3.579399999999999977e+02
3.586299999999999955e+02
3.612699999999999818e+02
3.612800000000000296e+02
3.620300000000000296e+02
3.626500000000000341e+02
3.639599999999999795e+02
3.641999999999999886e+02
3.648799999999999955e+02
3.652699999999999818e+02
3.666000000000000227e+02
3.666100000000000136e+02
3.668100000000000023e+02
3.684200000000000159e+02
3.689200000000000159e+02
3.697699999999999818e+02
3.699800000000000182e+02
3.700500000000000114e+02
3.713100000000000023e+02
3.739300000000000068e+02
3.741800000000000068e+02
3.745500000000000114e+02
3.754900000000000091e+02
3.758400000000000318e+02
3.763500000000000227e+02
3.770000000000000000e+02
3.781999999999999886e+02
3.790400000000000205e+02
3.796299999999999955e+02
3.806999999999999886e+02
3.815799999999999841e+02
3.816899999999999977e+02
3.826899999999999977e+02
3.827200000000000273e+02
3.838600000000000136e+02
3.840000000000000000e+02
3.844399999999999977e+02
3.845699999999999932e+02
3.848199999999999932e+02
3.849399999999999977e+02
3.859600000000000364e+02
3.865199999999999818e+02
3.896899999999999977e+02
3.905400000000000205e+02
3.912300000000000182e+02
3.926999999999999886e+02
3.944700000000000273e+02
3.949700000000000273e+02
3.951100000000000136e+02
3.952699999999999818e+02
3.954800000000000182e+02
3.965500000000000114e+02
3.965699999999999932e+02
3.973199999999999932e+02
3.975799999999999841e+02
3.980500000000000114e+02
3.987200000000000273e+02
4.000900000000000318e+02
4.003700000000000045e+02
4.007599999999999909e+02
4.010799999999999841e+02
4.020400000000000205e+02
4.030900000000000318e+02
4.055000000000000000e+02
4.067200000000000273e+02
4.077699999999999818e+02
4.098199999999999932e+02
4.098899999999999864e+02
4.107200000000000273e+02
4.115099999999999909e+02
4.138500000000000227e+02
4.147100000000000364e+02
4.147200000000000273e+02
4.153100000000000023e+02
4.192100000000000364e+02
4.194499999999999886e+02
4.205400000000000205e+02
4.213799999999999955e+02
4.224800000000000182e+02
4.251500000000000341e+02
4.270099999999999909e+02
4.272800000000000296e+02
4.278199999999999932e+02
4.286800000000000068e+02
4.296399999999999864e+02
4.320099999999999909e+02
4.320400000000000205e+02
4.323799999999999955e+02
4.323899999999999864e+02
4.328400000000000318e+02
4.328600000000000136e+02
4.335300000000000296e+02
4.338199999999999932e+02
4.352800000000000296e+02
4.360600000000000023e+02
4.374200000000000159e+02
4.391399999999999864e+02
4.394000000000000341e+02
4.395900000000000318e+02
4.396100000000000136e+02
4.408700000000000045e+02
4.412300000000000182e+02
4.417500000000000000e+02
4.428000000000000114e+02
4.429900000000000091e+02
4.460099999999999909e+02
4.463600000000000136e+02
4.463899999999999864e+02
4.464100000000000250e+02
4.470799999999999841e+02
4.495400000000000205e+02
4.500300000000000296e+02
4.513400000000000318e+02
4.531399999999999864e+02
4.543199999999999932e+02
4.551299999999999955e+02
4.571200000000000045e+02
4.581399999999999864e+02
4.584100000000000250e+02
4.596000000000000227e+02
4.597200000000000273e+02
4.603100000000000023e+02
4.604700000000000273e+02
4.611000000000000227e+02
4.623799999999999955e+02
4.632300000000000182e+02
4.636600000000000250e+02
4.654200000000000159e+02
4.656600000000000250e+02
4.659700000000000273e+02
4.660900000000000318e+02
4.664100000000000250e+02
4.682800000000000296e+02
4.686000000000000227e+02
4.693700000000000045e+02
4.696100000000000136e+02
4.723199999999999932e+02
4.727100000000000364e+02
4.735900000000000318e+02
4.755300000000000296e+02
4.763299999999999841e+02
4.774300000000000068e+02
4.776399999999999864e+02
4.780099999999999909e+02
4.784200000000000159e+02
4.791899999999999977e+02
4.794800000000000182e+02
4.801000000000000227e+02
4.821700000000000159e+02
4.822599999999999909e+02
4.834100000000000250e+02
4.861299999999999955e+02
4.873299999999999841e+02
4.881999999999999886e+02
4.886100000000000136e+02
4.891800000000000068e+02
4.901999999999999886e+02
4.911700000000000159e+02
4.911999999999999886e+02
4.920699999999999932e+02
4.925099999999999909e+02
4.942400000000000091e+02
4.964600000000000364e+02
4.969399999999999977e+02
4.993500000000000227e+02
4.994000000000000341e+02
4.995200000000000387e+02
5.001299999999999955e+02
5.004499999999999886e+02
5.010799999999999841e+02
5.014100000000000250e+02
5.023600000000000136e+02
5.042400000000000091e+02
5.063899999999999864e+02
5.074399999999999977e+02
5.090799999999999841e+02
5.093899999999999864e+02
5.102300000000000182e+02
5.102300000000000182e+02
5.112400000000000091e+02
5.113600000000000136e+02
5.114900000000000091e+02
5.121399999999999864e+02
5.130299999999999727e+02
5.144800000000000182e+02
5.145800000000000409e+02
5.146299999999999955e+02
5.152200000000000273e+02
5.153799999999999955e+02
5.190700000000000500e+02
5.191499999999999773e+02
5.191499999999999773e+02
5.192500000000000000e+02
5.200600000000000591e+02
5.202999999999999545e+02
5.212799999999999727e+02
5.223400000000000318e+02
5.242300000000000182e+02
5.243799999999999955e+02
5.244800000000000182e+02
5.259600000000000364e+02
5.272300000000000182e+02
5.282500000000000000e+02
5.292699999999999818e+02
5.292699999999999818e+02
5.312100000000000364e+02
5.312799999999999727e+02
5.314199999999999591e+02
5.320499999999999545e+02
5.322100000000000364e+02
5.324700000000000273e+02
5.333500000000000227e+02
5.350399999999999636e+02
5.377599999999999909e+02
5.381900000000000546e+02
5.389400000000000546e+02
5.391399999999999864e+02
5.392300000000000182e+02
5.403999999999999773e+02
5.421699999999999591e+02
5.431100000000000136e+02
5.433300000000000409e+02
5.442799999999999727e+02
5.444099999999999682e+02
5.451599999999999682e+02
5.461000000000000227e+02
5.473000000000000682e+02
5.473700000000000045e+02
5.483899999999999864e+02
5.503999999999999773e+02
5.509400000000000546e+02
5.509600000000000364e+02
5.514500000000000455e+02
5.530500000000000682e+02
5.530600000000000591e+02
5.548799999999999955e+02
5.563600000000000136e+02
5.579300000000000637e+02
5.593600000000000136e+02
5.598000000000000682e+02
5.603000000000000682e+02
5.620900000000000318e+02
5.628200000000000500e+02
5.644700000000000273e+02
5.648700000000000045e+02
5.661299999999999955e+02
5.679400000000000546e+02
5.687100000000000364e+02
5.718700000000000045e+02
5.720299999999999727e+02
5.722000000000000455e+02
5.730600000000000591e+02
5.737300000000000182e+02
5.750700000000000500e+02
5.750800000000000409e+02
5.760000000000000000e+02
5.763200000000000500e+02
5.768799999999999955e+02
5.781499999999999773e+02
5.793000000000000682e+02
5.801599999999999682e+02
5.808799999999999955e+02
5.820399999999999636e+02
5.840700000000000500e+02
5.850000000000000000e+02
5.855299999999999727e+02
5.863200000000000500e+02
5.874400000000000546e+02
5.900900000000000318e+02
5.901499999999999773e+02
5.902500000000000000e+02
5.907500000000000000e+02
5.930900000000000318e+02
5.932200000000000273e+02
5.940399999999999636e+02
5.943899999999999864e+02
5.948899999999999864e+02
5.952200000000000273e+02
5.954900000000000091e+02
5.955399999999999636e+02
5.956200000000000045e+02
5.973500000000000227e+02
5.983700000000000045e+02
5.988799999999999955e+02
5.990399999999999636e+02
5.990500000000000682e+02
5.996299999999999955e+02
6.006200000000000045e+02
6.017400000000000091e+02
6.035000000000000000e+02
6.038300000000000409e+02
6.042699999999999818e+02
6.065900000000000318e+02
6.075199999999999818e+02
6.085099999999999909e+02
6.086000000000000227e+02
6.086000000000000227e+02
6.096499999999999773e+02
6.107000000000000455e+02
6.107899999999999636e+02
6.113700000000000045e+02
6.113799999999999955e+02
6.116800000000000637e+02
6.128300000000000409e+02
6.133300000000000409e+02
6.135900000000000318e+02
6.153899999999999864e+02
6.161800000000000637e+02
6.166699999999999591e+02
6.170600000000000591e+02
6.183999999999999773e+02
6.186800000000000637e+02
6.190099999999999909e+02
6.201699999999999591e+02
6.207000000000000455e+02
6.208899999999999864e+02
6.210700000000000500e+02
6.225099999999999909e+02
6.230600000000000591e+02
6.231299999999999955e+02
6.251399999999999864e+02
6.260700000000000500e+02
6.266699999999999591e+02
6.275299999999999727e+02
6.280600000000000591e+02
6.283100000000000591e+02
6.286200000000000045e+02
6.296699999999999591e+02
6.299099999999999682e+02
6.304099999999999682e+02
6.316100000000000136e+02
6.318100000000000591e+02
6.323700000000000045e+02
6.324199999999999591e+02
6.326299999999999955e+02
6.328000000000000682e+02
6.330399999999999636e+02
6.336900000000000546e+02
6.339400000000000546e+02
6.341499999999999773e+02
6.348600000000000136e+02
6.353100000000000591e+02
6.354400000000000546e+02
6.372000000000000455e+02
6.372300000000000182e+02
6.402899999999999636e+02
6.405199999999999818e+02
6.416399999999999864e+02
6.423200000000000500e+02
6.442599999999999909e+02
6.464700000000000273e+02
6.465800000000000409e+02
6.472000000000000455e+02
6.477899999999999636e+02
6.481399999999999864e+02
6.493899999999999864e+02
6.510500000000000682e+02
6.514900000000000091e+02
6.534500000000000455e+02
6.543200000000000500e+02
6.545299999999999727e+02
6.547799999999999727e+02
6.568999999999999773e+02
6.582100000000000364e+02
6.586900000000000546e+02
6.593999999999999773e+02
6.598500000000000227e+02
6.625500000000000682e+02
6.625800000000000409e+02
6.639800000000000182e+02
6.653400000000000318e+02
6.665500000000000682e+02
6.666599999999999682e+02
6.694199999999999591e+02
6.706000000000000227e+02
6.712899999999999636e+02
6.720299999999999727e+02
6.722599999999999909e+02
6.725800000000000409e+02
6.753700000000000045e+02
6.768400000000000318e+02
6.773000000000000682e+02
6.774500000000000455e+02
6.780299999999999727e+02
6.780399999999999636e+02
6.786299999999999955e+02
6.802100000000000364e+02
6.807200000000000273e+02
6.814300000000000637e+02
6.821599999999999682e+02
6.827699999999999818e+02
6.829099999999999682e+02
6.831299999999999955e+02
6.832699999999999818e+02
6.840800000000000409e+02
6.862500000000000000e+02
6.883400000000000318e+02
6.885500000000000682e+02
6.888500000000000227e+02
6.900700000000000500e+02
6.915299999999999727e+02
6.921599999999999682e+02
6.923999999999999773e+02
6.927000000000000455e+02
6.928000000000000682e+02
6.941000000000000227e+02
6.942100000000000364e+02
6.948400000000000318e+02
6.951100000000000136e+02
6.963500000000000227e+02
6.972699999999999818e+02
6.976200000000000045e+02
6.983100000000000591e+02
6.984099999999999682e+02
6.994600000000000364e+02
7.007899999999999636e+02
7.011900000000000546e+02
7.017400000000000091e+02
7.035299999999999727e+02
7.045500000000000682e+02
7.059400000000000546e+02
7.059900000000000091e+02
7.067400000000000091e+02
7.068400000000000318e+02
7.069199999999999591e+02
7.073200000000000500e+02
7.083300000000000409e+02
7.092000000000000455e+02
7.092100000000000364e+02
7.106100000000000136e+02
7.113799999999999955e+02
7.119500000000000455e+02
7.132300000000000182e+02
7.142699999999999818e+02
7.146399999999999864e+02
7.147899999999999636e+02
7.151299999999999955e+02
7.155500000000000682e+02
7.159400000000000546e+02
7.173100000000000591e+02
7.179099999999999682e+02
7.180900000000000318e+02
7.184400000000000546e+02
7.199800000000000182e+02
7.201299999999999955e+02
7.202500000000000000e+02
7.209600000000000364e+02
7.217500000000000000e+02
7.225700000000000500e+02
7.239300000000000637e+02
7.253600000000000136e+02
7.256100000000000136e+02
7.258200000000000500e+02
7.277699999999999818e+02
7.279600000000000364e+02
7.297000000000000455e+02
7.303500000000000227e+02
7.308600000000000136e+02
7.310000000000000000e+02
7.313799999999999955e+02
7.335000000000000000e+02
7.340099999999999909e+02
7.343899999999999864e+02
7.364600000000000364e+02
7.389700000000000273e+02
7.398600000000000136e+02
7.422200000000000273e+02
7.425199999999999818e+02
7.427599999999999909e+02
7.434600000000000364e+02
7.448999999999999773e+02
7.471399999999999864e+02
7.472200000000000273e+02
7.486299999999999955e+02
7.494400000000000546e+02
7.502300000000000182e+02
7.509600000000000364e+02
7.519600000000000364e+02
7.528100000000000591e+02
7.531399999999999864e+02
7.540199999999999818e+02
7.544099999999999682e+02
7.554500000000000455e+02
7.556599999999999682e+02
7.558300000000000409e+02
7.604700000000000273e+02
7.608000000000000682e+02
7.609700000000000273e+02
7.612799999999999727e+02
7.631299999999999955e+02
7.640700000000000500e+02
7.642000000000000455e+02
7.643100000000000591e+02
7.644400000000000546e+02
7.647400000000000091e+02
7.661800000000000637e+02
7.665900000000000318e+02
7.670900000000000318e+02
7.676100000000000136e+02
7.685399999999999636e+02
7.689200000000000728e+02
7.691200000000000045e+02
7.697000000000000455e+02
7.700800000000000409e+02
7.709099999999999682e+02
7.723000000000000682e+02
7.723899999999999864e+02
7.727100000000000364e+02
7.727500000000000000e+02
7.728700000000000045e+02
7.728700000000000045e+02
7.739200000000000728e+02
7.750099999999999909e+02
7.769900000000000091e+02
7.776499999999999773e+02
7.779099999999999682e+02
7.788500000000000227e+02
7.791499999999999773e+02
7.802500000000000000e+02
7.813899999999999864e+02
7.819300000000000637e+02
7.821800000000000637e+02
7.839300000000000637e+02
7.843500000000000227e+02
7.855900000000000318e+02
7.858899999999999864e+02
7.863799999999999955e+02
7.864500000000000455e+02
7.867000000000000455e+02
7.875099999999999909e+02
7.881000000000000227e+02
7.894800000000000182e+02
7.902599999999999909e+02
7.906800000000000637e+02
7.909600000000000364e+02
7.917599999999999909e+02
7.918999999999999773e+02
7.939700000000000273e+02
7.950900000000000318e+02
7.964099999999999682e+02
7.964800000000000182e+02
7.974600000000000364e+02
7.990399999999999636e+02
7.994600000000000364e+02
8.013600000000000136e+02
8.014500000000000455e+02
8.014700000000000273e+02
8.016100000000000136e+02
8.027799999999999727e+02
8.036800000000000637e+02
8.039300000000000637e+02
8.049800000000000182e+02
8.068999999999999773e+02
8.073799999999999955e+02
8.087300000000000182e+02
8.091399999999999864e+02
8.101499999999999773e+02
8.105500000000000682e+02
8.124099999999999682e+02
8.140500000000000682e+02
8.144500000000000455e+02
8.149400000000000546e+02
8.151399999999999864e+02
8.155500000000000682e+02
8.158799999999999955e+02
8.160399999999999636e+02
8.171700000000000728e+02
8.182599999999999909e+02
8.199099999999999682e+02
8.220800000000000409e+02
8.230700000000000500e+02
8.242300000000000182e+02
8.246499999999999773e+02
8.249500000000000455e+02
8.259800000000000182e+02
8.271000000000000227e+02
8.271000000000000227e+02
8.276800000000000637e+02
8.297599999999999909e+02
8.305500000000000682e+02
8.310399999999999636e+02
8.338300000000000409e+02
8.339300000000000637e+02
8.342500000000000000e+02
8.346800000000000637e+02
8.360500000000000682e+02
8.383899999999999864e+02
8.386800000000000637e+02
8.394200000000000728e+02
8.400600000000000591e+02
8.403799999999999955e+02
8.403799999999999955e+02
8.418600000000000136e+02
8.421900000000000546e+02
8.437000000000000455e+02
8.442699999999999818e+02
8.446599999999999682e+02
8.455299999999999727e+02
8.456299999999999955e+02
8.470800000000000409e+02
8.491800000000000637e+02
8.498700000000000045e+02
8.506499999999999773e+02
8.512100000000000364e+02
8.516299999999999955e+02
8.518400000000000318e+02
8.520299999999999727e+02
8.529600000000000364e+02
8.550000000000000000e+02
8.555800000000000409e+02
8.557400000000000091e+02
8.561700000000000728e+02
8.577899999999999636e+02
8.585199999999999818e+02
8.590500000000000682e+02
8.598999999999999773e+02
8.618200000000000500e+02
8.622500000000000000e+02
8.625299999999999727e+02
8.650099999999999909e+02
8.651200000000000045e+02
8.662500000000000000e+02
8.678500000000000227e+02
8.679400000000000546e+02
8.679700000000000273e+02
8.684200000000000728e+02
8.697500000000000000e+02
8.700000000000000000e+02
8.700199999999999818e+02
8.710099999999999909e+02
8.710900000000000318e+02
8.733899999999999864e+02
8.736499999999999773e+02
8.757400000000000091e+02
8.760199999999999818e+02
8.760199999999999818e+02
8.765399999999999636e+02
8.776399999999999864e+02
8.781399999999999864e+02
8.785399999999999636e+02
8.798799999999999955e+02
8.799400000000000546e+02
8.802500000000000000e+02
8.808899999999999864e+02
8.816599999999999682e+02
8.818799999999999955e+02
8.818899999999999864e+02
8.832799999999999727e+02
8.843600000000000136e+02
8.847500000000000000e+02
8.862400000000000091e+02
8.868300000000000409e+02
8.874500000000000455e+02
8.897200000000000273e+02
8.897500000000000000e+02
8.901100000000000136e+02
8.904700000000000273e+02
8.905299999999999727e+02
8.910900000000000318e+02
8.913100000000000591e+02
8.915099999999999909e+02
8.922400000000000091e+02
8.931499999999999773e+02
8.935399999999999636e+02
8.937799999999999727e+02
8.943700000000000045e+02
8.946599999999999682e+02
8.961800000000000637e+02
8.964600000000000364e+02
8.968700000000000045e+02
8.982200000000000273e+02
8.994900000000000091e+02
9.001100000000000136e+02
9.003200000000000500e+02
9.012100000000000364e+02
9.018999999999999773e+02
9.027400000000000091e+02
9.044700000000000273e+02
9.054200000000000728e+02
9.058899999999999864e+02
9.060099999999999909e+02
9.077500000000000000e+02
9.085000000000000000e+02
9.089300000000000637e+02
9.102300000000000182e+02
9.105800000000000409e+02
9.114800000000000182e+02
9.131299999999999955e+02
9.138000000000000682e+02
9.142300000000000182e+02
9.142400000000000091e+02
9.144600000000000364e+02
9.153000000000000682e+02
9.155099999999999909e+02
9.161800000000000637e+02
9.176399999999999864e+02
9.186900000000000546e+02
9.187400000000000091e+02
9.200900000000000318e+02
9.214700000000000273e+02
9.224800000000000182e+02
9.237599999999999909e+02
9.243700000000000045e+02
9.272699999999999818e+02
9.275000000000000000e+02
9.276599999999999682e+02
9.278400000000000318e+02
9.280099999999999909e+02
9.284300000000000637e+02
9.295199999999999818e+02
9.298999999999999773e+02
9.302300000000000182e+02
9.314300000000000637e+02
9.318999999999999773e+02
9.319900000000000091e+02
9.322200000000000273e+02
9.336399999999999864e+02
9.341499999999999773e+02
9.356800000000000637e+02
9.358100000000000591e+02
9.359500000000000455e+02
9.374600000000000364e+02
9.376100000000000136e+02
9.379800000000000182e+02
9.396100000000000136e+02
9.399600000000000364e+02
9.401800000000000637e+02
9.413500000000000227e+02
9.417500000000000000e+02
9.418600000000000136e+02
9.423400000000000318e+02
9.426499999999999773e+02
9.437000000000000455e+02
9.439200000000000728e+02
9.451100000000000136e+02
9.454400000000000546e+02
9.460700000000000500e+02
9.463899999999999864e+02
9.475099999999999909e+02
9.496700000000000728e+02
9.498000000000000682e+02
9.499700000000000273e+02
9.500500000000000682e+02
9.501900000000000546e+02
9.516900000000000546e+02
9.523799999999999955e+02
9.523899999999999864e+02
9.534700000000000273e+02
9.536399999999999864e+02
9.540700000000000500e+02
9.542699999999999818e+02
9.559400000000000546e+02
9.561900000000000546e+02
9.574800000000000182e+02
9.576800000000000637e+02
9.593400000000000318e+02
9.595900000000000318e+02
9.598600000000000136e+02
9.600900000000000318e+02
9.601800000000000637e+02
9.618000000000000682e+02
9.642200000000000273e+02
9.643300000000000409e+02
9.657899999999999636e+02
9.658000000000000682e+02
9.658700000000000045e+02
9.659500000000000455e+02
9.679400000000000546e+02
9.695399999999999636e+02
9.699099999999999682e+02
9.720000000000000000e+02
9.721599999999999682e+02
9.736200000000000045e+02
9.738000000000000682e+02
9.741200000000000045e+02
9.758100000000000591e+02
9.759300000000000637e+02
9.763999999999999773e+02
9.773799999999999955e+02
9.774600000000000364e+02
9.816599999999999682e+02
9.817200000000000273e+02
9.818600000000000136e+02
9.835199999999999818e+02
9.839200000000000728e+02
9.839300000000000637e+02
9.859500000000000455e+02
9.874300000000000637e+02
9.875800000000000409e+02
9.878300000000000409e+02
9.895000000000000000e+02
9.897500000000000000e+02
9.898600000000000136e+02
9.898999999999999773e+02
9.916200000000000045e+02
9.916499999999999773e+02
9.918300000000000409e+02
9.918899999999999864e+02
9.920700000000000500e+02
9.939500000000000455e+02
9.939700000000000273e+02
9.940099999999999909e+02
9.956299999999999955e+02
9.956700000000000728e+02
9.957400000000000091e+02
9.957599999999999909e+02
9.958200000000000500e+02
9.958899999999999864e+02
9.978999999999999773e+02
9.997599999999999909e+02
9.997699999999999818e+02
