9.320000000000000284e+00
1.259999999999999964e+01
1.551999999999999957e+01
1.767999999999999972e+01
2.026999999999999957e+01
2.333999999999999986e+01
2.553999999999999915e+01
6.092000000000000171e+01
6.353999999999999915e+01
6.590999999999999659e+01
6.804999999999999716e+01
7.015000000000000568e+01
7.228000000000000114e+01
1.103100000000000023e+02
1.124399999999999977e+02
1.155400000000000063e+02
1.182000000000000028e+02
1.571400000000000148e+02
1.611200000000000045e+02
1.645800000000000125e+02
1.674000000000000057e+02
1.696500000000000057e+02
1.721800000000000068e+02
2.098700000000000045e+02
2.119600000000000080e+02
2.140200000000000102e+02
2.161599999999999966e+02
2.182500000000000000e+02
2.600000000000000000e+02
2.647300000000000182e+02
2.674900000000000091e+02
2.700400000000000205e+02
2.721800000000000068e+02
3.081000000000000227e+02
3.109700000000000273e+02
3.130400000000000205e+02
3.152500000000000000e+02
3.180699999999999932e+02
3.207099999999999795e+02
3.230000000000000000e+02
3.578100000000000023e+02
3.620600000000000023e+02
3.641200000000000045e+02
3.670400000000000205e+02
3.705799999999999841e+02
3.727400000000000091e+02
4.134200000000000159e+02
4.155199999999999818e+02
4.181200000000000045e+02
4.575900000000000318e+02
4.597800000000000296e+02
4.619300000000000068e+02
4.644800000000000182e+02
4.670300000000000296e+02
4.701800000000000068e+02
5.085000000000000000e+02
5.116299999999999955e+02
5.137000000000000455e+02
5.161800000000000637e+02
5.203700000000000045e+02
5.259700000000000273e+02
5.594199999999999591e+02
5.615500000000000682e+02
5.643100000000000591e+02
5.664099999999999682e+02
5.688200000000000500e+02
5.710099999999999909e+02
6.098400000000000318e+02
6.119199999999999591e+02
6.158300000000000409e+02
6.201599999999999682e+02
6.633300000000000409e+02
6.655299999999999727e+02
6.676900000000000546e+02
7.108200000000000500e+02
7.138600000000000136e+02
7.162500000000000000e+02
7.188400000000000318e+02
7.214900000000000091e+02
7.242100000000000364e+02
7.577500000000000000e+02
7.600700000000000500e+02
7.642000000000000455e+02
7.670000000000000000e+02
8.101200000000000045e+02
8.127100000000000364e+02
8.150500000000000682e+02
8.172599999999999909e+02
8.198200000000000500e+02
8.589500000000000455e+02
8.615000000000000000e+02
8.638600000000000136e+02
8.672400000000000091e+02
8.698999999999999773e+02
8.736700000000000728e+02
9.111200000000000045e+02
9.156499999999999773e+02
9.177899999999999636e+02
9.211200000000000045e+02
9.603899999999999864e+02
9.625399999999999636e+02
9.660700000000000500e+02
9.698300000000000409e+02
9.742699999999999818e+02
7.950000000000000178e+00
1.013000000000000078e+01
1.232000000000000028e+01
1.524000000000000021e+01
1.817999999999999972e+01
2.546999999999999886e+01
6.018999999999999773e+01
6.460999999999999943e+01
7.123999999999999488e+01
1.101899999999999977e+02
1.134099999999999966e+02
1.176099999999999994e+02
1.202300000000000040e+02
1.600999999999999943e+02
1.629500000000000171e+02
1.672400000000000091e+02
1.693799999999999955e+02
1.721700000000000159e+02
2.095200000000000102e+02
2.116800000000000068e+02
2.143100000000000023e+02
2.164699999999999989e+02
2.197599999999999909e+02
2.594900000000000091e+02
2.636000000000000227e+02
2.657099999999999795e+02
2.703400000000000318e+02
2.739800000000000182e+02
3.093500000000000227e+02
3.121299999999999955e+02
3.164300000000000068e+02
3.188700000000000045e+02
3.219000000000000341e+02
3.613899999999999864e+02
3.650099999999999909e+02
4.102599999999999909e+02
4.141100000000000136e+02
4.175500000000000114e+02
4.196500000000000341e+02
4.609200000000000159e+02
4.638400000000000318e+02
4.700300000000000296e+02
5.084700000000000273e+02
5.116200000000000045e+02
5.139600000000000364e+02
5.169800000000000182e+02
5.203799999999999955e+02
5.557500000000000000e+02
5.580000000000000000e+02
5.600800000000000409e+02
5.645700000000000500e+02
5.667899999999999636e+02
5.710900000000000318e+02
6.098000000000000682e+02
6.139700000000000273e+02
6.179300000000000637e+02
6.581699999999999591e+02
6.608999999999999773e+02
6.630800000000000409e+02
6.654099999999999682e+02
7.064400000000000546e+02
7.103000000000000682e+02
7.134400000000000546e+02
7.179300000000000637e+02
7.575700000000000500e+02
7.615800000000000409e+02
7.656700000000000728e+02
7.712699999999999818e+02
8.067899999999999636e+02
8.092799999999999727e+02
8.124400000000000546e+02
8.181599999999999682e+02
8.561700000000000728e+02
8.591700000000000728e+02
8.625099999999999909e+02
8.673899999999999864e+02
9.055399999999999636e+02
9.090500000000000682e+02
9.112200000000000273e+02
9.559600000000000364e+02
9.583400000000000318e+02
9.604099999999999682e+02
9.626000000000000227e+02
9.672000000000000455e+02
1.385999999999999943e+01
6.257999999999999829e+01
6.865999999999999659e+01
1.181400000000000006e+02
1.626899999999999977e+02
1.676899999999999977e+02
1.736299999999999955e+02
2.149300000000000068e+02
2.183499999999999943e+02
2.659100000000000250e+02
3.096100000000000136e+02
4.588700000000000045e+02
4.651100000000000136e+02
4.688700000000000045e+02
5.115300000000000296e+02
5.136800000000000637e+02
5.158999999999999773e+02
6.081599999999999682e+02
6.146200000000000045e+02
6.582200000000000273e+02
6.603899999999999864e+02
7.119400000000000546e+02
7.570500000000000682e+02
8.064700000000000273e+02
8.096399999999999864e+02
8.133200000000000500e+02
8.551900000000000546e+02
9.022500000000000000e+02
9.088999999999999773e+02
9.133799999999999955e+02
9.507699999999999818e+02
9.607200000000000273e+02
9.642500000000000000e+02
9.500500000000000682e+02
