2.300000000000000266e+00
2.390000000000000124e+00
2.479999999999999982e+00
2.520000000000000018e+00
3.310000000000000053e+00
3.350000000000000089e+00
3.359999999999999876e+00
3.439999999999999947e+00
4.410000000000000142e+00
5.370000000000000107e+00
6.240000000000000213e+00
6.419999999999999929e+00
6.509999999999999787e+00
6.540000000000000036e+00
7.270000000000000462e+00
8.330000000000000071e+00
8.449999999999999289e+00
8.609999999999999432e+00
9.359999999999999432e+00
9.400000000000000355e+00
9.509999999999999787e+00
9.560000000000000497e+00
9.570000000000000284e+00
1.041999999999999993e+01
1.113000000000000078e+01
1.147000000000000064e+01
1.150999999999999979e+01
1.238000000000000078e+01
1.243999999999999950e+01
1.245000000000000107e+01
1.250999999999999979e+01
1.338000000000000078e+01
1.347000000000000064e+01
1.451999999999999957e+01
1.539000000000000057e+01
1.619999999999999929e+01
1.621000000000000085e+01
1.625000000000000000e+01
1.653000000000000114e+01
1.660000000000000142e+01
1.733000000000000185e+01
1.733999999999999986e+01
1.733999999999999986e+01
1.744999999999999929e+01
1.760999999999999943e+01
1.837000000000000099e+01
1.839000000000000057e+01
1.860000000000000142e+01
1.960000000000000142e+01
2.037999999999999901e+01
2.039000000000000057e+01
2.135000000000000142e+01
2.148000000000000043e+01
2.237999999999999901e+01
2.346999999999999886e+01
2.455000000000000071e+01
2.533999999999999986e+01
2.721000000000000085e+01
2.725000000000000000e+01
2.732000000000000028e+01
2.737000000000000099e+01
2.750000000000000000e+01
2.926000000000000156e+01
2.930000000000000071e+01
2.941000000000000014e+01
2.942000000000000171e+01
2.957000000000000028e+01
3.137000000000000099e+01
3.141000000000000014e+01
3.158999999999999986e+01
3.160000000000000142e+01
3.242000000000000171e+01
3.257999999999999829e+01
3.532000000000000028e+01
3.548000000000000398e+01
3.606000000000000227e+01
3.643999999999999773e+01
3.682000000000000028e+01
3.817999999999999972e+01
3.835999999999999943e+01
3.939999999999999858e+01
4.017000000000000171e+01
4.031000000000000227e+01
4.041000000000000369e+01
4.046000000000000085e+01
4.146000000000000085e+01
4.150999999999999801e+01
4.159000000000000341e+01
4.160000000000000142e+01
4.173000000000000398e+01
4.253999999999999915e+01
4.286999999999999744e+01
4.335999999999999943e+01
4.349000000000000199e+01
4.352000000000000313e+01
4.414000000000000057e+01
4.450999999999999801e+01
4.518999999999999773e+01
4.616000000000000369e+01
4.634000000000000341e+01
4.652000000000000313e+01
4.653999999999999915e+01
4.659000000000000341e+01
4.855000000000000426e+01
4.863000000000000256e+01
4.864000000000000057e+01
5.020000000000000284e+01
5.021999999999999886e+01
5.060000000000000142e+01
5.112000000000000455e+01
5.118999999999999773e+01
5.157000000000000028e+01
5.216000000000000369e+01
5.227000000000000313e+01
5.285000000000000142e+01
5.368999999999999773e+01
5.517999999999999972e+01
5.750000000000000000e+01
5.820000000000000284e+01
5.860999999999999943e+01
5.891000000000000369e+01
6.039999999999999858e+01
6.081000000000000227e+01
6.246000000000000085e+01
6.324000000000000199e+01
6.328000000000000114e+01
6.471000000000000796e+01
6.548000000000000398e+01
6.573000000000000398e+01
6.712999999999999545e+01
6.776000000000000512e+01
6.781000000000000227e+01
6.787999999999999545e+01
6.920000000000000284e+01
6.932999999999999829e+01
7.062999999999999545e+01
7.081000000000000227e+01
7.103000000000000114e+01
7.125000000000000000e+01
7.134000000000000341e+01
7.218000000000000682e+01
7.260000000000000853e+01
7.282000000000000739e+01
7.334000000000000341e+01
7.357000000000000739e+01
7.490000000000000568e+01
7.507999999999999829e+01
7.587999999999999545e+01
7.642000000000000171e+01
7.667000000000000171e+01
7.679999999999999716e+01
7.804999999999999716e+01
7.806000000000000227e+01
7.815999999999999659e+01
7.895000000000000284e+01
7.907999999999999829e+01
8.032999999999999829e+01
8.039000000000000057e+01
8.042000000000000171e+01
8.100000000000000000e+01
8.101999999999999602e+01
8.145000000000000284e+01
8.151999999999999602e+01
8.162999999999999545e+01
8.271999999999999886e+01
8.285000000000000853e+01
8.296000000000000796e+01
8.312000000000000455e+01
8.503000000000000114e+01
8.523000000000000398e+01
8.556000000000000227e+01
8.557000000000000739e+01
8.618000000000000682e+01
8.657000000000000739e+01
8.712999999999999545e+01
8.826999999999999602e+01
8.837000000000000455e+01
8.857000000000000739e+01
9.001000000000000512e+01
9.062999999999999545e+01
9.132999999999999829e+01
9.201000000000000512e+01
9.260000000000000853e+01
9.278000000000000114e+01
9.301000000000000512e+01
9.307999999999999829e+01
9.392000000000000171e+01
9.423999999999999488e+01
9.423999999999999488e+01
9.615999999999999659e+01
9.626000000000000512e+01
9.660000000000000853e+01
9.674000000000000909e+01
9.687000000000000455e+01
9.690000000000000568e+01
9.792000000000000171e+01
9.820000000000000284e+01
9.829999999999999716e+01
9.885000000000000853e+01
9.962000000000000455e+01
9.976999999999999602e+01
9.996999999999999886e+01
1.013799999999999955e+02
1.017100000000000080e+02
1.030499999999999972e+02
1.033400000000000034e+02
1.038700000000000045e+02
1.042199999999999989e+02
1.062800000000000011e+02
1.065000000000000000e+02
1.067800000000000011e+02
1.102500000000000000e+02
1.102900000000000063e+02
1.107999999999999972e+02
1.115300000000000011e+02
1.115400000000000063e+02
1.116099999999999994e+02
1.131500000000000057e+02
1.136899999999999977e+02
1.137500000000000000e+02
1.137800000000000011e+02
1.147100000000000080e+02
1.147400000000000091e+02
1.152699999999999960e+02
1.152800000000000011e+02
1.152999999999999972e+02
1.153799999999999955e+02
1.161400000000000006e+02
1.165300000000000011e+02
1.167600000000000051e+02
1.169900000000000091e+02
1.173400000000000034e+02
1.176099999999999994e+02
1.183799999999999955e+02
1.187000000000000028e+02
1.193700000000000045e+02
1.195100000000000051e+02
1.195600000000000023e+02
1.196800000000000068e+02
1.201700000000000017e+02
1.216899999999999977e+02
1.217199999999999989e+02
1.220900000000000034e+02
1.228900000000000006e+02
1.233800000000000097e+02
1.240900000000000034e+02
1.242500000000000000e+02
1.242800000000000011e+02
1.264000000000000057e+02
1.266099999999999994e+02
1.283499999999999943e+02
1.288799999999999955e+02
1.290900000000000034e+02
1.292700000000000102e+02
1.300699999999999932e+02
1.313900000000000148e+02
1.329900000000000091e+02
1.334699999999999989e+02
1.338100000000000023e+02
1.338700000000000045e+02
1.345300000000000011e+02
1.359099999999999966e+02
1.370300000000000011e+02
1.376800000000000068e+02
1.384099999999999966e+02
1.388100000000000023e+02
1.390800000000000125e+02
1.394500000000000171e+02
1.415300000000000011e+02
1.422599999999999909e+02
1.424000000000000057e+02
1.425600000000000023e+02
1.428700000000000045e+02
1.445500000000000114e+02
1.446100000000000136e+02
1.451100000000000136e+02
1.453100000000000023e+02
1.456100000000000136e+02
1.457700000000000102e+02
1.468199999999999932e+02
1.474900000000000091e+02
1.476599999999999966e+02
1.479300000000000068e+02
1.484399999999999977e+02
1.485300000000000011e+02
1.488600000000000136e+02
1.491700000000000159e+02
1.501400000000000148e+02
1.506200000000000045e+02
1.512299999999999898e+02
1.513300000000000125e+02
1.514600000000000080e+02
1.539300000000000068e+02
1.539500000000000171e+02
1.544000000000000057e+02
1.556700000000000159e+02
1.568100000000000023e+02
1.583799999999999955e+02
1.589399999999999977e+02
1.590999999999999943e+02
1.599300000000000068e+02
1.602599999999999909e+02
1.607299999999999898e+02
1.607400000000000091e+02
1.609900000000000091e+02
1.619500000000000171e+02
1.619600000000000080e+02
1.622400000000000091e+02
1.630000000000000000e+02
1.644300000000000068e+02
1.645800000000000125e+02
1.649699999999999989e+02
1.651599999999999966e+02
1.662000000000000171e+02
1.665999999999999943e+02
1.666700000000000159e+02
1.679200000000000159e+02
1.683199999999999932e+02
1.683700000000000045e+02
1.683900000000000148e+02
1.687700000000000102e+02
1.692500000000000000e+02
1.695200000000000102e+02
1.696299999999999955e+02
1.703900000000000148e+02
1.712100000000000080e+02
1.717100000000000080e+02
1.723700000000000045e+02
1.725900000000000034e+02
1.729500000000000171e+02
1.737700000000000102e+02
1.742899999999999920e+02
1.749600000000000080e+02
1.754900000000000091e+02
1.757800000000000011e+02
1.771400000000000148e+02
1.773300000000000125e+02
1.798900000000000148e+02
1.806100000000000136e+02
1.810399999999999920e+02
1.820099999999999909e+02
1.832700000000000102e+02
1.838700000000000045e+02
1.842299999999999898e+02
1.843400000000000034e+02
1.846599999999999966e+02
1.852500000000000000e+02
1.854300000000000068e+02
1.857599999999999909e+02
1.869099999999999966e+02
1.870600000000000023e+02
1.875500000000000114e+02
1.876899999999999977e+02
1.883799999999999955e+02
1.886800000000000068e+02
1.895200000000000102e+02
1.900800000000000125e+02
1.910699999999999932e+02
1.913300000000000125e+02
1.918700000000000045e+02
1.920600000000000023e+02
1.927199999999999989e+02
1.939900000000000091e+02
1.946500000000000057e+02
1.946899999999999977e+02
1.949200000000000159e+02
1.957400000000000091e+02
1.974600000000000080e+02
1.978000000000000114e+02
1.991200000000000045e+02
2.000699999999999932e+02
2.011100000000000136e+02
2.011100000000000136e+02
2.017199999999999989e+02
2.020099999999999909e+02
2.027899999999999920e+02
2.029600000000000080e+02
2.032599999999999909e+02
2.034900000000000091e+02
2.040500000000000114e+02
2.046299999999999955e+02
2.050300000000000011e+02
2.057300000000000182e+02
2.068600000000000136e+02
2.073300000000000125e+02
2.075600000000000023e+02
2.078600000000000136e+02
2.086100000000000136e+02
2.092000000000000171e+02
2.096400000000000148e+02
2.098700000000000045e+02
2.106800000000000068e+02
2.106800000000000068e+02
2.113400000000000034e+02
2.115399999999999920e+02
2.117000000000000171e+02
2.122500000000000000e+02
2.130900000000000034e+02
2.132899999999999920e+02
2.136599999999999966e+02
2.138400000000000034e+02
2.146800000000000068e+02
2.155000000000000000e+02
2.158700000000000045e+02
2.159699999999999989e+02
2.161500000000000057e+02
2.165699999999999932e+02
2.172599999999999909e+02
2.181299999999999955e+02
2.185699999999999932e+02
2.191899999999999977e+02
2.199500000000000171e+02
2.212700000000000102e+02
2.213900000000000148e+02
2.214500000000000171e+02
2.222500000000000000e+02
2.245300000000000011e+02
2.245600000000000023e+02
2.246800000000000068e+02
2.257199999999999989e+02
2.259699999999999989e+02
2.267700000000000102e+02
2.270099999999999909e+02
2.272899999999999920e+02
2.277300000000000182e+02
2.283600000000000136e+02
2.285800000000000125e+02
2.293600000000000136e+02
2.296700000000000159e+02
2.303600000000000136e+02
2.304099999999999966e+02
2.314099999999999966e+02
2.319099999999999966e+02
2.322599999999999909e+02
2.333900000000000148e+02
2.336299999999999955e+02
2.337899999999999920e+02
2.340000000000000000e+02
2.352599999999999909e+02
2.354300000000000068e+02
2.354800000000000182e+02
2.355300000000000011e+02
2.370600000000000023e+02
2.376299999999999955e+02
2.377700000000000102e+02
2.380600000000000023e+02
2.383000000000000114e+02
2.401899999999999977e+02
2.403900000000000148e+02
2.406500000000000057e+02
2.408400000000000034e+02
2.411500000000000057e+02
2.417199999999999989e+02
2.422100000000000080e+02
2.430099999999999909e+02
2.430800000000000125e+02
2.432000000000000171e+02
2.437100000000000080e+02
2.437500000000000000e+02
2.442199999999999989e+02
2.445099999999999909e+02
2.449099999999999966e+02
2.453499999999999943e+02
2.461400000000000148e+02
2.461500000000000057e+02
2.462700000000000102e+02
2.467500000000000000e+02
2.468000000000000114e+02
2.473000000000000114e+02
2.492199999999999989e+02
2.502400000000000091e+02
2.515999999999999943e+02
2.516100000000000136e+02
2.516700000000000159e+02
2.517899999999999920e+02
2.520699999999999932e+02
2.522000000000000171e+02
2.527500000000000000e+02
2.531200000000000045e+02
2.532700000000000102e+02
2.532700000000000102e+02
2.533000000000000114e+02
2.537000000000000171e+02
2.551800000000000068e+02
2.561800000000000068e+02
2.566399999999999864e+02
2.572699999999999818e+02
2.576999999999999886e+02
2.593199999999999932e+02
2.607200000000000273e+02
2.612599999999999909e+02
2.613500000000000227e+02
2.625300000000000296e+02
2.641600000000000250e+02
2.642099999999999795e+02
2.642900000000000205e+02
2.648100000000000023e+02
2.655900000000000318e+02
2.656499999999999773e+02
2.671200000000000045e+02
2.675600000000000023e+02
2.682599999999999909e+02
2.686100000000000136e+02
2.688100000000000023e+02
2.690600000000000023e+02
2.695799999999999841e+02
2.701700000000000159e+02
2.711999999999999886e+02
2.712900000000000205e+02
2.722699999999999818e+02
2.741399999999999864e+02
2.747099999999999795e+02
2.748299999999999841e+02
2.756600000000000250e+02
2.759700000000000273e+02
2.763899999999999864e+02
2.766299999999999955e+02
2.766800000000000068e+02
2.771999999999999886e+02
2.780300000000000296e+02
2.788700000000000045e+02
2.792800000000000296e+02
2.795699999999999932e+02
2.796399999999999864e+02
2.815099999999999909e+02
2.818400000000000318e+02
2.822500000000000000e+02
2.837099999999999795e+02
2.837900000000000205e+02
2.838100000000000023e+02
2.847599999999999909e+02
2.867400000000000091e+02
2.868500000000000227e+02
2.871200000000000045e+02
2.872800000000000296e+02
2.875099999999999909e+02
2.879900000000000091e+02
2.888100000000000023e+02
2.895600000000000023e+02
2.902800000000000296e+02
2.902800000000000296e+02
2.906600000000000250e+02
2.915199999999999818e+02
2.917699999999999818e+02
2.920699999999999932e+02
2.964499999999999886e+02
2.971700000000000159e+02
2.974800000000000182e+02
2.974800000000000182e+02
2.976399999999999864e+02
2.990799999999999841e+02
2.992099999999999795e+02
2.993000000000000114e+02
2.998899999999999864e+02
3.004200000000000159e+02
3.006999999999999886e+02
3.010099999999999909e+02
3.014599999999999795e+02
3.017500000000000000e+02
3.019499999999999886e+02
3.021500000000000341e+02
3.023799999999999955e+02
3.027900000000000205e+02
3.032599999999999909e+02
3.036600000000000250e+02
3.038799999999999955e+02
3.042800000000000296e+02
3.044499999999999886e+02
3.053799999999999955e+02
3.055400000000000205e+02
3.056999999999999886e+02
3.068899999999999864e+02
3.074200000000000159e+02
3.081899999999999977e+02
3.084599999999999795e+02
3.089000000000000341e+02
3.094000000000000341e+02
3.101000000000000227e+02
3.103799999999999955e+02
3.112200000000000273e+02
3.114200000000000159e+02
3.125799999999999841e+02
3.128899999999999864e+02
3.146299999999999955e+02
3.168600000000000136e+02
3.168700000000000045e+02
3.170000000000000000e+02
3.177800000000000296e+02
3.182800000000000296e+02
3.184000000000000341e+02
3.205000000000000000e+02
3.205099999999999909e+02
3.208899999999999864e+02
3.210500000000000114e+02
3.217500000000000000e+02
3.224399999999999977e+02
3.226200000000000045e+02
3.226500000000000341e+02
3.228700000000000045e+02
3.239900000000000091e+02
3.243799999999999955e+02
3.257200000000000273e+02
3.261100000000000136e+02
3.263600000000000136e+02
3.264399999999999977e+02
3.268899999999999864e+02
3.270000000000000000e+02
3.285699999999999932e+02
3.302300000000000182e+02
3.321800000000000068e+02
3.324100000000000250e+02
3.326899999999999977e+02
3.327900000000000205e+02
3.330699999999999932e+02
3.350699999999999932e+02
3.351000000000000227e+02
3.368500000000000227e+02
3.371000000000000227e+02
3.377400000000000091e+02
3.378400000000000318e+02
3.389399999999999977e+02
3.394700000000000273e+02
3.400500000000000114e+02
3.424700000000000273e+02
3.427599999999999909e+02
3.431100000000000136e+02
3.432200000000000273e+02
3.435699999999999932e+02
3.436299999999999955e+02
3.447099999999999795e+02
3.447599999999999909e+02
3.451399999999999864e+02
3.459800000000000182e+02
3.463299999999999841e+02
3.469900000000000091e+02
3.473899999999999864e+02
3.477500000000000000e+02
3.478600000000000136e+02
3.482800000000000296e+02
3.484800000000000182e+02
3.488199999999999932e+02
3.499300000000000068e+02
3.505400000000000205e+02
3.518700000000000045e+02
3.522200000000000273e+02
3.523899999999999864e+02
3.525699999999999932e+02
3.534900000000000091e+02
3.538100000000000023e+02
3.538199999999999932e+02
3.550000000000000000e+02
3.561700000000000159e+02
3.565000000000000000e+02
3.566200000000000045e+02
3.572500000000000000e+02
3.576600000000000250e+02
3.578400000000000318e+02
3.585400000000000205e+02
3.595900000000000318e+02
3.599399999999999977e+02
3.605099999999999909e+02
3.609399999999999977e+02
3.615199999999999818e+02
3.619100000000000250e+02
3.627300000000000182e+02
3.636399999999999864e+02
3.636800000000000068e+02
3.648400000000000318e+02
3.654300000000000068e+02
3.657099999999999795e+02
3.665500000000000114e+02
3.669100000000000250e+02
3.674399999999999977e+02
3.681700000000000159e+02
3.686500000000000341e+02
3.689300000000000068e+02
3.689900000000000091e+02
3.707200000000000273e+02
3.708500000000000227e+02
3.712500000000000000e+02
3.713500000000000227e+02
3.719900000000000091e+02
3.722900000000000205e+02
3.739599999999999795e+02
3.744200000000000159e+02
3.749700000000000273e+02
3.752800000000000296e+02
3.760199999999999818e+02
3.761700000000000159e+02
3.775000000000000000e+02
3.775099999999999909e+02
3.780000000000000000e+02
3.782500000000000000e+02
3.795900000000000318e+02
3.806000000000000227e+02
3.806800000000000068e+02
3.809000000000000341e+02
3.827599999999999909e+02
3.829900000000000091e+02
3.832500000000000000e+02
3.834800000000000182e+02
3.837800000000000296e+02
3.839200000000000159e+02
3.841800000000000068e+02
3.842400000000000091e+02
3.849399999999999977e+02
3.851500000000000341e+02
3.855900000000000318e+02
3.862900000000000205e+02
3.871100000000000136e+02
3.874700000000000273e+02
3.879100000000000250e+02
3.889399999999999977e+02
3.893299999999999841e+02
3.900799999999999841e+02
3.908700000000000045e+02
3.909399999999999977e+02
3.916899999999999977e+02
3.919100000000000250e+02
3.921100000000000136e+02
3.925000000000000000e+02
3.928600000000000136e+02
3.930699999999999932e+02
3.941000000000000227e+02
3.941999999999999886e+02
3.945600000000000023e+02
3.951200000000000045e+02
3.956700000000000159e+02
3.960400000000000205e+02
3.982100000000000364e+02
3.987500000000000000e+02
3.988700000000000045e+02
4.007400000000000091e+02
4.021800000000000068e+02
4.026200000000000045e+02
4.029600000000000364e+02
4.030400000000000205e+02
4.031500000000000341e+02
4.048700000000000045e+02
4.050799999999999841e+02
4.054100000000000250e+02
4.061299999999999955e+02
4.066700000000000159e+02
4.077500000000000000e+02
4.077900000000000205e+02
4.079100000000000250e+02
4.086899999999999977e+02
4.099100000000000250e+02
4.101600000000000250e+02
4.102400000000000091e+02
4.104000000000000341e+02
4.106100000000000136e+02
4.107599999999999909e+02
4.108199999999999932e+02
4.112200000000000273e+02
4.114200000000000159e+02
4.115199999999999818e+02
4.117300000000000182e+02
4.119300000000000068e+02
4.122100000000000364e+02
4.122900000000000205e+02
4.124499999999999886e+02
4.128400000000000318e+02
4.135199999999999818e+02
4.139600000000000364e+02
4.141000000000000227e+02
4.141600000000000250e+02
4.173100000000000023e+02
4.177900000000000205e+02
4.178799999999999955e+02
4.180600000000000023e+02
4.181200000000000045e+02
4.181600000000000250e+02
4.186100000000000136e+02
4.211500000000000341e+02
4.213400000000000318e+02
4.229700000000000273e+02
4.232100000000000364e+02
4.234300000000000068e+02
4.244399999999999977e+02
4.262200000000000273e+02
4.266299999999999955e+02
4.275000000000000000e+02
4.279499999999999886e+02
4.281899999999999977e+02
4.284499999999999886e+02
4.286800000000000068e+02
4.287200000000000273e+02
4.288500000000000227e+02
4.291100000000000136e+02
4.293799999999999955e+02
4.293899999999999864e+02
4.301399999999999864e+02
4.302300000000000182e+02
4.321000000000000227e+02
4.341999999999999886e+02
4.345900000000000318e+02
4.350600000000000023e+02
4.371000000000000227e+02
4.371999999999999886e+02
4.376299999999999955e+02
4.380400000000000205e+02
4.387300000000000182e+02
4.399300000000000068e+02
4.399700000000000273e+02
4.406600000000000250e+02
4.410699999999999932e+02
4.414800000000000182e+02
4.416000000000000227e+02
4.428899999999999864e+02
4.429499999999999886e+02
4.436500000000000341e+02
4.437100000000000364e+02
4.442100000000000364e+02
4.446399999999999864e+02
4.450799999999999841e+02
4.452300000000000182e+02
4.456299999999999955e+02
4.469100000000000250e+02
4.470099999999999909e+02
4.493799999999999955e+02
4.498600000000000136e+02
4.502500000000000000e+02
4.504000000000000341e+02
4.525500000000000114e+02
4.527800000000000296e+02
4.531800000000000068e+02
4.538500000000000227e+02
4.538700000000000045e+02
4.539100000000000250e+02
4.549900000000000091e+02
4.559100000000000250e+02
4.559600000000000364e+02
4.559900000000000091e+02
4.566299999999999955e+02
4.567100000000000364e+02
4.572900000000000205e+02
4.574000000000000341e+02
4.576299999999999955e+02
4.580000000000000000e+02
4.580199999999999818e+02
4.580199999999999818e+02
4.593100000000000023e+02
4.594200000000000159e+02
4.594700000000000273e+02
4.600500000000000114e+02
4.600699999999999932e+02
4.603100000000000023e+02
4.610699999999999932e+02
4.610699999999999932e+02
4.616999999999999886e+02
4.618700000000000045e+02
4.621100000000000136e+02
4.627599999999999909e+02
4.633299999999999841e+02
4.634200000000000159e+02
4.636600000000000250e+02
4.663899999999999864e+02
4.663899999999999864e+02
4.668199999999999932e+02
4.671999999999999886e+02
4.672400000000000091e+02
4.678100000000000023e+02
4.678899999999999864e+02
4.688500000000000227e+02
4.690799999999999841e+02
4.692100000000000364e+02
4.693500000000000227e+02
4.701399999999999864e+02
4.710699999999999932e+02
4.721899999999999977e+02
4.724300000000000068e+02
4.729200000000000159e+02
4.731800000000000068e+02
4.741399999999999864e+02
4.744100000000000250e+02
4.749100000000000250e+02
4.749200000000000159e+02
4.759300000000000068e+02
4.770099999999999909e+02
4.783299999999999841e+02
4.789300000000000068e+02
4.798700000000000045e+02
4.800300000000000296e+02
4.819800000000000182e+02
4.820699999999999932e+02
4.829900000000000091e+02
4.840400000000000205e+02
4.841700000000000159e+02
4.841700000000000159e+02
4.850000000000000000e+02
4.859499999999999886e+02
4.868600000000000136e+02
4.880199999999999818e+02
4.889399999999999977e+02
4.889499999999999886e+02
4.890900000000000318e+02
4.899300000000000068e+02
4.909499999999999886e+02
4.911100000000000136e+02
4.918400000000000318e+02
4.919800000000000182e+02
4.920200000000000387e+02
4.920500000000000114e+02
4.921100000000000136e+02
4.921299999999999955e+02
4.929200000000000159e+02
4.930300000000000296e+02
4.949600000000000364e+02
4.950200000000000387e+02
4.967900000000000205e+02
4.969499999999999886e+02
4.970799999999999841e+02
4.979100000000000250e+02
4.979399999999999977e+02
4.999399999999999977e+02
5.010400000000000205e+02
5.019600000000000364e+02
5.019900000000000091e+02
5.019900000000000091e+02
5.030200000000000387e+02
5.030500000000000114e+02
5.039499999999999886e+02
5.040799999999999841e+02
5.050200000000000387e+02
5.051399999999999864e+02
5.059200000000000159e+02
5.068899999999999864e+02
5.071899999999999977e+02
5.079000000000000341e+02
5.081100000000000136e+02
5.089700000000000273e+02
5.089800000000000182e+02
5.090500000000000114e+02
5.098799999999999955e+02
5.100099999999999909e+02
5.101399999999999864e+02
5.109700000000000273e+02
5.109800000000000182e+02
5.111200000000000045e+02
5.117599999999999909e+02
5.117599999999999909e+02
5.120399999999999636e+02
5.130000000000000000e+02
5.130299999999999727e+02
5.130499999999999545e+02
5.130900000000000318e+02
5.141100000000000136e+02
5.148400000000000318e+02
5.148799999999999955e+02
5.150399999999999636e+02
5.159400000000000546e+02
5.171000000000000227e+02
5.188700000000000045e+02
5.190000000000000000e+02
5.190099999999999909e+02
5.192000000000000455e+02
5.197899999999999636e+02
5.200000000000000000e+02
5.220000000000000000e+02
5.220299999999999727e+02
5.226900000000000546e+02
5.229600000000000364e+02
5.231599999999999682e+02
5.237899999999999636e+02
5.239099999999999682e+02
5.250000000000000000e+02
5.259199999999999591e+02
5.269800000000000182e+02
5.269900000000000091e+02
5.278799999999999955e+02
5.289700000000000273e+02
5.298600000000000136e+02
5.308700000000000045e+02
5.309400000000000546e+02
5.318300000000000409e+02
5.328899999999999864e+02
5.331800000000000637e+02
5.340199999999999818e+02
5.341599999999999682e+02
5.347400000000000091e+02
5.349199999999999591e+02
5.358500000000000227e+02
5.358999999999999773e+02
5.367999999999999545e+02
5.376800000000000637e+02
5.378200000000000500e+02
5.390099999999999909e+02
5.398700000000000045e+02
5.409900000000000091e+02
5.411000000000000227e+02
5.411200000000000045e+02
5.419600000000000364e+02
5.429700000000000273e+02
5.431900000000000546e+02
5.433300000000000409e+02
5.437799999999999727e+02
5.441200000000000045e+02
5.441800000000000637e+02
5.446399999999999864e+02
5.449199999999999591e+02
5.449700000000000273e+02
5.450900000000000318e+02
5.457599999999999909e+02
5.460600000000000591e+02
5.467400000000000091e+02
5.468200000000000500e+02
5.472699999999999818e+02
5.473700000000000045e+02
5.475299999999999727e+02
5.479199999999999591e+02
5.480600000000000591e+02
5.488500000000000227e+02
5.507300000000000182e+02
5.508500000000000227e+02
5.511800000000000637e+02
5.521699999999999591e+02
5.522799999999999727e+02
5.527200000000000273e+02
5.532000000000000455e+02
5.548899999999999864e+02
5.569700000000000273e+02
5.588200000000000500e+02
5.589900000000000091e+02
5.590399999999999636e+02
5.592200000000000273e+02
5.608400000000000318e+02
5.612599999999999909e+02
5.625500000000000682e+02
5.626599999999999682e+02
5.630600000000000591e+02
5.633000000000000682e+02
5.646399999999999864e+02
5.647300000000000182e+02
5.649500000000000455e+02
5.651699999999999591e+02
5.659300000000000637e+02
5.663100000000000591e+02
5.665600000000000591e+02
5.668200000000000500e+02
5.669800000000000182e+02
5.686499999999999773e+02
5.692000000000000455e+02
5.697899999999999636e+02
5.710800000000000409e+02
5.711200000000000045e+02
5.713200000000000500e+02
5.718899999999999864e+02
5.721200000000000045e+02
5.723300000000000409e+02
5.735700000000000500e+02
5.752500000000000000e+02
5.759300000000000637e+02
5.761299999999999955e+02
5.765299999999999727e+02
5.766499999999999773e+02
5.768899999999999864e+02
5.776900000000000546e+02
5.779900000000000091e+02
5.781599999999999682e+02
5.789400000000000546e+02
5.794500000000000455e+02
5.801399999999999864e+02
5.803100000000000591e+02
5.803200000000000500e+02
5.806399999999999864e+02
5.807300000000000182e+02
5.814099999999999682e+02
5.817300000000000182e+02
5.824700000000000273e+02
5.827799999999999727e+02
5.827799999999999727e+02
5.831599999999999682e+02
5.838500000000000227e+02
5.843200000000000500e+02
5.853899999999999864e+02
5.854700000000000273e+02
5.861599999999999682e+02
5.863000000000000682e+02
5.866800000000000637e+02
5.868200000000000500e+02
5.868899999999999864e+02
5.872200000000000273e+02
5.874500000000000455e+02
5.875099999999999909e+02
5.888400000000000318e+02
5.889300000000000637e+02
5.897100000000000364e+02
5.901200000000000045e+02
5.905399999999999636e+02
5.908100000000000591e+02
5.921299999999999955e+02
5.923700000000000045e+02
5.924099999999999682e+02
5.928999999999999773e+02
5.931399999999999864e+02
5.932000000000000455e+02
5.939300000000000637e+02
5.941000000000000227e+02
5.942400000000000091e+02
5.947899999999999636e+02
5.952799999999999727e+02
5.957200000000000273e+02
5.966200000000000045e+02
5.966699999999999591e+02
5.972799999999999727e+02
5.973799999999999955e+02
5.973899999999999864e+02
5.977100000000000364e+02
5.988400000000000318e+02
5.994700000000000273e+02
5.996499999999999773e+02
5.998200000000000500e+02
6.000099999999999909e+02
6.001000000000000227e+02
6.002100000000000364e+02
6.011100000000000136e+02
6.013500000000000227e+02
6.017000000000000455e+02
6.020800000000000409e+02
6.028799999999999955e+02
6.032200000000000273e+02
6.033999999999999773e+02
6.036200000000000045e+02
6.042100000000000364e+02
6.043500000000000227e+02
6.055099999999999909e+02
6.059700000000000273e+02
6.059800000000000182e+02
6.061699999999999591e+02
6.066299999999999955e+02
6.070500000000000682e+02
6.071100000000000136e+02
6.084700000000000273e+02
6.090900000000000318e+02
6.092200000000000273e+02
6.098000000000000682e+02
6.103700000000000045e+02
6.107100000000000364e+02
6.113700000000000045e+02
6.118600000000000136e+02
6.120299999999999727e+02
6.133799999999999955e+02
6.135000000000000000e+02
6.143300000000000409e+02
6.146399999999999864e+02
6.149800000000000182e+02
6.157899999999999636e+02
6.159300000000000637e+02
6.168999999999999773e+02
6.170299999999999727e+02
6.172500000000000000e+02
6.177100000000000364e+02
6.178300000000000409e+02
6.180600000000000591e+02
6.186299999999999955e+02
6.191800000000000637e+02
6.203600000000000136e+02
6.214800000000000182e+02
6.217200000000000273e+02
6.221299999999999955e+02
6.223200000000000500e+02
6.223600000000000136e+02
6.239900000000000091e+02
6.241800000000000637e+02
6.242200000000000273e+02
6.246499999999999773e+02
6.249500000000000455e+02
6.256800000000000637e+02
6.259400000000000546e+02
6.265099999999999909e+02
6.273200000000000500e+02
6.275700000000000500e+02
6.282200000000000273e+02
6.290500000000000682e+02
6.293400000000000318e+02
6.299099999999999682e+02
6.308999999999999773e+02
6.311000000000000227e+02
6.312599999999999909e+02
6.313400000000000318e+02
6.321599999999999682e+02
6.322200000000000273e+02
6.327899999999999636e+02
6.328700000000000045e+02
6.331900000000000546e+02
6.333799999999999955e+02
6.341900000000000546e+02
6.342799999999999727e+02
6.345700000000000500e+02
6.348000000000000682e+02
6.348400000000000318e+02
6.353799999999999955e+02
6.354600000000000364e+02
6.357100000000000364e+02
6.375700000000000500e+02
6.376200000000000045e+02
6.384099999999999682e+02
6.386399999999999864e+02
6.387500000000000000e+02
6.396499999999999773e+02
6.399199999999999591e+02
6.399800000000000182e+02
6.403600000000000136e+02
6.406800000000000637e+02
6.412599999999999909e+02
6.421299999999999955e+02
6.426399999999999864e+02
6.429500000000000455e+02
6.442100000000000364e+02
6.455000000000000000e+02
6.456499999999999773e+02
6.457599999999999909e+02
6.460000000000000000e+02
6.462400000000000091e+02
6.468000000000000682e+02
6.475600000000000591e+02
6.488899999999999864e+02
6.492899999999999636e+02
6.495600000000000591e+02
6.525900000000000318e+02
6.527699999999999818e+02
6.545099999999999909e+02
6.551599999999999682e+02
6.553000000000000682e+02
6.559800000000000182e+02
6.563100000000000591e+02
6.564500000000000455e+02
6.564700000000000273e+02
6.564800000000000182e+02
6.566900000000000546e+02
6.566900000000000546e+02
6.568500000000000227e+02
6.578500000000000227e+02
6.580099999999999909e+02
6.601599999999999682e+02
6.601900000000000546e+02
6.605600000000000591e+02
6.606699999999999591e+02
6.607500000000000000e+02
6.608999999999999773e+02
6.617699999999999818e+02
6.630000000000000000e+02
6.630700000000000500e+02
6.637699999999999818e+02
6.638200000000000500e+02
6.642500000000000000e+02
6.644900000000000091e+02
6.646100000000000136e+02
6.648100000000000591e+02
6.648200000000000500e+02
6.662799999999999727e+02
6.667699999999999818e+02
6.668600000000000136e+02
6.671599999999999682e+02
6.685600000000000591e+02
6.687400000000000091e+02
6.691699999999999591e+02
6.710900000000000318e+02
6.725600000000000591e+02
6.728600000000000136e+02
6.731499999999999773e+02
6.732500000000000000e+02
6.757400000000000091e+02
6.762300000000000182e+02
6.775700000000000500e+02
6.776599999999999682e+02
6.781499999999999773e+02
6.784800000000000182e+02
6.784800000000000182e+02
6.785399999999999636e+02
6.791399999999999864e+02
6.792500000000000000e+02
6.801100000000000136e+02
6.821100000000000136e+02
6.821800000000000637e+02
6.824099999999999682e+02
6.824400000000000546e+02
6.828700000000000045e+02
6.828899999999999864e+02
6.839099999999999682e+02
6.841599999999999682e+02
6.841699999999999591e+02
6.850800000000000409e+02
6.859400000000000546e+02
6.865399999999999636e+02
6.866699999999999591e+02
6.875000000000000000e+02
6.879700000000000273e+02
6.881000000000000227e+02
6.884900000000000091e+02
6.890700000000000500e+02
6.892799999999999727e+02
6.895099999999999909e+02
6.903400000000000318e+02
6.908500000000000227e+02
6.909300000000000637e+02
6.909500000000000455e+02
6.912699999999999818e+02
6.924800000000000182e+02
6.940199999999999818e+02
6.945900000000000318e+02
6.952899999999999636e+02
6.955000000000000000e+02
6.962500000000000000e+02
6.994300000000000637e+02
7.004500000000000455e+02
7.005900000000000318e+02
7.009900000000000091e+02
7.012300000000000182e+02
7.015800000000000409e+02
7.034400000000000546e+02
7.052599999999999909e+02
7.082799999999999727e+02
7.083700000000000045e+02
7.088000000000000682e+02
7.090399999999999636e+02
7.091599999999999682e+02
7.093400000000000318e+02
7.095399999999999636e+02
7.098100000000000591e+02
7.114300000000000637e+02
7.116599999999999682e+02
7.119600000000000364e+02
7.120000000000000000e+02
7.125700000000000500e+02
7.127400000000000091e+02
7.138500000000000227e+02
7.148799999999999955e+02
7.159500000000000455e+02
7.162400000000000091e+02
7.165399999999999636e+02
7.173100000000000591e+02
7.193999999999999773e+02
7.199700000000000273e+02
7.208500000000000227e+02
7.220199999999999818e+02
7.223000000000000682e+02
7.231000000000000227e+02
7.238400000000000318e+02
7.243799999999999955e+02
7.266100000000000136e+02
7.270199999999999818e+02
7.273500000000000227e+02
7.281399999999999864e+02
7.283200000000000500e+02
7.286000000000000227e+02
7.291800000000000637e+02
7.293200000000000500e+02
7.300500000000000682e+02
7.310900000000000318e+02
7.316800000000000637e+02
7.321399999999999864e+02
7.327500000000000000e+02
7.328600000000000136e+02
7.333999999999999773e+02
7.337300000000000182e+02
7.347899999999999636e+02
7.357400000000000091e+02
7.362899999999999636e+02
7.364199999999999591e+02
7.372400000000000091e+02
7.388400000000000318e+02
7.389900000000000091e+02
7.402200000000000273e+02
7.414099999999999682e+02
7.421100000000000136e+02
7.430000000000000000e+02
7.431200000000000045e+02
7.441499999999999773e+02
7.442400000000000091e+02
7.443000000000000682e+02
7.458100000000000591e+02
7.461200000000000045e+02
7.467100000000000364e+02
7.468700000000000045e+02
7.471699999999999591e+02
7.487400000000000091e+02
7.503000000000000682e+02
7.547699999999999818e+02
7.552000000000000455e+02
7.558400000000000318e+02
7.563899999999999864e+02
7.567300000000000182e+02
7.568999999999999773e+02
7.572000000000000455e+02
7.576800000000000637e+02
7.591599999999999682e+02
7.603500000000000227e+02
7.611900000000000546e+02
7.618500000000000227e+02
7.618899999999999864e+02
7.618999999999999773e+02
7.632799999999999727e+02
7.636200000000000045e+02
7.647300000000000182e+02
7.652599999999999909e+02
7.662699999999999818e+02
7.668200000000000500e+02
7.677500000000000000e+02
7.683400000000000318e+02
7.689300000000000637e+02
7.697899999999999636e+02
7.698799999999999955e+02
7.710900000000000318e+02
7.712200000000000273e+02
7.716499999999999773e+02
7.717599999999999909e+02
7.718700000000000045e+02
7.723100000000000591e+02
7.731900000000000546e+02
7.733400000000000318e+02
7.735900000000000318e+02
7.739099999999999682e+02
7.761399999999999864e+02
7.763600000000000136e+02
7.767599999999999909e+02
7.777300000000000182e+02
7.781900000000000546e+02
7.787899999999999636e+02
7.791200000000000045e+02
7.793000000000000682e+02
7.795700000000000500e+02
7.802899999999999636e+02
7.803799999999999955e+02
7.811700000000000728e+02
7.817400000000000091e+02
7.818500000000000227e+02
7.818999999999999773e+02
7.821900000000000546e+02
7.826299999999999955e+02
7.841399999999999864e+02
7.848899999999999864e+02
7.853700000000000045e+02
7.856000000000000227e+02
7.867899999999999636e+02
7.878000000000000682e+02
7.891200000000000045e+02
7.891599999999999682e+02
7.900500000000000682e+02
7.902599999999999909e+02
7.912100000000000364e+02
7.913200000000000500e+02
7.918400000000000318e+02
7.920700000000000500e+02
7.924500000000000455e+02
7.925800000000000409e+02
7.933799999999999955e+02
7.935299999999999727e+02
7.939400000000000546e+02
7.942100000000000364e+02
7.952000000000000455e+02
7.959600000000000364e+02
7.960199999999999818e+02
7.963100000000000591e+02
7.967799999999999727e+02
7.970700000000000500e+02
7.975099999999999909e+02
7.979900000000000091e+02
7.988400000000000318e+02
7.992300000000000182e+02
8.000399999999999636e+02
8.011399999999999864e+02
8.012699999999999818e+02
8.017000000000000455e+02
8.019900000000000091e+02
8.029600000000000364e+02
8.037899999999999636e+02
8.046000000000000227e+02
8.050199999999999818e+02
8.052899999999999636e+02
8.053700000000000045e+02
8.066499999999999773e+02
8.070000000000000000e+02
8.072400000000000091e+02
8.083100000000000591e+02
8.086599999999999682e+02
8.092899999999999636e+02
8.099300000000000637e+02
8.101700000000000728e+02
8.103300000000000409e+02
8.108200000000000500e+02
8.121000000000000227e+02
8.125600000000000591e+02
8.134099999999999682e+02
8.142100000000000364e+02
8.144700000000000273e+02
8.148899999999999864e+02
8.169600000000000364e+02
8.173400000000000318e+02
8.176200000000000045e+02
8.176399999999999864e+02
8.181599999999999682e+02
8.183200000000000500e+02
8.185199999999999818e+02
8.191399999999999864e+02
8.197300000000000182e+02
8.200399999999999636e+02
8.205199999999999818e+02
8.209099999999999682e+02
8.214099999999999682e+02
8.217200000000000273e+02
8.219400000000000546e+02
8.228700000000000045e+02
8.241499999999999773e+02
8.248500000000000227e+02
8.254500000000000455e+02
8.255099999999999909e+02
8.257000000000000455e+02
8.258500000000000227e+02
8.266900000000000546e+02
8.276200000000000045e+02
8.280399999999999636e+02
8.286900000000000546e+02
8.291299999999999955e+02
8.301000000000000227e+02
8.308100000000000591e+02
8.332100000000000364e+02
8.332100000000000364e+02
8.334700000000000273e+02
8.341100000000000136e+02
8.343999999999999773e+02
8.344099999999999682e+02
8.354800000000000182e+02
8.359600000000000364e+02
8.360399999999999636e+02
8.366000000000000227e+02
8.366900000000000546e+02
8.372599999999999909e+02
8.373100000000000591e+02
8.379700000000000273e+02
8.382200000000000273e+02
8.383600000000000136e+02
8.387200000000000273e+02
8.389900000000000091e+02
8.393600000000000136e+02
8.396399999999999864e+02
8.398799999999999955e+02
8.404800000000000182e+02
8.405299999999999727e+02
8.408000000000000682e+02
8.418500000000000227e+02
8.423799999999999955e+02
8.427100000000000364e+02
8.440900000000000318e+02
8.444099999999999682e+02
8.446100000000000136e+02
8.447100000000000364e+02
8.448899999999999864e+02
8.449200000000000728e+02
8.461599999999999682e+02
8.470399999999999636e+02
8.477300000000000182e+02
8.504099999999999682e+02
8.509400000000000546e+02
8.509600000000000364e+02
8.514300000000000637e+02
8.534800000000000182e+02
8.538400000000000318e+02
8.541499999999999773e+02
8.541700000000000728e+02
8.542500000000000000e+02
8.542699999999999818e+02
8.544200000000000728e+02
8.563500000000000227e+02
8.563799999999999955e+02
8.565399999999999636e+02
8.579400000000000546e+02
8.587200000000000273e+02
8.596599999999999682e+02
8.600600000000000591e+02
8.621900000000000546e+02
8.626399999999999864e+02
8.631000000000000227e+02
8.631800000000000637e+02
8.635399999999999636e+02
8.638600000000000136e+02
8.644700000000000273e+02
8.646700000000000728e+02
8.652400000000000091e+02
8.653700000000000045e+02
8.661800000000000637e+02
8.661900000000000546e+02
8.665000000000000000e+02
8.668100000000000591e+02
8.673600000000000136e+02
8.675299999999999727e+02
8.679300000000000637e+02
8.682000000000000455e+02
8.684200000000000728e+02
8.685500000000000682e+02
8.687000000000000455e+02
8.689099999999999682e+02
8.691399999999999864e+02
8.700299999999999727e+02
8.704500000000000455e+02
8.707500000000000000e+02
8.707500000000000000e+02
8.719300000000000637e+02
8.721900000000000546e+02
8.724600000000000364e+02
8.745099999999999909e+02
8.746299999999999955e+02
8.747300000000000182e+02
8.753200000000000500e+02
8.762200000000000273e+02
8.762300000000000182e+02
8.763999999999999773e+02
8.765600000000000591e+02
8.768100000000000591e+02
8.779300000000000637e+02
8.779500000000000455e+02
8.780299999999999727e+02
8.787000000000000455e+02
8.800000000000000000e+02
8.800199999999999818e+02
8.800500000000000682e+02
8.801200000000000045e+02
8.803999999999999773e+02
8.807500000000000000e+02
8.807500000000000000e+02
8.816200000000000045e+02
8.822000000000000455e+02
8.824400000000000546e+02
8.825900000000000318e+02
8.828899999999999864e+02
8.837100000000000364e+02
8.839099999999999682e+02
8.839300000000000637e+02
8.840299999999999727e+02
8.847899999999999636e+02
8.859300000000000637e+02
8.871499999999999773e+02
8.875399999999999636e+02
8.880000000000000000e+02
8.880600000000000591e+02
8.895099999999999909e+02
8.895299999999999727e+02
8.901200000000000045e+02
8.903999999999999773e+02
8.905700000000000500e+02
8.911299999999999955e+02
8.927200000000000273e+02
8.929300000000000637e+02
8.932200000000000273e+02
8.932799999999999727e+02
8.934200000000000728e+02
8.935700000000000500e+02
8.943000000000000682e+02
8.952799999999999727e+02
8.955800000000000409e+02
8.960399999999999636e+02
8.964700000000000273e+02
8.969700000000000273e+02
8.974500000000000455e+02
8.981800000000000637e+02
8.996299999999999955e+02
9.014099999999999682e+02
9.017000000000000455e+02
9.020099999999999909e+02
9.022599999999999909e+02
9.032200000000000273e+02
9.039099999999999682e+02
9.045900000000000318e+02
9.048700000000000045e+02
9.053400000000000318e+02
9.056900000000000546e+02
9.057500000000000000e+02
9.060099999999999909e+02
9.064300000000000637e+02
9.068600000000000136e+02
9.069099999999999682e+02
9.072500000000000000e+02
9.093700000000000045e+02
9.103400000000000318e+02
9.104700000000000273e+02
9.112000000000000455e+02
9.121200000000000045e+02
9.125600000000000591e+02
9.133700000000000045e+02
9.141399999999999864e+02
9.147100000000000364e+02
9.153899999999999864e+02
9.161599999999999682e+02
9.166200000000000045e+02
9.167699999999999818e+02
9.173500000000000227e+02
9.175099999999999909e+02
9.183799999999999955e+02
9.185900000000000318e+02
9.186800000000000637e+02
9.190399999999999636e+02
9.203600000000000136e+02
9.217200000000000273e+02
9.224600000000000364e+02
9.227200000000000273e+02
9.230299999999999727e+02
9.232599999999999909e+02
9.244900000000000091e+02
9.246700000000000728e+02
9.247400000000000091e+02
9.250299999999999727e+02
9.266700000000000728e+02
9.267200000000000273e+02
9.281700000000000728e+02
9.285399999999999636e+02
9.287599999999999909e+02
9.288100000000000591e+02
9.293999999999999773e+02
9.294200000000000728e+02
9.310299999999999727e+02
9.311700000000000728e+02
9.311800000000000637e+02
9.327599999999999909e+02
9.332799999999999727e+02
9.336499999999999773e+02
9.337500000000000000e+02
9.339700000000000273e+02
9.347400000000000091e+02
9.348400000000000318e+02
9.362699999999999818e+02
9.369700000000000273e+02
9.375500000000000682e+02
9.377699999999999818e+02
9.380900000000000318e+02
9.385399999999999636e+02
9.385800000000000409e+02
9.387899999999999636e+02
9.388400000000000318e+02
9.389200000000000728e+02
9.392100000000000364e+02
9.397300000000000182e+02
9.402400000000000091e+02
9.406100000000000136e+02
9.408000000000000682e+02
9.408600000000000136e+02
9.425800000000000409e+02
9.427300000000000182e+02
9.430900000000000318e+02
9.435399999999999636e+02
9.436200000000000045e+02
9.439300000000000637e+02
9.452300000000000182e+02
9.452400000000000091e+02
9.452699999999999818e+02
9.453600000000000136e+02
9.455700000000000500e+02
9.460099999999999909e+02
9.466599999999999682e+02
9.476900000000000546e+02
9.479200000000000728e+02
9.479800000000000182e+02
9.480399999999999636e+02
9.495299999999999727e+02
9.499600000000000364e+02
9.505099999999999909e+02
9.505199999999999818e+02
9.506299999999999955e+02
9.508600000000000136e+02
9.512000000000000455e+02
9.521100000000000136e+02
9.534099999999999682e+02
9.536000000000000227e+02
9.537200000000000273e+02
9.540700000000000500e+02
9.541499999999999773e+02
9.545800000000000409e+02
9.549600000000000364e+02
9.552300000000000182e+02
9.554500000000000455e+02
9.564300000000000637e+02
9.566399999999999864e+02
9.567500000000000000e+02
9.576800000000000637e+02
9.584800000000000182e+02
9.597500000000000000e+02
9.598300000000000409e+02
9.622000000000000455e+02
9.626900000000000546e+02
9.637200000000000273e+02
9.645800000000000409e+02
9.653600000000000136e+02
9.663500000000000227e+02
9.667400000000000091e+02
9.668600000000000136e+02
9.674300000000000637e+02
9.676499999999999773e+02
9.683300000000000409e+02
9.683999999999999773e+02
9.687400000000000091e+02
9.696900000000000546e+02
9.712300000000000182e+02
9.714200000000000728e+02
9.714400000000000546e+02
9.715099999999999909e+02
9.720299999999999727e+02
9.727100000000000364e+02
9.732400000000000091e+02
9.737899999999999636e+02
9.754400000000000546e+02
9.757699999999999818e+02
9.759400000000000546e+02
9.783300000000000409e+02
9.790800000000000409e+02
9.803200000000000500e+02
9.805000000000000000e+02
9.806000000000000227e+02
9.815500000000000682e+02
9.834500000000000455e+02
9.837200000000000273e+02
9.844500000000000455e+02
9.847500000000000000e+02
9.855400000000000773e+02
9.863300000000000409e+02
9.864600000000000364e+02
9.866299999999999955e+02
9.867400000000000091e+02
9.868100000000000591e+02
9.884200000000000728e+02
9.885400000000000773e+02
9.886800000000000637e+02
9.887000000000000455e+02
9.896100000000000136e+02
9.896800000000000637e+02
9.905099999999999909e+02
9.906900000000000546e+02
9.913999999999999773e+02
9.916700000000000728e+02
9.916800000000000637e+02
9.926200000000000045e+02
9.927799999999999727e+02
9.933999999999999773e+02
9.934600000000000364e+02
9.944099999999999682e+02
9.946299999999999955e+02
9.947000000000000455e+02
9.954200000000000728e+02
9.955600000000000591e+02
9.956399999999999864e+02
9.956399999999999864e+02
9.957300000000000182e+02
9.964600000000000364e+02
9.967699999999999818e+02
9.974200000000000728e+02
9.976299999999999955e+02
9.987300000000000182e+02
9.994099999999999682e+02
9.994700000000000273e+02
9.997200000000000273e+02
