2.251999999999999957e+01
2.435000000000000142e+01
2.696999999999999886e+01
3.192000000000000171e+01
4.864999999999999858e+01
5.816000000000000369e+01
6.082999999999999829e+01
6.423000000000000398e+01
7.112000000000000455e+01
7.204000000000000625e+01
7.384000000000000341e+01
7.654000000000000625e+01
8.645000000000000284e+01
9.012000000000000455e+01
9.603000000000000114e+01
1.040300000000000011e+02
1.146099999999999994e+02
1.214500000000000028e+02
1.220199999999999960e+02
1.238800000000000097e+02
1.287899999999999920e+02
1.392100000000000080e+02
1.508700000000000045e+02
1.697100000000000080e+02
1.709900000000000091e+02
1.826100000000000136e+02
1.851100000000000136e+02
1.926899999999999977e+02
2.000600000000000023e+02
2.005200000000000102e+02
2.030800000000000125e+02
2.112100000000000080e+02
2.150800000000000125e+02
2.189900000000000091e+02
2.190999999999999943e+02
2.278499999999999943e+02
2.351100000000000136e+02
2.357500000000000000e+02
2.467000000000000171e+02
2.566399999999999864e+02
2.656399999999999864e+02
2.751200000000000045e+02
2.777599999999999909e+02
2.821399999999999864e+02
2.859399999999999977e+02
2.876000000000000227e+02
2.948400000000000318e+02
2.962699999999999818e+02
2.975500000000000114e+02
3.036000000000000227e+02
3.053199999999999932e+02
3.090099999999999909e+02
3.104399999999999977e+02
3.109800000000000182e+02
3.185300000000000296e+02
3.263199999999999932e+02
3.326399999999999864e+02
3.398799999999999955e+02
3.458400000000000318e+02
3.617400000000000091e+02
3.640300000000000296e+02
3.746600000000000250e+02
3.771100000000000136e+02
3.824900000000000091e+02
3.847200000000000273e+02
3.890099999999999909e+02
3.934600000000000364e+02
3.939700000000000273e+02
4.060000000000000000e+02
4.148000000000000114e+02
4.324000000000000341e+02
4.500099999999999909e+02
4.569300000000000068e+02
4.582500000000000000e+02
4.621500000000000341e+02
4.626399999999999864e+02
4.660500000000000114e+02
4.741500000000000341e+02
4.772100000000000364e+02
4.805000000000000000e+02
4.835600000000000023e+02
4.935300000000000296e+02
5.005200000000000387e+02
5.093500000000000227e+02
5.119900000000000091e+02
5.217500000000000000e+02
5.269800000000000182e+02
5.382000000000000455e+02
5.445800000000000409e+02
5.477899999999999636e+02
5.488799999999999955e+02
5.545000000000000000e+02
5.548400000000000318e+02
5.608799999999999955e+02
5.796100000000000136e+02
5.810900000000000318e+02
5.851000000000000227e+02
5.875399999999999636e+02
5.909700000000000273e+02
5.956200000000000045e+02
5.984900000000000091e+02
6.013500000000000227e+02
6.087599999999999909e+02
6.124800000000000182e+02
6.147899999999999636e+02
6.197000000000000455e+02
6.229700000000000273e+02
6.396299999999999955e+02
6.426399999999999864e+02
6.612200000000000273e+02
6.663799999999999955e+02
6.705000000000000000e+02
6.769099999999999682e+02
6.823500000000000227e+02
6.862000000000000455e+02
6.920399999999999636e+02
7.052000000000000455e+02
7.085900000000000318e+02
7.187200000000000273e+02
7.189600000000000364e+02
7.259300000000000637e+02
7.270199999999999818e+02
7.282000000000000455e+02
7.340900000000000318e+02
7.527599999999999909e+02
7.647899999999999636e+02
7.748600000000000136e+02
7.775800000000000409e+02
7.815000000000000000e+02
7.833799999999999955e+02
7.890199999999999818e+02
8.062899999999999636e+02
8.065500000000000682e+02
8.303200000000000500e+02
8.364700000000000273e+02
8.498600000000000136e+02
8.527699999999999818e+02
8.652400000000000091e+02
8.874800000000000182e+02
8.913799999999999955e+02
9.095600000000000591e+02
9.175000000000000000e+02
9.276800000000000637e+02
9.452100000000000364e+02
9.479700000000000273e+02
9.548000000000000682e+02
9.625900000000000318e+02
9.687400000000000091e+02
9.806700000000000728e+02
9.858100000000000591e+02
9.885700000000000500e+02
9.922599999999999909e+02
9.931100000000000136e+02
9.965700000000000500e+02
