3.030000000000000249e+00
6.500000000000000000e+00
1.316999999999999993e+01
2.017000000000000171e+01
2.621000000000000085e+01
2.866000000000000014e+01
3.361999999999999744e+01
4.834000000000000341e+01
5.196999999999999886e+01
6.141000000000000369e+01
6.420000000000000284e+01
7.167000000000000171e+01
8.776999999999999602e+01
1.018200000000000074e+02
1.257500000000000000e+02
1.328300000000000125e+02
1.360600000000000023e+02
1.444000000000000057e+02
1.536500000000000057e+02
1.598700000000000045e+02
1.604399999999999977e+02
1.685699999999999932e+02
1.714799999999999898e+02
1.717500000000000000e+02
1.745300000000000011e+02
1.849200000000000159e+02
1.914699999999999989e+02
2.043900000000000148e+02
2.145500000000000114e+02
2.215699999999999932e+02
2.292500000000000000e+02
2.314200000000000159e+02
2.338499999999999943e+02
2.368799999999999955e+02
2.425300000000000011e+02
2.437899999999999920e+02
2.476899999999999977e+02
2.530300000000000011e+02
2.561299999999999955e+02
2.648199999999999932e+02
2.792599999999999909e+02
2.882400000000000091e+02
2.910600000000000023e+02
3.021200000000000045e+02
3.078000000000000114e+02
3.107800000000000296e+02
3.109100000000000250e+02
3.112500000000000000e+02
3.140699999999999932e+02
3.164399999999999977e+02
3.230500000000000114e+02
3.388000000000000114e+02
3.417300000000000182e+02
3.446800000000000068e+02
3.567800000000000296e+02
3.630099999999999909e+02
3.690699999999999932e+02
3.761399999999999864e+02
3.789700000000000273e+02
3.843799999999999955e+02
3.879900000000000091e+02
3.970099999999999909e+02
3.972500000000000000e+02
4.020699999999999932e+02
4.099499999999999886e+02
4.199000000000000341e+02
4.228400000000000318e+02
4.309399999999999977e+02
4.369300000000000068e+02
4.473799999999999955e+02
4.540799999999999841e+02
4.558500000000000227e+02
4.674700000000000273e+02
4.731600000000000250e+02
4.855099999999999909e+02
5.075200000000000387e+02
5.099200000000000159e+02
5.203799999999999955e+02
5.322599999999999909e+02
5.431800000000000637e+02
5.459800000000000182e+02
5.556299999999999955e+02
5.577799999999999727e+02
5.607699999999999818e+02
5.656699999999999591e+02
5.685800000000000409e+02
5.754500000000000455e+02
5.793700000000000045e+02
5.862899999999999636e+02
6.053100000000000591e+02
6.081000000000000227e+02
6.156699999999999591e+02
6.177799999999999727e+02
6.287200000000000273e+02
6.323600000000000136e+02
6.368799999999999955e+02
6.408799999999999955e+02
6.430900000000000318e+02
6.470299999999999727e+02
6.501900000000000546e+02
6.523999999999999773e+02
6.611200000000000045e+02
6.620500000000000682e+02
6.647500000000000000e+02
6.669700000000000273e+02
6.811499999999999773e+02
6.956499999999999773e+02
6.979900000000000091e+02
6.994900000000000091e+02
7.026399999999999864e+02
7.124099999999999682e+02
7.203000000000000682e+02
7.285900000000000318e+02
7.314800000000000182e+02
7.354800000000000182e+02
7.440600000000000591e+02
7.455500000000000682e+02
7.473899999999999864e+02
7.616299999999999955e+02
7.761900000000000546e+02
7.805600000000000591e+02
7.869300000000000637e+02
7.964900000000000091e+02
7.988799999999999955e+02
8.053700000000000045e+02
8.171399999999999864e+02
8.248200000000000500e+02
8.309800000000000182e+02
8.352300000000000182e+02
8.437100000000000364e+02
8.443600000000000136e+02
8.471399999999999864e+02
8.537899999999999636e+02
8.600000000000000000e+02
8.642500000000000000e+02
8.667000000000000455e+02
8.677699999999999818e+02
8.731499999999999773e+02
8.822599999999999909e+02
8.855800000000000409e+02
8.938400000000000318e+02
9.070700000000000500e+02
9.088899999999999864e+02
9.116800000000000637e+02
9.154300000000000637e+02
9.249800000000000182e+02
9.253400000000000318e+02
9.321000000000000227e+02
9.370500000000000682e+02
9.477599999999999909e+02
9.516200000000000045e+02
9.693999999999999773e+02
9.794200000000000728e+02
9.868100000000000591e+02
