7.320000000000000284e+00
8.300000000000000711e+00
9.740000000000000213e+00
1.020000000000000107e+01
1.067999999999999972e+01
1.071000000000000085e+01
1.120000000000000107e+01
1.292999999999999972e+01
1.341000000000000014e+01
1.350999999999999979e+01
1.371000000000000085e+01
1.415000000000000036e+01
1.473000000000000043e+01
1.493999999999999950e+01
1.657000000000000028e+01
1.696999999999999886e+01
1.732000000000000028e+01
1.737999999999999901e+01
1.935999999999999943e+01
1.953000000000000114e+01
2.033999999999999986e+01
2.078000000000000114e+01
2.401000000000000156e+01
5.875999999999999801e+01
5.909000000000000341e+01
6.095000000000000284e+01
6.102000000000000313e+01
6.117999999999999972e+01
6.141000000000000369e+01
6.162000000000000455e+01
6.363000000000000256e+01
6.384000000000000341e+01
6.396000000000000085e+01
6.429999999999999716e+01
6.432000000000000739e+01
6.456000000000000227e+01
6.487000000000000455e+01
6.557999999999999829e+01
6.629999999999999716e+01
6.632999999999999829e+01
6.650000000000000000e+01
6.714000000000000057e+01
6.751999999999999602e+01
6.782000000000000739e+01
6.845000000000000284e+01
6.953000000000000114e+01
7.037999999999999545e+01
7.164000000000000057e+01
7.437999999999999545e+01
1.087999999999999972e+02
1.099399999999999977e+02
1.109399999999999977e+02
1.113900000000000006e+02
1.118500000000000085e+02
1.126299999999999955e+02
1.132999999999999972e+02
1.139800000000000040e+02
1.144500000000000028e+02
1.146599999999999966e+02
1.150199999999999960e+02
1.163599999999999994e+02
1.167100000000000080e+02
1.169500000000000028e+02
1.179300000000000068e+02
1.181200000000000045e+02
1.183200000000000074e+02
1.198500000000000085e+02
1.207100000000000080e+02
1.208200000000000074e+02
1.228599999999999994e+02
1.588199999999999932e+02
1.600000000000000000e+02
1.612299999999999898e+02
1.615999999999999943e+02
1.622299999999999898e+02
1.624099999999999966e+02
1.628100000000000023e+02
1.630900000000000034e+02
1.635000000000000000e+02
1.641299999999999955e+02
1.648700000000000045e+02
1.651800000000000068e+02
1.654099999999999966e+02
1.668700000000000045e+02
1.669500000000000171e+02
1.685699999999999932e+02
1.685999999999999943e+02
1.693799999999999955e+02
1.698700000000000045e+02
1.704600000000000080e+02
1.705000000000000000e+02
1.705500000000000114e+02
1.710999999999999943e+02
2.080000000000000000e+02
2.082899999999999920e+02
2.092500000000000000e+02
2.101299999999999955e+02
2.103900000000000148e+02
2.104500000000000171e+02
2.105800000000000125e+02
2.117100000000000080e+02
2.128100000000000023e+02
2.128199999999999932e+02
2.130399999999999920e+02
2.130900000000000034e+02
2.135399999999999920e+02
2.140000000000000000e+02
2.160000000000000000e+02
2.161700000000000159e+02
2.166500000000000057e+02
2.168499999999999943e+02
2.170900000000000034e+02
2.171100000000000136e+02
2.177100000000000080e+02
2.199500000000000171e+02
2.219399999999999977e+02
2.578899999999999864e+02
2.584300000000000068e+02
2.585600000000000023e+02
2.602500000000000000e+02
2.608799999999999955e+02
2.611200000000000045e+02
2.614599999999999795e+02
2.620300000000000296e+02
2.626100000000000136e+02
2.626200000000000045e+02
2.626499999999999773e+02
2.628000000000000114e+02
2.630600000000000023e+02
2.638500000000000227e+02
2.645199999999999818e+02
2.646000000000000227e+02
2.651100000000000136e+02
2.652500000000000000e+02
2.655900000000000318e+02
2.656700000000000159e+02
2.668700000000000045e+02
2.674399999999999977e+02
2.687200000000000273e+02
2.696399999999999864e+02
2.704300000000000068e+02
2.705600000000000023e+02
2.708799999999999955e+02
2.711499999999999773e+02
2.714200000000000159e+02
3.057300000000000182e+02
3.084700000000000273e+02
3.086999999999999886e+02
3.097400000000000091e+02
3.102500000000000000e+02
3.116600000000000250e+02
3.119399999999999977e+02
3.125099999999999909e+02
3.126200000000000045e+02
3.126700000000000159e+02
3.127300000000000182e+02
3.135300000000000296e+02
3.140699999999999932e+02
3.141200000000000045e+02
3.148100000000000023e+02
3.148700000000000045e+02
3.152599999999999909e+02
3.158400000000000318e+02
3.163899999999999864e+02
3.166000000000000227e+02
3.166999999999999886e+02
3.175799999999999841e+02
3.178700000000000045e+02
3.188799999999999955e+02
3.208500000000000227e+02
3.586399999999999864e+02
3.589100000000000250e+02
3.591899999999999977e+02
3.602200000000000273e+02
3.606800000000000068e+02
3.616899999999999977e+02
3.619800000000000182e+02
3.622400000000000091e+02
3.634599999999999795e+02
3.639300000000000068e+02
3.644800000000000182e+02
3.644800000000000182e+02
3.649100000000000250e+02
3.650699999999999932e+02
3.651500000000000341e+02
3.652900000000000205e+02
3.662800000000000296e+02
3.667699999999999818e+02
3.671200000000000045e+02
3.672500000000000000e+02
3.676800000000000068e+02
3.679800000000000182e+02
3.690300000000000296e+02
3.691899999999999977e+02
3.695000000000000000e+02
3.704900000000000091e+02
4.066700000000000159e+02
4.077599999999999909e+02
4.100799999999999841e+02
4.103500000000000227e+02
4.106500000000000341e+02
4.107200000000000273e+02
4.111500000000000341e+02
4.112200000000000273e+02
4.112900000000000205e+02
4.117800000000000296e+02
4.123899999999999864e+02
4.127900000000000205e+02
4.132500000000000000e+02
4.141000000000000227e+02
4.141999999999999886e+02
4.144300000000000068e+02
4.148000000000000114e+02
4.151100000000000136e+02
4.153799999999999955e+02
4.172500000000000000e+02
4.175199999999999818e+02
4.179399999999999977e+02
4.185900000000000318e+02
4.204000000000000341e+02
4.204900000000000091e+02
4.569900000000000091e+02
4.589800000000000182e+02
4.592100000000000364e+02
4.595400000000000205e+02
4.600099999999999909e+02
4.606200000000000045e+02
4.611299999999999955e+02
4.613500000000000227e+02
4.614399999999999977e+02
4.614499999999999886e+02
4.618199999999999932e+02
4.625300000000000296e+02
4.627699999999999818e+02
4.638400000000000318e+02
4.639200000000000159e+02
4.647800000000000296e+02
4.649600000000000364e+02
4.657500000000000000e+02
4.660000000000000000e+02
4.662699999999999818e+02
4.664700000000000273e+02
4.667800000000000296e+02
4.674600000000000364e+02
4.688299999999999841e+02
4.697599999999999909e+02
4.703899999999999864e+02
4.712100000000000364e+02
5.039600000000000364e+02
5.058199999999999932e+02
5.081399999999999864e+02
5.086999999999999886e+02
5.097700000000000387e+02
5.114399999999999977e+02
5.118899999999999864e+02
5.122200000000000273e+02
5.131000000000000227e+02
5.135299999999999727e+02
5.138700000000000045e+02
5.143100000000000591e+02
5.177300000000000182e+02
5.178500000000000227e+02
5.184500000000000455e+02
5.187300000000000182e+02
5.195399999999999636e+02
5.572400000000000091e+02
5.582100000000000364e+02
5.587899999999999636e+02
5.594300000000000637e+02
5.595500000000000682e+02
5.598000000000000682e+02
5.603600000000000136e+02
5.605199999999999818e+02
5.614199999999999591e+02
5.617200000000000273e+02
5.620099999999999909e+02
5.623300000000000409e+02
5.630399999999999636e+02
5.641599999999999682e+02
5.641900000000000546e+02
5.645600000000000591e+02
5.649300000000000637e+02
5.652200000000000273e+02
5.652200000000000273e+02
5.656900000000000546e+02
5.663400000000000318e+02
5.673300000000000409e+02
5.687899999999999636e+02
5.699600000000000364e+02
5.710700000000000500e+02
6.052599999999999909e+02
6.059199999999999591e+02
6.059800000000000182e+02
6.081900000000000546e+02
6.090600000000000591e+02
6.093300000000000409e+02
6.099700000000000273e+02
6.114400000000000546e+02
6.121499999999999773e+02
6.125500000000000682e+02
6.125600000000000591e+02
6.127000000000000455e+02
6.140199999999999818e+02
6.160000000000000000e+02
6.163899999999999864e+02
6.163999999999999773e+02
6.184900000000000091e+02
6.185900000000000318e+02
6.188500000000000227e+02
6.542300000000000182e+02
6.571699999999999591e+02
6.575000000000000000e+02
6.579900000000000091e+02
6.590000000000000000e+02
6.591599999999999682e+02
6.594199999999999591e+02
6.601699999999999591e+02
6.605700000000000500e+02
6.606000000000000227e+02
6.606200000000000045e+02
6.613400000000000318e+02
6.619800000000000182e+02
6.624099999999999682e+02
6.630900000000000318e+02
6.633000000000000682e+02
6.636499999999999773e+02
6.637000000000000455e+02
6.640800000000000409e+02
6.641399999999999864e+02
6.649199999999999591e+02
6.652400000000000091e+02
6.654700000000000273e+02
6.655800000000000409e+02
6.663000000000000682e+02
6.669400000000000546e+02
6.670199999999999818e+02
6.674400000000000546e+02
6.675700000000000500e+02
6.682100000000000364e+02
6.693600000000000136e+02
6.723400000000000318e+02
7.070900000000000318e+02
7.086599999999999682e+02
7.095900000000000318e+02
7.098799999999999955e+02
7.099800000000000182e+02
7.102200000000000273e+02
7.105099999999999909e+02
7.108400000000000318e+02
7.114099999999999682e+02
7.116599999999999682e+02
7.122899999999999636e+02
7.124700000000000273e+02
7.124900000000000091e+02
7.129400000000000546e+02
7.137300000000000182e+02
7.153100000000000591e+02
7.153999999999999773e+02
7.156399999999999864e+02
7.158300000000000409e+02
7.183000000000000682e+02
7.186000000000000227e+02
7.207200000000000273e+02
7.227599999999999909e+02
7.565000000000000000e+02
7.565500000000000682e+02
7.566599999999999682e+02
7.575900000000000318e+02
7.593700000000000045e+02
7.595600000000000591e+02
7.597100000000000364e+02
7.600000000000000000e+02
7.600399999999999636e+02
7.601100000000000136e+02
7.627899999999999636e+02
7.632100000000000364e+02
7.641100000000000136e+02
7.646700000000000728e+02
7.651800000000000637e+02
7.652400000000000091e+02
7.656800000000000637e+02
7.661900000000000546e+02
7.668300000000000409e+02
7.672400000000000091e+02
7.682200000000000273e+02
7.687400000000000091e+02
7.691900000000000546e+02
7.697699999999999818e+02
7.725000000000000000e+02
8.043200000000000500e+02
8.064300000000000637e+02
8.065800000000000409e+02
8.069800000000000182e+02
8.087100000000000364e+02
8.089099999999999682e+02
8.092300000000000182e+02
8.094800000000000182e+02
8.097799999999999727e+02
8.104099999999999682e+02
8.114700000000000273e+02
8.118500000000000227e+02
8.118799999999999955e+02
8.134900000000000091e+02
8.136900000000000546e+02
8.152899999999999636e+02
8.158100000000000591e+02
8.162000000000000455e+02
8.162699999999999818e+02
8.163100000000000591e+02
8.176100000000000136e+02
8.177699999999999818e+02
8.181700000000000728e+02
8.228500000000000227e+02
8.567100000000000364e+02
8.569400000000000546e+02
8.576700000000000728e+02
8.583300000000000409e+02
8.589099999999999682e+02
8.597799999999999727e+02
8.604500000000000455e+02
8.605700000000000500e+02
8.616299999999999955e+02
8.617300000000000182e+02
8.620600000000000591e+02
8.628700000000000045e+02
8.629099999999999682e+02
8.634800000000000182e+02
8.649600000000000364e+02
8.649900000000000091e+02
8.651800000000000637e+02
8.653799999999999955e+02
8.662200000000000273e+02
8.663999999999999773e+02
8.670600000000000591e+02
8.698400000000000318e+02
9.022300000000000182e+02
9.037899999999999636e+02
9.050500000000000682e+02
9.064300000000000637e+02
9.071000000000000227e+02
9.079500000000000455e+02
9.092799999999999727e+02
9.101800000000000637e+02
9.103600000000000136e+02
9.105700000000000500e+02
9.106100000000000136e+02
9.115600000000000591e+02
9.132699999999999818e+02
9.133999999999999773e+02
9.138100000000000591e+02
9.139300000000000637e+02
9.145399999999999636e+02
9.155600000000000591e+02
9.156200000000000045e+02
9.159099999999999682e+02
9.160199999999999818e+02
9.163500000000000227e+02
9.192599999999999909e+02
9.194400000000000546e+02
9.217000000000000455e+02
9.245800000000000409e+02
9.532400000000000091e+02
9.578899999999999864e+02
9.581700000000000728e+02
9.596299999999999955e+02
9.599200000000000728e+02
9.600000000000000000e+02
9.613100000000000591e+02
9.615000000000000000e+02
9.616499999999999773e+02
9.622699999999999818e+02
9.627300000000000182e+02
9.632500000000000000e+02
9.634200000000000728e+02
9.635099999999999909e+02
9.639600000000000364e+02
9.660600000000000591e+02
9.660900000000000318e+02
9.665299999999999727e+02
9.683700000000000045e+02
9.684600000000000364e+02
9.693600000000000136e+02
9.695900000000000318e+02
