4.900000000000000355e+00
5.889999999999999680e+00
1.549000000000000021e+01
2.517000000000000171e+01
2.544999999999999929e+01
3.546999999999999886e+01
5.478000000000000114e+01
6.565000000000000568e+01
6.590000000000000568e+01
7.478000000000000114e+01
9.484000000000000341e+01
1.061400000000000006e+02
1.142500000000000000e+02
1.154399999999999977e+02
1.251800000000000068e+02
1.357400000000000091e+02
1.447299999999999898e+02
1.448199999999999932e+02
1.557199999999999989e+02
1.654399999999999977e+02
1.750900000000000034e+02
1.850200000000000102e+02
1.943199999999999932e+02
1.950800000000000125e+02
2.049500000000000171e+02
2.146200000000000045e+02
2.235800000000000125e+02
2.257800000000000011e+02
2.343400000000000034e+02
2.437300000000000182e+02
2.460999999999999943e+02
2.543600000000000136e+02
2.547500000000000000e+02
2.641999999999999886e+02
2.670699999999999932e+02
2.750699999999999932e+02
2.840300000000000296e+02
2.946000000000000227e+02
3.044800000000000182e+02
3.133799999999999955e+02
3.150500000000000114e+02
3.228100000000000023e+02
3.242800000000000296e+02
3.350799999999999841e+02
3.420000000000000000e+02
3.446200000000000045e+02
3.540000000000000000e+02
3.562099999999999795e+02
3.633700000000000045e+02
3.656600000000000250e+02
3.736000000000000227e+02
3.826399999999999864e+02
3.842300000000000182e+02
4.011899999999999977e+02
4.040500000000000114e+02
4.114499999999999886e+02
4.141000000000000227e+02
4.235400000000000205e+02
4.298700000000000045e+02
4.298600000000000136e+02
4.438400000000000318e+02
4.548600000000000136e+02
4.589100000000000250e+02
4.607599999999999909e+02
4.643299999999999841e+02
4.751000000000000227e+02
4.842300000000000182e+02
4.913600000000000136e+02
4.943700000000000045e+02
5.004700000000000273e+02
5.041000000000000227e+02
5.108799999999999955e+02
5.135499999999999545e+02
5.205700000000000500e+02
5.244800000000000182e+02
5.309800000000000182e+02
5.341699999999999591e+02
5.532300000000000182e+02
5.648400000000000318e+02
5.740299999999999727e+02
5.804900000000000091e+02
5.846599999999999682e+02
5.936900000000000546e+02
6.009400000000000546e+02
6.044199999999999591e+02
6.131100000000000136e+02
6.208999999999999773e+02
6.234600000000000364e+02
6.294800000000000182e+02
6.342300000000000182e+02
6.432400000000000091e+02
6.637300000000000182e+02
6.808600000000000136e+02
6.997599999999999909e+02
7.130099999999999909e+02
7.246200000000000045e+02
7.287100000000000364e+02
7.293100000000000591e+02
7.325900000000000318e+02
7.433400000000000318e+02
7.547699999999999818e+02
7.641200000000000045e+02
7.739200000000000728e+02
7.779500000000000455e+02
7.828200000000000500e+02
7.836200000000000045e+02
7.881499999999999773e+02
8.243200000000000500e+02
8.266299999999999955e+02
8.333799999999999955e+02
8.381399999999999864e+02
8.534800000000000182e+02
8.571499999999999773e+02
8.592699999999999818e+02
8.639500000000000455e+02
8.645399999999999636e+02
8.673899999999999864e+02
8.732100000000000364e+02
8.822799999999999727e+02
9.022000000000000455e+02
9.124900000000000091e+02
9.269800000000000182e+02
9.318799999999999955e+02
9.535399999999999636e+02
9.616100000000000136e+02
9.851800000000000637e+02
4.980000000000000426e+00
4.910000000000000142e+00
7.150000000000000355e+00
1.521000000000000085e+01
1.550999999999999979e+01
2.465000000000000213e+01
2.517999999999999972e+01
2.546000000000000085e+01
3.527000000000000313e+01
3.548000000000000398e+01
4.517000000000000171e+01
4.728000000000000114e+01
5.475999999999999801e+01
5.556000000000000227e+01
5.685999999999999943e+01
6.509000000000000341e+01
6.595000000000000284e+01
7.479000000000000625e+01
7.495000000000000284e+01
7.701999999999999602e+01
8.537000000000000455e+01
9.485000000000000853e+01
9.493000000000000682e+01
1.047600000000000051e+02
1.069000000000000057e+02
1.142500000000000000e+02
1.152000000000000028e+02
1.155400000000000063e+02
1.249200000000000017e+02
1.253500000000000085e+02
1.274600000000000080e+02
1.351500000000000057e+02
1.358000000000000114e+02
1.372599999999999909e+02
1.447599999999999909e+02
1.454200000000000159e+02
1.552000000000000171e+02
1.557400000000000091e+02
1.574500000000000171e+02
1.651800000000000068e+02
1.654500000000000171e+02
1.675399999999999920e+02
1.749500000000000171e+02
1.755699999999999932e+02
1.771400000000000148e+02
1.850900000000000034e+02
1.855399999999999920e+02
1.950600000000000023e+02
1.951100000000000136e+02
2.049699999999999989e+02
2.056899999999999977e+02
2.077700000000000102e+02
2.147300000000000182e+02
2.154000000000000057e+02
2.175699999999999932e+02
2.235900000000000034e+02
2.264099999999999966e+02
2.343600000000000136e+02
2.363100000000000023e+02
2.437599999999999909e+02
2.450000000000000000e+02
2.544099999999999966e+02
2.547899999999999920e+02
2.557899999999999920e+02
2.642099999999999795e+02
2.649200000000000159e+02
2.751200000000000045e+02
2.756200000000000045e+02
2.840500000000000114e+02
2.853600000000000136e+02
2.946600000000000250e+02
2.958799999999999955e+02
3.045000000000000000e+02
3.056899999999999977e+02
3.133899999999999864e+02
3.153100000000000023e+02
3.175099999999999909e+02
3.231200000000000045e+02
3.256999999999999886e+02
3.351299999999999955e+02
3.354300000000000068e+02
3.381200000000000045e+02
3.435400000000000205e+02
3.456299999999999955e+02
3.540099999999999909e+02
3.560400000000000205e+02
3.655799999999999841e+02
3.676600000000000250e+02
3.736100000000000136e+02
3.758199999999999932e+02
3.827800000000000296e+02
3.842599999999999909e+02
3.856200000000000045e+02
3.958899999999999864e+02
4.011999999999999886e+02
4.040699999999999932e+02
4.065099999999999909e+02
4.115199999999999818e+02
4.141200000000000045e+02
4.152500000000000000e+02
4.173600000000000136e+02
4.235500000000000114e+02
4.257500000000000000e+02
4.299600000000000364e+02
4.356399999999999864e+02
4.438600000000000136e+02
4.461500000000000341e+02
4.549700000000000273e+02
4.558799999999999955e+02
4.580000000000000000e+02
4.589100000000000250e+02
4.608000000000000114e+02
4.643899999999999864e+02
4.655300000000000296e+02
4.751299999999999955e+02
4.761500000000000341e+02
4.842599999999999909e+02
4.858100000000000023e+02
4.913600000000000136e+02
4.944100000000000250e+02
4.960500000000000114e+02
5.004800000000000182e+02
5.042100000000000364e+02
5.057100000000000364e+02
5.109300000000000068e+02
5.135900000000000318e+02
5.160199999999999818e+02
5.206200000000000045e+02
5.245099999999999909e+02
5.251000000000000227e+02
5.310000000000000000e+02
5.364300000000000637e+02
5.467100000000000364e+02
5.532599999999999909e+02
5.556100000000000136e+02
5.655199999999999818e+02
5.740600000000000591e+02
5.760099999999999909e+02
5.784700000000000273e+02
5.847000000000000455e+02
5.849400000000000546e+02
5.937000000000000455e+02
5.954900000000000091e+02
6.010199999999999818e+02
6.044800000000000182e+02
6.063100000000000591e+02
6.131499999999999773e+02
6.154300000000000637e+02
6.178000000000000682e+02
6.234800000000000182e+02
6.258600000000000136e+02
6.282400000000000091e+02
6.296900000000000546e+02
6.342599999999999909e+02
6.349300000000000637e+02
6.370000000000000000e+02
6.432899999999999636e+02
6.459400000000000546e+02
6.481499999999999773e+02
6.550700000000000500e+02
6.572000000000000455e+02
6.637599999999999909e+02
6.656100000000000136e+02
6.690900000000000318e+02
6.764099999999999682e+02
6.809300000000000637e+02
6.853999999999999773e+02
6.958100000000000591e+02
7.058500000000000227e+02
7.093500000000000227e+02
7.130299999999999727e+02
7.164199999999999591e+02
7.246599999999999682e+02
7.267000000000000455e+02
7.287200000000000273e+02
7.325900000000000318e+02
7.368600000000000136e+02
7.433600000000000136e+02
7.452699999999999818e+02
7.473899999999999864e+02
7.548100000000000591e+02
7.566599999999999682e+02
7.658999999999999773e+02
7.683700000000000045e+02
7.740099999999999909e+02
7.767000000000000455e+02
7.828200000000000500e+02
7.836200000000000045e+02
7.859600000000000364e+02
7.959099999999999682e+02
8.062100000000000364e+02
8.161499999999999773e+02
8.196700000000000728e+02
8.243799999999999955e+02
8.266499999999999773e+02
8.271700000000000728e+02
8.362200000000000273e+02
8.383100000000000591e+02
8.457799999999999727e+02
8.484400000000000546e+02
8.535399999999999636e+02
8.556599999999999682e+02
8.571700000000000728e+02
8.577699999999999818e+02
8.592899999999999636e+02
8.640000000000000000e+02
8.672000000000000455e+02
8.732100000000000364e+02
8.760000000000000000e+02
8.823000000000000682e+02
8.867400000000000091e+02
8.963000000000000682e+02
8.984099999999999682e+02
9.022300000000000182e+02
9.062100000000000364e+02
9.083500000000000227e+02
9.162899999999999636e+02
9.197899999999999636e+02
9.260099999999999909e+02
9.269900000000000091e+02
9.280700000000000500e+02
9.353500000000000227e+02
9.380600000000000591e+02
9.465299999999999727e+02
9.557300000000000182e+02
9.577899999999999636e+02
9.616399999999999864e+02
9.654800000000000182e+02
9.676599999999999682e+02
9.756100000000000136e+02
9.787000000000000455e+02
9.851900000000000546e+02
9.863500000000000227e+02
9.885099999999999909e+02
9.967400000000000091e+02
4.980000000000000426e+00
4.919999999999999929e+00
7.219999999999999751e+00
1.523000000000000043e+01
1.551999999999999957e+01
2.471000000000000085e+01
2.519000000000000128e+01
2.546999999999999886e+01
3.527000000000000313e+01
3.549000000000000199e+01
4.525999999999999801e+01
4.736999999999999744e+01
5.477000000000000313e+01
5.571000000000000085e+01
5.691000000000000369e+01
6.512000000000000455e+01
6.598999999999999488e+01
7.479999999999999716e+01
7.507000000000000739e+01
8.539000000000000057e+01
9.487000000000000455e+01
9.496000000000000796e+01
1.047699999999999960e+02
1.072699999999999960e+02
1.142600000000000051e+02
1.152600000000000051e+02
1.252600000000000051e+02
1.254099999999999966e+02
1.276899999999999977e+02
1.351599999999999966e+02
1.447899999999999920e+02
1.454300000000000068e+02
1.552400000000000091e+02
1.557599999999999909e+02
1.575399999999999920e+02
1.652000000000000171e+02
1.654500000000000171e+02
1.749600000000000080e+02
1.771800000000000068e+02
1.855699999999999932e+02
1.950699999999999932e+02
1.951400000000000148e+02
2.049900000000000091e+02
2.057300000000000182e+02
2.078400000000000034e+02
2.147599999999999909e+02
2.154200000000000159e+02
2.176400000000000148e+02
2.235999999999999943e+02
2.264699999999999989e+02
2.343799999999999955e+02
2.363199999999999932e+02
2.438000000000000114e+02
2.450200000000000102e+02
2.548600000000000136e+02
2.558100000000000023e+02
2.642200000000000273e+02
2.649700000000000273e+02
2.756700000000000159e+02
2.840799999999999841e+02
2.854000000000000341e+02
2.959499999999999886e+02
3.045400000000000205e+02
3.057400000000000091e+02
3.134100000000000250e+02
3.153199999999999932e+02
3.257300000000000182e+02
3.355199999999999818e+02
3.436000000000000227e+02
3.456399999999999864e+02
3.540300000000000296e+02
3.560600000000000023e+02
3.667599999999999909e+02
3.736299999999999955e+02
3.758600000000000136e+02
3.829499999999999886e+02
3.843000000000000114e+02
3.966000000000000227e+02
4.012100000000000364e+02
4.040900000000000318e+02
4.065199999999999818e+02
4.141399999999999864e+02
4.153700000000000045e+02
4.235699999999999932e+02
4.257699999999999818e+02
4.356700000000000159e+02
4.438799999999999955e+02
4.461700000000000159e+02
4.558899999999999864e+02
4.580500000000000114e+02
4.589100000000000250e+02
4.655799999999999841e+02
4.765300000000000296e+02
4.842900000000000205e+02
4.858799999999999955e+02
4.913600000000000136e+02
4.944600000000000364e+02
4.960699999999999932e+02
5.004800000000000182e+02
5.057400000000000091e+02
5.111500000000000341e+02
5.136900000000000546e+02
5.162000000000000455e+02
5.206499999999999773e+02
5.245399999999999636e+02
5.258799999999999955e+02
5.310199999999999818e+02
5.364600000000000364e+02
5.467400000000000091e+02
5.532899999999999636e+02
5.556399999999999864e+02
5.655700000000000500e+02
5.740900000000000318e+02
5.760399999999999636e+02
5.849700000000000273e+02
5.937200000000000273e+02
5.955199999999999818e+02
6.063200000000000500e+02
6.136200000000000045e+02
6.154900000000000091e+02
6.179300000000000637e+02
6.235000000000000000e+02
6.343100000000000591e+02
6.349400000000000546e+02
6.370199999999999818e+02
6.433600000000000136e+02
6.459500000000000455e+02
6.550800000000000409e+02
6.572400000000000091e+02
6.637799999999999727e+02
6.656800000000000637e+02
6.764199999999999591e+02
6.854099999999999682e+02
6.958300000000000409e+02
7.058700000000000045e+02
7.130399999999999636e+02
7.171699999999999591e+02
7.267400000000000091e+02
7.287400000000000091e+02
7.325900000000000318e+02
7.368799999999999955e+02
7.433700000000000045e+02
7.453100000000000591e+02
7.474099999999999682e+02
7.548600000000000136e+02
7.569700000000000273e+02
7.659099999999999682e+02
7.771299999999999955e+02
7.828300000000000409e+02
7.836200000000000045e+02
7.859900000000000091e+02
7.959200000000000728e+02
8.062300000000000182e+02
8.162000000000000455e+02
8.266700000000000728e+02
8.272300000000000182e+02
8.362200000000000273e+02
8.383400000000000318e+02
8.457899999999999636e+02
8.557100000000000364e+02
8.572100000000000364e+02
8.578200000000000500e+02
8.593300000000000409e+02
8.640600000000000591e+02
8.672899999999999636e+02
8.732200000000000273e+02
8.760500000000000682e+02
8.823300000000000409e+02
8.867599999999999909e+02
8.963300000000000409e+02
9.022599999999999909e+02
9.062599999999999909e+02
9.086200000000000045e+02
9.163000000000000682e+02
9.260399999999999636e+02
9.270000000000000000e+02
9.281200000000000045e+02
9.353799999999999955e+02
9.465500000000000682e+02
9.557400000000000091e+02
9.578100000000000591e+02
9.616900000000000546e+02
9.655299999999999727e+02
9.677699999999999818e+02
9.756200000000000045e+02
9.852000000000000455e+02
9.863799999999999955e+02
9.975099999999999909e+02
4.980000000000000426e+00
4.929999999999999716e+00
1.525000000000000000e+01
1.554000000000000092e+01
2.491000000000000014e+01
2.519999999999999929e+01
2.548000000000000043e+01
3.528000000000000114e+01
3.550000000000000000e+01
4.585999999999999943e+01
5.478999999999999915e+01
6.514000000000000057e+01
6.606000000000000227e+01
7.479999999999999716e+01
7.520000000000000284e+01
8.542000000000000171e+01
9.489000000000000057e+01
9.500000000000000000e+01
1.047699999999999960e+02
1.077999999999999972e+02
1.142800000000000011e+02
1.159699999999999989e+02
1.253299999999999983e+02
1.351800000000000068e+02
1.448199999999999932e+02
1.454399999999999977e+02
1.552800000000000011e+02
1.558000000000000114e+02
1.652199999999999989e+02
1.654600000000000080e+02
1.749699999999999989e+02
1.772800000000000011e+02
1.855900000000000034e+02
1.950800000000000125e+02
1.951800000000000068e+02
2.050200000000000102e+02
2.057599999999999909e+02
2.147899999999999920e+02
2.154399999999999977e+02
2.235999999999999943e+02
2.265300000000000011e+02
2.344000000000000057e+02
2.363400000000000034e+02
2.438900000000000148e+02
2.450399999999999920e+02
2.549300000000000068e+02
2.558300000000000125e+02
2.642300000000000182e+02
2.665600000000000023e+02
2.757300000000000182e+02
2.845900000000000318e+02
2.854300000000000068e+02
2.960000000000000000e+02
3.046399999999999864e+02
3.057800000000000296e+02
3.134300000000000068e+02
3.153400000000000318e+02
3.257500000000000000e+02
3.364300000000000068e+02
3.456500000000000341e+02
3.540600000000000023e+02
3.560900000000000318e+02
3.668000000000000114e+02
3.736399999999999864e+02
3.759100000000000250e+02
3.966299999999999955e+02
4.012300000000000182e+02
4.041100000000000136e+02
4.065400000000000205e+02
4.141700000000000159e+02
4.235799999999999841e+02
4.257800000000000296e+02
4.357200000000000273e+02
4.439000000000000341e+02
4.461999999999999886e+02
4.559000000000000341e+02
4.589100000000000250e+02
4.658100000000000023e+02
4.771000000000000227e+02
4.843500000000000227e+02
4.859399999999999977e+02
4.913600000000000136e+02
4.960900000000000318e+02
5.004900000000000091e+02
5.058000000000000114e+02
5.172699999999999818e+02
5.206800000000000637e+02
5.245600000000000591e+02
5.265600000000000591e+02
5.310600000000000591e+02
5.364800000000000182e+02
5.467799999999999727e+02
5.557200000000000273e+02
5.656499999999999773e+02
5.741399999999999864e+02
5.760700000000000500e+02
5.850199999999999818e+02
5.937400000000000091e+02
5.955800000000000409e+02
6.063300000000000409e+02
6.136499999999999773e+02
6.157100000000000364e+02
6.235700000000000500e+02
6.349500000000000455e+02
6.370500000000000682e+02
6.459700000000000273e+02
6.550900000000000318e+02
6.572799999999999727e+02
6.638100000000000591e+02
6.657300000000000182e+02
6.764300000000000637e+02
6.854099999999999682e+02
6.958600000000000136e+02
7.058799999999999955e+02
7.130700000000000500e+02
7.172000000000000455e+02
7.267799999999999727e+02
7.287500000000000000e+02
7.325900000000000318e+02
7.368999999999999773e+02
7.433899999999999864e+02
7.474400000000000546e+02
7.549099999999999682e+02
7.570800000000000409e+02
7.659300000000000637e+02
7.772100000000000364e+02
7.828400000000000318e+02
7.836200000000000045e+02
7.864600000000000364e+02
7.959300000000000637e+02
8.062599999999999909e+02
8.162500000000000000e+02
8.267000000000000455e+02
8.272699999999999818e+02
8.362300000000000182e+02
8.387200000000000273e+02
8.458000000000000682e+02
8.578700000000000045e+02
8.593500000000000227e+02
8.673899999999999864e+02
8.732200000000000273e+02
8.867699999999999818e+02
8.963600000000000136e+02
9.063300000000000409e+02
9.163100000000000591e+02
9.261299999999999955e+02
9.270099999999999909e+02
9.354200000000000728e+02
9.465700000000000500e+02
9.557500000000000000e+02
9.578300000000000409e+02
9.656000000000000227e+02
9.756299999999999955e+02
9.852000000000000455e+02
9.864200000000000728e+02
9.976000000000000227e+02
4.980000000000000426e+00
4.940000000000000391e+00
1.526999999999999957e+01
1.559999999999999964e+01
2.494999999999999929e+01
2.521999999999999886e+01
2.550000000000000000e+01
3.528999999999999915e+01
3.553000000000000114e+01
4.591000000000000369e+01
5.480000000000000426e+01
6.515000000000000568e+01
7.482000000000000739e+01
7.539000000000000057e+01
8.546000000000000796e+01
9.507000000000000739e+01
1.047800000000000011e+02
1.142999999999999972e+02
1.160100000000000051e+02
1.254000000000000057e+02
1.351999999999999886e+02
1.454500000000000171e+02
1.553199999999999932e+02
1.652400000000000091e+02
1.654699999999999989e+02
1.749799999999999898e+02
1.856100000000000136e+02
1.950900000000000034e+02
2.058100000000000023e+02
2.154699999999999989e+02
2.236100000000000136e+02
2.267800000000000011e+02
2.363600000000000136e+02
2.450800000000000125e+02
2.558499999999999943e+02
2.642599999999999909e+02
2.666499999999999773e+02
2.758100000000000023e+02
2.854700000000000273e+02
2.960400000000000205e+02
3.046999999999999886e+02
3.058799999999999955e+02
3.134499999999999886e+02
3.153600000000000136e+02
3.257900000000000205e+02
3.456700000000000159e+02
3.561200000000000045e+02
3.668600000000000136e+02
3.736899999999999977e+02
3.966600000000000250e+02
4.012400000000000091e+02
4.041700000000000159e+02
4.065500000000000114e+02
4.258100000000000023e+02
4.358100000000000023e+02
4.439499999999999886e+02
4.462400000000000091e+02
4.559200000000000159e+02
4.589100000000000250e+02
4.666000000000000227e+02
4.771500000000000341e+02
4.844499999999999886e+02
4.860300000000000296e+02
4.913700000000000045e+02
4.961100000000000136e+02
5.004900000000000091e+02
5.065600000000000023e+02
5.207100000000000364e+02
5.246200000000000045e+02
5.265900000000000318e+02
5.365099999999999909e+02
5.468300000000000409e+02
5.557699999999999818e+02
5.657599999999999909e+02
5.761100000000000136e+02
5.938000000000000682e+02
5.956200000000000045e+02
6.063400000000000318e+02
6.137000000000000455e+02
6.349700000000000273e+02
6.459800000000000182e+02
6.551000000000000227e+02
6.573400000000000318e+02
6.657899999999999636e+02
6.764400000000000546e+02
6.854199999999999591e+02
7.058999999999999773e+02
7.172400000000000091e+02
7.268300000000000409e+02
7.287699999999999818e+02
7.325900000000000318e+02
7.369199999999999591e+02
7.434400000000000546e+02
7.474600000000000364e+02
7.659400000000000546e+02
7.828500000000000227e+02
7.836200000000000045e+02
7.865199999999999818e+02
7.959400000000000546e+02
8.062799999999999727e+02
8.273000000000000682e+02
8.362300000000000182e+02
8.388700000000000045e+02
8.458100000000000591e+02
8.579800000000000182e+02
8.593500000000000227e+02
8.732300000000000182e+02
8.867899999999999636e+02
8.963999999999999773e+02
9.065199999999999818e+02
9.163200000000000500e+02
9.270199999999999818e+02
9.280299999999999727e+02
9.356200000000000045e+02
9.465900000000000318e+02
9.557599999999999909e+02
9.578600000000000136e+02
9.756299999999999955e+02
9.852100000000000364e+02
9.864500000000000455e+02
4.990000000000000213e+00
4.950000000000000178e+00
5.990000000000000213e+00
1.529000000000000092e+01
1.614000000000000057e+01
2.500000000000000000e+01
2.530000000000000071e+01
2.524000000000000199e+01
3.530000000000000426e+01
3.523000000000000398e+01
4.453000000000000114e+01
4.596000000000000085e+01
5.467000000000000171e+01
5.482000000000000028e+01
6.440000000000000568e+01
6.517000000000000171e+01
7.462999999999999545e+01
7.543999999999999773e+01
8.498999999999999488e+01
8.554000000000000625e+01
9.453000000000000114e+01
1.041700000000000017e+02
1.047800000000000011e+02
1.062500000000000000e+02
1.145000000000000000e+02
1.160400000000000063e+02
1.172999999999999972e+02
1.249399999999999977e+02
1.348799999999999955e+02
1.352299999999999898e+02
1.443300000000000125e+02
1.454699999999999989e+02
1.537700000000000102e+02
1.553700000000000045e+02
1.639900000000000091e+02
1.652599999999999909e+02
1.654799999999999898e+02
1.660500000000000114e+02
1.735999999999999943e+02
1.749799999999999898e+02
1.763000000000000114e+02
1.850999999999999943e+02
1.856400000000000148e+02
1.950999999999999943e+02
2.041700000000000159e+02
2.141800000000000068e+02
2.155099999999999909e+02
2.236200000000000045e+02
2.240699999999999932e+02
2.334399999999999977e+02
2.363799999999999955e+02
2.442100000000000080e+02
2.452800000000000011e+02
2.545699999999999932e+02
2.558799999999999955e+02
2.635400000000000205e+02
2.731000000000000227e+02
2.758600000000000136e+02
2.759900000000000091e+02
2.826899999999999977e+02
2.847500000000000000e+02
2.855099999999999909e+02
2.929700000000000273e+02
2.960699999999999932e+02
3.026700000000000159e+02
3.052900000000000205e+02
3.062900000000000205e+02
3.127699999999999818e+02
3.135099999999999909e+02
3.153799999999999955e+02
3.233700000000000045e+02
3.266100000000000136e+02
3.351100000000000136e+02
3.434599999999999795e+02
3.456800000000000068e+02
3.529499999999999886e+02
3.551100000000000136e+02
3.561500000000000341e+02
3.633199999999999932e+02
3.727599999999999909e+02
3.833000000000000114e+02
3.926200000000000045e+02
3.967100000000000364e+02
4.012699999999999818e+02
4.026500000000000341e+02
4.052200000000000273e+02
4.065699999999999932e+02
4.124800000000000182e+02
4.222800000000000296e+02
4.258400000000000318e+02
4.336899999999999977e+02
4.359499999999999886e+02
4.433299999999999841e+02
4.462900000000000205e+02
4.534300000000000068e+02
4.559399999999999977e+02
4.589100000000000250e+02
4.628500000000000227e+02
4.714900000000000091e+02
4.771899999999999977e+02
4.819499999999999886e+02
4.865099999999999909e+02
4.913700000000000045e+02
4.922300000000000182e+02
4.961399999999999864e+02
5.005000000000000000e+02
5.027500000000000000e+02
5.118500000000000227e+02
5.207400000000000091e+02
5.220299999999999727e+02
5.266200000000000045e+02
5.320900000000000318e+02
5.365399999999999636e+02
5.421900000000000546e+02
5.443799999999999955e+02
5.469900000000000091e+02
5.512200000000000273e+02
5.558000000000000682e+02
5.620500000000000682e+02
5.724900000000000091e+02
5.761800000000000637e+02
5.914700000000000273e+02
5.956599999999999682e+02
6.027200000000000273e+02
6.063600000000000136e+02
6.127699999999999818e+02
6.213500000000000227e+02
6.310000000000000000e+02
6.349800000000000182e+02
6.423999999999999773e+02
6.459900000000000091e+02
6.505800000000000409e+02
6.551100000000000136e+02
6.608500000000000227e+02
6.658300000000000409e+02
6.709800000000000182e+02
6.764400000000000546e+02
6.854300000000000637e+02
6.910099999999999909e+02
7.008999999999999773e+02
7.059199999999999591e+02
7.101900000000000546e+02
7.172899999999999636e+02
7.218200000000000500e+02
7.268799999999999955e+02
7.288000000000000682e+02
7.305399999999999636e+02
7.325900000000000318e+02
7.329099999999999682e+02
7.369400000000000546e+02
7.402599999999999909e+02
7.423000000000000682e+02
7.474900000000000091e+02
7.516000000000000227e+02
7.602599999999999909e+02
7.659500000000000455e+02
7.695000000000000000e+02
7.804099999999999682e+02
7.836200000000000045e+02
7.906700000000000728e+02
7.959500000000000455e+02
8.011499999999999773e+02
8.063000000000000682e+02
8.208899999999999864e+02
8.273400000000000318e+02
8.297599999999999909e+02
8.326299999999999955e+02
8.362400000000000091e+02
8.397599999999999909e+02
8.458100000000000591e+02
8.506100000000000136e+02
8.593600000000000136e+02
8.609400000000000546e+02
8.791900000000000546e+02
8.868100000000000591e+02
8.890500000000000682e+02
8.964400000000000546e+02
8.997899999999999636e+02
9.023600000000000136e+02
9.102500000000000000e+02
9.163300000000000409e+02
9.184200000000000728e+02
9.215199999999999818e+02
9.270299999999999727e+02
9.356800000000000637e+02
9.399400000000000546e+02
9.466000000000000227e+02
9.492000000000000455e+02
9.557699999999999818e+02
9.580800000000000409e+02
9.602100000000000364e+02
9.698000000000000682e+02
9.756399999999999864e+02
9.799300000000000637e+02
9.852200000000000273e+02
9.864900000000000091e+02
9.904700000000000273e+02
9.990299999999999727e+02
4.990000000000000213e+00
4.959999999999999964e+00
6.270000000000000462e+00
1.531000000000000050e+01
1.616000000000000014e+01
2.506000000000000227e+01
2.528999999999999915e+01
2.533000000000000185e+01
3.530000000000000426e+01
3.532999999999999829e+01
4.460999999999999943e+01
5.484000000000000341e+01
5.482000000000000028e+01
6.443999999999999773e+01
6.520000000000000284e+01
7.465999999999999659e+01
7.546999999999999886e+01
8.503000000000000114e+01
8.565999999999999659e+01
9.454999999999999716e+01
1.042199999999999989e+02
1.047900000000000063e+02
1.063299999999999983e+02
1.145400000000000063e+02
1.160799999999999983e+02
1.249600000000000080e+02
1.349200000000000159e+02
1.352899999999999920e+02
1.443400000000000034e+02
1.454799999999999898e+02
1.539000000000000057e+02
1.640500000000000114e+02
1.652800000000000011e+02
1.654900000000000091e+02
1.661400000000000148e+02
1.736100000000000136e+02
1.749900000000000091e+02
1.851400000000000148e+02
1.856599999999999966e+02
1.951100000000000136e+02
2.042000000000000171e+02
2.142199999999999989e+02
2.236400000000000148e+02
2.240999999999999943e+02
2.334600000000000080e+02
2.364099999999999966e+02
2.442300000000000182e+02
2.453100000000000023e+02
2.546400000000000148e+02
2.559000000000000057e+02
2.635600000000000023e+02
2.731399999999999864e+02
2.759000000000000341e+02
2.827200000000000273e+02
2.847900000000000205e+02
2.855500000000000114e+02
2.929900000000000091e+02
2.961200000000000045e+02
3.026899999999999977e+02
3.053600000000000136e+02
3.063199999999999932e+02
3.127800000000000296e+02
3.154000000000000341e+02
3.233799999999999955e+02
3.269700000000000273e+02
3.435000000000000000e+02
3.456999999999999886e+02
3.529700000000000273e+02
3.551399999999999864e+02
3.561999999999999886e+02
3.633500000000000227e+02
3.727699999999999818e+02
3.834000000000000341e+02
3.926399999999999864e+02
4.013000000000000114e+02
4.026600000000000250e+02
4.053000000000000114e+02
4.065900000000000318e+02
4.124900000000000091e+02
4.223299999999999841e+02
4.258899999999999864e+02
4.337500000000000000e+02
4.360199999999999818e+02
4.434499999999999886e+02
4.464200000000000159e+02
4.535600000000000023e+02
4.559600000000000364e+02
4.589200000000000159e+02
4.629100000000000250e+02
4.715300000000000296e+02
4.772400000000000091e+02
4.819600000000000364e+02
4.913700000000000045e+02
4.923700000000000045e+02
4.961899999999999977e+02
5.005000000000000000e+02
5.027599999999999909e+02
5.208100000000000591e+02
5.220499999999999545e+02
5.266599999999999682e+02
5.321100000000000136e+02
5.365700000000000500e+02
5.421900000000000546e+02
5.472699999999999818e+02
5.512400000000000091e+02
5.558400000000000318e+02
5.620800000000000409e+02
5.725199999999999818e+02
5.914900000000000091e+02
5.957300000000000182e+02
6.027500000000000000e+02
6.063700000000000045e+02
6.128700000000000045e+02
6.213700000000000045e+02
6.310399999999999636e+02
6.349900000000000091e+02
6.460000000000000000e+02
6.506200000000000045e+02
6.551200000000000045e+02
6.608700000000000045e+02
6.658799999999999955e+02
6.710500000000000682e+02
6.764500000000000455e+02
6.854400000000000546e+02
6.910600000000000591e+02
7.059400000000000546e+02
7.102000000000000455e+02
7.269199999999999591e+02
7.305500000000000682e+02
7.325900000000000318e+02
7.369500000000000455e+02
7.422599999999999909e+02
7.475199999999999818e+02
7.516399999999999864e+02
7.602599999999999909e+02
7.659600000000000364e+02
7.695399999999999636e+02
7.810500000000000682e+02
7.836200000000000045e+02
7.907799999999999727e+02
7.959600000000000364e+02
8.011800000000000637e+02
8.063100000000000591e+02
8.209500000000000455e+02
8.273700000000000045e+02
8.362400000000000091e+02
8.397799999999999727e+02
8.458200000000000500e+02
8.506200000000000045e+02
8.593600000000000136e+02
8.612500000000000000e+02
8.792100000000000364e+02
8.868500000000000227e+02
8.898999999999999773e+02
8.964900000000000091e+02
9.000299999999999727e+02
9.163400000000000318e+02
9.184300000000000637e+02
9.270399999999999636e+02
9.400000000000000000e+02
9.466200000000000045e+02
9.492100000000000364e+02
9.557799999999999727e+02
9.582300000000000182e+02
9.756499999999999773e+02
9.807200000000000273e+02
9.852400000000000091e+02
9.865400000000000773e+02
9.990700000000000500e+02
4.990000000000000213e+00
4.980000000000000426e+00
5.669999999999999929e+00
1.533000000000000007e+01
1.571000000000000085e+01
1.617999999999999972e+01
2.510999999999999943e+01
2.546999999999999886e+01
2.594999999999999929e+01
3.531000000000000227e+01
3.543999999999999773e+01
4.464999999999999858e+01
4.688000000000000256e+01
5.488000000000000256e+01
5.487000000000000455e+01
5.664000000000000057e+01
6.523000000000000398e+01
6.556000000000000227e+01
6.575000000000000000e+01
7.468000000000000682e+01
7.550000000000000000e+01
7.631000000000000227e+01
8.507000000000000739e+01
9.457000000000000739e+01
9.585000000000000853e+01
1.047900000000000063e+02
1.060600000000000023e+02
1.060700000000000074e+02
1.145799999999999983e+02
1.150100000000000051e+02
1.161299999999999955e+02
1.249800000000000040e+02
1.263700000000000045e+02
1.349699999999999989e+02
1.364300000000000068e+02
1.377299999999999898e+02
1.443600000000000136e+02
1.454900000000000091e+02
1.463700000000000045e+02
1.539699999999999989e+02
1.557299999999999898e+02
1.642000000000000171e+02
1.653100000000000023e+02
1.655000000000000000e+02
1.736200000000000045e+02
1.750000000000000000e+02
1.767800000000000011e+02
1.851800000000000068e+02
1.856899999999999977e+02
1.871200000000000045e+02
1.951200000000000045e+02
1.977199999999999989e+02
2.042300000000000182e+02
2.064399999999999977e+02
2.142400000000000091e+02
2.164099999999999966e+02
2.236500000000000057e+02
2.241400000000000148e+02
2.264099999999999966e+02
2.334800000000000182e+02
2.365600000000000023e+02
2.366400000000000148e+02
2.442500000000000000e+02
2.453300000000000125e+02
2.546800000000000068e+02
2.559300000000000068e+02
2.571299999999999955e+02
2.635699999999999932e+02
2.669599999999999795e+02
2.731899999999999977e+02
2.759499999999999886e+02
2.776000000000000227e+02
2.827500000000000000e+02
2.848299999999999841e+02
2.855900000000000318e+02
2.868899999999999864e+02
2.930099999999999909e+02
2.970699999999999932e+02
3.026999999999999886e+02
3.063600000000000136e+02
3.128000000000000114e+02
3.154300000000000068e+02
3.233899999999999864e+02
3.272400000000000091e+02
3.435300000000000296e+02
3.457200000000000273e+02
3.529800000000000182e+02
3.551800000000000068e+02
3.566700000000000159e+02
3.634800000000000182e+02
3.667699999999999818e+02
3.689499999999999886e+02
3.727800000000000296e+02
3.769700000000000273e+02
3.834700000000000273e+02
3.875099999999999909e+02
3.926600000000000250e+02
4.026899999999999977e+02
4.066100000000000136e+02
4.084399999999999977e+02
4.125099999999999909e+02
4.173899999999999864e+02
4.223799999999999955e+02
4.275500000000000114e+02
4.338199999999999932e+02
4.360699999999999932e+02
4.388700000000000045e+02
4.435400000000000205e+02
4.472200000000000273e+02
4.472300000000000182e+02
4.495199999999999818e+02
4.536600000000000250e+02
4.559900000000000091e+02
4.579600000000000364e+02
4.629499999999999886e+02
4.684100000000000250e+02
4.726399999999999864e+02
4.781399999999999864e+02
4.819700000000000273e+02
4.913799999999999955e+02
4.924600000000000364e+02
4.966399999999999864e+02
5.005099999999999909e+02
5.027700000000000387e+02
5.079900000000000091e+02
5.190600000000000591e+02
5.220800000000000409e+02
5.267000000000000455e+02
5.279600000000000364e+02
5.321399999999999864e+02
5.366299999999999955e+02
5.379199999999999591e+02
5.422000000000000455e+02
5.473400000000000318e+02
5.512500000000000000e+02
5.558600000000000136e+02
5.577000000000000455e+02
5.621100000000000136e+02
5.702000000000000455e+02
5.725399999999999636e+02
5.892300000000000182e+02
5.915099999999999909e+02
5.982899999999999636e+02
6.027699999999999818e+02
6.063899999999999864e+02
6.213899999999999864e+02
6.291800000000000637e+02
6.350099999999999909e+02
6.381399999999999864e+02
6.404300000000000637e+02
6.460199999999999818e+02
6.506599999999999682e+02
6.551399999999999864e+02
6.608999999999999773e+02
6.660800000000000409e+02
6.692799999999999727e+02
6.722000000000000455e+02
6.764600000000000364e+02
6.779300000000000637e+02
6.800600000000000591e+02
6.854500000000000455e+02
6.904300000000000637e+02
6.911000000000000227e+02
6.999199999999999591e+02
7.059600000000000364e+02
7.088799999999999955e+02
7.102000000000000455e+02
7.116100000000000136e+02
7.194500000000000455e+02
7.269500000000000455e+02
7.292000000000000455e+02
7.305700000000000500e+02
7.369700000000000273e+02
7.422699999999999818e+02
7.475500000000000682e+02
7.494300000000000637e+02
7.516800000000000637e+02
7.602699999999999818e+02
7.603799999999999955e+02
7.659700000000000273e+02
7.697599999999999909e+02
7.795099999999999909e+02
7.810900000000000318e+02
7.907599999999999909e+02
7.959700000000000273e+02
7.993200000000000500e+02
8.012000000000000455e+02
8.015299999999999727e+02
8.063300000000000409e+02
8.102100000000000364e+02
8.204700000000000273e+02
8.210099999999999909e+02
8.274099999999999682e+02
8.297200000000000273e+02
8.362500000000000000e+02
8.396299999999999955e+02
8.398100000000000591e+02
8.458300000000000409e+02
8.506200000000000045e+02
8.593700000000000045e+02
8.601000000000000227e+02
8.701399999999999864e+02
8.792400000000000091e+02
8.890800000000000409e+02
8.899600000000000364e+02
8.965900000000000318e+02
9.106800000000000637e+02
9.163500000000000227e+02
9.184500000000000455e+02
9.217100000000000364e+02
9.297000000000000455e+02
9.397300000000000182e+02
9.400399999999999636e+02
9.466399999999999864e+02
9.492300000000000182e+02
9.557899999999999636e+02
9.611900000000000546e+02
9.711599999999999682e+02
9.756599999999999682e+02
9.813300000000000409e+02
9.898300000000000409e+02
9.991499999999999773e+02
4.990000000000000213e+00
5.030000000000000249e+00
5.719999999999999751e+00
1.535999999999999943e+01
1.583999999999999986e+01
1.619999999999999929e+01
2.558999999999999986e+01
2.606000000000000227e+01
3.532000000000000028e+01
3.546999999999999886e+01
4.468999999999999773e+01
4.695000000000000284e+01
5.489999999999999858e+01
5.666000000000000369e+01
6.556000000000000227e+01
7.471000000000000796e+01
7.551999999999999602e+01
7.635000000000000853e+01
8.510999999999999943e+01
9.460000000000000853e+01
9.717000000000000171e+01
1.047999999999999972e+02
1.061200000000000045e+02
1.066400000000000006e+02
1.147800000000000011e+02
1.150199999999999960e+02
1.250100000000000051e+02
1.350600000000000023e+02
1.364600000000000080e+02
1.443799999999999955e+02
1.455000000000000000e+02
1.471200000000000045e+02
1.540200000000000102e+02
1.557899999999999920e+02
1.643700000000000045e+02
1.653300000000000125e+02
1.655300000000000011e+02
1.736299999999999955e+02
1.750200000000000102e+02
1.768100000000000023e+02
1.852299999999999898e+02
1.857299999999999898e+02
1.871800000000000068e+02
1.951299999999999955e+02
1.977899999999999920e+02
2.042599999999999909e+02
2.069200000000000159e+02
2.142700000000000102e+02
2.166599999999999966e+02
2.242000000000000171e+02
2.264300000000000068e+02
2.335099999999999909e+02
2.365699999999999932e+02
2.366899999999999977e+02
2.442800000000000011e+02
2.453499999999999943e+02
2.547199999999999989e+02
2.559800000000000182e+02
2.572699999999999818e+02
2.635900000000000318e+02
2.669800000000000182e+02
2.732200000000000273e+02
2.776700000000000159e+02
2.828000000000000114e+02
2.848899999999999864e+02
2.856299999999999955e+02
2.869800000000000182e+02
2.930300000000000296e+02
2.971500000000000341e+02
3.027200000000000273e+02
3.128299999999999841e+02
3.156100000000000136e+02
3.234100000000000250e+02
3.273299999999999841e+02
3.435799999999999841e+02
3.457500000000000000e+02
3.529900000000000091e+02
3.552800000000000296e+02
3.567200000000000273e+02
3.635400000000000205e+02
3.670000000000000000e+02
3.727900000000000205e+02
3.770099999999999909e+02
3.835400000000000205e+02
3.875199999999999818e+02
3.926800000000000068e+02
4.027100000000000364e+02
4.066399999999999864e+02
4.084800000000000182e+02
4.125199999999999818e+02
4.184900000000000091e+02
4.229399999999999977e+02
4.276000000000000227e+02
4.338799999999999955e+02
4.361399999999999864e+02
4.390699999999999932e+02
4.436399999999999864e+02
4.472400000000000091e+02
4.537400000000000091e+02
4.579800000000000182e+02
4.629800000000000182e+02
4.684700000000000273e+02
4.726600000000000250e+02
4.819800000000000182e+02
4.913799999999999955e+02
4.925300000000000296e+02
4.966899999999999977e+02
5.005200000000000387e+02
5.027800000000000296e+02
5.080099999999999909e+02
5.190900000000000318e+02
5.221200000000000045e+02
5.267500000000000000e+02
5.280299999999999727e+02
5.321900000000000546e+02
5.379700000000000273e+02
5.422000000000000455e+02
5.512699999999999818e+02
5.558899999999999864e+02
5.577300000000000182e+02
5.621599999999999682e+02
5.704400000000000546e+02
5.725700000000000500e+02
5.915299999999999727e+02
5.983100000000000591e+02
6.028000000000000682e+02
6.064099999999999682e+02
6.214099999999999682e+02
6.292000000000000455e+02
6.350299999999999727e+02
6.381800000000000637e+02
6.405600000000000591e+02
6.460399999999999636e+02
6.551499999999999773e+02
6.693100000000000591e+02
6.764700000000000273e+02
6.779600000000000364e+02
6.854600000000000364e+02
6.905000000000000000e+02
6.911499999999999773e+02
6.999700000000000273e+02
7.059900000000000091e+02
7.088999999999999773e+02
7.102000000000000455e+02
7.194700000000000273e+02
7.269900000000000091e+02
7.292100000000000364e+02
7.305900000000000318e+02
7.369900000000000091e+02
7.422899999999999636e+02
7.495099999999999909e+02
7.517300000000000182e+02
7.602699999999999818e+02
7.659800000000000182e+02
7.811299999999999955e+02
7.908500000000000227e+02
7.959800000000000182e+02
8.012300000000000182e+02
8.063500000000000227e+02
8.102500000000000000e+02
8.210800000000000409e+02
8.274500000000000455e+02
8.314500000000000455e+02
8.362500000000000000e+02
8.396399999999999864e+02
8.398300000000000409e+02
8.458400000000000318e+02
8.506299999999999955e+02
8.593799999999999955e+02
8.601100000000000136e+02
8.701800000000000637e+02
8.792899999999999636e+02
8.891000000000000227e+02
8.900299999999999727e+02
9.107500000000000000e+02
9.163700000000000045e+02
9.184600000000000364e+02
9.297300000000000182e+02
9.397400000000000091e+02
9.400900000000000318e+02
9.466599999999999682e+02
9.492400000000000091e+02
9.558000000000000682e+02
9.612100000000000364e+02
9.712000000000000455e+02
9.756700000000000728e+02
9.815700000000000500e+02
9.900000000000000000e+02
5.000000000000000000e+00
5.780000000000000249e+00
1.540000000000000036e+01
1.591999999999999993e+01
1.623000000000000043e+01
2.612000000000000099e+01
3.532999999999999829e+01
3.550000000000000000e+01
4.475000000000000000e+01
4.721000000000000085e+01
5.493999999999999773e+01
5.667999999999999972e+01
6.557000000000000739e+01
7.473999999999999488e+01
7.554999999999999716e+01
7.637999999999999545e+01
8.515000000000000568e+01
9.462000000000000455e+01
9.728000000000000114e+01
1.047999999999999972e+02
1.061800000000000068e+02
1.150300000000000011e+02
1.250400000000000063e+02
1.365099999999999909e+02
1.442500000000000000e+02
1.444000000000000057e+02
1.455099999999999909e+02
1.471500000000000057e+02
1.540500000000000114e+02
1.558900000000000148e+02
1.653600000000000136e+02
1.659200000000000159e+02
1.736400000000000148e+02
1.750300000000000011e+02
1.768400000000000034e+02
1.852800000000000011e+02
1.858400000000000034e+02
1.872199999999999989e+02
1.951400000000000148e+02
2.042800000000000011e+02
2.069800000000000182e+02
2.143100000000000023e+02
2.167199999999999989e+02
2.242599999999999909e+02
2.264500000000000171e+02
2.335500000000000114e+02
2.365800000000000125e+02
2.443000000000000114e+02
2.453700000000000045e+02
2.547800000000000011e+02
2.636100000000000136e+02
2.670000000000000000e+02
2.732599999999999909e+02
2.847900000000000205e+02
2.856700000000000159e+02
2.870699999999999932e+02
2.930600000000000023e+02
2.972200000000000273e+02
3.027400000000000091e+02
3.129800000000000182e+02
3.156500000000000341e+02
3.234200000000000159e+02
3.436100000000000136e+02
3.530099999999999909e+02
3.567800000000000296e+02
3.635699999999999932e+02
3.670900000000000318e+02
3.728000000000000114e+02
3.770600000000000023e+02
3.836100000000000136e+02
3.875300000000000296e+02
3.926999999999999886e+02
4.027300000000000182e+02
4.085199999999999818e+02
4.125400000000000205e+02
4.185500000000000114e+02
4.229900000000000091e+02
4.276700000000000159e+02
4.298100000000000023e+02
4.339399999999999977e+02
4.437400000000000091e+02
4.472599999999999909e+02
4.580199999999999818e+02
4.630099999999999909e+02
4.685300000000000296e+02
4.726899999999999977e+02
4.819900000000000091e+02
4.926000000000000227e+02
5.027900000000000205e+02
5.080200000000000387e+02
5.191100000000000136e+02
5.268100000000000591e+02
5.422100000000000364e+02
5.512899999999999636e+02
5.559199999999999591e+02
5.577699999999999818e+02
5.725900000000000318e+02
5.915700000000000500e+02
5.983400000000000318e+02
6.028300000000000409e+02
6.064400000000000546e+02
6.214199999999999591e+02
6.292200000000000273e+02
6.350600000000000591e+02
6.382300000000000182e+02
6.460700000000000500e+02
6.551699999999999591e+02
6.693500000000000227e+02
6.764800000000000182e+02
6.779900000000000091e+02
6.854700000000000273e+02
7.000199999999999818e+02
7.089199999999999591e+02
7.102100000000000364e+02
7.194900000000000091e+02
7.272300000000000182e+02
7.292300000000000182e+02
7.306100000000000136e+02
7.370099999999999909e+02
7.423100000000000591e+02
7.602699999999999818e+02
7.660000000000000000e+02
7.959900000000000091e+02
8.012799999999999727e+02
8.063600000000000136e+02
8.102899999999999636e+02
8.362599999999999909e+02
8.396499999999999773e+02
8.398600000000000136e+02
8.458500000000000227e+02
8.506399999999999864e+02
8.601299999999999955e+02
8.709500000000000455e+02
8.802100000000000364e+02
8.891200000000000045e+02
9.120900000000000318e+02
9.163899999999999864e+02
9.184700000000000273e+02
9.397500000000000000e+02
9.466800000000000637e+02
9.492599999999999909e+02
9.558100000000000591e+02
9.612500000000000000e+02
9.712500000000000000e+02
9.756800000000000637e+02
9.900400000000000773e+02
5.000000000000000000e+00
1.603000000000000114e+01
1.630000000000000071e+01
2.619000000000000128e+01
3.535000000000000142e+01
3.552000000000000313e+01
5.498000000000000398e+01
5.670000000000000284e+01
6.557999999999999829e+01
7.476000000000000512e+01
7.640999999999999659e+01
8.521000000000000796e+01
9.464000000000000057e+01
1.048100000000000023e+02
1.062199999999999989e+02
1.150499999999999972e+02
1.250799999999999983e+02
1.442700000000000102e+02
1.444399999999999977e+02
1.455399999999999920e+02
1.471899999999999977e+02
1.540900000000000034e+02
1.736500000000000057e+02
1.768900000000000148e+02
1.853400000000000034e+02
1.872500000000000000e+02
1.951700000000000159e+02
2.043100000000000023e+02
2.143499999999999943e+02
2.167800000000000011e+02
2.264699999999999989e+02
2.336200000000000045e+02
2.365999999999999943e+02
2.443300000000000125e+02
2.454500000000000171e+02
2.636299999999999955e+02
2.670099999999999909e+02
2.733000000000000114e+02
2.848600000000000136e+02
2.930900000000000318e+02
2.973000000000000114e+02
3.027699999999999818e+02
3.130099999999999909e+02
3.157099999999999795e+02
3.234300000000000068e+02
3.436399999999999864e+02
3.530199999999999818e+02
3.636000000000000227e+02
3.672400000000000091e+02
3.728100000000000023e+02
3.771100000000000136e+02
3.875500000000000114e+02
3.927200000000000273e+02
4.027599999999999909e+02
4.085900000000000318e+02
4.125600000000000023e+02
4.186100000000000136e+02
4.230400000000000205e+02
4.298100000000000023e+02
4.339900000000000091e+02
4.472800000000000296e+02
4.630400000000000205e+02
4.727100000000000364e+02
4.820099999999999909e+02
5.028100000000000023e+02
5.080400000000000205e+02
5.191299999999999955e+02
5.422100000000000364e+02
5.513200000000000500e+02
5.559800000000000182e+02
5.581299999999999955e+02
5.726200000000000045e+02
5.916299999999999955e+02
5.983700000000000045e+02
6.028600000000000136e+02
6.065000000000000000e+02
6.214400000000000546e+02
6.292400000000000091e+02
6.552200000000000273e+02
6.702000000000000455e+02
6.765199999999999818e+02
6.855000000000000000e+02
7.000800000000000409e+02
7.089400000000000546e+02
7.102100000000000364e+02
7.195199999999999818e+02
7.292400000000000091e+02
7.306399999999999864e+02
7.370700000000000500e+02
7.423400000000000318e+02
7.602799999999999727e+02
7.660399999999999636e+02
7.960099999999999909e+02
8.063999999999999773e+02
8.103500000000000227e+02
8.362799999999999727e+02
8.396700000000000728e+02
8.398999999999999773e+02
8.458700000000000045e+02
8.506499999999999773e+02
8.601599999999999682e+02
8.710099999999999909e+02
8.891800000000000637e+02
9.184800000000000182e+02
9.397699999999999818e+02
9.492799999999999727e+02
9.558400000000000318e+02
9.713200000000000500e+02
9.757000000000000455e+02
9.901000000000000227e+02
5.549999999999999822e+00
1.537000000000000099e+01
1.651000000000000156e+01
2.537999999999999901e+01
3.541000000000000369e+01
3.556000000000000227e+01
4.474000000000000199e+01
4.698000000000000398e+01
5.464999999999999858e+01
5.671999999999999886e+01
6.543999999999999773e+01
6.559000000000000341e+01
7.473000000000000398e+01
7.479000000000000625e+01
7.646000000000000796e+01
7.728000000000000114e+01
8.518000000000000682e+01
8.737000000000000455e+01
9.465999999999999659e+01
9.479999999999999716e+01
1.053799999999999955e+02
1.062800000000000011e+02
1.142000000000000028e+02
1.150600000000000023e+02
1.165100000000000051e+02
1.250499999999999972e+02
1.345500000000000114e+02
1.366500000000000057e+02
1.443000000000000114e+02
1.445600000000000023e+02
1.472400000000000091e+02
1.541400000000000148e+02
1.556299999999999955e+02
1.647000000000000171e+02
1.668700000000000045e+02
1.736599999999999966e+02
1.749699999999999989e+02
1.769799999999999898e+02
1.847000000000000171e+02
1.872899999999999920e+02
1.946299999999999955e+02
2.043400000000000034e+02
2.043400000000000034e+02
2.145099999999999909e+02
2.172400000000000091e+02
2.247199999999999989e+02
2.264900000000000091e+02
2.337000000000000171e+02
2.340500000000000114e+02
2.366100000000000136e+02
2.443600000000000136e+02
2.451599999999999966e+02
2.542199999999999989e+02
2.636499999999999773e+02
2.641499999999999773e+02
2.670199999999999818e+02
2.733799999999999955e+02
2.744399999999999977e+02
2.765600000000000023e+02
2.839700000000000273e+02
2.850000000000000000e+02
2.931600000000000250e+02
2.942599999999999909e+02
3.027900000000000205e+02
3.044200000000000159e+02
3.071800000000000068e+02
3.130300000000000296e+02
3.147099999999999795e+02
3.234399999999999977e+02
3.241700000000000159e+02
3.264100000000000250e+02
3.346399999999999864e+02
3.436600000000000250e+02
3.442699999999999818e+02
3.464800000000000182e+02
3.530400000000000205e+02
3.539499999999999886e+02
3.560500000000000114e+02
3.636399999999999864e+02
3.641100000000000136e+02
3.663799999999999955e+02
3.728199999999999932e+02
3.735500000000000114e+02
3.771899999999999977e+02
3.840199999999999818e+02
3.865600000000000023e+02
3.875600000000000023e+02
3.927300000000000182e+02
3.936500000000000341e+02
3.963500000000000227e+02
4.028000000000000114e+02
4.039900000000000091e+02
4.125900000000000318e+02
4.139700000000000273e+02
4.186899999999999977e+02
4.234900000000000091e+02
4.256500000000000341e+02
4.298199999999999932e+02
4.336200000000000045e+02
4.437500000000000000e+02
4.459900000000000091e+02
4.473000000000000114e+02
4.534000000000000341e+02
4.630900000000000318e+02
4.635199999999999818e+02
4.727500000000000000e+02
4.749700000000000273e+02
4.820300000000000296e+02
4.834000000000000341e+02
4.942500000000000000e+02
4.963299999999999841e+02
5.028299999999999841e+02
5.036000000000000227e+02
5.080600000000000023e+02
5.133700000000000045e+02
5.159900000000000091e+02
5.191399999999999864e+02
5.235299999999999727e+02
5.332599999999999909e+02
5.354600000000000364e+02
5.422200000000000273e+02
5.432200000000000273e+02
5.454500000000000455e+02
5.513600000000000136e+02
5.531000000000000227e+02
5.554900000000000091e+02
5.581699999999999591e+02
5.632699999999999818e+02
5.726599999999999682e+02
5.735900000000000318e+02
5.840199999999999818e+02
5.936200000000000045e+02
6.027500000000000000e+02
6.051499999999999773e+02
6.130099999999999909e+02
6.214600000000000364e+02
6.233799999999999955e+02
6.254500000000000455e+02
6.292699999999999818e+02
6.323500000000000227e+02
6.344400000000000546e+02
6.431000000000000227e+02
6.451900000000000546e+02
6.532899999999999636e+02
6.567799999999999727e+02
6.635099999999999909e+02
6.745199999999999818e+02
6.823899999999999864e+02
6.844800000000000182e+02
6.866900000000000546e+02
6.930700000000000500e+02
7.031200000000000045e+02
7.052500000000000000e+02
7.089700000000000273e+02
7.102100000000000364e+02
7.129300000000000637e+02
7.195500000000000682e+02
7.237400000000000091e+02
7.292500000000000000e+02
7.313700000000000045e+02
7.338200000000000500e+02
7.424099999999999682e+02
7.432699999999999818e+02
7.454400000000000546e+02
7.543100000000000591e+02
7.602799999999999727e+02
7.635700000000000500e+02
7.657300000000000182e+02
7.726700000000000728e+02
7.763100000000000591e+02
7.827799999999999727e+02
7.848500000000000227e+02
7.942100000000000364e+02
8.027699999999999818e+02
8.049900000000000091e+02
8.126700000000000728e+02
8.147599999999999909e+02
8.220700000000000500e+02
8.241599999999999682e+02
8.331599999999999682e+02
8.354300000000000637e+02
8.396900000000000546e+02
8.421700000000000728e+02
8.442200000000000273e+02
8.506499999999999773e+02
8.531800000000000637e+02
8.634400000000000546e+02
8.731900000000000546e+02
8.822100000000000364e+02
8.925099999999999909e+02
8.949700000000000273e+02
9.020900000000000318e+02
9.123500000000000227e+02
9.146700000000000728e+02
9.184900000000000091e+02
9.215099999999999909e+02
9.242899999999999636e+02
9.317200000000000273e+02
9.338300000000000409e+02
9.426100000000000136e+02
9.493200000000000500e+02
9.524500000000000455e+02
9.615399999999999636e+02
9.636599999999999682e+02
9.721299999999999955e+02
9.742300000000000182e+02
9.820299999999999727e+02
9.918300000000000409e+02
9.938899999999999864e+02
5.589999999999999858e+00
1.541000000000000014e+01
2.539000000000000057e+01
3.542000000000000171e+01
3.560000000000000142e+01
4.478000000000000114e+01
5.466000000000000369e+01
5.673000000000000398e+01
6.559000000000000341e+01
6.575000000000000000e+01
7.473999999999999488e+01
7.482000000000000739e+01
8.523000000000000398e+01
9.470000000000000284e+01
9.481000000000000227e+01
1.055100000000000051e+02
1.063299999999999983e+02
1.142100000000000080e+02
1.150799999999999983e+02
1.165700000000000074e+02
1.250700000000000074e+02
1.351599999999999966e+02
1.445999999999999943e+02
1.556500000000000057e+02
1.647500000000000000e+02
1.736700000000000159e+02
1.749900000000000091e+02
1.847299999999999898e+02
1.873600000000000136e+02
1.949300000000000068e+02
2.043900000000000148e+02
2.048799999999999955e+02
2.145200000000000102e+02
2.250099999999999909e+02
2.265399999999999920e+02
2.342400000000000091e+02
2.366200000000000045e+02
2.444200000000000159e+02
2.452100000000000080e+02
2.543100000000000023e+02
2.636800000000000068e+02
2.641600000000000250e+02
2.670300000000000296e+02
2.744599999999999795e+02
2.767099999999999795e+02
2.839800000000000182e+02
2.942800000000000296e+02
3.028299999999999841e+02
3.044300000000000068e+02
3.130600000000000023e+02
3.147599999999999909e+02
3.234599999999999795e+02
3.241899999999999977e+02
3.264700000000000273e+02
3.349300000000000068e+02
3.436899999999999977e+02
3.444100000000000250e+02
3.530500000000000114e+02
3.539599999999999795e+02
3.560699999999999932e+02
3.641200000000000045e+02
3.728299999999999841e+02
3.735600000000000023e+02
3.772500000000000000e+02
3.840400000000000205e+02
3.875799999999999841e+02
3.927500000000000000e+02
3.936999999999999886e+02
4.040000000000000000e+02
4.126100000000000136e+02
4.140000000000000000e+02
4.187900000000000205e+02
4.235000000000000000e+02
4.257200000000000273e+02
4.298199999999999932e+02
4.336800000000000068e+02
4.437699999999999818e+02
4.473299999999999841e+02
4.534200000000000159e+02
4.631299999999999955e+02
4.641100000000000136e+02
4.750099999999999909e+02
4.820600000000000023e+02
4.834300000000000068e+02
4.942700000000000387e+02
4.963799999999999955e+02
5.028500000000000227e+02
5.036399999999999864e+02
5.080900000000000318e+02
5.133999999999999773e+02
5.160199999999999818e+02
5.191599999999999682e+02
5.236800000000000637e+02
5.332799999999999727e+02
5.356900000000000546e+02
5.422300000000000182e+02
5.445199999999999818e+02
5.531299999999999955e+02
5.555399999999999636e+02
5.582300000000000182e+02
5.633300000000000409e+02
5.736200000000000045e+02
5.845299999999999727e+02
5.936299999999999955e+02
6.043000000000000682e+02
6.130199999999999818e+02
6.214900000000000091e+02
6.233899999999999864e+02
6.254700000000000273e+02
6.292899999999999636e+02
6.323799999999999955e+02
6.344700000000000273e+02
6.431299999999999955e+02
6.452300000000000182e+02
6.534400000000000546e+02
6.635600000000000591e+02
6.752100000000000364e+02
6.824199999999999591e+02
6.845199999999999818e+02
6.931000000000000227e+02
7.031399999999999864e+02
7.053799999999999955e+02
7.090000000000000000e+02
7.102200000000000273e+02
7.129500000000000455e+02
7.195800000000000409e+02
7.237899999999999636e+02
7.292599999999999909e+02
7.314099999999999682e+02
7.352799999999999727e+02
7.432799999999999727e+02
7.454800000000000182e+02
7.543400000000000318e+02
7.602799999999999727e+02
7.637400000000000091e+02
7.727000000000000455e+02
7.827899999999999636e+02
7.848899999999999864e+02
7.942799999999999727e+02
8.027899999999999636e+02
8.051499999999999773e+02
8.127300000000000182e+02
8.148500000000000227e+02
8.221000000000000227e+02
8.241900000000000546e+02
8.332000000000000455e+02
8.397200000000000273e+02
8.422200000000000273e+02
8.442899999999999636e+02
8.506599999999999682e+02
8.532200000000000273e+02
8.636299999999999955e+02
8.731900000000000546e+02
8.822200000000000273e+02
8.925600000000000591e+02
8.950800000000000409e+02
9.021200000000000045e+02
9.123799999999999955e+02
9.147300000000000182e+02
9.185000000000000000e+02
9.215399999999999636e+02
9.243500000000000227e+02
9.317400000000000091e+02
9.338899999999999864e+02
9.426299999999999955e+02
9.524600000000000364e+02
9.615500000000000682e+02
9.638500000000000227e+02
9.722300000000000182e+02
9.743500000000000227e+02
9.820600000000000591e+02
9.918600000000000136e+02
9.939300000000000637e+02
5.620000000000000107e+00
1.543999999999999950e+01
2.541000000000000014e+01
3.543999999999999773e+01
4.482999999999999829e+01
5.467999999999999972e+01
5.675000000000000000e+01
6.559999999999999432e+01
6.579999999999999716e+01
7.475000000000000000e+01
7.485000000000000853e+01
8.528000000000000114e+01
9.482000000000000739e+01
1.055900000000000034e+02
1.142199999999999989e+02
1.151000000000000085e+02
1.166200000000000045e+02
1.180799999999999983e+02
1.250799999999999983e+02
1.352899999999999920e+02
1.446400000000000148e+02
1.556700000000000159e+02
1.666200000000000045e+02
1.736800000000000068e+02
1.750099999999999909e+02
1.847500000000000000e+02
1.949900000000000091e+02
2.044399999999999977e+02
2.049000000000000057e+02
2.145399999999999920e+02
2.254900000000000091e+02
2.293499999999999943e+02
2.342700000000000102e+02
2.366400000000000148e+02
2.452800000000000011e+02
2.544200000000000159e+02
2.641700000000000159e+02
2.670400000000000205e+02
2.744800000000000182e+02
2.839900000000000091e+02
2.888799999999999955e+02
2.943000000000000114e+02
3.044399999999999977e+02
3.130799999999999841e+02
3.148199999999999932e+02
3.234700000000000273e+02
3.241999999999999886e+02
3.349900000000000091e+02
3.437200000000000273e+02
3.444599999999999795e+02
3.530699999999999932e+02
3.539700000000000273e+02
3.560900000000000318e+02
3.641399999999999864e+02
3.728500000000000227e+02
3.735699999999999932e+02
3.840699999999999932e+02
3.876100000000000136e+02
3.927599999999999909e+02
3.938199999999999932e+02
4.040099999999999909e+02
4.126500000000000341e+02
4.140300000000000296e+02
4.235099999999999909e+02
4.297800000000000296e+02
4.298299999999999841e+02
4.341200000000000045e+02
4.437900000000000205e+02
4.534600000000000364e+02
4.589100000000000250e+02
4.631999999999999886e+02
4.641999999999999886e+02
4.750300000000000296e+02
4.834700000000000273e+02
4.943000000000000114e+02
4.964600000000000364e+02
5.029399999999999977e+02
5.038799999999999955e+02
5.081399999999999864e+02
5.134300000000000637e+02
5.160600000000000591e+02
5.191900000000000546e+02
5.237699999999999818e+02
5.309400000000000546e+02
5.333300000000000409e+02
5.422300000000000182e+02
5.445800000000000409e+02
5.531599999999999682e+02
5.555800000000000409e+02
5.586200000000000045e+02
5.597200000000000273e+02
5.643999999999999773e+02
5.739600000000000364e+02
5.845700000000000500e+02
5.921599999999999682e+02
5.936499999999999773e+02
6.043300000000000409e+02
6.130399999999999636e+02
6.208300000000000409e+02
6.215199999999999818e+02
6.234099999999999682e+02
6.255000000000000000e+02
6.293300000000000409e+02
6.318600000000000136e+02
6.324300000000000637e+02
6.345299999999999727e+02
6.431599999999999682e+02
6.452799999999999727e+02
6.511800000000000637e+02
6.540000000000000000e+02
6.636200000000000045e+02
6.753100000000000591e+02
6.824600000000000364e+02
6.845900000000000318e+02
6.931299999999999955e+02
7.031699999999999591e+02
7.090500000000000682e+02
7.102200000000000273e+02
7.129600000000000364e+02
7.196299999999999955e+02
7.245199999999999818e+02
7.292699999999999818e+02
7.325900000000000318e+02
7.353200000000000500e+02
7.433000000000000682e+02
7.455299999999999727e+02
7.543700000000000045e+02
7.602899999999999636e+02
7.638700000000000045e+02
7.727400000000000091e+02
7.828000000000000682e+02
7.836200000000000045e+02
7.930800000000000409e+02
7.943300000000000409e+02
8.028200000000000500e+02
8.128300000000000409e+02
8.149900000000000091e+02
8.221299999999999955e+02
8.242200000000000273e+02
8.332500000000000000e+02
8.434500000000000455e+02
8.506700000000000728e+02
8.532799999999999727e+02
8.637500000000000000e+02
8.644800000000000182e+02
8.731900000000000546e+02
8.822300000000000182e+02
8.926700000000000728e+02
9.021399999999999864e+02
9.123999999999999773e+02
9.185099999999999909e+02
9.216100000000000136e+02
9.244500000000000455e+02
9.317699999999999818e+02
9.347500000000000000e+02
9.426599999999999682e+02
9.524800000000000182e+02
9.615600000000000591e+02
9.722899999999999636e+02
9.821100000000000136e+02
9.851700000000000728e+02
9.918799999999999955e+02
9.939500000000000455e+02
5.660000000000000142e+00
1.546000000000000085e+01
2.542000000000000171e+01
3.545000000000000284e+01
4.486999999999999744e+01
5.470000000000000284e+01
5.678000000000000114e+01
6.560999999999999943e+01
6.582999999999999829e+01
7.476000000000000512e+01
8.548000000000000398e+01
9.482000000000000739e+01
1.056400000000000006e+02
1.142300000000000040e+02
1.151400000000000006e+02
1.166700000000000017e+02
1.181599999999999966e+02
1.251099999999999994e+02
1.356599999999999966e+02
1.446700000000000159e+02
1.556800000000000068e+02
1.736899999999999977e+02
1.750399999999999920e+02
1.847899999999999920e+02
1.950300000000000011e+02
2.047400000000000091e+02
2.049200000000000159e+02
2.145600000000000023e+02
2.256100000000000136e+02
2.343000000000000114e+02
2.366500000000000057e+02
2.454300000000000068e+02
2.546299999999999955e+02
2.641800000000000068e+02
2.670500000000000114e+02
2.745099999999999909e+02
2.840000000000000000e+02
2.889399999999999977e+02
2.943299999999999841e+02
3.044599999999999795e+02
3.135199999999999818e+02
3.148899999999999864e+02
3.235099999999999909e+02
3.242200000000000273e+02
3.350199999999999818e+02
3.445099999999999909e+02
3.531000000000000227e+02
3.539800000000000182e+02
3.561200000000000045e+02
3.641600000000000250e+02
3.728799999999999955e+02
3.735799999999999841e+02
3.841299999999999955e+02
3.876800000000000068e+02
3.928000000000000114e+02
3.947300000000000182e+02
4.040199999999999818e+02
4.140600000000000023e+02
4.235199999999999818e+02
4.298000000000000114e+02
4.298299999999999841e+02
4.341999999999999886e+02
4.438000000000000114e+02
4.536100000000000136e+02
4.589100000000000250e+02
4.642500000000000000e+02
4.750500000000000114e+02
4.841800000000000068e+02
4.943199999999999932e+02
5.039700000000000273e+02
5.134600000000000364e+02
5.161100000000000136e+02
5.192100000000000364e+02
5.243999999999999773e+02
5.309500000000000455e+02
5.340299999999999727e+02
5.422500000000000000e+02
5.447000000000000455e+02
5.531900000000000546e+02
5.556499999999999773e+02
5.597400000000000091e+02
5.645000000000000000e+02
5.739900000000000091e+02
5.846100000000000136e+02
5.936599999999999682e+02
6.043600000000000136e+02
6.130600000000000591e+02
6.208400000000000318e+02
6.234199999999999591e+02
6.255399999999999636e+02
6.319099999999999682e+02
6.341800000000000637e+02
6.431800000000000637e+02
6.453500000000000227e+02
6.512100000000000364e+02
6.636599999999999682e+02
6.931900000000000546e+02
7.032100000000000364e+02
7.102300000000000182e+02
7.129800000000000182e+02
7.245600000000000591e+02
7.292799999999999727e+02
7.325900000000000318e+02
7.353600000000000136e+02
7.433100000000000591e+02
7.543999999999999773e+02
7.602899999999999636e+02
7.639500000000000455e+02
7.738300000000000409e+02
7.828000000000000682e+02
7.836200000000000045e+02
7.943899999999999864e+02
8.028899999999999864e+02
8.242200000000000273e+02
8.332899999999999636e+02
8.434900000000000091e+02
8.507000000000000455e+02
8.533899999999999864e+02
8.638100000000000591e+02
8.645000000000000000e+02
8.732000000000000455e+02
8.822500000000000000e+02
9.021599999999999682e+02
9.124300000000000637e+02
9.185199999999999818e+02
9.217200000000000273e+02
9.317899999999999636e+02
9.427000000000000455e+02
9.525099999999999909e+02
9.615800000000000409e+02
9.723500000000000227e+02
9.851700000000000728e+02
9.919200000000000728e+02
9.940199999999999818e+02
4.900000000000000355e+00
5.719999999999999751e+00
1.521000000000000085e+01
1.548000000000000043e+01
2.516000000000000014e+01
2.542999999999999972e+01
3.546000000000000085e+01
4.492000000000000171e+01
5.473000000000000398e+01
5.680000000000000426e+01
6.562999999999999545e+01
6.585999999999999943e+01
7.476999999999999602e+01
8.506000000000000227e+01
9.482999999999999829e+01
1.057100000000000080e+02
1.058400000000000034e+02
1.142400000000000091e+02
1.153500000000000085e+02
1.167300000000000040e+02
1.251300000000000097e+02
1.356999999999999886e+02
1.447100000000000080e+02
1.448000000000000114e+02
1.557000000000000171e+02
1.654300000000000068e+02
1.750600000000000023e+02
1.756200000000000045e+02
1.848700000000000045e+02
1.942899999999999920e+02
1.950600000000000023e+02
2.049300000000000068e+02
2.145800000000000125e+02
2.235800000000000125e+02
2.257000000000000171e+02
2.343199999999999932e+02
2.366700000000000159e+02
2.437000000000000171e+02
2.460399999999999920e+02
2.543300000000000125e+02
2.547000000000000171e+02
2.641899999999999977e+02
2.670500000000000114e+02
2.739100000000000250e+02
2.745600000000000023e+02
2.840099999999999909e+02
2.943700000000000045e+02
3.044700000000000273e+02
3.133700000000000045e+02
3.149800000000000182e+02
3.227400000000000091e+02
3.242500000000000000e+02
3.329000000000000341e+02
3.350500000000000114e+02
3.419700000000000273e+02
3.445699999999999932e+02
3.539900000000000091e+02
3.561600000000000250e+02
3.611500000000000341e+02
3.633199999999999932e+02
3.641899999999999977e+02
3.735900000000000318e+02
3.825799999999999841e+02
3.841899999999999977e+02
3.947800000000000296e+02
4.011800000000000068e+02
4.040400000000000205e+02
4.114100000000000250e+02
4.140799999999999841e+02
4.235300000000000296e+02
4.298299999999999841e+02
4.298400000000000318e+02
4.438199999999999932e+02
4.548199999999999932e+02
4.589100000000000250e+02
4.607400000000000091e+02
4.642900000000000205e+02
4.750799999999999841e+02
4.842100000000000364e+02
4.913500000000000227e+02
4.943500000000000227e+02
5.004700000000000273e+02
5.040400000000000205e+02
5.108500000000000227e+02
5.135099999999999909e+02
5.192500000000000000e+02
5.202200000000000273e+02
5.244500000000000455e+02
5.309700000000000273e+02
5.340900000000000318e+02
5.412500000000000000e+02
5.532100000000000364e+02
5.597799999999999727e+02
5.646200000000000045e+02
5.709400000000000546e+02
5.740099999999999909e+02
5.804600000000000364e+02
5.846299999999999955e+02
5.936699999999999591e+02
6.008799999999999955e+02
6.043799999999999955e+02
6.130800000000000409e+02
6.208600000000000136e+02
6.234400000000000546e+02
6.294300000000000637e+02
6.342000000000000455e+02
6.383799999999999955e+02
6.432100000000000364e+02
6.637000000000000455e+02
6.808000000000000682e+02
6.896699999999999591e+02
6.996699999999999591e+02
7.032799999999999727e+02
7.129900000000000091e+02
7.245900000000000318e+02
7.287000000000000455e+02
7.292899999999999636e+02
7.325900000000000318e+02
7.433300000000000409e+02
7.547300000000000182e+02
7.640399999999999636e+02
7.738700000000000045e+02
7.778799999999999955e+02
7.828100000000000591e+02
7.836200000000000045e+02
7.880299999999999727e+02
7.985900000000000318e+02
8.034900000000000091e+02
8.242599999999999909e+02
8.266200000000000045e+02
8.333300000000000409e+02
8.381100000000000136e+02
8.441700000000000728e+02
8.534300000000000637e+02
8.571299999999999955e+02
8.592500000000000000e+02
8.638899999999999864e+02
8.645099999999999909e+02
8.669500000000000455e+02
8.732000000000000455e+02
8.777100000000000364e+02
8.822599999999999909e+02
8.869500000000000455e+02
9.021800000000000637e+02
9.124500000000000455e+02
9.269800000000000182e+02
9.318300000000000409e+02
9.534600000000000364e+02
9.615900000000000318e+02
9.851800000000000637e+02
9.919800000000000182e+02
9.979900000000000091e+02
