3.030000000000000249e+00
4.330000000000000071e+00
6.890000000000000568e+00
7.709999999999999964e+00
9.980000000000000426e+00
1.095000000000000107e+01
1.163000000000000078e+01
1.322000000000000064e+01
1.385999999999999943e+01
1.612000000000000099e+01
1.628000000000000114e+01
1.828999999999999915e+01
1.850000000000000000e+01
1.994000000000000128e+01
2.255000000000000071e+01
2.444999999999999929e+01
2.673000000000000043e+01
2.789000000000000057e+01
2.864000000000000057e+01
2.867000000000000171e+01
3.092999999999999972e+01
3.253999999999999915e+01
3.528999999999999915e+01
3.534000000000000341e+01
3.700999999999999801e+01
3.781000000000000227e+01
3.878000000000000114e+01
4.046000000000000085e+01
4.050000000000000000e+01
4.350999999999999801e+01
4.421000000000000085e+01
4.731000000000000227e+01
4.892999999999999972e+01
4.968999999999999773e+01
5.042000000000000171e+01
5.182000000000000028e+01
5.298000000000000398e+01
5.609000000000000341e+01
5.884000000000000341e+01
6.010999999999999943e+01
6.082000000000000028e+01
6.116000000000000369e+01
6.399000000000000199e+01
6.506000000000000227e+01
6.657999999999999829e+01
6.751999999999999602e+01
6.957000000000000739e+01
7.073000000000000398e+01
7.315999999999999659e+01
7.323999999999999488e+01
7.496000000000000796e+01
7.651000000000000512e+01
7.768000000000000682e+01
7.873000000000000398e+01
8.035000000000000853e+01
8.176000000000000512e+01
8.735999999999999943e+01
8.773999999999999488e+01
9.145000000000000284e+01
9.181000000000000227e+01
9.668000000000000682e+01
1.003700000000000045e+02
1.043900000000000006e+02
1.045199999999999960e+02
1.050100000000000051e+02
1.064699999999999989e+02
1.084099999999999966e+02
1.085499999999999972e+02
1.087999999999999972e+02
1.107100000000000080e+02
1.151899999999999977e+02
1.157300000000000040e+02
1.188200000000000074e+02
1.189800000000000040e+02
1.227000000000000028e+02
1.248599999999999994e+02
1.262199999999999989e+02
1.275799999999999983e+02
1.292700000000000102e+02
1.306599999999999966e+02
1.331100000000000136e+02
1.331500000000000057e+02
1.339799999999999898e+02
1.378700000000000045e+02
1.386299999999999955e+02
1.399600000000000080e+02
1.401800000000000068e+02
1.422700000000000102e+02
1.440000000000000000e+02
1.446200000000000045e+02
1.450000000000000000e+02
1.477400000000000091e+02
1.502899999999999920e+02
1.530699999999999932e+02
1.555099999999999909e+02
1.599300000000000068e+02
1.639900000000000091e+02
1.656299999999999955e+02
1.677700000000000102e+02
1.682800000000000011e+02
1.704099999999999966e+02
1.731500000000000057e+02
1.734200000000000159e+02
1.753400000000000034e+02
1.816800000000000068e+02
1.834399999999999977e+02
1.835800000000000125e+02
1.845699999999999932e+02
1.866100000000000136e+02
1.866899999999999977e+02
1.906899999999999977e+02
1.910900000000000034e+02
1.915900000000000034e+02
1.935999999999999943e+02
1.952300000000000182e+02
2.048600000000000136e+02
2.049300000000000068e+02
2.083499999999999943e+02
2.089099999999999966e+02
2.091599999999999966e+02
2.146599999999999966e+02
2.191400000000000148e+02
2.191500000000000057e+02
2.194699999999999989e+02
2.212599999999999909e+02
2.218300000000000125e+02
2.220600000000000023e+02
2.243300000000000125e+02
2.251500000000000057e+02
2.266299999999999955e+02
2.276299999999999955e+02
2.285999999999999943e+02
2.290300000000000011e+02
2.298199999999999932e+02
2.355300000000000011e+02
2.363900000000000148e+02
2.385300000000000011e+02
2.404300000000000068e+02
2.428199999999999932e+02
2.433199999999999932e+02
2.479200000000000159e+02
2.480999999999999943e+02
2.500000000000000000e+02
2.519600000000000080e+02
2.539099999999999966e+02
2.563199999999999932e+02
2.563700000000000045e+02
2.569599999999999795e+02
2.592099999999999795e+02
2.602500000000000000e+02
2.606000000000000227e+02
2.621899999999999977e+02
2.645600000000000023e+02
2.653700000000000045e+02
2.680500000000000114e+02
2.686299999999999955e+02
2.709700000000000273e+02
2.733000000000000114e+02
2.735199999999999818e+02
2.761399999999999864e+02
2.783700000000000045e+02
2.793299999999999841e+02
2.793400000000000318e+02
2.830300000000000296e+02
2.833500000000000227e+02
2.836899999999999977e+02
2.837099999999999795e+02
2.861100000000000136e+02
2.874100000000000250e+02
2.889599999999999795e+02
2.896600000000000250e+02
2.917099999999999795e+02
2.926399999999999864e+02
2.946999999999999886e+02
2.953500000000000227e+02
2.965699999999999932e+02
2.975699999999999932e+02
3.000600000000000023e+02
3.025799999999999841e+02
3.030799999999999841e+02
3.046000000000000227e+02
3.065400000000000205e+02
3.089300000000000068e+02
3.112599999999999909e+02
3.118500000000000227e+02
3.128500000000000227e+02
3.153199999999999932e+02
3.156800000000000068e+02
3.167900000000000205e+02
3.180500000000000114e+02
3.189100000000000250e+02
3.203100000000000023e+02
3.205099999999999909e+02
3.233000000000000114e+02
3.234800000000000182e+02
3.239399999999999977e+02
3.286899999999999977e+02
3.290900000000000318e+02
3.309900000000000091e+02
3.326899999999999977e+02
3.332900000000000205e+02
3.334599999999999795e+02
3.365199999999999818e+02
3.383000000000000114e+02
3.401500000000000341e+02
3.423500000000000227e+02
3.445099999999999909e+02
3.445500000000000114e+02
3.467400000000000091e+02
3.482200000000000273e+02
3.516500000000000341e+02
3.535699999999999932e+02
3.540400000000000205e+02
3.553500000000000227e+02
3.563000000000000114e+02
3.566100000000000136e+02
3.590600000000000023e+02
3.612200000000000273e+02
3.619200000000000159e+02
3.622200000000000273e+02
3.646800000000000068e+02
3.662200000000000273e+02
3.682699999999999818e+02
3.686100000000000136e+02
3.707599999999999909e+02
3.709399999999999977e+02
3.726299999999999955e+02
3.735199999999999818e+02
3.736800000000000068e+02
3.742300000000000182e+02
3.752800000000000296e+02
3.771200000000000045e+02
3.777800000000000296e+02
3.807599999999999909e+02
3.818299999999999841e+02
3.821999999999999886e+02
3.830500000000000114e+02
3.832699999999999818e+02
3.852300000000000182e+02
3.859300000000000068e+02
3.903899999999999864e+02
3.926399999999999864e+02
3.946600000000000250e+02
3.961200000000000045e+02
3.970199999999999818e+02
3.991800000000000068e+02
3.992599999999999909e+02
4.010000000000000000e+02
4.022100000000000364e+02
4.040000000000000000e+02
4.045400000000000205e+02
4.062300000000000182e+02
4.110900000000000318e+02
4.128199999999999932e+02
4.136299999999999955e+02
4.161600000000000250e+02
4.175900000000000318e+02
4.215199999999999818e+02
4.241700000000000159e+02
4.264900000000000091e+02
4.266100000000000136e+02
4.285900000000000318e+02
4.317500000000000000e+02
4.331399999999999864e+02
4.332300000000000182e+02
4.355000000000000000e+02
4.377800000000000296e+02
4.397800000000000296e+02
4.411000000000000227e+02
4.464499999999999886e+02
4.465699999999999932e+02
4.478299999999999841e+02
4.507900000000000205e+02
4.529100000000000250e+02
4.535600000000000023e+02
4.546600000000000250e+02
4.564800000000000182e+02
4.595099999999999909e+02
4.603199999999999932e+02
4.604100000000000250e+02
4.608199999999999932e+02
4.639000000000000341e+02
4.650600000000000023e+02
4.667699999999999818e+02
4.674900000000000091e+02
4.711999999999999886e+02
4.757699999999999818e+02
4.759600000000000364e+02
4.760099999999999909e+02
4.769000000000000341e+02
4.774100000000000250e+02
4.795900000000000318e+02
4.797300000000000182e+02
4.832200000000000273e+02
4.866500000000000341e+02
4.883400000000000318e+02
4.890199999999999818e+02
4.916399999999999864e+02
4.922300000000000182e+02
4.941299999999999955e+02
4.946200000000000045e+02
4.960400000000000205e+02
4.970699999999999932e+02
4.973199999999999932e+02
4.997599999999999909e+02
5.000900000000000318e+02
5.006800000000000068e+02
5.008000000000000114e+02
5.023700000000000045e+02
5.044499999999999886e+02
5.066800000000000068e+02
5.068100000000000023e+02
5.093100000000000023e+02
5.130700000000000500e+02
5.179800000000000182e+02
5.187000000000000455e+02
5.199199999999999591e+02
5.201800000000000637e+02
5.213300000000000409e+02
5.219199999999999591e+02
5.227799999999999727e+02
5.270800000000000409e+02
5.288999999999999773e+02
5.306900000000000546e+02
5.321000000000000227e+02
5.348600000000000136e+02
5.382200000000000273e+02
5.398700000000000045e+02
5.404500000000000455e+02
5.420199999999999818e+02
5.446599999999999682e+02
5.460199999999999818e+02
5.468400000000000318e+02
5.471599999999999682e+02
5.510199999999999818e+02
5.513799999999999955e+02
5.531900000000000546e+02
5.546499999999999773e+02
5.554199999999999591e+02
5.560800000000000409e+02
5.561399999999999864e+02
5.571699999999999591e+02
5.583300000000000409e+02
5.596000000000000227e+02
5.611599999999999682e+02
5.612899999999999636e+02
5.624700000000000273e+02
5.643200000000000500e+02
5.651000000000000227e+02
5.671399999999999864e+02
5.723500000000000227e+02
5.751499999999999773e+02
5.761000000000000227e+02
5.798999999999999773e+02
5.813899999999999864e+02
5.821399999999999864e+02
5.830000000000000000e+02
5.851100000000000136e+02
5.870600000000000591e+02
5.893899999999999864e+02
5.894199999999999591e+02
5.923799999999999955e+02
5.932100000000000364e+02
5.946299999999999955e+02
5.952300000000000182e+02
5.969700000000000273e+02
5.976399999999999864e+02
5.992500000000000000e+02
5.995700000000000500e+02
6.026800000000000637e+02
6.036100000000000136e+02
6.049400000000000546e+02
6.068999999999999773e+02
6.072200000000000273e+02
6.076299999999999955e+02
6.109199999999999591e+02
6.121200000000000045e+02
6.132200000000000273e+02
6.132899999999999636e+02
6.166699999999999591e+02
6.188200000000000500e+02
6.192100000000000364e+02
6.212899999999999636e+02
6.245800000000000409e+02
6.247400000000000091e+02
6.298400000000000318e+02
6.307599999999999909e+02
6.323400000000000318e+02
6.335000000000000000e+02
6.339600000000000364e+02
6.346399999999999864e+02
6.358200000000000500e+02
6.379199999999999591e+02
6.417200000000000273e+02
6.438700000000000045e+02
6.479600000000000364e+02
6.492500000000000000e+02
6.503400000000000318e+02
6.513700000000000045e+02
6.546299999999999955e+02
6.569600000000000364e+02
6.570500000000000682e+02
6.578300000000000409e+02
6.608600000000000136e+02
6.635199999999999818e+02
6.649900000000000091e+02
6.669400000000000546e+02
6.670600000000000591e+02
6.692799999999999727e+02
6.723700000000000045e+02
6.731900000000000546e+02
6.760500000000000682e+02
6.775099999999999909e+02
6.804199999999999591e+02
6.812200000000000273e+02
6.840700000000000500e+02
6.891100000000000136e+02
6.892200000000000273e+02
6.901200000000000045e+02
6.923400000000000318e+02
6.924800000000000182e+02
6.938400000000000318e+02
6.966000000000000227e+02
7.010900000000000318e+02
7.017300000000000182e+02
7.038999999999999773e+02
7.057799999999999727e+02
7.077300000000000182e+02
7.081800000000000637e+02
7.102599999999999909e+02
7.114800000000000182e+02
7.115000000000000000e+02
7.154500000000000455e+02
7.156000000000000227e+02
7.160600000000000591e+02
7.186399999999999864e+02
7.215299999999999727e+02
7.219400000000000546e+02
7.241699999999999591e+02
7.265399999999999636e+02
7.295099999999999909e+02
7.296100000000000136e+02
7.302100000000000364e+02
7.325900000000000318e+02
7.336299999999999955e+02
7.367699999999999818e+02
7.381900000000000546e+02
7.391000000000000227e+02
7.407300000000000182e+02
7.425099999999999909e+02
7.450000000000000000e+02
7.456900000000000546e+02
7.468799999999999955e+02
7.492899999999999636e+02
7.512000000000000455e+02
7.517899999999999636e+02
7.538600000000000136e+02
7.545399999999999636e+02
7.560299999999999727e+02
7.563300000000000409e+02
7.572500000000000000e+02
7.605900000000000318e+02
7.607699999999999818e+02
7.615199999999999818e+02
7.643000000000000682e+02
7.656800000000000637e+02
7.671100000000000136e+02
7.693999999999999773e+02
7.717000000000000455e+02
7.743700000000000045e+02
7.747200000000000273e+02
7.774300000000000637e+02
7.781599999999999682e+02
7.804200000000000728e+02
7.868799999999999955e+02
7.875600000000000591e+02
7.901700000000000728e+02
7.905099999999999909e+02
7.911499999999999773e+02
7.955199999999999818e+02
7.979700000000000273e+02
8.014500000000000455e+02
8.045900000000000318e+02
8.052100000000000364e+02
8.082699999999999818e+02
8.088200000000000500e+02
8.105500000000000682e+02
8.105600000000000591e+02
8.123899999999999864e+02
8.152599999999999909e+02
8.172000000000000455e+02
8.194800000000000182e+02
8.251000000000000227e+02
8.255000000000000000e+02
8.282699999999999818e+02
8.283200000000000500e+02
8.293600000000000136e+02
8.314800000000000182e+02
8.316800000000000637e+02
8.326000000000000227e+02
8.331200000000000045e+02
8.353100000000000591e+02
8.360099999999999909e+02
8.390800000000000409e+02
8.424900000000000091e+02
8.427699999999999818e+02
8.437100000000000364e+02
8.452400000000000091e+02
8.465500000000000682e+02
8.490600000000000591e+02
8.507599999999999909e+02
8.518999999999999773e+02
8.532699999999999818e+02
8.535199999999999818e+02
8.544500000000000455e+02
8.566000000000000227e+02
8.628600000000000136e+02
8.638999999999999773e+02
8.660600000000000591e+02
8.674600000000000364e+02
8.674800000000000182e+02
8.683600000000000136e+02
8.708700000000000045e+02
8.711100000000000136e+02
8.736100000000000136e+02
8.763200000000000500e+02
8.768600000000000136e+02
8.788500000000000227e+02
8.789500000000000455e+02
8.796499999999999773e+02
8.814600000000000364e+02
8.821499999999999773e+02
8.843999999999999773e+02
8.879700000000000273e+02
8.880600000000000591e+02
8.900399999999999636e+02
8.925500000000000682e+02
8.946499999999999773e+02
8.951700000000000728e+02
8.955700000000000500e+02
8.965600000000000591e+02
8.986100000000000136e+02
8.987699999999999818e+02
9.016399999999999864e+02
9.026900000000000546e+02
9.032100000000000364e+02
9.050299999999999727e+02
9.060399999999999636e+02
9.075700000000000500e+02
9.091299999999999955e+02
9.110199999999999818e+02
9.112400000000000091e+02
9.177699999999999818e+02
9.232599999999999909e+02
9.279500000000000455e+02
9.302899999999999636e+02
9.308300000000000409e+02
9.315700000000000500e+02
9.326200000000000045e+02
9.330900000000000318e+02
9.351700000000000728e+02
9.380199999999999818e+02
9.382899999999999636e+02
9.398400000000000318e+02
9.400500000000000682e+02
9.415399999999999636e+02
9.420299999999999727e+02
9.438700000000000045e+02
9.455099999999999909e+02
9.474099999999999682e+02
9.496700000000000728e+02
9.510199999999999818e+02
9.520199999999999818e+02
9.524300000000000637e+02
9.538899999999999864e+02
9.550600000000000591e+02
9.590000000000000000e+02
9.595700000000000500e+02
9.600900000000000318e+02
9.607699999999999818e+02
9.620700000000000500e+02
9.632799999999999727e+02
9.654099999999999682e+02
9.684900000000000091e+02
9.697200000000000273e+02
9.724400000000000546e+02
9.758999999999999773e+02
9.788700000000000045e+02
9.807300000000000182e+02
9.824500000000000455e+02
9.861700000000000728e+02
9.861800000000000637e+02
9.873999999999999773e+02
9.876900000000000546e+02
9.907200000000000273e+02
9.920700000000000500e+02
9.930800000000000409e+02
9.966000000000000227e+02
9.971399999999999864e+02
9.995299999999999727e+02
