3.857000000000000028e+01
7.476000000000000512e+01
2.079500000000000171e+02
4.421999999999999886e+01
7.251999999999999602e+01
1.085799999999999983e+02
1.107100000000000080e+02
1.626899999999999977e+02
1.807700000000000102e+02
1.869200000000000159e+02
2.129900000000000091e+02
2.169800000000000182e+02
2.372100000000000080e+02
2.529800000000000182e+02
2.894100000000000250e+02
3.151899999999999977e+02
3.572599999999999909e+02
3.934600000000000364e+02
4.937400000000000091e+02
6.783700000000000045e+02
6.917599999999999909e+02
7.466000000000000227e+02
7.785900000000000318e+02
1.458000000000000007e+01
3.850000000000000000e+01
4.067999999999999972e+01
7.212000000000000455e+01
1.144099999999999966e+02
1.243200000000000074e+02
1.564099999999999966e+02
1.620699999999999932e+02
1.784500000000000171e+02
1.965200000000000102e+02
2.866399999999999864e+02
2.961100000000000136e+02
3.441299999999999955e+02
3.785900000000000318e+02
4.006600000000000250e+02
4.156700000000000159e+02
4.884300000000000068e+02
5.527599999999999909e+02
5.650099999999999909e+02
5.919300000000000637e+02
6.409700000000000273e+02
6.475900000000000318e+02
6.515399999999999636e+02
6.754800000000000182e+02
6.815500000000000682e+02
7.010399999999999636e+02
7.312200000000000273e+02
7.528300000000000409e+02
7.813500000000000227e+02
7.856599999999999682e+02
7.994300000000000637e+02
8.711200000000000045e+02
8.872699999999999818e+02
9.151100000000000136e+02
9.171599999999999682e+02
9.354600000000000364e+02
9.394400000000000546e+02
9.454200000000000728e+02
9.529800000000000182e+02
9.633300000000000409e+02
9.671800000000000637e+02
9.812100000000000364e+02
8.250000000000000000e+00
2.632000000000000028e+01
3.056000000000000227e+01
4.216000000000000369e+01
5.420000000000000284e+01
5.977000000000000313e+01
8.601999999999999602e+01
9.804000000000000625e+01
1.121099999999999994e+02
1.236899999999999977e+02
1.281700000000000159e+02
1.714300000000000068e+02
2.113900000000000148e+02
2.152800000000000011e+02
2.495399999999999920e+02
2.747800000000000296e+02
3.506399999999999864e+02
3.992500000000000000e+02
4.112800000000000296e+02
4.390000000000000000e+02
4.463899999999999864e+02
4.749000000000000341e+02
4.958100000000000023e+02
5.322999999999999545e+02
6.205199999999999818e+02
6.530299999999999727e+02
7.939800000000000182e+02
8.380500000000000682e+02
8.401700000000000728e+02
8.581299999999999955e+02
9.295000000000000000e+02
9.415500000000000682e+02
9.597500000000000000e+02
9.714900000000000091e+02
1.491299999999999955e+02
2.402700000000000102e+02
2.825300000000000296e+02
7.548400000000000318e+02
8.620900000000000318e+02
9.533500000000000227e+02
