4.101299999999999955e+02
5.302699999999999818e+02
6.823700000000000045e+02
1.657000000000000028e+01
2.573000000000000043e+01
4.684000000000000341e+01
5.653999999999999915e+01
1.268599999999999994e+02
2.075600000000000023e+02
2.171100000000000136e+02
2.376899999999999977e+02
2.580400000000000205e+02
2.876600000000000250e+02
3.087500000000000000e+02
3.184100000000000250e+02
3.680799999999999841e+02
3.892900000000000205e+02
4.094200000000000159e+02
4.283199999999999932e+02
4.497800000000000296e+02
4.696200000000000045e+02
4.794200000000000159e+02
5.290700000000000500e+02
5.388700000000000045e+02
5.591599999999999682e+02
5.997500000000000000e+02
6.388899999999999864e+02
6.410500000000000682e+02
6.797599999999999909e+02
7.095299999999999727e+02
7.301200000000000045e+02
7.591599999999999682e+02
7.804099999999999682e+02
8.608200000000000500e+02
9.403700000000000045e+02
6.250000000000000000e+00
1.565000000000000036e+01
2.571000000000000085e+01
4.700000000000000000e+01
5.618999999999999773e+01
7.643000000000000682e+01
8.634000000000000341e+01
1.055799999999999983e+02
1.164699999999999989e+02
1.259200000000000017e+02
1.373499999999999943e+02
1.466299999999999955e+02
1.557500000000000000e+02
1.658300000000000125e+02
1.766100000000000136e+02
1.863799999999999955e+02
2.054699999999999989e+02
2.160099999999999909e+02
2.269399999999999977e+02
2.465999999999999943e+02
2.565699999999999932e+02
2.661100000000000136e+02
2.754200000000000159e+02
2.855400000000000205e+02
2.979700000000000273e+02
3.065900000000000318e+02
3.167300000000000182e+02
3.378400000000000318e+02
3.573899999999999864e+02
3.661299999999999955e+02
3.766899999999999977e+02
3.883299999999999841e+02
3.975900000000000318e+02
4.081500000000000341e+02
4.159000000000000341e+02
4.279900000000000091e+02
4.468000000000000114e+02
4.574399999999999977e+02
4.678700000000000045e+02
4.865900000000000318e+02
4.973799999999999955e+02
5.078000000000000114e+02
5.267200000000000273e+02
5.372000000000000455e+02
5.565500000000000682e+02
5.664400000000000546e+02
5.767899999999999636e+02
5.863000000000000682e+02
5.961399999999999864e+02
6.073000000000000682e+02
6.264800000000000182e+02
6.573700000000000045e+02
6.660800000000000409e+02
6.683500000000000227e+02
6.770800000000000409e+02
6.864800000000000182e+02
7.063999999999999773e+02
7.173100000000000591e+02
7.285199999999999818e+02
7.482200000000000273e+02
7.559500000000000455e+02
7.679900000000000091e+02
7.770700000000000500e+02
7.961000000000000227e+02
7.982699999999999818e+02
8.086700000000000728e+02
8.162400000000000091e+02
8.273300000000000409e+02
8.371200000000000045e+02
8.392599999999999909e+02
8.470399999999999636e+02
8.676399999999999864e+02
8.873000000000000682e+02
8.970299999999999727e+02
9.062000000000000455e+02
9.083400000000000318e+02
9.170399999999999636e+02
9.199800000000000182e+02
9.268100000000000591e+02
9.365500000000000682e+02
9.484600000000000364e+02
9.583799999999999955e+02
9.673799999999999955e+02
9.766499999999999773e+02
9.868700000000000045e+02
9.978300000000000409e+02
6.179999999999999716e+00
1.603000000000000114e+01
2.708999999999999986e+01
3.686999999999999744e+01
4.560999999999999943e+01
5.620000000000000284e+01
6.742000000000000171e+01
7.601000000000000512e+01
8.593999999999999773e+01
9.671000000000000796e+01
1.057600000000000051e+02
1.154800000000000040e+02
1.261800000000000068e+02
1.369900000000000091e+02
1.456800000000000068e+02
1.569900000000000091e+02
1.659500000000000171e+02
1.761299999999999955e+02
1.853700000000000045e+02
1.955399999999999920e+02
2.057000000000000171e+02
2.158600000000000136e+02
2.263400000000000034e+02
2.350099999999999909e+02
2.371700000000000159e+02
2.545500000000000114e+02
2.647200000000000273e+02
2.753700000000000045e+02
2.851299999999999955e+02
2.950799999999999841e+02
3.063500000000000227e+02
3.153700000000000045e+02
3.259100000000000250e+02
3.355400000000000205e+02
3.449599999999999795e+02
3.546700000000000159e+02
3.650099999999999909e+02
3.753600000000000136e+02
3.849100000000000250e+02
3.955000000000000000e+02
4.048600000000000136e+02
4.148799999999999955e+02
4.348000000000000114e+02
4.449000000000000341e+02
4.563199999999999932e+02
4.640900000000000318e+02
4.755400000000000205e+02
4.853400000000000318e+02
4.956500000000000341e+02
5.049700000000000273e+02
5.139600000000000364e+02
5.253899999999999864e+02
5.350499999999999545e+02
5.461599999999999682e+02
5.539800000000000182e+02
5.565900000000000318e+02
5.648100000000000591e+02
5.746299999999999955e+02
5.837300000000000182e+02
5.952500000000000000e+02
6.049199999999999591e+02
6.238300000000000409e+02
6.355199999999999818e+02
6.457799999999999727e+02
6.540500000000000682e+02
6.936599999999999682e+02
6.958300000000000409e+02
7.039700000000000273e+02
7.060800000000000409e+02
7.142599999999999909e+02
7.249300000000000637e+02
7.350000000000000000e+02
7.440600000000000591e+02
7.550399999999999636e+02
7.643200000000000500e+02
7.734500000000000455e+02
7.849800000000000182e+02
8.053300000000000409e+02
8.134400000000000546e+02
8.251299999999999955e+02
8.344500000000000455e+02
8.428799999999999955e+02
8.457300000000000182e+02
8.540900000000000318e+02
8.637300000000000182e+02
8.828000000000000682e+02
9.035700000000000500e+02
9.224200000000000728e+02
9.335500000000000682e+02
9.534400000000000546e+02
9.625399999999999636e+02
9.731599999999999682e+02
9.829099999999999682e+02
9.930000000000000000e+02
6.350000000000000533e+00
4.695000000000000284e+01
6.573000000000000398e+01
7.700000000000000000e+01
8.720000000000000284e+01
1.552299999999999898e+02
1.660200000000000102e+02
1.755800000000000125e+02
2.159000000000000057e+02
2.248300000000000125e+02
2.348700000000000045e+02
2.558600000000000136e+02
2.837300000000000182e+02
2.934300000000000068e+02
3.138400000000000318e+02
3.347300000000000182e+02
3.439100000000000250e+02
3.535300000000000296e+02
3.747200000000000273e+02
3.824399999999999977e+02
3.847400000000000091e+02
4.041399999999999864e+02
4.135799999999999841e+02
4.336700000000000159e+02
4.523700000000000045e+02
4.630600000000000023e+02
4.731200000000000045e+02
4.829700000000000273e+02
5.039100000000000250e+02
5.134099999999999682e+02
5.338600000000000136e+02
5.436000000000000227e+02
5.517400000000000091e+02
5.634400000000000546e+02
5.730800000000000409e+02
5.922400000000000091e+02
5.944400000000000546e+02
6.035500000000000682e+02
6.130000000000000000e+02
6.226399999999999864e+02
6.314600000000000364e+02
6.509199999999999591e+02
6.613899999999999864e+02
6.911000000000000227e+02
7.014700000000000273e+02
7.205399999999999636e+02
7.322300000000000182e+02
7.429600000000000364e+02
7.529199999999999591e+02
7.614199999999999591e+02
7.823100000000000591e+02
7.907100000000000364e+02
8.017599999999999909e+02
8.219900000000000091e+02
8.406399999999999864e+02
8.509400000000000546e+02
8.814400000000000546e+02
8.898400000000000318e+02
8.920099999999999909e+02
9.098000000000000682e+02
9.316900000000000546e+02
9.820000000000000000e+02
9.920199999999999818e+02
6.330000000000000071e+00
5.657000000000000028e+01
1.256599999999999966e+02
1.753400000000000034e+02
2.444600000000000080e+02
2.748400000000000318e+02
3.031999999999999886e+02
3.535400000000000205e+02
4.921000000000000227e+02
6.100800000000000409e+02
7.790700000000000500e+02
8.680500000000000682e+02
9.979400000000000546e+02
