2.980000000000000000e+02
3.346999999999999886e+02
3.388799999999999955e+02
3.442900000000000205e+02
4.193299999999999841e+02
8.670700000000000500e+02
8.703100000000000591e+02
8.460000000000000853e+00
3.768999999999999773e+01
4.100999999999999801e+01
5.603000000000000114e+01
7.298999999999999488e+01
7.710000000000000853e+01
9.584000000000000341e+01
1.030600000000000023e+02
1.407700000000000102e+02
1.494600000000000080e+02
1.515000000000000000e+02
1.682400000000000091e+02
1.970900000000000034e+02
2.122199999999999989e+02
2.369800000000000182e+02
2.403100000000000023e+02
2.467700000000000102e+02
2.638299999999999841e+02
3.055099999999999909e+02
3.241500000000000341e+02
3.287599999999999909e+02
3.725500000000000114e+02
4.069399999999999977e+02
4.090099999999999909e+02
4.362100000000000364e+02
4.569300000000000068e+02
5.207500000000000000e+02
5.305099999999999909e+02
5.410299999999999727e+02
6.073600000000000136e+02
6.517200000000000273e+02
6.629500000000000455e+02
6.729800000000000182e+02
7.018500000000000227e+02
7.112500000000000000e+02
7.356599999999999682e+02
7.442799999999999727e+02
7.862599999999999909e+02
7.904500000000000455e+02
8.107599999999999909e+02
8.197799999999999727e+02
8.863600000000000136e+02
9.053799999999999955e+02
9.322200000000000273e+02
9.470399999999999636e+02
9.511100000000000136e+02
9.682500000000000000e+02
1.146000000000000085e+01
4.764999999999999858e+01
7.187000000000000455e+01
8.693999999999999773e+01
1.044099999999999966e+02
1.132600000000000051e+02
1.168299999999999983e+02
1.244900000000000091e+02
1.271300000000000097e+02
1.345000000000000000e+02
1.388000000000000114e+02
1.528199999999999932e+02
1.571200000000000045e+02
1.625900000000000034e+02
1.727000000000000171e+02
1.765300000000000011e+02
1.860600000000000023e+02
2.212500000000000000e+02
2.280000000000000000e+02
2.309600000000000080e+02
2.464300000000000068e+02
2.485600000000000023e+02
2.605699999999999932e+02
2.694200000000000159e+02
2.726200000000000045e+02
2.781100000000000136e+02
2.824000000000000341e+02
3.001600000000000250e+02
3.056000000000000227e+02
3.122200000000000273e+02
3.175900000000000318e+02
3.216800000000000068e+02
3.303899999999999864e+02
3.331100000000000136e+02
3.570000000000000000e+02
3.717500000000000000e+02
3.846999999999999886e+02
4.044800000000000182e+02
4.065300000000000296e+02
4.101000000000000227e+02
4.154700000000000273e+02
4.234900000000000091e+02
4.259000000000000341e+02
4.286999999999999886e+02
4.329499999999999886e+02
4.352300000000000182e+02
4.511200000000000045e+02
4.677100000000000364e+02
4.721700000000000159e+02
4.913799999999999955e+02
4.963500000000000227e+02
5.017100000000000364e+02
5.044700000000000273e+02
5.196200000000000045e+02
5.243400000000000318e+02
5.305800000000000409e+02
5.444199999999999591e+02
5.465800000000000409e+02
5.543000000000000682e+02
5.573999999999999773e+02
5.639600000000000364e+02
5.786699999999999591e+02
5.828799999999999955e+02
6.089600000000000364e+02
6.176699999999999591e+02
6.203100000000000591e+02
6.322200000000000273e+02
6.470299999999999727e+02
6.526599999999999682e+02
6.685600000000000591e+02
6.713999999999999773e+02
6.735399999999999636e+02
6.793500000000000227e+02
6.846900000000000546e+02
6.914300000000000637e+02
7.020299999999999727e+02
7.113799999999999955e+02
7.190500000000000682e+02
7.320600000000000591e+02
7.413600000000000136e+02
7.692500000000000000e+02
7.741200000000000045e+02
7.846800000000000637e+02
7.893600000000000136e+02
8.022799999999999727e+02
8.073899999999999864e+02
8.133899999999999864e+02
8.315199999999999818e+02
8.438200000000000500e+02
8.602300000000000182e+02
8.623999999999999773e+02
8.793400000000000318e+02
8.874500000000000455e+02
8.932400000000000091e+02
9.013600000000000136e+02
9.071800000000000637e+02
9.092300000000000182e+02
9.140199999999999818e+02
9.230500000000000682e+02
9.391700000000000728e+02
9.446599999999999682e+02
9.472699999999999818e+02
9.554400000000000546e+02
9.868700000000000045e+02
9.918799999999999955e+02
9.967400000000000091e+02
5.660000000000000142e+00
9.240000000000000213e+00
1.131000000000000050e+01
4.010999999999999943e+01
4.939999999999999858e+01
6.232000000000000028e+01
7.515999999999999659e+01
7.856000000000000227e+01
9.398999999999999488e+01
1.079600000000000080e+02
1.122500000000000000e+02
1.172199999999999989e+02
1.277400000000000091e+02
1.303600000000000136e+02
1.484900000000000091e+02
1.535900000000000034e+02
1.570000000000000000e+02
1.590500000000000114e+02
1.690099999999999909e+02
1.743600000000000136e+02
1.796200000000000045e+02
1.823300000000000125e+02
1.932199999999999989e+02
2.028400000000000034e+02
2.062599999999999909e+02
2.108600000000000136e+02
2.154099999999999966e+02
2.201500000000000057e+02
2.239200000000000159e+02
2.319000000000000057e+02
2.534800000000000182e+02
2.581800000000000068e+02
2.643500000000000227e+02
2.674399999999999977e+02
2.708700000000000045e+02
2.729100000000000250e+02
2.758400000000000318e+02
2.861100000000000136e+02
2.956299999999999955e+02
2.978199999999999932e+02
3.046700000000000159e+02
3.112400000000000091e+02
3.204200000000000159e+02
3.297900000000000205e+02
3.357500000000000000e+02
3.421999999999999886e+02
3.496899999999999977e+02
3.599399999999999977e+02
3.667099999999999795e+02
3.831800000000000068e+02
4.041399999999999864e+02
4.157900000000000205e+02
4.216999999999999886e+02
4.245099999999999909e+02
4.309000000000000341e+02
4.406500000000000341e+02
4.434200000000000159e+02
4.462100000000000364e+02
4.515300000000000296e+02
4.536000000000000227e+02
4.556500000000000341e+02
4.588100000000000023e+02
4.738899999999999864e+02
4.801500000000000341e+02
4.877300000000000182e+02
4.903700000000000045e+02
4.962300000000000182e+02
5.125499999999999545e+02
5.163400000000000318e+02
5.225900000000000318e+02
5.279600000000000364e+02
5.343999999999999773e+02
5.380499999999999545e+02
5.442599999999999909e+02
5.468899999999999864e+02
5.771000000000000227e+02
5.828300000000000409e+02
5.943300000000000409e+02
6.015000000000000000e+02
6.141499999999999773e+02
6.229099999999999682e+02
6.249500000000000455e+02
6.270000000000000000e+02
6.429700000000000273e+02
6.488300000000000409e+02
6.571000000000000227e+02
6.598100000000000591e+02
6.665399999999999636e+02
6.719700000000000273e+02
6.803200000000000500e+02
6.850299999999999727e+02
6.902500000000000000e+02
7.010199999999999818e+02
7.050399999999999636e+02
7.071800000000000637e+02
7.108000000000000682e+02
7.237799999999999727e+02
7.325500000000000682e+02
7.368700000000000045e+02
7.547100000000000364e+02
7.598100000000000591e+02
7.828200000000000500e+02
7.859300000000000637e+02
7.913999999999999773e+02
8.002400000000000091e+02
8.028600000000000136e+02
8.090800000000000409e+02
8.122400000000000091e+02
8.151200000000000045e+02
8.199800000000000182e+02
8.270800000000000409e+02
8.422500000000000000e+02
8.449400000000000546e+02
8.528500000000000227e+02
8.670299999999999727e+02
8.856599999999999682e+02
8.898400000000000318e+02
8.979800000000000182e+02
9.041000000000000227e+02
9.278899999999999864e+02
9.316499999999999773e+02
9.371299999999999955e+02
9.569400000000000546e+02
9.639800000000000182e+02
9.744099999999999682e+02
9.792799999999999727e+02
9.872500000000000000e+02
9.946000000000000227e+02
9.984600000000000364e+02
9.259999999999999787e+00
1.131000000000000050e+01
1.994999999999999929e+01
3.196000000000000085e+01
4.191000000000000369e+01
4.635000000000000142e+01
6.676999999999999602e+01
7.095000000000000284e+01
7.507000000000000739e+01
9.035000000000000853e+01
1.168200000000000074e+02
1.199000000000000057e+02
1.231899999999999977e+02
1.355800000000000125e+02
1.486500000000000057e+02
1.942899999999999920e+02
1.977500000000000000e+02
2.012300000000000182e+02
2.053900000000000148e+02
2.107400000000000091e+02
2.197599999999999909e+02
2.250099999999999909e+02
2.380600000000000023e+02
2.706499999999999773e+02
2.767099999999999795e+02
2.924100000000000250e+02
2.944800000000000182e+02
3.073000000000000114e+02
3.128799999999999955e+02
3.207699999999999818e+02
3.277400000000000091e+02
3.342800000000000296e+02
3.371999999999999886e+02
3.463700000000000045e+02
3.508700000000000045e+02
3.536700000000000159e+02
3.625699999999999932e+02
3.795000000000000000e+02
3.943500000000000227e+02
4.190900000000000318e+02
4.352699999999999818e+02
4.383899999999999864e+02
4.406200000000000045e+02
4.434700000000000273e+02
4.580199999999999818e+02
4.655799999999999841e+02
4.688299999999999841e+02
4.757800000000000296e+02
4.804300000000000068e+02
4.857900000000000205e+02
5.023600000000000136e+02
5.104900000000000091e+02
5.326699999999999591e+02
5.428999999999999773e+02
5.479300000000000637e+02
5.666499999999999773e+02
6.299500000000000455e+02
6.320500000000000682e+02
6.420399999999999636e+02
6.470399999999999636e+02
6.552699999999999818e+02
6.913600000000000136e+02
7.038600000000000136e+02
7.329199999999999591e+02
7.393100000000000591e+02
7.661700000000000728e+02
7.793400000000000318e+02
7.946800000000000637e+02
8.015600000000000591e+02
8.267599999999999909e+02
8.453100000000000591e+02
8.881499999999999773e+02
9.103200000000000500e+02
9.127599999999999909e+02
9.169600000000000364e+02
9.238200000000000500e+02
9.612799999999999727e+02
9.682500000000000000e+02
3.080000000000000071e+01
6.709000000000000341e+01
9.115000000000000568e+01
9.454999999999999716e+01
1.142500000000000000e+02
1.407299999999999898e+02
2.000900000000000034e+02
2.134800000000000182e+02
2.339300000000000068e+02
2.492700000000000102e+02
4.139000000000000341e+02
4.225300000000000296e+02
4.323100000000000023e+02
5.236200000000000045e+02
5.486699999999999591e+02
5.956499999999999773e+02
6.797699999999999818e+02
7.139700000000000273e+02
7.273300000000000409e+02
7.329400000000000546e+02
7.411900000000000546e+02
7.844300000000000637e+02
7.934800000000000182e+02
8.545500000000000682e+02
8.787699999999999818e+02
8.828500000000000227e+02
9.168799999999999955e+02
9.890000000000000000e+02
7.690000000000000391e+00
7.867100000000000364e+02
8.106299999999999955e+02
9.003400000000000318e+02
