3.240000000000000213e+00
6.620000000000000107e+00
2.037000000000000099e+01
2.883000000000000185e+01
5.220000000000000284e+01
6.150000000000000000e+01
6.539000000000000057e+01
7.184000000000000341e+01
8.839000000000000057e+01
1.019600000000000080e+02
1.260300000000000011e+02
1.329600000000000080e+02
1.361999999999999886e+02
1.601200000000000045e+02
1.687899999999999920e+02
1.851500000000000057e+02
1.916800000000000068e+02
2.293499999999999943e+02
2.341100000000000136e+02
2.374000000000000057e+02
2.549800000000000182e+02
2.794300000000000068e+02
3.113899999999999864e+02
3.169200000000000159e+02
3.233000000000000114e+02
3.389800000000000182e+02
3.418199999999999932e+02
3.448100000000000023e+02
3.569100000000000250e+02
3.845300000000000296e+02
4.027500000000000000e+02
4.104200000000000159e+02
4.207300000000000182e+02
4.230199999999999818e+02
4.311000000000000227e+02
4.371299999999999955e+02
4.475500000000000114e+02
4.553500000000000227e+02
4.677200000000000273e+02
5.099000000000000341e+02
5.206499999999999773e+02
5.324199999999999591e+02
5.433899999999999864e+02
5.557100000000000364e+02
5.686599999999999682e+02
5.756100000000000136e+02
5.797500000000000000e+02
5.867799999999999727e+02
6.053999999999999773e+02
6.082599999999999909e+02
6.175099999999999909e+02
6.288100000000000591e+02
6.325299999999999727e+02
6.411900000000000546e+02
6.433400000000000318e+02
6.503500000000000227e+02
6.530299999999999727e+02
6.648600000000000136e+02
6.671699999999999591e+02
6.996100000000000136e+02
7.030900000000000318e+02
7.125700000000000500e+02
7.204600000000000364e+02
7.618000000000000682e+02
7.870600000000000591e+02
7.990099999999999909e+02
8.185399999999999636e+02
8.311800000000000637e+02
8.353300000000000409e+02
8.438500000000000227e+02
8.444700000000000273e+02
8.674200000000000728e+02
8.678999999999999773e+02
8.860199999999999818e+02
8.942599999999999909e+02
9.090500000000000682e+02
9.255500000000000682e+02
9.257100000000000364e+02
9.372000000000000455e+02
9.479099999999999682e+02
9.517799999999999727e+02
9.869700000000000273e+02
