3.530000000000000249e+00
4.440000000000000391e+00
7.429999999999999716e+00
7.660000000000000142e+00
1.057000000000000028e+01
3.953999999999999915e+01
4.180000000000000426e+01
4.443999999999999773e+01
5.137000000000000455e+01
5.545000000000000284e+01
8.943000000000000682e+01
9.943000000000000682e+01
1.035600000000000023e+02
1.164300000000000068e+02
1.184500000000000028e+02
1.350600000000000023e+02
1.382599999999999909e+02
1.423700000000000045e+02
1.773199999999999932e+02
1.875099999999999909e+02
1.929600000000000080e+02
2.087199999999999989e+02
2.216599999999999966e+02
2.351899999999999977e+02
2.393700000000000045e+02
2.483000000000000114e+02
2.504300000000000068e+02
2.542400000000000091e+02
2.667599999999999909e+02
2.778199999999999932e+02
2.907099999999999795e+02
3.280400000000000205e+02
3.365199999999999818e+02
3.412300000000000182e+02
3.532800000000000296e+02
3.560500000000000114e+02
3.953700000000000045e+02
4.063299999999999841e+02
4.123199999999999932e+02
4.153299999999999841e+02
4.313100000000000023e+02
4.383400000000000318e+02
4.462599999999999909e+02
4.596999999999999886e+02
4.789499999999999886e+02
4.852800000000000296e+02
4.902100000000000364e+02
4.931700000000000159e+02
5.351299999999999955e+02
5.680500000000000682e+02
5.730500000000000682e+02
5.818799999999999955e+02
5.840399999999999636e+02
5.880399999999999636e+02
6.359400000000000546e+02
6.388000000000000682e+02
6.468700000000000045e+02
6.541599999999999682e+02
6.545199999999999818e+02
6.618400000000000318e+02
6.697200000000000273e+02
6.788799999999999955e+02
6.920000000000000000e+02
7.046200000000000045e+02
7.063700000000000045e+02
7.094300000000000637e+02
7.304700000000000273e+02
7.559300000000000637e+02
7.569099999999999682e+02
7.630099999999999909e+02
7.743700000000000045e+02
7.772200000000000273e+02
7.829300000000000637e+02
7.940000000000000000e+02
7.999700000000000273e+02
8.112699999999999818e+02
8.143500000000000227e+02
8.239300000000000637e+02
8.355199999999999818e+02
8.392000000000000455e+02
8.460800000000000409e+02
8.600700000000000500e+02
8.703000000000000682e+02
8.719700000000000273e+02
8.773100000000000591e+02
8.790500000000000682e+02
8.804700000000000273e+02
8.811900000000000546e+02
8.880099999999999909e+02
8.989800000000000182e+02
9.157899999999999636e+02
9.349700000000000273e+02
9.517899999999999636e+02
9.633100000000000591e+02
9.877500000000000000e+02
9.898200000000000500e+02
4.440000000000000391e+00
7.429999999999999716e+00
7.560000000000000497e+00
1.060999999999999943e+01
1.235999999999999943e+01
1.733999999999999986e+01
4.448000000000000398e+01
5.139999999999999858e+01
7.185999999999999943e+01
8.946000000000000796e+01
9.943000000000000682e+01
1.163900000000000006e+02
1.164699999999999989e+02
1.185000000000000000e+02
1.185499999999999972e+02
1.285699999999999932e+02
1.382700000000000102e+02
1.640900000000000034e+02
1.773600000000000136e+02
1.837599999999999909e+02
1.858400000000000034e+02
1.875099999999999909e+02
1.879900000000000091e+02
1.929699999999999989e+02
2.057199999999999989e+02
2.112199999999999989e+02
2.196200000000000045e+02
2.216599999999999966e+02
2.351899999999999977e+02
2.483400000000000034e+02
2.504600000000000080e+02
2.542899999999999920e+02
2.667800000000000296e+02
2.800799999999999841e+02
3.047900000000000205e+02
3.219399999999999977e+02
3.365500000000000114e+02
3.412500000000000000e+02
3.693199999999999932e+02
3.843299999999999841e+02
4.042200000000000273e+02
4.089300000000000068e+02
4.123199999999999932e+02
4.276999999999999886e+02
4.313500000000000227e+02
4.456899999999999977e+02
4.597100000000000364e+02
4.645500000000000114e+02
4.842400000000000091e+02
5.388799999999999955e+02
5.487699999999999818e+02
5.763600000000000136e+02
5.873000000000000682e+02
5.880399999999999636e+02
5.934199999999999591e+02
6.191000000000000227e+02
6.367599999999999909e+02
6.388400000000000318e+02
6.409700000000000273e+02
6.468799999999999955e+02
6.545199999999999818e+02
6.698000000000000682e+02
6.920000000000000000e+02
6.921699999999999591e+02
7.022500000000000000e+02
7.046800000000000637e+02
7.094400000000000546e+02
7.647899999999999636e+02
7.722000000000000455e+02
7.829300000000000637e+02
7.940000000000000000e+02
7.999700000000000273e+02
8.113600000000000136e+02
8.207899999999999636e+02
8.239300000000000637e+02
8.342899999999999636e+02
8.355199999999999818e+02
8.601000000000000227e+02
8.703000000000000682e+02
8.721000000000000227e+02
8.773100000000000591e+02
8.779400000000000546e+02
8.791100000000000136e+02
8.804900000000000091e+02
8.827200000000000273e+02
9.158700000000000045e+02
9.350500000000000682e+02
9.518300000000000409e+02
9.633100000000000591e+02
9.769900000000000091e+02
9.877900000000000773e+02
9.898200000000000500e+02
4.440000000000000391e+00
7.429999999999999716e+00
7.560000000000000497e+00
1.066000000000000014e+01
1.235999999999999943e+01
1.735000000000000142e+01
4.453000000000000114e+01
5.145000000000000284e+01
7.185999999999999943e+01
9.943999999999999773e+01
1.163900000000000006e+02
1.183900000000000006e+02
1.185700000000000074e+02
1.285699999999999932e+02
1.382800000000000011e+02
1.641599999999999966e+02
1.774099999999999966e+02
1.837599999999999909e+02
1.858400000000000034e+02
1.875300000000000011e+02
1.879900000000000091e+02
1.929900000000000091e+02
2.057400000000000091e+02
2.196700000000000159e+02
2.216700000000000159e+02
2.483700000000000045e+02
2.514600000000000080e+02
2.543199999999999932e+02
2.668100000000000023e+02
2.800799999999999841e+02
3.048000000000000114e+02
3.219399999999999977e+02
3.412699999999999818e+02
3.693400000000000318e+02
3.843500000000000227e+02
4.042200000000000273e+02
4.089499999999999886e+02
4.123299999999999841e+02
4.277200000000000273e+02
4.457200000000000273e+02
4.597100000000000364e+02
4.645799999999999841e+02
4.842500000000000000e+02
5.389199999999999591e+02
5.488200000000000500e+02
5.763799999999999955e+02
5.873000000000000682e+02
5.880399999999999636e+02
5.934400000000000546e+02
6.191399999999999864e+02
6.367599999999999909e+02
6.388799999999999955e+02
6.409800000000000182e+02
6.468899999999999864e+02
6.545199999999999818e+02
6.920199999999999818e+02
7.022500000000000000e+02
7.094600000000000364e+02
7.647899999999999636e+02
7.722000000000000455e+02
7.829300000000000637e+02
7.940099999999999909e+02
7.999700000000000273e+02
8.239300000000000637e+02
8.342899999999999636e+02
8.355199999999999818e+02
8.703000000000000682e+02
8.773100000000000591e+02
8.779600000000000364e+02
8.805299999999999727e+02
8.827200000000000273e+02
9.633300000000000409e+02
9.769900000000000091e+02
9.898200000000000500e+02
4.469999999999999751e+00
4.440000000000000391e+00
7.429999999999999716e+00
7.560000000000000497e+00
1.063000000000000078e+01
1.235999999999999943e+01
1.349000000000000021e+01
1.653999999999999915e+01
1.735999999999999943e+01
1.857000000000000028e+01
2.144999999999999929e+01
2.467999999999999972e+01
3.267999999999999972e+01
3.755000000000000426e+01
4.259000000000000341e+01
4.563000000000000256e+01
4.960999999999999943e+01
5.357999999999999829e+01
5.863000000000000256e+01
6.673999999999999488e+01
7.185999999999999943e+01
7.473000000000000398e+01
7.771999999999999886e+01
8.157999999999999829e+01
8.390999999999999659e+01
8.660000000000000853e+01
8.965999999999999659e+01
9.170000000000000284e+01
9.764000000000000057e+01
9.946000000000000796e+01
1.008100000000000023e+02
1.037400000000000091e+02
1.126099999999999994e+02
1.148500000000000085e+02
1.163900000000000006e+02
1.168799999999999955e+02
1.186099999999999994e+02
1.197500000000000000e+02
1.276200000000000045e+02
1.285699999999999932e+02
1.386500000000000057e+02
1.409500000000000171e+02
1.437100000000000080e+02
1.468199999999999932e+02
1.516700000000000159e+02
1.607800000000000011e+02
1.630000000000000000e+02
1.676899999999999977e+02
1.720300000000000011e+02
1.768100000000000023e+02
1.809600000000000080e+02
1.837599999999999909e+02
1.858400000000000034e+02
1.879900000000000091e+02
1.881599999999999966e+02
1.930099999999999909e+02
1.940800000000000125e+02
1.979000000000000057e+02
2.029099999999999966e+02
2.057599999999999909e+02
2.097199999999999989e+02
2.117899999999999920e+02
2.177400000000000091e+02
2.198000000000000114e+02
2.259000000000000057e+02
2.342500000000000000e+02
2.433400000000000034e+02
2.484399999999999977e+02
2.527100000000000080e+02
2.543600000000000136e+02
2.547800000000000011e+02
2.588899999999999864e+02
2.622900000000000205e+02
2.653199999999999932e+02
2.696899999999999977e+02
2.777599999999999909e+02
2.800799999999999841e+02
2.803600000000000136e+02
2.830000000000000000e+02
2.864800000000000182e+02
2.885400000000000205e+02
2.917500000000000000e+02
2.986100000000000136e+02
3.027900000000000205e+02
3.048100000000000023e+02
3.053700000000000045e+02
3.139399999999999977e+02
3.159700000000000273e+02
3.219499999999999886e+02
3.227200000000000273e+02
3.338600000000000136e+02
3.365799999999999841e+02
3.413000000000000114e+02
3.447200000000000273e+02
3.489300000000000068e+02
3.517300000000000182e+02
3.589000000000000341e+02
3.616000000000000227e+02
3.639200000000000159e+02
3.659700000000000273e+02
3.693700000000000045e+02
3.719100000000000250e+02
3.750199999999999818e+02
3.786100000000000136e+02
3.806999999999999886e+02
3.843600000000000136e+02
3.846100000000000136e+02
3.866600000000000250e+02
3.999200000000000159e+02
4.042200000000000273e+02
4.068600000000000136e+02
4.089800000000000182e+02
4.123299999999999841e+02
4.139100000000000250e+02
4.189499999999999886e+02
4.240500000000000114e+02
4.267300000000000182e+02
4.277599999999999909e+02
4.299399999999999977e+02
4.359499999999999886e+02
4.440000000000000000e+02
4.457900000000000205e+02
4.460300000000000296e+02
4.560300000000000296e+02
4.597200000000000273e+02
4.646399999999999864e+02
4.648600000000000136e+02
4.679800000000000182e+02
4.759900000000000091e+02
4.830799999999999841e+02
4.842599999999999909e+02
4.900600000000000023e+02
4.929600000000000364e+02
4.960300000000000296e+02
4.980900000000000318e+02
5.020900000000000318e+02
5.051000000000000227e+02
5.090500000000000114e+02
5.120399999999999636e+02
5.141299999999999955e+02
5.161599999999999682e+02
5.200700000000000500e+02
5.230900000000000318e+02
5.261699999999999591e+02
5.282000000000000455e+02
5.302300000000000182e+02
5.322500000000000000e+02
5.342799999999999727e+02
5.421800000000000637e+02
5.471299999999999955e+02
5.522300000000000182e+02
5.542799999999999727e+02
5.572100000000000364e+02
5.602400000000000091e+02
5.641000000000000227e+02
5.702799999999999727e+02
5.723100000000000591e+02
5.764099999999999682e+02
5.772699999999999818e+02
5.793400000000000318e+02
5.873000000000000682e+02
5.873500000000000227e+02
5.880399999999999636e+02
5.934600000000000364e+02
5.942100000000000364e+02
5.963100000000000591e+02
6.012500000000000000e+02
6.033700000000000045e+02
6.054099999999999682e+02
6.074500000000000455e+02
6.114099999999999682e+02
6.183899999999999864e+02
6.191800000000000637e+02
6.204800000000000182e+02
6.232699999999999818e+02
6.341900000000000546e+02
6.367599999999999909e+02
6.409800000000000182e+02
6.468999999999999773e+02
6.473200000000000500e+02
6.503500000000000227e+02
6.545199999999999818e+02
6.575500000000000682e+02
6.612899999999999636e+02
6.646200000000000045e+02
6.673300000000000409e+02
6.704600000000000364e+02
6.764099999999999682e+02
6.812100000000000364e+02
6.832500000000000000e+02
6.876499999999999773e+02
6.956399999999999864e+02
7.022699999999999818e+02
7.022500000000000000e+02
7.043000000000000682e+02
7.094700000000000273e+02
7.122599999999999909e+02
7.202100000000000364e+02
7.274300000000000637e+02
7.296200000000000045e+02
7.316800000000000637e+02
7.347300000000000182e+02
7.368600000000000136e+02
7.419099999999999682e+02
7.453999999999999773e+02
7.578600000000000136e+02
7.609300000000000637e+02
7.632500000000000000e+02
7.647899999999999636e+02
7.653100000000000591e+02
7.693799999999999955e+02
7.722000000000000455e+02
7.727599999999999909e+02
7.753100000000000591e+02
7.774099999999999682e+02
7.798899999999999864e+02
7.829400000000000546e+02
7.832500000000000000e+02
7.859800000000000182e+02
7.880099999999999909e+02
7.951000000000000227e+02
7.978999999999999773e+02
8.010700000000000500e+02
8.031100000000000136e+02
8.063300000000000409e+02
8.111499999999999773e+02
8.153799999999999955e+02
8.184200000000000728e+02
8.211100000000000136e+02
8.239300000000000637e+02
8.253600000000000136e+02
8.342899999999999636e+02
8.345199999999999818e+02
8.373600000000000136e+02
8.404300000000000637e+02
8.434800000000000182e+02
8.455199999999999818e+02
8.475500000000000682e+02
8.552699999999999818e+02
8.590299999999999727e+02
8.696200000000000045e+02
8.703000000000000682e+02
8.773100000000000591e+02
8.775000000000000000e+02
8.779700000000000273e+02
8.814500000000000455e+02
8.827200000000000273e+02
8.835099999999999909e+02
8.912699999999999818e+02
8.943300000000000409e+02
8.972699999999999818e+02
8.995199999999999818e+02
9.034300000000000637e+02
9.063999999999999773e+02
9.265399999999999636e+02
9.396399999999999864e+02
9.446499999999999773e+02
9.466700000000000728e+02
9.496200000000000045e+02
9.534900000000000091e+02
9.676100000000000136e+02
9.696399999999999864e+02
9.725399999999999636e+02
9.745700000000000500e+02
9.769900000000000091e+02
9.815399999999999636e+02
9.898200000000000500e+02
9.905800000000000409e+02
9.937300000000000182e+02
9.977200000000000273e+02
4.480000000000000426e+00
4.440000000000000391e+00
7.429999999999999716e+00
7.560000000000000497e+00
1.066999999999999993e+01
1.235999999999999943e+01
1.350999999999999979e+01
1.662000000000000099e+01
1.737999999999999901e+01
1.969000000000000128e+01
2.171999999999999886e+01
2.473000000000000043e+01
3.271999999999999886e+01
3.757999999999999829e+01
4.267000000000000171e+01
4.570000000000000284e+01
4.964000000000000057e+01
5.366000000000000369e+01
5.868999999999999773e+01
6.679000000000000625e+01
7.185999999999999943e+01
7.475000000000000000e+01
7.779999999999999716e+01
8.167000000000000171e+01
8.401999999999999602e+01
8.665000000000000568e+01
8.971000000000000796e+01
9.179999999999999716e+01
9.767000000000000171e+01
9.946999999999999886e+01
1.009300000000000068e+02
1.126200000000000045e+02
1.148700000000000045e+02
1.163900000000000006e+02
1.169099999999999966e+02
1.198299999999999983e+02
1.277300000000000040e+02
1.285699999999999932e+02
1.386700000000000159e+02
1.409799999999999898e+02
1.448600000000000136e+02
1.469099999999999966e+02
1.517400000000000091e+02
1.608000000000000114e+02
1.630200000000000102e+02
1.677000000000000171e+02
1.737500000000000000e+02
1.769200000000000159e+02
1.810000000000000000e+02
1.837599999999999909e+02
1.858400000000000034e+02
1.879900000000000091e+02
1.979600000000000080e+02
2.058300000000000125e+02
2.097700000000000102e+02
2.118499999999999943e+02
2.177800000000000011e+02
2.270600000000000023e+02
2.343000000000000114e+02
2.527100000000000080e+02
2.548000000000000114e+02
2.653199999999999932e+02
2.697500000000000000e+02
2.778299999999999841e+02
2.800799999999999841e+02
2.804000000000000341e+02
2.830500000000000114e+02
2.871999999999999886e+02
2.986299999999999955e+02
3.029000000000000341e+02
3.048199999999999932e+02
3.057200000000000273e+02
3.140099999999999909e+02
3.219499999999999886e+02
3.227900000000000205e+02
3.339000000000000341e+02
3.413500000000000227e+02
3.447300000000000182e+02
3.489499999999999886e+02
3.589599999999999795e+02
3.616200000000000045e+02
3.639800000000000182e+02
3.694900000000000091e+02
3.719300000000000068e+02
3.786299999999999955e+02
3.807300000000000182e+02
3.843899999999999864e+02
3.846299999999999955e+02
3.866999999999999886e+02
3.999399999999999977e+02
4.042200000000000273e+02
4.069000000000000341e+02
4.090000000000000000e+02
4.123400000000000318e+02
4.139300000000000068e+02
4.190000000000000000e+02
4.241000000000000227e+02
4.299800000000000182e+02
4.359700000000000273e+02
4.441000000000000227e+02
4.461500000000000341e+02
4.570500000000000114e+02
4.597200000000000273e+02
4.649300000000000068e+02
4.680199999999999818e+02
4.760500000000000114e+02
4.831399999999999864e+02
4.842699999999999818e+02
4.901200000000000045e+02
4.930099999999999909e+02
4.961000000000000227e+02
4.990900000000000318e+02
5.021800000000000068e+02
5.051600000000000250e+02
5.090900000000000318e+02
5.120499999999999545e+02
5.141399999999999864e+02
5.161800000000000637e+02
5.200900000000000318e+02
5.231399999999999864e+02
5.281299999999999955e+02
5.301800000000000637e+02
5.322000000000000455e+02
5.343200000000000500e+02
5.422100000000000364e+02
5.471499999999999773e+02
5.523300000000000409e+02
5.543799999999999955e+02
5.573100000000000591e+02
5.602799999999999727e+02
5.641699999999999591e+02
5.723000000000000682e+02
5.764800000000000182e+02
5.773100000000000591e+02
5.793999999999999773e+02
5.873000000000000682e+02
5.880399999999999636e+02
5.935099999999999909e+02
5.942300000000000182e+02
5.963300000000000409e+02
6.012799999999999727e+02
6.034500000000000455e+02
6.055000000000000000e+02
6.082300000000000182e+02
6.115099999999999909e+02
6.184199999999999591e+02
6.205399999999999636e+02
6.233200000000000500e+02
6.343000000000000682e+02
6.367599999999999909e+02
6.409800000000000182e+02
6.469199999999999591e+02
6.473600000000000136e+02
6.503999999999999773e+02
6.545199999999999818e+02
6.575600000000000591e+02
6.613100000000000591e+02
6.647000000000000455e+02
6.674099999999999682e+02
6.705000000000000000e+02
6.764700000000000273e+02
6.812599999999999909e+02
6.833100000000000591e+02
6.886399999999999864e+02
6.957000000000000455e+02
7.022599999999999909e+02
7.042799999999999727e+02
7.095000000000000000e+02
7.122799999999999727e+02
7.274600000000000364e+02
7.296399999999999864e+02
7.318600000000000136e+02
7.348000000000000682e+02
7.386699999999999591e+02
7.454600000000000364e+02
7.578899999999999864e+02
7.609600000000000364e+02
7.633799999999999955e+02
7.647899999999999636e+02
7.654200000000000728e+02
7.693899999999999864e+02
7.722000000000000455e+02
7.729200000000000728e+02
7.774700000000000273e+02
7.799300000000000637e+02
7.829400000000000546e+02
7.833200000000000500e+02
7.860399999999999636e+02
7.880800000000000409e+02
7.953400000000000318e+02
8.031200000000000045e+02
8.063899999999999864e+02
8.114800000000000182e+02
8.153999999999999773e+02
8.211399999999999864e+02
8.239300000000000637e+02
8.253799999999999955e+02
8.342899999999999636e+02
8.345700000000000500e+02
8.373899999999999864e+02
8.411599999999999682e+02
8.455299999999999727e+02
8.475900000000000318e+02
8.552899999999999636e+02
8.590600000000000591e+02
8.703000000000000682e+02
8.702500000000000000e+02
8.773100000000000591e+02
8.775299999999999727e+02
8.779800000000000182e+02
8.827200000000000273e+02
8.835800000000000409e+02
8.913400000000000318e+02
8.943799999999999955e+02
8.973700000000000045e+02
8.995900000000000318e+02
9.035099999999999909e+02
9.064900000000000091e+02
9.396499999999999773e+02
9.446900000000000546e+02
9.467100000000000364e+02
9.496599999999999682e+02
9.535500000000000682e+02
9.676399999999999864e+02
9.696900000000000546e+02
9.725600000000000591e+02
9.746100000000000136e+02
9.769900000000000091e+02
9.815600000000000591e+02
9.898200000000000500e+02
9.906299999999999955e+02
9.937599999999999909e+02
9.978200000000000500e+02
4.500000000000000000e+00
4.440000000000000391e+00
7.429999999999999716e+00
7.560000000000000497e+00
1.235999999999999943e+01
1.353000000000000114e+01
1.740000000000000213e+01
2.167000000000000171e+01
3.760000000000000142e+01
4.967000000000000171e+01
7.185999999999999943e+01
7.479000000000000625e+01
8.671999999999999886e+01
9.771000000000000796e+01
9.949000000000000909e+01
1.126400000000000006e+02
1.149099999999999966e+02
1.163900000000000006e+02
1.179399999999999977e+02
1.285800000000000125e+02
1.386899999999999977e+02
1.410000000000000000e+02
1.608199999999999932e+02
1.630500000000000114e+02
1.677100000000000080e+02
1.777599999999999909e+02
1.817299999999999898e+02
1.837599999999999909e+02
1.858400000000000034e+02
1.879900000000000091e+02
2.349300000000000068e+02
2.527100000000000080e+02
2.548199999999999932e+02
2.653299999999999841e+02
2.697800000000000296e+02
2.800799999999999841e+02
2.806600000000000250e+02
2.832900000000000205e+02
2.986500000000000341e+02
3.029700000000000273e+02
3.048299999999999841e+02
3.158299999999999841e+02
3.219499999999999886e+02
3.228400000000000318e+02
3.413799999999999955e+02
3.447400000000000091e+02
3.489700000000000273e+02
3.616700000000000159e+02
3.648799999999999955e+02
3.695400000000000205e+02
3.719599999999999795e+02
3.786600000000000250e+02
3.808100000000000023e+02
3.844300000000000068e+02
3.846800000000000068e+02
3.999600000000000364e+02
4.042200000000000273e+02
4.069499999999999886e+02
4.090699999999999932e+02
4.123700000000000045e+02
4.139600000000000364e+02
4.359800000000000182e+02
4.597300000000000182e+02
4.680799999999999841e+02
4.832100000000000364e+02
4.842800000000000296e+02
4.931000000000000227e+02
5.120600000000000591e+02
5.141499999999999773e+02
5.162200000000000273e+02
5.201000000000000227e+02
5.320900000000000318e+02
5.422400000000000091e+02
5.471800000000000637e+02
5.603300000000000409e+02
5.873000000000000682e+02
5.942400000000000091e+02
5.963600000000000136e+02
6.013100000000000591e+02
6.184800000000000182e+02
6.367599999999999909e+02
6.409900000000000091e+02
6.469500000000000455e+02
6.474099999999999682e+02
6.545199999999999818e+02
6.575700000000000500e+02
6.613400000000000318e+02
6.705399999999999636e+02
6.773500000000000227e+02
6.835500000000000682e+02
6.966499999999999773e+02
7.022599999999999909e+02
7.043200000000000500e+02
7.095399999999999636e+02
7.123100000000000591e+02
7.296499999999999773e+02
7.579400000000000546e+02
7.610099999999999909e+02
7.647899999999999636e+02
7.654099999999999682e+02
7.693999999999999773e+02
7.722000000000000455e+02
7.800199999999999818e+02
7.829500000000000455e+02
7.833799999999999955e+02
8.031299999999999955e+02
8.154400000000000546e+02
8.212200000000000273e+02
8.239300000000000637e+02
8.253999999999999773e+02
8.342899999999999636e+02
8.374400000000000546e+02
8.553200000000000500e+02
8.591000000000000227e+02
8.703000000000000682e+02
8.773100000000000591e+02
8.780099999999999909e+02
8.827300000000000182e+02
8.953700000000000045e+02
9.396700000000000728e+02
9.466399999999999864e+02
9.677000000000000455e+02
9.725800000000000409e+02
9.769900000000000091e+02
9.815800000000000409e+02
9.906800000000000637e+02
9.938000000000000682e+02
4.440000000000000391e+00
4.530000000000000249e+00
7.429999999999999716e+00
7.560000000000000497e+00
1.235999999999999943e+01
1.355000000000000071e+01
1.744000000000000128e+01
3.764000000000000057e+01
4.970000000000000284e+01
7.185999999999999943e+01
9.778000000000000114e+01
1.126700000000000017e+02
1.163900000000000006e+02
1.285800000000000125e+02
1.387199999999999989e+02
1.410200000000000102e+02
1.608600000000000136e+02
1.630900000000000034e+02
1.677199999999999989e+02
1.837599999999999909e+02
1.858400000000000034e+02
1.879900000000000091e+02
2.527100000000000080e+02
2.548499999999999943e+02
2.653400000000000318e+02
2.698299999999999841e+02
2.800799999999999841e+02
2.833299999999999841e+02
2.986700000000000159e+02
3.048500000000000227e+02
3.219599999999999795e+02
3.447500000000000000e+02
3.490099999999999909e+02
3.618199999999999932e+02
3.720300000000000296e+02
3.848500000000000227e+02
3.999900000000000091e+02
4.042200000000000273e+02
4.070000000000000000e+02
4.139800000000000182e+02
4.360000000000000000e+02
4.597400000000000091e+02
4.842900000000000205e+02
5.120700000000000500e+02
5.141699999999999591e+02
5.201200000000000045e+02
5.321699999999999591e+02
5.422599999999999909e+02
5.472100000000000364e+02
5.873000000000000682e+02
5.942500000000000000e+02
5.963999999999999773e+02
6.013500000000000227e+02
6.185299999999999727e+02
6.367599999999999909e+02
6.409900000000000091e+02
6.475099999999999909e+02
6.545199999999999818e+02
6.575900000000000318e+02
6.773999999999999773e+02
7.022699999999999818e+02
7.123400000000000318e+02
7.296599999999999682e+02
7.647899999999999636e+02
7.693999999999999773e+02
7.722000000000000455e+02
7.829600000000000364e+02
8.031499999999999773e+02
8.239300000000000637e+02
8.254300000000000637e+02
8.342899999999999636e+02
8.384600000000000364e+02
8.553400000000000318e+02
8.703000000000000682e+02
8.773100000000000591e+02
8.780500000000000682e+02
8.827300000000000182e+02
8.954200000000000728e+02
9.396900000000000546e+02
9.466800000000000637e+02
9.726100000000000136e+02
9.769900000000000091e+02
9.816100000000000136e+02
3.530000000000000249e+00
7.560000000000000497e+00
1.235999999999999943e+01
1.350000000000000000e+01
1.362000000000000099e+01
1.741000000000000014e+01
2.833000000000000185e+01
3.035000000000000142e+01
3.242000000000000171e+01
3.842000000000000171e+01
4.132000000000000028e+01
5.623000000000000398e+01
6.016000000000000369e+01
6.220000000000000284e+01
6.825000000000000000e+01
7.185999999999999943e+01
7.612999999999999545e+01
7.910999999999999943e+01
8.209000000000000341e+01
8.412000000000000455e+01
9.318000000000000682e+01
1.010900000000000034e+02
1.050400000000000063e+02
1.127100000000000080e+02
1.127500000000000000e+02
1.148299999999999983e+02
1.163900000000000006e+02
1.171500000000000057e+02
1.196500000000000057e+02
1.227900000000000063e+02
1.285800000000000125e+02
1.349600000000000080e+02
1.385399999999999920e+02
1.410399999999999920e+02
1.446800000000000068e+02
1.525200000000000102e+02
1.609099999999999966e+02
1.618000000000000114e+02
1.676700000000000159e+02
1.677400000000000091e+02
1.697000000000000171e+02
1.787500000000000000e+02
1.837599999999999909e+02
1.858400000000000034e+02
1.863700000000000045e+02
1.879900000000000091e+02
1.886100000000000136e+02
1.972800000000000011e+02
2.052100000000000080e+02
2.113900000000000148e+02
2.223400000000000034e+02
2.279399999999999977e+02
2.314900000000000091e+02
2.345200000000000102e+02
2.381200000000000045e+02
2.442500000000000000e+02
2.480000000000000000e+02
2.527100000000000080e+02
2.647699999999999818e+02
2.653400000000000318e+02
2.698600000000000136e+02
2.734900000000000091e+02
2.791299999999999955e+02
2.800799999999999841e+02
2.834000000000000341e+02
2.835799999999999841e+02
2.891200000000000045e+02
2.932300000000000182e+02
2.987200000000000273e+02
3.034800000000000182e+02
3.048600000000000136e+02
3.105400000000000205e+02
3.219599999999999795e+02
3.280300000000000296e+02
3.313199999999999932e+02
3.400300000000000296e+02
3.447699999999999818e+02
3.469200000000000159e+02
3.532099999999999795e+02
3.560500000000000114e+02
3.611600000000000250e+02
3.647699999999999818e+02
3.699200000000000159e+02
3.758000000000000114e+02
3.849100000000000250e+02
3.967200000000000273e+02
4.042200000000000273e+02
4.047300000000000182e+02
4.097900000000000205e+02
4.118199999999999932e+02
4.138500000000000227e+02
4.255199999999999818e+02
4.295099999999999909e+02
4.360300000000000296e+02
4.453400000000000318e+02
4.514900000000000091e+02
4.574399999999999977e+02
4.597400000000000091e+02
4.604100000000000250e+02
4.683199999999999932e+02
4.703500000000000227e+02
4.752699999999999818e+02
4.843100000000000023e+02
4.862100000000000364e+02
4.902100000000000364e+02
4.931100000000000136e+02
4.981100000000000136e+02
5.031000000000000227e+02
5.101299999999999955e+02
5.120800000000000409e+02
5.131699999999999591e+02
5.142000000000000455e+02
5.159700000000000273e+02
5.180700000000000500e+02
5.201399999999999864e+02
5.231000000000000227e+02
5.300499999999999545e+02
5.422999999999999545e+02
5.468300000000000409e+02
5.527400000000000091e+02
5.599099999999999682e+02
5.619400000000000546e+02
5.639800000000000182e+02
5.660099999999999909e+02
5.787200000000000273e+02
5.818300000000000409e+02
5.873000000000000682e+02
5.885600000000000591e+02
5.942599999999999909e+02
5.967200000000000273e+02
5.987400000000000091e+02
6.066000000000000227e+02
6.104400000000000546e+02
6.145600000000000591e+02
6.234400000000000546e+02
6.324199999999999591e+02
6.344500000000000455e+02
6.367599999999999909e+02
6.382599999999999909e+02
6.410000000000000000e+02
6.445700000000000500e+02
6.540700000000000500e+02
6.545199999999999818e+02
6.563400000000000318e+02
6.576200000000000045e+02
6.622899999999999636e+02
6.643100000000000591e+02
6.682200000000000273e+02
6.743200000000000500e+02
6.951499999999999773e+02
7.022699999999999818e+02
7.102200000000000273e+02
7.123600000000000136e+02
7.126100000000000136e+02
7.206299999999999955e+02
7.255800000000000409e+02
7.284199999999999591e+02
7.296800000000000637e+02
7.358400000000000318e+02
7.378700000000000045e+02
7.568999999999999773e+02
7.647899999999999636e+02
7.658799999999999955e+02
7.694099999999999682e+02
7.722000000000000455e+02
7.743300000000000409e+02
7.772100000000000364e+02
7.807000000000000455e+02
7.841900000000000546e+02
7.910900000000000318e+02
7.940700000000000500e+02
7.970900000000000318e+02
8.031800000000000637e+02
8.099600000000000364e+02
8.225500000000000682e+02
8.239300000000000637e+02
8.255000000000000000e+02
8.287799999999999727e+02
8.342899999999999636e+02
8.377799999999999727e+02
8.398200000000000500e+02
8.429400000000000546e+02
8.514700000000000273e+02
8.535700000000000500e+02
8.553799999999999955e+02
8.574200000000000728e+02
8.646200000000000045e+02
8.675399999999999636e+02
8.703000000000000682e+02
8.715000000000000000e+02
8.735199999999999818e+02
8.773100000000000591e+02
8.776599999999999682e+02
8.827300000000000182e+02
8.852400000000000091e+02
8.913600000000000136e+02
8.944700000000000273e+02
9.070900000000000318e+02
9.094700000000000273e+02
9.142599999999999909e+02
9.172100000000000364e+02
9.340299999999999727e+02
9.361000000000000227e+02
9.397500000000000000e+02
9.399800000000000182e+02
9.490600000000000591e+02
9.520199999999999818e+02
9.608400000000000318e+02
9.640000000000000000e+02
9.678200000000000500e+02
9.770000000000000000e+02
9.818500000000000227e+02
9.869200000000000728e+02
9.889500000000000455e+02
9.938100000000000591e+02
9.967500000000000000e+02
3.530000000000000249e+00
7.560000000000000497e+00
1.235999999999999943e+01
1.351999999999999957e+01
1.744000000000000128e+01
2.837999999999999901e+01
3.040000000000000213e+01
3.253000000000000114e+01
3.846999999999999886e+01
4.135000000000000142e+01
5.625000000000000000e+01
6.018999999999999773e+01
6.223000000000000398e+01
6.828000000000000114e+01
7.185999999999999943e+01
7.621999999999999886e+01
7.912999999999999545e+01
8.214000000000000057e+01
8.417000000000000171e+01
9.323000000000000398e+01
1.011599999999999966e+02
1.051000000000000085e+02
1.127400000000000091e+02
1.127800000000000011e+02
1.148599999999999994e+02
1.163900000000000006e+02
1.196700000000000017e+02
1.228200000000000074e+02
1.285800000000000125e+02
1.349799999999999898e+02
1.410600000000000023e+02
1.447599999999999909e+02
1.525900000000000034e+02
1.609399999999999977e+02
1.618199999999999932e+02
1.676899999999999977e+02
1.677500000000000000e+02
1.697400000000000091e+02
1.787899999999999920e+02
1.837599999999999909e+02
1.858400000000000034e+02
1.863900000000000148e+02
1.879900000000000091e+02
1.886599999999999966e+02
2.114699999999999989e+02
2.224200000000000159e+02
2.279600000000000080e+02
2.315200000000000102e+02
2.345500000000000114e+02
2.442800000000000011e+02
2.527199999999999989e+02
2.653500000000000227e+02
2.698999999999999773e+02
2.791500000000000341e+02
2.800799999999999841e+02
2.835900000000000318e+02
3.035300000000000296e+02
3.049000000000000341e+02
3.109800000000000182e+02
3.219599999999999795e+02
3.280300000000000296e+02
3.313700000000000045e+02
3.400900000000000318e+02
3.448100000000000023e+02
3.469399999999999977e+02
3.532099999999999795e+02
3.560500000000000114e+02
3.647800000000000296e+02
3.699499999999999886e+02
3.849600000000000364e+02
3.967800000000000296e+02
4.042200000000000273e+02
4.047699999999999818e+02
4.098100000000000023e+02
4.118700000000000045e+02
4.255500000000000114e+02
4.295500000000000114e+02
4.453700000000000045e+02
4.515199999999999818e+02
4.574900000000000091e+02
4.597500000000000000e+02
4.604399999999999977e+02
4.683600000000000136e+02
4.703899999999999864e+02
4.753100000000000023e+02
4.843400000000000318e+02
4.862500000000000000e+02
4.902300000000000182e+02
4.931200000000000045e+02
4.981399999999999864e+02
5.031700000000000159e+02
5.101700000000000159e+02
5.120800000000000409e+02
5.132000000000000455e+02
5.160000000000000000e+02
5.181399999999999864e+02
5.202000000000000455e+02
5.231499999999999773e+02
5.300600000000000591e+02
5.468700000000000045e+02
5.528100000000000591e+02
5.599400000000000546e+02
5.619700000000000273e+02
5.658300000000000409e+02
5.787899999999999636e+02
5.818999999999999773e+02
5.873000000000000682e+02
5.885800000000000409e+02
5.942699999999999818e+02
5.984400000000000546e+02
6.066299999999999955e+02
6.145900000000000318e+02
6.234800000000000182e+02
6.324500000000000455e+02
6.345099999999999909e+02
6.367599999999999909e+02
6.383000000000000682e+02
6.410000000000000000e+02
6.540800000000000409e+02
6.545199999999999818e+02
6.563500000000000227e+02
6.623600000000000136e+02
6.643899999999999864e+02
6.682599999999999909e+02
6.743500000000000227e+02
6.951599999999999682e+02
7.022799999999999727e+02
7.102500000000000000e+02
7.123899999999999864e+02
7.126499999999999773e+02
7.256200000000000045e+02
7.297100000000000364e+02
7.358500000000000227e+02
7.568999999999999773e+02
7.647899999999999636e+02
7.658999999999999773e+02
7.694099999999999682e+02
7.722000000000000455e+02
7.743300000000000409e+02
7.772100000000000364e+02
7.911100000000000136e+02
7.971200000000000045e+02
8.225600000000000591e+02
8.239300000000000637e+02
8.287899999999999636e+02
8.342899999999999636e+02
8.377899999999999636e+02
8.429800000000000182e+02
8.515099999999999909e+02
8.536499999999999773e+02
8.574400000000000546e+02
8.703000000000000682e+02
8.715600000000000591e+02
8.735800000000000409e+02
8.773100000000000591e+02
8.827300000000000182e+02
8.852899999999999636e+02
8.913899999999999864e+02
8.944800000000000182e+02
9.071000000000000227e+02
9.095000000000000000e+02
9.142899999999999636e+02
9.172599999999999909e+02
9.340800000000000409e+02
9.361599999999999682e+02
9.400099999999999909e+02
9.490900000000000318e+02
9.521100000000000136e+02
9.608700000000000045e+02
9.640700000000000500e+02
9.678400000000000318e+02
9.770000000000000000e+02
9.818600000000000136e+02
9.878999999999999773e+02
9.938799999999999955e+02
9.968000000000000682e+02
3.530000000000000249e+00
4.540000000000000036e+00
7.500000000000000000e+00
7.560000000000000497e+00
1.235999999999999943e+01
1.353000000000000114e+01
1.750000000000000000e+01
2.842000000000000171e+01
3.044000000000000128e+01
3.064000000000000057e+01
4.136999999999999744e+01
4.167000000000000171e+01
4.978999999999999915e+01
5.389999999999999858e+01
5.627000000000000313e+01
6.021999999999999886e+01
6.225000000000000000e+01
6.507000000000000739e+01
6.709999999999999432e+01
6.835999999999999943e+01
6.912999999999999545e+01
7.185999999999999943e+01
7.915999999999999659e+01
8.204000000000000625e+01
8.407000000000000739e+01
9.925000000000000000e+01
1.127699999999999960e+02
1.127999999999999972e+02
1.149000000000000057e+02
1.163900000000000006e+02
1.174000000000000057e+02
1.196899999999999977e+02
1.228599999999999994e+02
1.232100000000000080e+02
1.285800000000000125e+02
1.304600000000000080e+02
1.349900000000000091e+02
1.382299999999999898e+02
1.403199999999999932e+02
1.410800000000000125e+02
1.433000000000000114e+02
1.609900000000000091e+02
1.618400000000000034e+02
1.677700000000000102e+02
1.677100000000000080e+02
1.706599999999999966e+02
1.837599999999999909e+02
1.858400000000000034e+02
1.864099999999999966e+02
1.874600000000000080e+02
1.879900000000000091e+02
2.086400000000000148e+02
2.127400000000000091e+02
2.177599999999999909e+02
2.216400000000000148e+02
2.224600000000000080e+02
2.279800000000000182e+02
2.315600000000000023e+02
2.345999999999999943e+02
2.351500000000000057e+02
2.443199999999999932e+02
2.472300000000000182e+02
2.527199999999999989e+02
2.653600000000000136e+02
2.791600000000000250e+02
2.800799999999999841e+02
2.836100000000000136e+02
2.849100000000000250e+02
3.101100000000000136e+02
3.121500000000000341e+02
3.151999999999999886e+02
3.219700000000000273e+02
3.237800000000000296e+02
3.280300000000000296e+02
3.301200000000000045e+02
3.358400000000000318e+02
3.389599999999999795e+02
3.469599999999999795e+02
3.532200000000000273e+02
3.549399999999999977e+02
3.560500000000000114e+02
3.648000000000000114e+02
3.699700000000000273e+02
3.714000000000000341e+02
3.762099999999999795e+02
3.831100000000000136e+02
3.956800000000000068e+02
4.042200000000000273e+02
4.048299999999999841e+02
4.098500000000000227e+02
4.256200000000000045e+02
4.296100000000000136e+02
4.447400000000000091e+02
4.454000000000000341e+02
4.467699999999999818e+02
4.515799999999999841e+02
4.537500000000000000e+02
4.575600000000000023e+02
4.577900000000000205e+02
4.604600000000000364e+02
4.628299999999999841e+02
4.703899999999999864e+02
4.788700000000000045e+02
4.863000000000000114e+02
4.880699999999999932e+02
4.902699999999999818e+02
4.931299999999999955e+02
4.981600000000000250e+02
5.120900000000000318e+02
5.300700000000000500e+02
5.533400000000000318e+02
5.599900000000000091e+02
5.620600000000000591e+02
5.623600000000000136e+02
5.659099999999999682e+02
5.674800000000000182e+02
5.733700000000000045e+02
5.814400000000000546e+02
5.864600000000000364e+02
5.873000000000000682e+02
5.885199999999999818e+02
5.886000000000000227e+02
5.942899999999999636e+02
5.984300000000000637e+02
5.984700000000000273e+02
6.066699999999999591e+02
6.146299999999999955e+02
6.196599999999999682e+02
6.325299999999999727e+02
6.367599999999999909e+02
6.410099999999999909e+02
6.417500000000000000e+02
6.470700000000000500e+02
6.540800000000000409e+02
6.563500000000000227e+02
6.571499999999999773e+02
6.641200000000000045e+02
6.732500000000000000e+02
6.803200000000000500e+02
6.919199999999999591e+02
6.951699999999999591e+02
7.005800000000000409e+02
7.022799999999999727e+02
7.063100000000000591e+02
7.103100000000000591e+02
7.124400000000000546e+02
7.195199999999999818e+02
7.243999999999999773e+02
7.297200000000000273e+02
7.297200000000000273e+02
7.333400000000000318e+02
7.358600000000000136e+02
7.569099999999999682e+02
7.647899999999999636e+02
7.659300000000000637e+02
7.694200000000000728e+02
7.710600000000000591e+02
7.722000000000000455e+02
7.743400000000000318e+02
7.772100000000000364e+02
7.911299999999999955e+02
7.939900000000000091e+02
7.971800000000000637e+02
7.999700000000000273e+02
8.064500000000000455e+02
8.225700000000000500e+02
8.288000000000000682e+02
8.342899999999999636e+02
8.355199999999999818e+02
8.378100000000000591e+02
8.418500000000000227e+02
8.515600000000000591e+02
8.556599999999999682e+02
8.574600000000000364e+02
8.656599999999999682e+02
8.733899999999999864e+02
8.827300000000000182e+02
8.858500000000000227e+02
8.914099999999999682e+02
8.944900000000000091e+02
8.947899999999999636e+02
9.071200000000000045e+02
9.095500000000000682e+02
9.143300000000000409e+02
9.151100000000000136e+02
9.231800000000000637e+02
9.322300000000000182e+02
9.391800000000000637e+02
9.400900000000000318e+02
9.491299999999999955e+02
9.603500000000000227e+02
9.608899999999999864e+02
9.632699999999999818e+02
9.678700000000000045e+02
9.704300000000000637e+02
9.770000000000000000e+02
9.818700000000000045e+02
3.530000000000000249e+00
4.560000000000000497e+00
7.520000000000000462e+00
7.560000000000000497e+00
1.235999999999999943e+01
1.355000000000000071e+01
2.848000000000000043e+01
3.050000000000000000e+01
3.066000000000000014e+01
4.139999999999999858e+01
4.167999999999999972e+01
4.982000000000000028e+01
5.395000000000000284e+01
5.630000000000000426e+01
6.221999999999999886e+01
6.512000000000000455e+01
6.892000000000000171e+01
7.185999999999999943e+01
7.920000000000000284e+01
8.210999999999999943e+01
8.415000000000000568e+01
1.128400000000000034e+02
1.149900000000000091e+02
1.163900000000000006e+02
1.174600000000000080e+02
1.197100000000000080e+02
1.232300000000000040e+02
1.285900000000000034e+02
1.304900000000000091e+02
1.350000000000000000e+02
1.382299999999999898e+02
1.433300000000000125e+02
1.610200000000000102e+02
1.618700000000000045e+02
1.677899999999999920e+02
1.677299999999999898e+02
1.706899999999999977e+02
1.837599999999999909e+02
1.858400000000000034e+02
1.864500000000000171e+02
1.874699999999999989e+02
1.879900000000000091e+02
2.086500000000000057e+02
2.127899999999999920e+02
2.178900000000000148e+02
2.216500000000000057e+02
2.225399999999999920e+02
2.280200000000000102e+02
2.351599999999999966e+02
2.472899999999999920e+02
2.527199999999999989e+02
2.653700000000000045e+02
2.791800000000000068e+02
2.800799999999999841e+02
2.836399999999999864e+02
2.849300000000000068e+02
3.121500000000000341e+02
3.152200000000000273e+02
3.219700000000000273e+02
3.280400000000000205e+02
3.359000000000000341e+02
3.470000000000000000e+02
3.532200000000000273e+02
3.560500000000000114e+02
3.648199999999999932e+02
3.699900000000000091e+02
3.714300000000000068e+02
3.831299999999999955e+02
4.042300000000000182e+02
4.447599999999999909e+02
4.468100000000000023e+02
4.537699999999999818e+02
4.578400000000000318e+02
4.584200000000000159e+02
4.604900000000000091e+02
4.628600000000000136e+02
4.704300000000000068e+02
4.788799999999999955e+02
4.881200000000000045e+02
4.931299999999999955e+02
4.981899999999999977e+02
5.121000000000000227e+02
5.300900000000000318e+02
5.534099999999999682e+02
5.619099999999999682e+02
5.623700000000000045e+02
5.675199999999999818e+02
5.734199999999999591e+02
5.814800000000000182e+02
5.864900000000000091e+02
5.873100000000000591e+02
5.886000000000000227e+02
5.886299999999999955e+02
5.943200000000000500e+02
5.984500000000000455e+02
5.985399999999999636e+02
6.197300000000000182e+02
6.333300000000000409e+02
6.367599999999999909e+02
6.471399999999999864e+02
6.540900000000000318e+02
6.563600000000000136e+02
6.571800000000000637e+02
6.641499999999999773e+02
6.732899999999999636e+02
6.803500000000000227e+02
6.919400000000000546e+02
6.951800000000000637e+02
7.006100000000000136e+02
7.022899999999999636e+02
7.063200000000000500e+02
7.195399999999999636e+02
7.244099999999999682e+02
7.297899999999999636e+02
7.297300000000000182e+02
7.358799999999999955e+02
7.569099999999999682e+02
7.647899999999999636e+02
7.694200000000000728e+02
7.722000000000000455e+02
7.743400000000000318e+02
7.772100000000000364e+02
7.911399999999999864e+02
7.939900000000000091e+02
7.999700000000000273e+02
8.225700000000000500e+02
8.288100000000000591e+02
8.342899999999999636e+02
8.355199999999999818e+02
8.378300000000000409e+02
8.418799999999999955e+02
8.516000000000000227e+02
8.557000000000000455e+02
8.574900000000000091e+02
8.667300000000000182e+02
8.734200000000000728e+02
8.827400000000000091e+02
8.858799999999999955e+02
8.914500000000000455e+02
8.945000000000000000e+02
8.951200000000000045e+02
9.071399999999999864e+02
9.151800000000000637e+02
9.232300000000000182e+02
9.322599999999999909e+02
9.392100000000000364e+02
9.401399999999999864e+02
9.603799999999999955e+02
9.609200000000000728e+02
9.632699999999999818e+02
9.678899999999999864e+02
9.704500000000000455e+02
9.770000000000000000e+02
9.818899999999999864e+02
3.530000000000000249e+00
4.570000000000000284e+00
7.540000000000000036e+00
1.357000000000000028e+01
3.044000000000000128e+01
3.067999999999999972e+01
4.170000000000000284e+01
6.224000000000000199e+01
6.696999999999999886e+01
6.903000000000000114e+01
8.420000000000000284e+01
1.150400000000000063e+02
1.197500000000000000e+02
1.232500000000000000e+02
1.305399999999999920e+02
1.350099999999999909e+02
1.382400000000000091e+02
1.433600000000000136e+02
1.610600000000000023e+02
1.677599999999999909e+02
1.707299999999999898e+02
1.864699999999999989e+02
1.874699999999999989e+02
2.086500000000000057e+02
2.179099999999999966e+02
2.216500000000000057e+02
2.351599999999999966e+02
2.483199999999999932e+02
2.527199999999999989e+02
2.653799999999999955e+02
2.791999999999999886e+02
2.849499999999999886e+02
3.121800000000000068e+02
3.152400000000000091e+02
3.280400000000000205e+02
3.532300000000000182e+02
3.560500000000000114e+02
3.648500000000000227e+02
3.700000000000000000e+02
3.714700000000000273e+02
3.831500000000000341e+02
4.448000000000000114e+02
4.538000000000000114e+02
4.584499999999999886e+02
4.605099999999999909e+02
4.629100000000000250e+02
4.788899999999999864e+02
4.931399999999999864e+02
5.121200000000000045e+02
5.301000000000000227e+02
5.623799999999999955e+02
5.637899999999999636e+02
5.865199999999999818e+02
5.880399999999999636e+02
5.984700000000000273e+02
6.333600000000000136e+02
6.541000000000000227e+02
6.563700000000000045e+02
6.572200000000000273e+02
6.642000000000000455e+02
6.919500000000000455e+02
6.952000000000000455e+02
7.063200000000000500e+02
7.195800000000000409e+02
7.244199999999999591e+02
7.297500000000000000e+02
7.358899999999999864e+02
7.569099999999999682e+02
7.694300000000000637e+02
7.743400000000000318e+02
7.772200000000000273e+02
7.911700000000000728e+02
7.939900000000000091e+02
7.999700000000000273e+02
8.225800000000000409e+02
8.288200000000000500e+02
8.355199999999999818e+02
8.378500000000000227e+02
8.419099999999999682e+02
8.557599999999999909e+02
8.667699999999999818e+02
8.734900000000000091e+02
8.859099999999999682e+02
8.945099999999999909e+02
9.071900000000000546e+02
9.232899999999999636e+02
9.323100000000000591e+02
9.392899999999999636e+02
9.603999999999999773e+02
9.632799999999999727e+02
9.679200000000000728e+02
9.704800000000000182e+02
9.818999999999999773e+02
9.898200000000000500e+02
3.530000000000000249e+00
4.600000000000000533e+00
7.560000000000000497e+00
3.046999999999999886e+01
3.071000000000000085e+01
4.171000000000000085e+01
6.225000000000000000e+01
1.207900000000000063e+02
1.232800000000000011e+02
1.350099999999999909e+02
1.382400000000000091e+02
1.694900000000000091e+02
1.865000000000000000e+02
1.874799999999999898e+02
2.086599999999999966e+02
2.179399999999999977e+02
2.216500000000000057e+02
2.351700000000000159e+02
2.527199999999999989e+02
2.654300000000000068e+02
2.792400000000000091e+02
2.849800000000000182e+02
3.122300000000000182e+02
3.152800000000000296e+02
3.280400000000000205e+02
3.532300000000000182e+02
3.560500000000000114e+02
3.700199999999999818e+02
3.831700000000000159e+02
4.538299999999999841e+02
4.584800000000000182e+02
4.605400000000000205e+02
4.789000000000000341e+02
4.931399999999999864e+02
5.121599999999999682e+02
5.301200000000000045e+02
5.623899999999999864e+02
5.865500000000000682e+02
5.880399999999999636e+02
5.984900000000000091e+02
6.333999999999999773e+02
6.541000000000000227e+02
6.563799999999999955e+02
6.919600000000000364e+02
6.952300000000000182e+02
7.063300000000000409e+02
7.244300000000000637e+02
7.297899999999999636e+02
7.359099999999999682e+02
7.569099999999999682e+02
7.694400000000000546e+02
7.743500000000000227e+02
7.772200000000000273e+02
7.912000000000000455e+02
7.939900000000000091e+02
7.999700000000000273e+02
8.225900000000000318e+02
8.288400000000000318e+02
8.355199999999999818e+02
8.668100000000000591e+02
8.735199999999999818e+02
8.945199999999999818e+02
9.604400000000000546e+02
9.632799999999999727e+02
9.679400000000000546e+02
9.819200000000000728e+02
9.898200000000000500e+02
3.530000000000000249e+00
4.440000000000000391e+00
7.429999999999999716e+00
7.580000000000000071e+00
9.500000000000000000e+00
1.165000000000000036e+01
1.550000000000000000e+01
1.955999999999999872e+01
2.253000000000000114e+01
2.855000000000000071e+01
3.057000000000000028e+01
3.348000000000000398e+01
3.645000000000000284e+01
3.939000000000000057e+01
4.146999999999999886e+01
4.171999999999999886e+01
4.436999999999999744e+01
4.756000000000000227e+01
5.128000000000000114e+01
5.532999999999999829e+01
5.757000000000000028e+01
5.960999999999999943e+01
6.227000000000000313e+01
6.353000000000000114e+01
7.039000000000000057e+01
7.242000000000000171e+01
7.445000000000000284e+01
7.943999999999999773e+01
8.148999999999999488e+01
8.648000000000000398e+01
8.935000000000000853e+01
9.239000000000000057e+01
9.556000000000000227e+01
9.757999999999999829e+01
1.033599999999999994e+02
1.163900000000000006e+02
1.184000000000000057e+02
1.207999999999999972e+02
1.253100000000000023e+02
1.292299999999999898e+02
1.324499999999999886e+02
1.350200000000000102e+02
1.361999999999999886e+02
1.382500000000000000e+02
1.422000000000000171e+02
1.463600000000000136e+02
1.493300000000000125e+02
1.521299999999999955e+02
1.542899999999999920e+02
1.594699999999999989e+02
1.615000000000000000e+02
1.635600000000000023e+02
1.662100000000000080e+02
1.695000000000000000e+02
1.695099999999999909e+02
1.734099999999999966e+02
1.761200000000000045e+02
1.850200000000000102e+02
1.874900000000000091e+02
1.913600000000000136e+02
1.934000000000000057e+02
1.990699999999999932e+02
2.043799999999999955e+02
2.086700000000000159e+02
2.092300000000000182e+02
2.112599999999999909e+02
2.141200000000000045e+02
2.162800000000000011e+02
2.179800000000000182e+02
2.216500000000000057e+02
2.248400000000000034e+02
2.288400000000000034e+02
2.308700000000000045e+02
2.351700000000000159e+02
2.388300000000000125e+02
2.418400000000000034e+02
2.448499999999999943e+02
2.482000000000000171e+02
2.503700000000000045e+02
2.541700000000000159e+02
2.603700000000000045e+02
2.624200000000000159e+02
2.652599999999999909e+02
2.687400000000000091e+02
2.759300000000000068e+02
2.779499999999999886e+02
2.807500000000000000e+02
2.906399999999999864e+02
2.928199999999999932e+02
2.951700000000000159e+02
2.986899999999999977e+02
3.014599999999999795e+02
3.045000000000000000e+02
3.084700000000000273e+02
3.112099999999999795e+02
3.215400000000000205e+02
3.275099999999999909e+02
3.280400000000000205e+02
3.332900000000000205e+02
3.362900000000000205e+02
3.411600000000000250e+02
3.435400000000000205e+02
3.466200000000000045e+02
3.491800000000000068e+02
3.532400000000000091e+02
3.545699999999999932e+02
3.560500000000000114e+02
3.575699999999999932e+02
3.620799999999999841e+02
3.685900000000000318e+02
3.700400000000000205e+02
3.734599999999999795e+02
3.816000000000000227e+02
3.832300000000000182e+02
3.873700000000000045e+02
3.934300000000000068e+02
3.954499999999999886e+02
3.992699999999999818e+02
4.040900000000000318e+02
4.061800000000000068e+02
4.113199999999999932e+02
4.133700000000000045e+02
4.153899999999999864e+02
4.192100000000000364e+02
4.242599999999999909e+02
4.292300000000000182e+02
4.312599999999999909e+02
4.353199999999999932e+02
4.382400000000000091e+02
4.461500000000000341e+02
4.482500000000000000e+02
4.551800000000000068e+02
4.572100000000000364e+02
4.592300000000000182e+02
4.621100000000000136e+02
4.642300000000000182e+02
4.662599999999999909e+02
4.712200000000000273e+02
4.732699999999999818e+02
4.761600000000000250e+02
4.781999999999999886e+02
4.789100000000000250e+02
4.840900000000000318e+02
4.881600000000000250e+02
4.901800000000000068e+02
4.931399999999999864e+02
4.931500000000000341e+02
4.981299999999999955e+02
5.001600000000000250e+02
5.041399999999999864e+02
5.070900000000000318e+02
5.091500000000000341e+02
5.121699999999999591e+02
5.142000000000000455e+02
5.171000000000000227e+02
5.251000000000000227e+02
5.271299999999999955e+02
5.301599999999999682e+02
5.349800000000000182e+02
5.370099999999999909e+02
5.400600000000000591e+02
5.440499999999999545e+02
5.461000000000000227e+02
5.490099999999999909e+02
5.539600000000000364e+02
5.580199999999999818e+02
5.624099999999999682e+02
5.678899999999999864e+02
5.729500000000000455e+02
5.769800000000000182e+02
5.817899999999999636e+02
5.838799999999999955e+02
5.878799999999999955e+02
5.880399999999999636e+02
5.900000000000000000e+02
5.920199999999999818e+02
5.940500000000000682e+02
5.960700000000000500e+02
5.985399999999999636e+02
5.999900000000000091e+02
6.039199999999999591e+02
6.109700000000000273e+02
6.169900000000000091e+02
6.228799999999999955e+02
6.250700000000000500e+02
6.319800000000000182e+02
6.358500000000000227e+02
6.387200000000000273e+02
6.468500000000000227e+02
6.499900000000000091e+02
6.536299999999999955e+02
6.541100000000000136e+02
6.563899999999999864e+02
6.569300000000000637e+02
6.616100000000000136e+02
6.655399999999999636e+02
6.696299999999999955e+02
6.788000000000000682e+02
6.840299999999999727e+02
6.868300000000000409e+02
6.890199999999999818e+02
6.919700000000000273e+02
6.923700000000000045e+02
7.045700000000000500e+02
7.063300000000000409e+02
7.093600000000000136e+02
7.128300000000000409e+02
7.149700000000000273e+02
7.211299999999999955e+02
7.233600000000000136e+02
7.244500000000000455e+02
7.270099999999999909e+02
7.303899999999999864e+02
7.345500000000000682e+02
7.414800000000000182e+02
7.458799999999999955e+02
7.482300000000000182e+02
7.558400000000000318e+02
7.569099999999999682e+02
7.580399999999999636e+02
7.629500000000000455e+02
7.667400000000000091e+02
7.734700000000000273e+02
7.743500000000000227e+02
7.772200000000000273e+02
7.788700000000000045e+02
7.829200000000000728e+02
7.850099999999999909e+02
7.901700000000000728e+02
7.923000000000000682e+02
7.940000000000000000e+02
7.970900000000000318e+02
7.999700000000000273e+02
8.002799999999999727e+02
8.023400000000000318e+02
8.047400000000000091e+02
8.111399999999999864e+02
8.142699999999999818e+02
8.179800000000000182e+02
8.212899999999999636e+02
8.226100000000000136e+02
8.233899999999999864e+02
8.261700000000000728e+02
8.288600000000000136e+02
8.291700000000000728e+02
8.312000000000000455e+02
8.352000000000000455e+02
8.355199999999999818e+02
8.391299999999999955e+02
8.411499999999999773e+02
8.459900000000000091e+02
8.481900000000000546e+02
8.540500000000000682e+02
8.600099999999999909e+02
8.658500000000000227e+02
8.668700000000000045e+02
8.718799999999999955e+02
8.757899999999999636e+02
8.789700000000000273e+02
8.810500000000000682e+02
8.840900000000000318e+02
8.877500000000000000e+02
8.899400000000000546e+02
8.919700000000000273e+02
8.945500000000000682e+02
8.970500000000000682e+02
8.990700000000000500e+02
9.049700000000000273e+02
9.069900000000000091e+02
9.140900000000000318e+02
9.161100000000000136e+02
9.181900000000000546e+02
9.258200000000000500e+02
9.278500000000000227e+02
9.298700000000000045e+02
9.319099999999999682e+02
9.348400000000000318e+02
9.437899999999999636e+02
9.478100000000000591e+02
9.517000000000000455e+02
9.547599999999999909e+02
9.579300000000000637e+02
9.599600000000000364e+02
9.632899999999999636e+02
9.638100000000000591e+02
9.678899999999999864e+02
9.679900000000000091e+02
9.699400000000000546e+02
9.777300000000000182e+02
9.797599999999999909e+02
9.818000000000000682e+02
9.819700000000000273e+02
9.858000000000000682e+02
9.878100000000000591e+02
9.898400000000000318e+02
9.898200000000000500e+02
9.937500000000000000e+02
9.987100000000000364e+02
3.530000000000000249e+00
4.440000000000000391e+00
7.429999999999999716e+00
7.589999999999999858e+00
9.519999999999999574e+00
1.263000000000000078e+01
1.555000000000000071e+01
1.966000000000000014e+01
2.262000000000000099e+01
2.862000000000000099e+01
3.067000000000000171e+01
3.353000000000000114e+01
3.650999999999999801e+01
3.941000000000000369e+01
4.152000000000000313e+01
4.174000000000000199e+01
4.439000000000000057e+01
4.763000000000000256e+01
5.131000000000000227e+01
5.535999999999999943e+01
5.762000000000000455e+01
6.049000000000000199e+01
6.228999999999999915e+01
6.359000000000000341e+01
7.043999999999999773e+01
7.248000000000000398e+01
7.451000000000000512e+01
8.154999999999999716e+01
8.651999999999999602e+01
8.937999999999999545e+01
9.245000000000000284e+01
9.734000000000000341e+01
1.034300000000000068e+02
1.164000000000000057e+02
1.184200000000000017e+02
1.208200000000000074e+02
1.253900000000000006e+02
1.325200000000000102e+02
1.350300000000000011e+02
1.362500000000000000e+02
1.382500000000000000e+02
1.422599999999999909e+02
1.464200000000000159e+02
1.504399999999999977e+02
1.543300000000000125e+02
1.595099999999999909e+02
1.662700000000000102e+02
1.695099999999999909e+02
1.734900000000000091e+02
1.771599999999999966e+02
1.850800000000000125e+02
1.874900000000000091e+02
1.914300000000000068e+02
1.934699999999999989e+02
1.991800000000000068e+02
2.052599999999999909e+02
2.086800000000000068e+02
2.093300000000000125e+02
2.142000000000000171e+02
2.170000000000000000e+02
2.216599999999999966e+02
2.249000000000000057e+02
2.308199999999999932e+02
2.351700000000000159e+02
2.388799999999999955e+02
2.418900000000000148e+02
2.482300000000000182e+02
2.503900000000000148e+02
2.541899999999999977e+02
2.604200000000000159e+02
2.624900000000000091e+02
2.652800000000000296e+02
2.687800000000000296e+02
2.768299999999999841e+02
2.906600000000000250e+02
2.928700000000000045e+02
3.003299999999999841e+02
3.112800000000000296e+02
3.215799999999999841e+02
3.275500000000000114e+02
3.280400000000000205e+02
3.333199999999999932e+02
3.363299999999999841e+02
3.411999999999999886e+02
3.435699999999999932e+02
3.492500000000000000e+02
3.532500000000000000e+02
3.560500000000000114e+02
3.686299999999999955e+02
3.816500000000000341e+02
3.874000000000000341e+02
3.935199999999999818e+02
3.955400000000000205e+02
3.993899999999999864e+02
4.041500000000000341e+02
4.062300000000000182e+02
4.113400000000000318e+02
4.134000000000000341e+02
4.154200000000000159e+02
4.192400000000000091e+02
4.243400000000000318e+02
4.292699999999999818e+02
4.312900000000000205e+02
4.353799999999999955e+02
4.382599999999999909e+02
4.461800000000000068e+02
4.492200000000000273e+02
4.571500000000000341e+02
4.591899999999999977e+02
4.621399999999999864e+02
4.643100000000000023e+02
4.663700000000000045e+02
4.712900000000000205e+02
4.733600000000000136e+02
4.762699999999999818e+02
4.783400000000000318e+02
4.789200000000000159e+02
4.841700000000000159e+02
4.881999999999999886e+02
4.902200000000000273e+02
4.931500000000000341e+02
4.932200000000000273e+02
5.001800000000000068e+02
5.041600000000000250e+02
5.071399999999999864e+02
5.092200000000000273e+02
5.122799999999999727e+02
5.171800000000000637e+02
5.251800000000000637e+02
5.350199999999999818e+02
5.370499999999999545e+02
5.441000000000000227e+02
5.461399999999999864e+02
5.490900000000000318e+02
5.551499999999999773e+02
5.624400000000000546e+02
5.679300000000000637e+02
5.729700000000000273e+02
5.770199999999999818e+02
5.818100000000000591e+02
5.839199999999999591e+02
5.879700000000000273e+02
5.880399999999999636e+02
5.900700000000000500e+02
5.920900000000000318e+02
5.941499999999999773e+02
5.961800000000000637e+02
6.000600000000000591e+02
6.109900000000000091e+02
6.170399999999999636e+02
6.228999999999999773e+02
6.251100000000000136e+02
6.320299999999999727e+02
6.358799999999999955e+02
6.387500000000000000e+02
6.468600000000000136e+02
6.500099999999999909e+02
6.537000000000000455e+02
6.541200000000000045e+02
6.563999999999999773e+02
6.570099999999999909e+02
6.617000000000000455e+02
6.656000000000000227e+02
6.696499999999999773e+02
6.788200000000000500e+02
6.869900000000000091e+02
6.890700000000000500e+02
6.919800000000000182e+02
7.045900000000000318e+02
7.063400000000000318e+02
7.093899999999999864e+02
7.128600000000000136e+02
7.150000000000000000e+02
7.234500000000000455e+02
7.244700000000000273e+02
7.304099999999999682e+02
7.360600000000000591e+02
7.425099999999999909e+02
7.558600000000000136e+02
7.569099999999999682e+02
7.629700000000000273e+02
7.743600000000000136e+02
7.772200000000000273e+02
7.829200000000000728e+02
7.902599999999999909e+02
7.923400000000000318e+02
7.940000000000000000e+02
7.971900000000000546e+02
7.999700000000000273e+02
8.003200000000000500e+02
8.048799999999999955e+02
8.112100000000000364e+02
8.142899999999999636e+02
8.262899999999999636e+02
8.301200000000000045e+02
8.355199999999999818e+02
8.391499999999999773e+02
8.411700000000000728e+02
8.460099999999999909e+02
8.482599999999999909e+02
8.551700000000000728e+02
8.600299999999999727e+02
8.718999999999999773e+02
8.758700000000000045e+02
8.790000000000000000e+02
8.810900000000000318e+02
8.841399999999999864e+02
8.877899999999999636e+02
8.919700000000000273e+02
8.987500000000000000e+02
9.068100000000000591e+02
9.156700000000000728e+02
9.178899999999999864e+02
9.199700000000000273e+02
9.258799999999999955e+02
9.279099999999999682e+02
9.299300000000000637e+02
9.319900000000000091e+02
9.348700000000000045e+02
9.478600000000000136e+02
9.517300000000000182e+02
9.547899999999999636e+02
9.580399999999999636e+02
9.632899999999999636e+02
9.638600000000000136e+02
9.679300000000000637e+02
9.700000000000000000e+02
9.777699999999999818e+02
9.798200000000000500e+02
9.818799999999999955e+02
9.858600000000000136e+02
9.878700000000000045e+02
9.898200000000000500e+02
9.899200000000000728e+02
9.938200000000000500e+02
9.987699999999999818e+02
3.530000000000000249e+00
4.440000000000000391e+00
7.429999999999999716e+00
7.610000000000000320e+00
9.560000000000000497e+00
1.558999999999999986e+01
2.358000000000000185e+01
3.656000000000000227e+01
3.945000000000000284e+01
4.175999999999999801e+01
4.441000000000000369e+01
5.134000000000000341e+01
5.539000000000000057e+01
7.451000000000000512e+01
8.657000000000000739e+01
8.940000000000000568e+01
9.353000000000000114e+01
9.737999999999999545e+01
9.942000000000000171e+01
1.034900000000000091e+02
1.164099999999999966e+02
1.184300000000000068e+02
1.350399999999999920e+02
1.382599999999999909e+02
1.423000000000000114e+02
1.602100000000000080e+02
1.674200000000000159e+02
1.695200000000000102e+02
1.772000000000000171e+02
1.853799999999999955e+02
1.875000000000000000e+02
1.929500000000000171e+02
2.086899999999999977e+02
2.143900000000000148e+02
2.216599999999999966e+02
2.351800000000000068e+02
2.393300000000000125e+02
2.482600000000000193e+02
2.504099999999999966e+02
2.542100000000000080e+02
2.653199999999999932e+02
2.777599999999999909e+02
2.906800000000000068e+02
3.216100000000000136e+02
3.280400000000000205e+02
3.333700000000000045e+02
3.364800000000000182e+02
3.412200000000000273e+02
3.436200000000000045e+02
3.493700000000000045e+02
3.532500000000000000e+02
3.560500000000000114e+02
3.816899999999999977e+02
3.874399999999999977e+02
3.953400000000000318e+02
4.062800000000000296e+02
4.113600000000000136e+02
4.123100000000000023e+02
4.152900000000000205e+02
4.193100000000000023e+02
4.293299999999999841e+02
4.313500000000000227e+02
4.382900000000000205e+02
4.462100000000000364e+02
4.596999999999999886e+02
4.621899999999999977e+02
4.789300000000000068e+02
4.852200000000000273e+02
4.901500000000000341e+02
4.931600000000000250e+02
5.011100000000000136e+02
5.041999999999999886e+02
5.350600000000000591e+02
5.371000000000000227e+02
5.461699999999999591e+02
5.680000000000000000e+02
5.730000000000000000e+02
5.818400000000000318e+02
5.839600000000000364e+02
5.880399999999999636e+02
5.919500000000000455e+02
5.960600000000000591e+02
6.110299999999999727e+02
6.170800000000000409e+02
6.229300000000000637e+02
6.359099999999999682e+02
6.387699999999999818e+02
6.468700000000000045e+02
6.500700000000000500e+02
6.538500000000000227e+02
6.541299999999999955e+02
6.545199999999999818e+02
6.564300000000000637e+02
6.579099999999999682e+02
6.617699999999999818e+02
6.656699999999999591e+02
6.696699999999999591e+02
6.788400000000000318e+02
6.919900000000000091e+02
7.046000000000000227e+02
7.063500000000000227e+02
7.094099999999999682e+02
7.128899999999999864e+02
7.150900000000000318e+02
7.304300000000000637e+02
7.558899999999999864e+02
7.569099999999999682e+02
7.629900000000000091e+02
7.743600000000000136e+02
7.772200000000000273e+02
7.829200000000000728e+02
7.940000000000000000e+02
7.999700000000000273e+02
8.112400000000000091e+02
8.143200000000000500e+02
8.239300000000000637e+02
8.355199999999999818e+02
8.391700000000000728e+02
8.412100000000000364e+02
8.460299999999999727e+02
8.600500000000000682e+02
8.703000000000000682e+02
8.719300000000000637e+02
8.773100000000000591e+02
8.790199999999999818e+02
8.804500000000000455e+02
8.811399999999999864e+02
8.850399999999999636e+02
8.878700000000000045e+02
8.988899999999999864e+02
9.068500000000000227e+02
9.157400000000000091e+02
9.279300000000000637e+02
9.299600000000000364e+02
9.349099999999999682e+02
9.517599999999999909e+02
9.548300000000000409e+02
9.633000000000000682e+02
9.877100000000000364e+02
9.898200000000000500e+02
