7.820000000000000284e+00
1.524000000000000021e+01
2.626000000000000156e+01
3.128000000000000114e+01
3.242999999999999972e+01
5.414999999999999858e+01
5.766000000000000369e+01
6.207999999999999829e+01
6.227000000000000313e+01
6.253999999999999915e+01
6.562999999999999545e+01
7.765999999999999659e+01
8.254999999999999716e+01
8.515999999999999659e+01
9.354000000000000625e+01
9.446000000000000796e+01
1.017300000000000040e+02
1.324200000000000159e+02
1.339699999999999989e+02
1.541400000000000148e+02
1.740000000000000000e+02
1.757500000000000000e+02
1.876200000000000045e+02
1.945600000000000023e+02
1.997000000000000171e+02
2.039699999999999989e+02
2.283700000000000045e+02
2.341599999999999966e+02
2.395600000000000023e+02
2.447300000000000182e+02
2.454000000000000057e+02
2.488100000000000023e+02
2.491899999999999977e+02
2.517800000000000011e+02
2.521500000000000057e+02
2.604399999999999977e+02
2.638299999999999841e+02
2.908500000000000227e+02
2.964800000000000182e+02
2.966600000000000250e+02
2.990900000000000318e+02
3.044800000000000182e+02
3.446600000000000250e+02
3.460099999999999909e+02
3.527099999999999795e+02
3.587699999999999818e+02
3.651500000000000341e+02
3.704700000000000273e+02
3.732900000000000205e+02
3.758400000000000318e+02
3.775400000000000205e+02
3.800900000000000318e+02
3.856100000000000136e+02
3.896600000000000250e+02
3.947400000000000091e+02
4.058600000000000136e+02
4.079600000000000364e+02
4.146200000000000045e+02
4.170300000000000296e+02
4.197500000000000000e+02
4.211600000000000250e+02
4.263400000000000318e+02
4.275400000000000205e+02
4.379000000000000341e+02
4.407200000000000273e+02
4.433400000000000318e+02
4.479100000000000250e+02
4.510000000000000000e+02
4.674900000000000091e+02
4.752800000000000296e+02
4.767300000000000182e+02
4.804399999999999977e+02
4.806200000000000045e+02
4.846999999999999886e+02
4.908600000000000136e+02
5.049600000000000364e+02
5.075600000000000023e+02
5.096100000000000136e+02
5.249600000000000364e+02
5.274600000000000364e+02
5.366100000000000136e+02
5.405000000000000000e+02
5.424300000000000637e+02
5.487300000000000182e+02
5.496499999999999773e+02
5.529900000000000091e+02
5.561200000000000045e+02
5.603899999999999864e+02
5.727699999999999818e+02
5.769500000000000455e+02
5.773799999999999955e+02
5.931100000000000136e+02
6.198000000000000682e+02
6.199400000000000546e+02
6.235800000000000409e+02
6.276100000000000136e+02
6.455700000000000500e+02
6.460000000000000000e+02
6.508700000000000045e+02
6.517500000000000000e+02
6.528600000000000136e+02
6.547599999999999909e+02
6.636599999999999682e+02
6.676200000000000045e+02
6.809099999999999682e+02
6.908700000000000045e+02
6.966100000000000136e+02
7.096800000000000637e+02
7.139600000000000364e+02
7.228799999999999955e+02
7.400199999999999818e+02
7.597699999999999818e+02
7.619600000000000364e+02
7.655000000000000000e+02
7.694800000000000182e+02
7.695000000000000000e+02
7.782300000000000182e+02
7.919400000000000546e+02
7.983600000000000136e+02
7.989400000000000546e+02
8.013300000000000409e+02
8.047200000000000273e+02
8.056200000000000045e+02
8.106399999999999864e+02
8.229700000000000273e+02
8.289200000000000728e+02
8.301000000000000227e+02
8.322799999999999727e+02
8.489500000000000455e+02
8.493000000000000682e+02
8.504500000000000455e+02
8.513600000000000136e+02
8.516499999999999773e+02
8.551000000000000227e+02
8.661900000000000546e+02
8.807200000000000273e+02
8.836200000000000045e+02
8.889400000000000546e+02
8.993600000000000136e+02
9.089099999999999682e+02
9.121100000000000136e+02
9.228200000000000500e+02
9.255800000000000409e+02
9.296200000000000045e+02
9.297400000000000091e+02
9.332200000000000273e+02
9.354400000000000546e+02
9.378999999999999773e+02
9.385000000000000000e+02
9.404900000000000091e+02
9.486200000000000045e+02
9.549600000000000364e+02
9.667599999999999909e+02
9.741900000000000546e+02
9.763799999999999955e+02
9.812500000000000000e+02
9.843700000000000045e+02
9.878899999999999864e+02
9.981499999999999773e+02
