5.650000000000000355e+00
5.679999999999999716e+00
5.940000000000000391e+00
8.759999999999999787e+00
2.183000000000000185e+01
2.391000000000000014e+01
2.458000000000000185e+01
3.932000000000000028e+01
3.991000000000000369e+01
3.992000000000000171e+01
4.057999999999999829e+01
4.343999999999999773e+01
5.625000000000000000e+01
7.243000000000000682e+01
7.253000000000000114e+01
7.515000000000000568e+01
8.915999999999999659e+01
8.976999999999999602e+01
1.064600000000000080e+02
1.087300000000000040e+02
1.248100000000000023e+02
1.383400000000000034e+02
1.405000000000000000e+02
1.552800000000000011e+02
1.574600000000000080e+02
1.603000000000000114e+02
1.761599999999999966e+02
1.879099999999999966e+02
1.895699999999999932e+02
1.908600000000000136e+02
2.050699999999999932e+02
2.073799999999999955e+02
2.214800000000000182e+02
2.221899999999999977e+02
2.248799999999999955e+02
2.249000000000000057e+02
2.251700000000000159e+02
2.278100000000000023e+02
2.391899999999999977e+02
2.401500000000000057e+02
2.556299999999999955e+02
2.575099999999999909e+02
2.714399999999999977e+02
2.746399999999999864e+02
2.935600000000000023e+02
3.036500000000000341e+02
3.044900000000000091e+02
3.066200000000000045e+02
3.199399999999999977e+02
3.224200000000000159e+02
3.388799999999999955e+02
3.427699999999999818e+02
3.428600000000000136e+02
3.544300000000000068e+02
3.574399999999999977e+02
3.724900000000000091e+02
3.744100000000000250e+02
3.771500000000000341e+02
3.874700000000000273e+02
3.909800000000000182e+02
3.929000000000000341e+02
4.043100000000000023e+02
4.073000000000000114e+02
4.216500000000000341e+02
4.245099999999999909e+02
4.279300000000000068e+02
4.375799999999999841e+02
4.423500000000000227e+02
4.540699999999999932e+02
4.567599999999999909e+02
4.774300000000000068e+02
4.925400000000000205e+02
4.950000000000000000e+02
5.028600000000000136e+02
5.050099999999999909e+02
5.077599999999999909e+02
5.123999999999999773e+02
5.183999999999999773e+02
5.222599999999999909e+02
5.245099999999999909e+02
5.262200000000000273e+02
5.296499999999999773e+02
5.366100000000000136e+02
5.396200000000000045e+02
5.423999999999999773e+02
5.550399999999999636e+02
5.640700000000000500e+02
5.723999999999999773e+02
5.777699999999999818e+02
5.870900000000000318e+02
5.903400000000000318e+02
5.913400000000000318e+02
5.956299999999999955e+02
6.041599999999999682e+02
6.205600000000000591e+02
6.270000000000000000e+02
6.305199999999999818e+02
6.379600000000000364e+02
6.443000000000000682e+02
6.467100000000000364e+02
6.537100000000000364e+02
6.563200000000000500e+02
6.598000000000000682e+02
6.713500000000000227e+02
6.786699999999999591e+02
6.875199999999999818e+02
6.899199999999999591e+02
6.952599999999999909e+02
6.974300000000000637e+02
7.044099999999999682e+02
7.122599999999999909e+02
7.208300000000000409e+02
7.375299999999999727e+02
7.451100000000000136e+02
7.592899999999999636e+02
7.695299999999999727e+02
7.716599999999999682e+02
7.780199999999999818e+02
7.856499999999999773e+02
7.967500000000000000e+02
8.034600000000000364e+02
8.059099999999999682e+02
8.130299999999999727e+02
8.273300000000000409e+02
8.330800000000000409e+02
8.364400000000000546e+02
8.525000000000000000e+02
8.632300000000000182e+02
8.708799999999999955e+02
8.804400000000000546e+02
8.855900000000000318e+02
8.877799999999999727e+02
9.027699999999999818e+02
9.199900000000000091e+02
9.315900000000000318e+02
9.359099999999999682e+02
9.380299999999999727e+02
9.470099999999999909e+02
9.496200000000000045e+02
9.516700000000000728e+02
9.588300000000000409e+02
9.651100000000000136e+02
9.685600000000000591e+02
9.847599999999999909e+02
9.941499999999999773e+02
5.660000000000000142e+00
5.679999999999999716e+00
5.950000000000000178e+00
2.183999999999999986e+01
2.394999999999999929e+01
2.460999999999999943e+01
3.995000000000000284e+01
4.027000000000000313e+01
4.060000000000000142e+01
7.237999999999999545e+01
7.246000000000000796e+01
8.917000000000000171e+01
8.978000000000000114e+01
9.029999999999999716e+01
1.065000000000000000e+02
1.087400000000000091e+02
1.089200000000000017e+02
1.249300000000000068e+02
1.383400000000000034e+02
1.405300000000000011e+02
1.552800000000000011e+02
1.707199999999999989e+02
1.900099999999999909e+02
2.051599999999999966e+02
2.074399999999999977e+02
2.222100000000000080e+02
2.279900000000000091e+02
2.556599999999999966e+02
2.569900000000000091e+02
2.575500000000000114e+02
2.714700000000000273e+02
2.877099999999999795e+02
2.936399999999999864e+02
3.044900000000000091e+02
3.066800000000000068e+02
3.224499999999999886e+02
3.388799999999999955e+02
3.428899999999999864e+02
3.544300000000000068e+02
3.574700000000000273e+02
3.774200000000000159e+02
3.874900000000000091e+02
3.910099999999999909e+02
4.043199999999999932e+02
4.217100000000000364e+02
4.245400000000000205e+02
4.279700000000000273e+02
4.375799999999999841e+02
4.536000000000000227e+02
4.540900000000000318e+02
4.567800000000000296e+02
4.774900000000000091e+02
4.925500000000000114e+02
5.023000000000000114e+02
5.028600000000000136e+02
5.064900000000000091e+02
5.077599999999999909e+02
5.124900000000000091e+02
5.196599999999999682e+02
5.262300000000000182e+02
5.366200000000000045e+02
5.424199999999999591e+02
5.501800000000000637e+02
5.550900000000000318e+02
5.724700000000000273e+02
5.777699999999999818e+02
5.833600000000000136e+02
5.871000000000000227e+02
5.903899999999999864e+02
5.913400000000000318e+02
5.956499999999999773e+02
6.041900000000000546e+02
6.206299999999999955e+02
6.270099999999999909e+02
6.306800000000000637e+02
6.380099999999999909e+02
6.444199999999999591e+02
6.537300000000000182e+02
6.598300000000000409e+02
6.713799999999999955e+02
6.786800000000000637e+02
6.875700000000000500e+02
6.952699999999999818e+02
6.974900000000000091e+02
7.208700000000000045e+02
7.451299999999999955e+02
7.593100000000000591e+02
7.696499999999999773e+02
7.717599999999999909e+02
7.780199999999999818e+02
7.856499999999999773e+02
8.130600000000000591e+02
8.364600000000000364e+02
8.525399999999999636e+02
8.632500000000000000e+02
8.709500000000000455e+02
8.856000000000000227e+02
8.878000000000000682e+02
8.973300000000000409e+02
9.028000000000000682e+02
9.200299999999999727e+02
9.304800000000000182e+02
9.315900000000000318e+02
9.359400000000000546e+02
9.470199999999999818e+02
9.496599999999999682e+02
9.516800000000000637e+02
9.588400000000000318e+02
9.685700000000000500e+02
9.790199999999999818e+02
9.848899999999999864e+02
5.660000000000000142e+00
5.679999999999999716e+00
5.959999999999999964e+00
2.185000000000000142e+01
2.465000000000000213e+01
4.003999999999999915e+01
4.028999999999999915e+01
4.063000000000000256e+01
7.248999999999999488e+01
8.918000000000000682e+01
9.029999999999999716e+01
9.070000000000000284e+01
1.065499999999999972e+02
1.087500000000000000e+02
1.383400000000000034e+02
1.405900000000000034e+02
1.552899999999999920e+02
1.707299999999999898e+02
2.055999999999999943e+02
2.222300000000000182e+02
2.557000000000000171e+02
2.727599999999999909e+02
2.877099999999999795e+02
2.937200000000000273e+02
3.045000000000000000e+02
3.224700000000000273e+02
3.388899999999999864e+02
3.429499999999999886e+02
3.544300000000000068e+02
3.575099999999999909e+02
3.875099999999999909e+02
3.910799999999999841e+02
4.043199999999999932e+02
4.280199999999999818e+02
4.375900000000000318e+02
4.536800000000000068e+02
4.541200000000000045e+02
4.925600000000000023e+02
5.023700000000000045e+02
5.028600000000000136e+02
5.077599999999999909e+02
5.262400000000000091e+02
5.366200000000000045e+02
5.424600000000000364e+02
5.553400000000000318e+02
5.726100000000000136e+02
5.777799999999999727e+02
5.834400000000000546e+02
5.871100000000000136e+02
5.913400000000000318e+02
5.966000000000000227e+02
6.042400000000000091e+02
6.207200000000000273e+02
6.270199999999999818e+02
6.537500000000000000e+02
6.714099999999999682e+02
6.786900000000000546e+02
6.876000000000000227e+02
6.952699999999999818e+02
7.451599999999999682e+02
7.593999999999999773e+02
7.697400000000000091e+02
7.780199999999999818e+02
7.856499999999999773e+02
8.131000000000000227e+02
8.364800000000000182e+02
8.525800000000000409e+02
8.632599999999999909e+02
8.856000000000000227e+02
8.878200000000000500e+02
8.973799999999999955e+02
9.028400000000000318e+02
9.201800000000000637e+02
9.315900000000000318e+02
9.359800000000000182e+02
9.470299999999999727e+02
9.497200000000000273e+02
9.517100000000000364e+02
9.588500000000000227e+02
9.685900000000000318e+02
9.790199999999999818e+02
5.669999999999999929e+00
5.770000000000000462e+00
5.980000000000000426e+00
8.150000000000000355e+00
2.185999999999999943e+01
2.205999999999999872e+01
2.530000000000000071e+01
4.011999999999999744e+01
4.030000000000000426e+01
4.064999999999999858e+01
5.517999999999999972e+01
5.746000000000000085e+01
5.963000000000000256e+01
7.253000000000000114e+01
7.273000000000000398e+01
7.487000000000000455e+01
8.837000000000000455e+01
8.918999999999999773e+01
9.029999999999999716e+01
9.064000000000000057e+01
1.056000000000000085e+02
1.077199999999999989e+02
1.087699999999999960e+02
1.102100000000000080e+02
1.220700000000000074e+02
1.241200000000000045e+02
1.262300000000000040e+02
1.383400000000000034e+02
1.401299999999999955e+02
1.427700000000000102e+02
1.551599999999999966e+02
1.552899999999999920e+02
1.574300000000000068e+02
1.594799999999999898e+02
1.707400000000000091e+02
1.721500000000000057e+02
1.751500000000000057e+02
1.884600000000000080e+02
1.905000000000000000e+02
1.925800000000000125e+02
2.053100000000000023e+02
2.056700000000000159e+02
2.074699999999999989e+02
2.097700000000000102e+02
2.216500000000000057e+02
2.222599999999999909e+02
2.240600000000000023e+02
2.269500000000000171e+02
2.385999999999999943e+02
2.409500000000000171e+02
2.431299999999999955e+02
2.557300000000000182e+02
2.559399999999999977e+02
2.583799999999999955e+02
2.723100000000000023e+02
2.727900000000000205e+02
2.750400000000000205e+02
2.877099999999999795e+02
2.887400000000000091e+02
2.908500000000000227e+02
2.930000000000000000e+02
3.045000000000000000e+02
3.056000000000000227e+02
3.077400000000000091e+02
3.103199999999999932e+02
3.224399999999999977e+02
3.224900000000000091e+02
3.245400000000000205e+02
3.270900000000000318e+02
3.382599999999999909e+02
3.389000000000000341e+02
3.405699999999999932e+02
3.544300000000000068e+02
3.558500000000000227e+02
3.575799999999999841e+02
3.581200000000000045e+02
3.725900000000000318e+02
3.751700000000000159e+02
3.875300000000000296e+02
3.885099999999999909e+02
3.906399999999999864e+02
3.928199999999999932e+02
4.043299999999999841e+02
4.051600000000000250e+02
4.072699999999999818e+02
4.096899999999999977e+02
4.220300000000000296e+02
4.241999999999999886e+02
4.271299999999999955e+02
4.376000000000000227e+02
4.386200000000000045e+02
4.407100000000000364e+02
4.427699999999999818e+02
4.537500000000000000e+02
4.541700000000000159e+02
4.561399999999999864e+02
4.590799999999999841e+02
4.729800000000000182e+02
4.750300000000000296e+02
4.888400000000000318e+02
4.916399999999999864e+02
4.925699999999999932e+02
5.028700000000000045e+02
5.059200000000000159e+02
5.086600000000000250e+02
5.223100000000000591e+02
5.245499999999999545e+02
5.269600000000000364e+02
5.366200000000000045e+02
5.385199999999999818e+02
5.405600000000000591e+02
5.556200000000000045e+02
5.578600000000000136e+02
5.605000000000000000e+02
5.733000000000000682e+02
5.754199999999999591e+02
5.777899999999999636e+02
5.871200000000000045e+02
5.889600000000000364e+02
5.910099999999999909e+02
5.931200000000000045e+02
5.966399999999999864e+02
6.044500000000000455e+02
6.055000000000000000e+02
6.075800000000000409e+02
6.099199999999999591e+02
6.208100000000000591e+02
6.223300000000000409e+02
6.244600000000000364e+02
6.270399999999999636e+02
6.383000000000000682e+02
6.403899999999999864e+02
6.428700000000000045e+02
6.537799999999999727e+02
6.558799999999999955e+02
6.580199999999999818e+02
6.714300000000000637e+02
6.717000000000000455e+02
6.738200000000000500e+02
6.759099999999999682e+02
6.787100000000000364e+02
6.876299999999999955e+02
6.898700000000000045e+02
6.924600000000000364e+02
6.952799999999999727e+02
7.056800000000000637e+02
7.078400000000000318e+02
7.103000000000000682e+02
7.229300000000000637e+02
7.251699999999999591e+02
7.395500000000000682e+02
7.425800000000000409e+02
7.451900000000000546e+02
7.555800000000000409e+02
7.584800000000000182e+02
7.605900000000000318e+02
7.719300000000000637e+02
7.739800000000000182e+02
7.779400000000000546e+02
7.780299999999999727e+02
7.856599999999999682e+02
7.896000000000000227e+02
7.930199999999999818e+02
8.053899999999999864e+02
8.074400000000000546e+02
8.095399999999999636e+02
8.218999999999999773e+02
8.241499999999999773e+02
8.365000000000000000e+02
8.379500000000000455e+02
8.400299999999999727e+02
8.420900000000000318e+02
8.562500000000000000e+02
8.584700000000000273e+02
8.632699999999999818e+02
8.727100000000000364e+02
8.749400000000000546e+02
8.856100000000000136e+02
8.878400000000000318e+02
8.895399999999999636e+02
8.916499999999999773e+02
8.974600000000000364e+02
9.052799999999999727e+02
9.073600000000000136e+02
9.106200000000000045e+02
9.215900000000000318e+02
9.236700000000000728e+02
9.258899999999999864e+02
9.316000000000000227e+02
9.360199999999999818e+02
9.376700000000000728e+02
9.400199999999999818e+02
9.421399999999999864e+02
9.470600000000000591e+02
9.517400000000000091e+02
9.553700000000000045e+02
9.574300000000000637e+02
9.686100000000000136e+02
9.729200000000000728e+02
9.761000000000000227e+02
9.790199999999999818e+02
9.891399999999999864e+02
9.924800000000000182e+02
5.679999999999999716e+00
5.839999999999999858e+00
6.020000000000000462e+00
8.189999999999999503e+00
2.187000000000000099e+01
2.205999999999999872e+01
2.548000000000000043e+01
4.024000000000000199e+01
4.032000000000000028e+01
4.067000000000000171e+01
5.518999999999999773e+01
5.757000000000000028e+01
5.971999999999999886e+01
7.268000000000000682e+01
7.278000000000000114e+01
7.504999999999999716e+01
8.837000000000000455e+01
8.920000000000000284e+01
9.029999999999999716e+01
9.070000000000000284e+01
1.056500000000000057e+02
1.077900000000000063e+02
1.087800000000000011e+02
1.220700000000000074e+02
1.241200000000000045e+02
1.383400000000000034e+02
1.401700000000000159e+02
1.551700000000000159e+02
1.552899999999999920e+02
1.574799999999999898e+02
1.595399999999999920e+02
1.707599999999999909e+02
1.721700000000000159e+02
1.752599999999999909e+02
1.884699999999999989e+02
1.905200000000000102e+02
1.926200000000000045e+02
2.053499999999999943e+02
2.057300000000000182e+02
2.075900000000000034e+02
2.216599999999999966e+02
2.223199999999999932e+02
2.249600000000000080e+02
2.386400000000000148e+02
2.416899999999999977e+02
2.557899999999999920e+02
2.564399999999999977e+02
2.723299999999999841e+02
2.728299999999999841e+02
2.751399999999999864e+02
2.877099999999999795e+02
2.887500000000000000e+02
2.909000000000000341e+02
2.931500000000000341e+02
3.045000000000000000e+02
3.056200000000000045e+02
3.078400000000000318e+02
3.224399999999999977e+02
3.225099999999999909e+02
3.245799999999999841e+02
3.383299999999999841e+02
3.389200000000000159e+02
3.406299999999999955e+02
3.544399999999999977e+02
3.559200000000000159e+02
3.582099999999999795e+02
3.726000000000000227e+02
3.752699999999999818e+02
3.875500000000000114e+02
3.885099999999999909e+02
3.906999999999999886e+02
3.929700000000000273e+02
4.043299999999999841e+02
4.051700000000000159e+02
4.073299999999999841e+02
4.103199999999999932e+02
4.220300000000000296e+02
4.242500000000000000e+02
4.376100000000000136e+02
4.386700000000000159e+02
4.407699999999999818e+02
4.428799999999999955e+02
4.561700000000000159e+02
4.591700000000000159e+02
4.730199999999999818e+02
4.750699999999999932e+02
4.888799999999999955e+02
4.917599999999999909e+02
4.925799999999999841e+02
5.028700000000000045e+02
5.059700000000000273e+02
5.087800000000000296e+02
5.223200000000000500e+02
5.257599999999999909e+02
5.366200000000000045e+02
5.385199999999999818e+02
5.405700000000000500e+02
5.556399999999999864e+02
5.581699999999999591e+02
5.733100000000000591e+02
5.757699999999999818e+02
5.777899999999999636e+02
5.871299999999999955e+02
5.906100000000000136e+02
5.931599999999999682e+02
6.045000000000000000e+02
6.063300000000000409e+02
6.091299999999999955e+02
6.223600000000000136e+02
6.383100000000000591e+02
6.404199999999999591e+02
6.538100000000000591e+02
6.559099999999999682e+02
6.581699999999999591e+02
6.714500000000000455e+02
6.717100000000000364e+02
6.740199999999999818e+02
6.787400000000000091e+02
6.876499999999999773e+02
6.902500000000000000e+02
6.925199999999999818e+02
6.952899999999999636e+02
7.056900000000000546e+02
7.078700000000000045e+02
7.103999999999999773e+02
7.229600000000000364e+02
7.254500000000000455e+02
7.396200000000000045e+02
7.452400000000000091e+02
7.556000000000000227e+02
7.585700000000000500e+02
7.719400000000000546e+02
7.740000000000000000e+02
7.780299999999999727e+02
7.856599999999999682e+02
7.896299999999999955e+02
7.930800000000000409e+02
8.054600000000000364e+02
8.075299999999999727e+02
8.219099999999999682e+02
8.242100000000000364e+02
8.365299999999999727e+02
8.379500000000000455e+02
8.400500000000000682e+02
8.421299999999999955e+02
8.564200000000000728e+02
8.593400000000000318e+02
8.632899999999999636e+02
8.727599999999999909e+02
8.758600000000000136e+02
8.856100000000000136e+02
8.878700000000000045e+02
8.895500000000000682e+02
9.052899999999999636e+02
9.073799999999999955e+02
9.216100000000000136e+02
9.237300000000000182e+02
9.316000000000000227e+02
9.376800000000000637e+02
9.400800000000000409e+02
9.422899999999999636e+02
9.553700000000000045e+02
9.574400000000000546e+02
9.686599999999999682e+02
9.730299999999999727e+02
9.762400000000000091e+02
9.790199999999999818e+02
9.891599999999999682e+02
9.933300000000000409e+02
5.679999999999999716e+00
5.889999999999999680e+00
6.049999999999999822e+00
8.230000000000000426e+00
2.187999999999999901e+01
2.205999999999999872e+01
2.566000000000000014e+01
4.035999999999999943e+01
4.034000000000000341e+01
4.068999999999999773e+01
5.518999999999999773e+01
7.282000000000000739e+01
8.837000000000000455e+01
8.921000000000000796e+01
9.029999999999999716e+01
9.115000000000000568e+01
1.056899999999999977e+02
1.082800000000000011e+02
1.087999999999999972e+02
1.220799999999999983e+02
1.241400000000000006e+02
1.383400000000000034e+02
1.402000000000000171e+02
1.551700000000000159e+02
1.552899999999999920e+02
1.579500000000000171e+02
1.722000000000000171e+02
1.753700000000000045e+02
1.884799999999999898e+02
1.905399999999999920e+02
1.926899999999999977e+02
2.053799999999999955e+02
2.057800000000000011e+02
2.078100000000000023e+02
2.216800000000000068e+02
2.230300000000000011e+02
2.250800000000000125e+02
2.423400000000000034e+02
2.565099999999999909e+02
2.723600000000000136e+02
2.728999999999999773e+02
2.877099999999999795e+02
2.887599999999999909e+02
2.909800000000000182e+02
3.045099999999999909e+02
3.056600000000000250e+02
3.084900000000000091e+02
3.224399999999999977e+02
3.225300000000000296e+02
3.247300000000000182e+02
3.389300000000000068e+02
3.406800000000000068e+02
3.544399999999999977e+02
3.561299999999999955e+02
3.582699999999999818e+02
3.726000000000000227e+02
3.756299999999999955e+02
3.885199999999999818e+02
3.909499999999999886e+02
4.043299999999999841e+02
4.051800000000000068e+02
4.125000000000000000e+02
4.220300000000000296e+02
4.388199999999999932e+02
4.411000000000000227e+02
4.561999999999999886e+02
4.592500000000000000e+02
4.734700000000000273e+02
4.894300000000000068e+02
4.919300000000000068e+02
4.925900000000000318e+02
5.028700000000000045e+02
5.060300000000000296e+02
5.088799999999999955e+02
5.223300000000000409e+02
5.259400000000000546e+02
5.366299999999999955e+02
5.385299999999999727e+02
5.405800000000000409e+02
5.556599999999999682e+02
5.583000000000000682e+02
5.733200000000000500e+02
5.758799999999999955e+02
5.778000000000000682e+02
5.871499999999999773e+02
5.906699999999999591e+02
5.933400000000000318e+02
6.045399999999999636e+02
6.070299999999999727e+02
6.224099999999999682e+02
6.383100000000000591e+02
6.404400000000000546e+02
6.538500000000000227e+02
6.559400000000000546e+02
6.714800000000000182e+02
6.717300000000000182e+02
6.740900000000000318e+02
6.807699999999999818e+02
6.876800000000000637e+02
6.902899999999999636e+02
6.925900000000000318e+02
6.953000000000000682e+02
7.057100000000000364e+02
7.078999999999999773e+02
7.105199999999999818e+02
7.230000000000000000e+02
7.255399999999999636e+02
7.403500000000000227e+02
7.556399999999999864e+02
7.586100000000000136e+02
7.719500000000000455e+02
7.740199999999999818e+02
7.780299999999999727e+02
7.856599999999999682e+02
7.896700000000000728e+02
7.931399999999999864e+02
8.069700000000000273e+02
8.219099999999999682e+02
8.242699999999999818e+02
8.365900000000000318e+02
8.379600000000000364e+02
8.411800000000000637e+02
8.568700000000000045e+02
8.633100000000000591e+02
8.728000000000000682e+02
8.761100000000000136e+02
8.856200000000000045e+02
8.878999999999999773e+02
8.895700000000000500e+02
9.053000000000000682e+02
9.074200000000000728e+02
9.216299999999999955e+02
9.238100000000000591e+02
9.316000000000000227e+02
9.376900000000000546e+02
9.401499999999999773e+02
9.553799999999999955e+02
9.574600000000000364e+02
9.702599999999999909e+02
9.738500000000000227e+02
9.763100000000000591e+02
9.790199999999999818e+02
9.891900000000000546e+02
5.690000000000000391e+00
5.940000000000000391e+00
6.110000000000000320e+00
2.194000000000000128e+01
2.207000000000000028e+01
2.576000000000000156e+01
4.039000000000000057e+01
4.045000000000000284e+01
4.071000000000000085e+01
5.518999999999999773e+01
7.285999999999999943e+01
8.837000000000000455e+01
8.925000000000000000e+01
9.031000000000000227e+01
1.057300000000000040e+02
1.088299999999999983e+02
1.220900000000000034e+02
1.241599999999999966e+02
1.383499999999999943e+02
1.402400000000000091e+02
1.551700000000000159e+02
1.553000000000000114e+02
1.591700000000000159e+02
1.722199999999999989e+02
1.885000000000000000e+02
1.905699999999999932e+02
2.054200000000000159e+02
2.080500000000000114e+02
2.217100000000000080e+02
2.230999999999999943e+02
2.566899999999999977e+02
2.723799999999999955e+02
2.877200000000000273e+02
2.887699999999999818e+02
3.045199999999999818e+02
3.057599999999999909e+02
3.085400000000000205e+02
3.224399999999999977e+02
3.225699999999999932e+02
3.389599999999999795e+02
3.407300000000000182e+02
3.544399999999999977e+02
3.583600000000000136e+02
3.726100000000000136e+02
3.756999999999999886e+02
3.885199999999999818e+02
3.911100000000000136e+02
4.043400000000000318e+02
4.051899999999999977e+02
4.125199999999999818e+02
4.220400000000000205e+02
4.395000000000000000e+02
4.426500000000000341e+02
4.562400000000000091e+02
4.593000000000000114e+02
4.735699999999999932e+02
4.897100000000000364e+02
4.920099999999999909e+02
4.926100000000000136e+02
5.028799999999999955e+02
5.063100000000000023e+02
5.223400000000000318e+02
5.366399999999999864e+02
5.385299999999999727e+02
5.405900000000000318e+02
5.557400000000000091e+02
5.733400000000000318e+02
5.778200000000000500e+02
5.871699999999999591e+02
5.907200000000000273e+02
6.070500000000000682e+02
6.383200000000000500e+02
6.404800000000000182e+02
6.559600000000000364e+02
6.715399999999999636e+02
6.717400000000000091e+02
6.741399999999999864e+02
6.903200000000000500e+02
6.953100000000000591e+02
7.057200000000000273e+02
7.079199999999999591e+02
7.230399999999999636e+02
7.404099999999999682e+02
7.557799999999999727e+02
7.586399999999999864e+02
7.719700000000000273e+02
7.740600000000000591e+02
7.780299999999999727e+02
7.856700000000000728e+02
7.897300000000000182e+02
8.072799999999999727e+02
8.219200000000000728e+02
8.243300000000000409e+02
8.379700000000000273e+02
8.412500000000000000e+02
8.569600000000000364e+02
8.633300000000000409e+02
8.728300000000000409e+02
8.761900000000000546e+02
8.856399999999999864e+02
8.895900000000000318e+02
9.053100000000000591e+02
9.233400000000000318e+02
9.316000000000000227e+02
9.377000000000000455e+02
9.407799999999999727e+02
9.553799999999999955e+02
9.574800000000000182e+02
9.739099999999999682e+02
9.790199999999999818e+02
9.892100000000000364e+02
5.700000000000000178e+00
6.030000000000000249e+00
7.270000000000000462e+00
9.400000000000000355e+00
2.207000000000000028e+01
2.342999999999999972e+01
3.825000000000000000e+01
4.039999999999999858e+01
4.053999999999999915e+01
4.075000000000000000e+01
4.271000000000000085e+01
5.520000000000000284e+01
5.585000000000000142e+01
5.800000000000000000e+01
7.257999999999999829e+01
7.290999999999999659e+01
7.476999999999999602e+01
8.837000000000000455e+01
8.990999999999999659e+01
9.031000000000000227e+01
1.057800000000000011e+02
1.058900000000000006e+02
1.088500000000000085e+02
1.221000000000000085e+02
1.220700000000000074e+02
1.241899999999999977e+02
1.242000000000000028e+02
1.381599999999999966e+02
1.415099999999999909e+02
1.551800000000000068e+02
1.564500000000000171e+02
1.592299999999999898e+02
1.717899999999999920e+02
1.722400000000000091e+02
1.743400000000000034e+02
1.878199999999999932e+02
1.886500000000000057e+02
1.907800000000000011e+02
2.054800000000000182e+02
2.063600000000000136e+02
2.214699999999999989e+02
2.217599999999999909e+02
2.243900000000000148e+02
2.385000000000000000e+02
2.406500000000000057e+02
2.554200000000000159e+02
2.721800000000000068e+02
2.724100000000000250e+02
2.877200000000000273e+02
2.887900000000000205e+02
2.887300000000000182e+02
3.034900000000000091e+02
3.058500000000000227e+02
3.085900000000000318e+02
3.199399999999999977e+02
3.224499999999999886e+02
3.383299999999999841e+02
3.408600000000000136e+02
3.543799999999999955e+02
3.586500000000000341e+02
3.695699999999999932e+02
3.716999999999999886e+02
3.726100000000000136e+02
3.758100000000000023e+02
3.862300000000000182e+02
3.885300000000000296e+02
3.891999999999999886e+02
4.035799999999999841e+02
4.051999999999999886e+02
4.064200000000000159e+02
4.203199999999999932e+02
4.220400000000000205e+02
4.361700000000000159e+02
4.399600000000000364e+02
4.414200000000000159e+02
4.541700000000000159e+02
4.562900000000000205e+02
4.593299999999999841e+02
4.708600000000000136e+02
4.736299999999999955e+02
4.856800000000000068e+02
4.880699999999999932e+02
4.899100000000000250e+02
4.922200000000000273e+02
5.021299999999999955e+02
5.041800000000000068e+02
5.183300000000000409e+02
5.204600000000000364e+02
5.223500000000000227e+02
5.228600000000000136e+02
5.353200000000000500e+02
5.383600000000000136e+02
5.385299999999999727e+02
5.405900000000000318e+02
5.548500000000000227e+02
5.558000000000000682e+02
5.682699999999999818e+02
5.723500000000000227e+02
5.733500000000000227e+02
5.778300000000000409e+02
5.856800000000000637e+02
5.907799999999999727e+02
6.021699999999999591e+02
6.070600000000000591e+02
6.177100000000000364e+02
6.198500000000000227e+02
6.342699999999999818e+02
6.371800000000000637e+02
6.383200000000000500e+02
6.405099999999999909e+02
6.510299999999999727e+02
6.532500000000000000e+02
6.559900000000000091e+02
6.679500000000000455e+02
6.700600000000000591e+02
6.717599999999999909e+02
6.741800000000000637e+02
6.863100000000000591e+02
6.903600000000000136e+02
6.953400000000000318e+02
7.010900000000000318e+02
7.051000000000000227e+02
7.057400000000000091e+02
7.079400000000000546e+02
7.167699999999999818e+02
7.230700000000000500e+02
7.339300000000000637e+02
7.359900000000000091e+02
7.404800000000000182e+02
7.505099999999999909e+02
7.526200000000000045e+02
7.573799999999999955e+02
7.669600000000000364e+02
7.699300000000000637e+02
7.719900000000000091e+02
7.780299999999999727e+02
7.835099999999999909e+02
7.861100000000000136e+02
7.897899999999999636e+02
7.997400000000000091e+02
8.018600000000000136e+02
8.073300000000000409e+02
8.198899999999999864e+02
8.219400000000000546e+02
8.243899999999999864e+02
8.330800000000000409e+02
8.353799999999999955e+02
8.379800000000000182e+02
8.419300000000000637e+02
8.504200000000000728e+02
8.570399999999999636e+02
8.633500000000000227e+02
8.683500000000000227e+02
8.728600000000000136e+02
8.832699999999999818e+02
8.868200000000000500e+02
8.896100000000000136e+02
9.053300000000000409e+02
9.233899999999999864e+02
9.316100000000000136e+02
9.330199999999999818e+02
9.353300000000000409e+02
9.377100000000000364e+02
9.408200000000000500e+02
9.492599999999999909e+02
9.553799999999999955e+02
9.575399999999999636e+02
9.650500000000000682e+02
9.790199999999999818e+02
9.817500000000000000e+02
9.841800000000000637e+02
9.892400000000000091e+02
9.975400000000000773e+02
5.740000000000000213e+00
7.330000000000000071e+00
9.529999999999999361e+00
2.208000000000000185e+01
2.346999999999999886e+01
3.986999999999999744e+01
4.060000000000000142e+01
5.520000000000000284e+01
5.612000000000000455e+01
5.837000000000000455e+01
7.264000000000000057e+01
7.306000000000000227e+01
8.837000000000000455e+01
9.001999999999999602e+01
9.031000000000000227e+01
1.058200000000000074e+02
1.059099999999999966e+02
1.089200000000000017e+02
1.221099999999999994e+02
1.221200000000000045e+02
1.242300000000000040e+02
1.242800000000000011e+02
1.381800000000000068e+02
1.415699999999999932e+02
1.551800000000000068e+02
1.565099999999999909e+02
1.592899999999999920e+02
1.718600000000000136e+02
1.722700000000000102e+02
1.878300000000000125e+02
1.887100000000000080e+02
2.061200000000000045e+02
2.063900000000000148e+02
2.214699999999999989e+02
2.244699999999999989e+02
2.386100000000000136e+02
2.407300000000000182e+02
2.555100000000000193e+02
2.724399999999999977e+02
2.724399999999999977e+02
2.877200000000000273e+02
2.888000000000000114e+02
2.889200000000000159e+02
3.035000000000000000e+02
3.199399999999999977e+02
3.224499999999999886e+02
3.388500000000000227e+02
3.544200000000000159e+02
3.695900000000000318e+02
3.718799999999999955e+02
3.726200000000000045e+02
3.862500000000000000e+02
3.885300000000000296e+02
4.036200000000000045e+02
4.052100000000000364e+02
4.220400000000000205e+02
4.362300000000000182e+02
4.542100000000000364e+02
4.569900000000000091e+02
4.593600000000000136e+02
4.708899999999999864e+02
4.736999999999999886e+02
4.856999999999999886e+02
5.021500000000000341e+02
5.042100000000000364e+02
5.183400000000000318e+02
5.204700000000000273e+02
5.223600000000000136e+02
5.353600000000000136e+02
5.385399999999999636e+02
5.406100000000000136e+02
5.548999999999999773e+02
5.559199999999999591e+02
5.733600000000000136e+02
5.857100000000000364e+02
5.908300000000000409e+02
6.022300000000000182e+02
6.070800000000000409e+02
6.189099999999999682e+02
6.357200000000000273e+02
6.383300000000000409e+02
6.405399999999999636e+02
6.510900000000000318e+02
6.560099999999999909e+02
6.694400000000000546e+02
6.717799999999999727e+02
6.742200000000000273e+02
6.865600000000000591e+02
6.903899999999999864e+02
7.057599999999999909e+02
7.079500000000000455e+02
7.168200000000000500e+02
7.231299999999999955e+02
7.339600000000000364e+02
7.360399999999999636e+02
7.505299999999999727e+02
7.587200000000000273e+02
7.682799999999999727e+02
7.733999999999999773e+02
7.780399999999999636e+02
7.835399999999999636e+02
7.904300000000000637e+02
7.999200000000000728e+02
8.021499999999999773e+02
8.219500000000000455e+02
8.244400000000000546e+02
8.330800000000000409e+02
8.356000000000000227e+02
8.379900000000000091e+02
8.570800000000000409e+02
8.684300000000000637e+02
8.728999999999999773e+02
8.832899999999999636e+02
8.896499999999999773e+02
9.053400000000000318e+02
9.234700000000000273e+02
9.316100000000000136e+02
9.330600000000000591e+02
9.377200000000000273e+02
9.408500000000000227e+02
9.494300000000000637e+02
9.553799999999999955e+02
9.650600000000000591e+02
9.790199999999999818e+02
9.817699999999999818e+02
9.893000000000000682e+02
9.975700000000000500e+02
5.679999999999999716e+00
7.390000000000000568e+00
7.759999999999999787e+00
2.208000000000000185e+01
2.278999999999999915e+01
2.350000000000000000e+01
2.553000000000000114e+01
3.896000000000000085e+01
3.986999999999999744e+01
4.064999999999999858e+01
4.152000000000000313e+01
5.521000000000000085e+01
5.617999999999999972e+01
5.621000000000000085e+01
7.248000000000000398e+01
7.275000000000000000e+01
7.454000000000000625e+01
8.837999999999999545e+01
8.971000000000000796e+01
9.031000000000000227e+01
9.284000000000000341e+01
1.056700000000000017e+02
1.058500000000000085e+02
1.059300000000000068e+02
1.080799999999999983e+02
1.104300000000000068e+02
1.221299999999999955e+02
1.221700000000000017e+02
1.235600000000000023e+02
1.262600000000000051e+02
1.381899999999999977e+02
1.397400000000000091e+02
1.416200000000000045e+02
1.551800000000000068e+02
1.565500000000000114e+02
1.572299999999999898e+02
1.593700000000000045e+02
1.723000000000000114e+02
1.742500000000000000e+02
1.763900000000000148e+02
1.878300000000000125e+02
1.903600000000000136e+02
1.904399999999999977e+02
1.925800000000000125e+02
2.064300000000000068e+02
2.077400000000000091e+02
2.214699999999999989e+02
2.230000000000000000e+02
2.245300000000000011e+02
2.250399999999999920e+02
2.274900000000000091e+02
2.391100000000000136e+02
2.412300000000000182e+02
2.439900000000000091e+02
2.573700000000000045e+02
2.605199999999999818e+02
2.724700000000000273e+02
2.724900000000000091e+02
2.740099999999999909e+02
2.772599999999999909e+02
2.877200000000000273e+02
2.888100000000000023e+02
2.902200000000000273e+02
2.907599999999999909e+02
2.929399999999999977e+02
3.035099999999999909e+02
3.075099999999999909e+02
3.102900000000000205e+02
3.199399999999999977e+02
3.224499999999999886e+02
3.245500000000000114e+02
3.266600000000000250e+02
3.389399999999999977e+02
3.403100000000000023e+02
3.424499999999999886e+02
3.448500000000000227e+02
3.544599999999999795e+02
3.578799999999999955e+02
3.601899999999999977e+02
3.696000000000000227e+02
3.726299999999999955e+02
3.742099999999999795e+02
3.771200000000000045e+02
3.869399999999999977e+02
3.885400000000000205e+02
3.907300000000000182e+02
4.036700000000000159e+02
4.052300000000000182e+02
4.082599999999999909e+02
4.113700000000000045e+02
4.220500000000000114e+02
4.244100000000000250e+02
4.271700000000000159e+02
4.363100000000000023e+02
4.421899999999999977e+02
4.443600000000000136e+02
4.542599999999999909e+02
4.566800000000000068e+02
4.570600000000000023e+02
4.591500000000000341e+02
4.593899999999999864e+02
4.709200000000000159e+02
4.749499999999999886e+02
4.751500000000000341e+02
4.771299999999999955e+02
4.857200000000000273e+02
4.922599999999999909e+02
5.021700000000000159e+02
5.042500000000000000e+02
5.077500000000000000e+02
5.117100000000000364e+02
5.183500000000000227e+02
5.205000000000000000e+02
5.223799999999999955e+02
5.243700000000000045e+02
5.264600000000000364e+02
5.385399999999999636e+02
5.406200000000000045e+02
5.423100000000000591e+02
5.446000000000000227e+02
5.549600000000000364e+02
5.560099999999999909e+02
5.574300000000000637e+02
5.599099999999999682e+02
5.733700000000000045e+02
5.749800000000000182e+02
5.783100000000000591e+02
5.857400000000000091e+02
5.913200000000000500e+02
5.935000000000000000e+02
6.027300000000000182e+02
6.071000000000000227e+02
6.079300000000000637e+02
6.101299999999999955e+02
6.133999999999999773e+02
6.189400000000000546e+02
6.249600000000000364e+02
6.271200000000000045e+02
6.357500000000000000e+02
6.383400000000000318e+02
6.405800000000000409e+02
6.434600000000000364e+02
6.513700000000000045e+02
6.560500000000000682e+02
6.596699999999999591e+02
6.694600000000000364e+02
6.717899999999999636e+02
6.762599999999999909e+02
6.904500000000000455e+02
6.931100000000000136e+02
7.057799999999999727e+02
7.079700000000000273e+02
7.093100000000000591e+02
7.118200000000000500e+02
7.176200000000000045e+02
7.252799999999999727e+02
7.280399999999999636e+02
7.339800000000000182e+02
7.360900000000000318e+02
7.418200000000000500e+02
7.446599999999999682e+02
7.590900000000000318e+02
7.613400000000000318e+02
7.683200000000000500e+02
7.766499999999999773e+02
7.835700000000000500e+02
7.904900000000000091e+02
7.914500000000000455e+02
7.942000000000000455e+02
8.000600000000000591e+02
8.105900000000000318e+02
8.221700000000000728e+02
8.244900000000000091e+02
8.271100000000000136e+02
8.291800000000000637e+02
8.330800000000000409e+02
8.356900000000000546e+02
8.380099999999999909e+02
8.413700000000000045e+02
8.456200000000000045e+02
8.571200000000000045e+02
8.585000000000000000e+02
8.611200000000000045e+02
8.685000000000000000e+02
8.765800000000000409e+02
8.833300000000000409e+02
8.898300000000000409e+02
8.924900000000000091e+02
8.947200000000000273e+02
8.972300000000000182e+02
9.053700000000000045e+02
9.103799999999999955e+02
9.262599999999999909e+02
9.293899999999999864e+02
9.331000000000000227e+02
9.377300000000000182e+02
9.408899999999999864e+02
9.432799999999999727e+02
9.454400000000000546e+02
9.496000000000000227e+02
9.553799999999999955e+02
9.588100000000000591e+02
9.611599999999999682e+02
9.650600000000000591e+02
9.767400000000000091e+02
9.790299999999999727e+02
9.792200000000000273e+02
9.818200000000000500e+02
9.902200000000000273e+02
9.923400000000000318e+02
9.944300000000000637e+02
9.976100000000000136e+02
5.679999999999999716e+00
7.450000000000000178e+00
7.780000000000000249e+00
2.208000000000000185e+01
2.280999999999999872e+01
2.353999999999999915e+01
2.558999999999999986e+01
3.896999999999999886e+01
3.988000000000000256e+01
4.071999999999999886e+01
5.521000000000000085e+01
5.623000000000000398e+01
5.621999999999999886e+01
7.248999999999999488e+01
7.285999999999999943e+01
7.456000000000000227e+01
8.837999999999999545e+01
8.971000000000000796e+01
9.031000000000000227e+01
9.298999999999999488e+01
1.056899999999999977e+02
1.059000000000000057e+02
1.059600000000000080e+02
1.082400000000000091e+02
1.221500000000000057e+02
1.222500000000000000e+02
1.236300000000000097e+02
1.382100000000000080e+02
1.399500000000000171e+02
1.416800000000000068e+02
1.551800000000000068e+02
1.565800000000000125e+02
1.573600000000000136e+02
1.594699999999999989e+02
1.723300000000000125e+02
1.757800000000000011e+02
1.878400000000000034e+02
1.903900000000000148e+02
1.905300000000000011e+02
2.064600000000000080e+02
2.077599999999999909e+02
2.214699999999999989e+02
2.230200000000000102e+02
2.246299999999999955e+02
2.250699999999999932e+02
2.391200000000000045e+02
2.412400000000000091e+02
2.573999999999999773e+02
2.725099999999999909e+02
2.725500000000000114e+02
2.740400000000000205e+02
2.877300000000000182e+02
2.888199999999999932e+02
2.907699999999999818e+02
2.930000000000000000e+02
3.035199999999999818e+02
3.076200000000000045e+02
3.108600000000000136e+02
3.199399999999999977e+02
3.224499999999999886e+02
3.246399999999999864e+02
3.390699999999999932e+02
3.403299999999999841e+02
3.424800000000000182e+02
3.545099999999999909e+02
3.579100000000000250e+02
3.602300000000000182e+02
3.696299999999999955e+02
3.726299999999999955e+02
3.742200000000000273e+02
3.778700000000000045e+02
3.869600000000000364e+02
3.885400000000000205e+02
3.907400000000000091e+02
4.037100000000000364e+02
4.052500000000000000e+02
4.091299999999999955e+02
4.113799999999999955e+02
4.220500000000000114e+02
4.244200000000000159e+02
4.272200000000000273e+02
4.364300000000000068e+02
4.422100000000000364e+02
4.444100000000000250e+02
4.543100000000000023e+02
4.566899999999999977e+02
4.572400000000000091e+02
4.594399999999999977e+02
4.597100000000000364e+02
4.709499999999999886e+02
4.749900000000000091e+02
4.771800000000000068e+02
4.857300000000000182e+02
5.021899999999999977e+02
5.043100000000000023e+02
5.077500000000000000e+02
5.183600000000000136e+02
5.205199999999999818e+02
5.224099999999999682e+02
5.243899999999999864e+02
5.265299999999999727e+02
5.385399999999999636e+02
5.406399999999999864e+02
5.423300000000000409e+02
5.446599999999999682e+02
5.560800000000000409e+02
5.574900000000000091e+02
5.599700000000000273e+02
5.733799999999999955e+02
5.750500000000000682e+02
5.857799999999999727e+02
5.913200000000000500e+02
5.935900000000000318e+02
6.071200000000000045e+02
6.079400000000000546e+02
6.104300000000000637e+02
6.189600000000000364e+02
6.250000000000000000e+02
6.271499999999999773e+02
6.358000000000000682e+02
6.383500000000000227e+02
6.406699999999999591e+02
6.435199999999999818e+02
6.524099999999999682e+02
6.596800000000000637e+02
6.694800000000000182e+02
6.718100000000000591e+02
6.763100000000000591e+02
6.941000000000000227e+02
7.058000000000000682e+02
7.079900000000000091e+02
7.093400000000000318e+02
7.118600000000000136e+02
7.177000000000000455e+02
7.253100000000000591e+02
7.280800000000000409e+02
7.340000000000000000e+02
7.447300000000000182e+02
7.591200000000000045e+02
7.621800000000000637e+02
7.685500000000000682e+02
7.766800000000000637e+02
7.836100000000000136e+02
7.914700000000000273e+02
8.010199999999999818e+02
8.106499999999999773e+02
8.271399999999999864e+02
8.292699999999999818e+02
8.330800000000000409e+02
8.413799999999999955e+02
8.456700000000000728e+02
8.571700000000000728e+02
8.585199999999999818e+02
8.618799999999999955e+02
8.766100000000000136e+02
8.833799999999999955e+02
8.926000000000000227e+02
8.948100000000000591e+02
9.054300000000000637e+02
9.104099999999999682e+02
9.274700000000000273e+02
9.296200000000000045e+02
9.331299999999999955e+02
9.377400000000000091e+02
9.434400000000000546e+02
9.455900000000000318e+02
9.496599999999999682e+02
9.553799999999999955e+02
9.588100000000000591e+02
9.613300000000000409e+02
9.650700000000000500e+02
9.779800000000000182e+02
9.790299999999999727e+02
9.823400000000000318e+02
9.902699999999999818e+02
9.923500000000000227e+02
5.679999999999999716e+00
7.669999999999999929e+00
7.810000000000000497e+00
2.208999999999999986e+01
2.283000000000000185e+01
2.358999999999999986e+01
2.569000000000000128e+01
3.899000000000000199e+01
3.988000000000000256e+01
5.521999999999999886e+01
5.625000000000000000e+01
7.248999999999999488e+01
7.457999999999999829e+01
8.837999999999999545e+01
8.971999999999999886e+01
1.057000000000000028e+02
1.059399999999999977e+02
1.059900000000000091e+02
1.221800000000000068e+02
1.237000000000000028e+02
1.382299999999999898e+02
1.551899999999999977e+02
1.566299999999999955e+02
1.574699999999999989e+02
1.723700000000000045e+02
1.758199999999999932e+02
1.878400000000000034e+02
1.904399999999999977e+02
1.908300000000000125e+02
2.065099999999999909e+02
2.077899999999999920e+02
2.214699999999999989e+02
2.230800000000000125e+02
2.251299999999999955e+02
2.391299999999999955e+02
2.412599999999999909e+02
2.574200000000000159e+02
2.728199999999999932e+02
2.740699999999999932e+02
2.888400000000000318e+02
2.908000000000000114e+02
2.930600000000000023e+02
3.035300000000000296e+02
3.199399999999999977e+02
3.224599999999999795e+02
3.254300000000000068e+02
3.403400000000000318e+02
3.425099999999999909e+02
3.579399999999999977e+02
3.602599999999999909e+02
3.700000000000000000e+02
3.726399999999999864e+02
3.742300000000000182e+02
3.869900000000000091e+02
3.885500000000000114e+02
3.907599999999999909e+02
4.037699999999999818e+02
4.092100000000000364e+02
4.114300000000000068e+02
4.220500000000000114e+02
4.244300000000000068e+02
4.272900000000000205e+02
4.422300000000000182e+02
4.444800000000000182e+02
4.566999999999999886e+02
4.607300000000000182e+02
4.709800000000000182e+02
4.750300000000000296e+02
4.772100000000000364e+02
4.857500000000000000e+02
5.022200000000000273e+02
5.077500000000000000e+02
5.183600000000000136e+02
5.205499999999999545e+02
5.224600000000000364e+02
5.243999999999999773e+02
5.267200000000000273e+02
5.385399999999999636e+02
5.406699999999999591e+02
5.423400000000000318e+02
5.447400000000000091e+02
5.561499999999999773e+02
5.576000000000000227e+02
5.600299999999999727e+02
5.733899999999999864e+02
5.751000000000000227e+02
5.858500000000000227e+02
5.913200000000000500e+02
5.944700000000000273e+02
6.071499999999999773e+02
6.079500000000000455e+02
6.105600000000000591e+02
6.189900000000000091e+02
6.250600000000000591e+02
6.271900000000000546e+02
6.383600000000000136e+02
6.437899999999999636e+02
6.524700000000000273e+02
6.597000000000000455e+02
6.695000000000000000e+02
6.718200000000000500e+02
6.763600000000000136e+02
7.058300000000000409e+02
7.080199999999999818e+02
7.093700000000000045e+02
7.119099999999999682e+02
7.253400000000000318e+02
7.281100000000000136e+02
7.340299999999999727e+02
7.451900000000000546e+02
7.591499999999999773e+02
7.622400000000000091e+02
7.767100000000000364e+02
7.836499999999999773e+02
7.915000000000000000e+02
8.010800000000000409e+02
8.107200000000000273e+02
8.271599999999999682e+02
8.330800000000000409e+02
8.413799999999999955e+02
8.457200000000000273e+02
8.585600000000000591e+02
8.766499999999999773e+02
8.834200000000000728e+02
8.926599999999999682e+02
8.949200000000000728e+02
9.054700000000000273e+02
9.104500000000000455e+02
9.275000000000000000e+02
9.331599999999999682e+02
9.377599999999999909e+02
9.435399999999999636e+02
9.497300000000000182e+02
9.553799999999999955e+02
9.588200000000000500e+02
9.614099999999999682e+02
9.650700000000000500e+02
9.780500000000000682e+02
9.903200000000000500e+02
9.923600000000000136e+02
5.679999999999999716e+00
2.208999999999999986e+01
2.287999999999999901e+01
2.364000000000000057e+01
3.902000000000000313e+01
3.989000000000000057e+01
5.523000000000000398e+01
5.628999999999999915e+01
7.250000000000000000e+01
7.582000000000000739e+01
8.837999999999999545e+01
8.973000000000000398e+01
1.057100000000000080e+02
1.060400000000000063e+02
1.237600000000000051e+02
1.382500000000000000e+02
1.552000000000000171e+02
1.575699999999999932e+02
1.724600000000000080e+02
1.758600000000000136e+02
1.878499999999999943e+02
1.909000000000000057e+02
2.078199999999999932e+02
2.214699999999999989e+02
2.247300000000000182e+02
2.391299999999999955e+02
2.412700000000000102e+02
2.574300000000000068e+02
2.728700000000000045e+02
2.741100000000000136e+02
2.888799999999999955e+02
2.908199999999999932e+02
2.931600000000000250e+02
3.035400000000000205e+02
3.199399999999999977e+02
3.224599999999999795e+02
3.255400000000000205e+02
3.403700000000000045e+02
3.425400000000000205e+02
3.579599999999999795e+02
3.603000000000000114e+02
3.700600000000000023e+02
3.726500000000000341e+02
3.742400000000000091e+02
3.870300000000000296e+02
3.885600000000000023e+02
3.908600000000000136e+02
4.097300000000000182e+02
4.220600000000000023e+02
4.244399999999999977e+02
4.422500000000000000e+02
4.567100000000000364e+02
4.607800000000000296e+02
4.710199999999999818e+02
4.750600000000000023e+02
4.772300000000000182e+02
4.857699999999999818e+02
5.022599999999999909e+02
5.077500000000000000e+02
5.183700000000000045e+02
5.244099999999999682e+02
5.268600000000000136e+02
5.385499999999999545e+02
5.423500000000000227e+02
5.448400000000000318e+02
5.576699999999999591e+02
5.601599999999999682e+02
5.734199999999999591e+02
5.751599999999999682e+02
5.913300000000000409e+02
6.079600000000000364e+02
6.111299999999999955e+02
6.190199999999999818e+02
6.272500000000000000e+02
6.383799999999999955e+02
6.597100000000000364e+02
6.695199999999999818e+02
6.718600000000000136e+02
6.764099999999999682e+02
7.093999999999999773e+02
7.119700000000000273e+02
7.253700000000000045e+02
7.281499999999999773e+02
7.340700000000000500e+02
7.591800000000000637e+02
7.767400000000000091e+02
8.271900000000000546e+02
8.330800000000000409e+02
8.413899999999999864e+02
8.766900000000000546e+02
8.835000000000000000e+02
9.104800000000000182e+02
9.275399999999999636e+02
9.332000000000000455e+02
9.553899999999999864e+02
9.588200000000000500e+02
9.650800000000000409e+02
9.781900000000000546e+02
9.923700000000000045e+02
5.679999999999999716e+00
5.929999999999999716e+00
8.919999999999999929e+00
2.180999999999999872e+01
2.300000000000000000e+01
2.369999999999999929e+01
2.385999999999999943e+01
2.616000000000000014e+01
3.925999999999999801e+01
3.975000000000000000e+01
3.989000000000000057e+01
4.136999999999999744e+01
5.610000000000000142e+01
5.634000000000000341e+01
5.935999999999999943e+01
7.237000000000000455e+01
7.250000000000000000e+01
8.915000000000000568e+01
8.973000000000000398e+01
9.221000000000000796e+01
1.057300000000000040e+02
1.059900000000000091e+02
1.060900000000000034e+02
1.081700000000000017e+02
1.225600000000000023e+02
1.238500000000000085e+02
1.246599999999999966e+02
1.383000000000000114e+02
1.383400000000000034e+02
1.404500000000000171e+02
1.552800000000000011e+02
1.573600000000000136e+02
1.576400000000000148e+02
1.720900000000000034e+02
1.741599999999999966e+02
1.758900000000000148e+02
1.878600000000000136e+02
1.893499999999999943e+02
1.909399999999999977e+02
1.915399999999999920e+02
2.049600000000000080e+02
2.078700000000000045e+02
2.089500000000000171e+02
2.214800000000000182e+02
2.221400000000000148e+02
2.246400000000000148e+02
2.247599999999999909e+02
2.380900000000000034e+02
2.391400000000000148e+02
2.401700000000000159e+02
2.412899999999999920e+02
2.422899999999999920e+02
2.552500000000000000e+02
2.574499999999999886e+02
2.592200000000000273e+02
2.713799999999999955e+02
2.737200000000000273e+02
2.741700000000000159e+02
2.886200000000000045e+02
2.907400000000000091e+02
2.908500000000000227e+02
3.035600000000000023e+02
3.044800000000000182e+02
3.065500000000000114e+02
3.199399999999999977e+02
3.223100000000000023e+02
3.253100000000000023e+02
3.256100000000000136e+02
3.388600000000000136e+02
3.404300000000000068e+02
3.420900000000000318e+02
3.425699999999999932e+02
3.544200000000000159e+02
3.565799999999999841e+02
3.579900000000000091e+02
3.603799999999999955e+02
3.722400000000000091e+02
3.742500000000000000e+02
3.747599999999999909e+02
3.874300000000000068e+02
3.898600000000000136e+02
3.909000000000000341e+02
3.930799999999999841e+02
4.043000000000000114e+02
4.067200000000000273e+02
4.212800000000000296e+02
4.234000000000000341e+02
4.244499999999999886e+02
4.375699999999999932e+02
4.397800000000000296e+02
4.419499999999999886e+02
4.422699999999999818e+02
4.540300000000000296e+02
4.563100000000000023e+02
4.567200000000000273e+02
4.608299999999999841e+02
4.717100000000000364e+02
4.738899999999999864e+02
4.751100000000000136e+02
4.772599999999999909e+02
4.857900000000000205e+02
4.883400000000000318e+02
4.920900000000000318e+02
5.028500000000000227e+02
5.049300000000000068e+02
5.070799999999999841e+02
5.077599999999999909e+02
5.183799999999999955e+02
5.207999999999999545e+02
5.231299999999999955e+02
5.244300000000000637e+02
5.366000000000000227e+02
5.388100000000000591e+02
5.423600000000000136e+02
5.548300000000000409e+02
5.576000000000000227e+02
5.706000000000000227e+02
5.726399999999999864e+02
5.752500000000000000e+02
5.870500000000000682e+02
5.897000000000000455e+02
5.913300000000000409e+02
6.040900000000000318e+02
6.071800000000000637e+02
6.079700000000000273e+02
6.190600000000000591e+02
6.193400000000000318e+02
6.214300000000000637e+02
6.235600000000000591e+02
6.273000000000000682e+02
6.368899999999999864e+02
6.392200000000000273e+02
6.536499999999999773e+02
6.561299999999999955e+02
6.597300000000000182e+02
6.695399999999999636e+02
6.712300000000000182e+02
6.737699999999999818e+02
6.764500000000000455e+02
6.871900000000000546e+02
6.897599999999999909e+02
7.031699999999999591e+02
7.054600000000000364e+02
7.094199999999999591e+02
7.207500000000000000e+02
7.230099999999999909e+02
7.254099999999999682e+02
7.282000000000000455e+02
7.358600000000000136e+02
7.384700000000000273e+02
7.534300000000000637e+02
7.564099999999999682e+02
7.592000000000000455e+02
7.691700000000000728e+02
7.716000000000000227e+02
7.767899999999999636e+02
7.856399999999999864e+02
7.893700000000000045e+02
8.026800000000000637e+02
8.050800000000000409e+02
8.188799999999999955e+02
8.213200000000000500e+02
8.272100000000000364e+02
8.330800000000000409e+02
8.363799999999999955e+02
8.384700000000000273e+02
8.413899999999999864e+02
8.521499999999999773e+02
8.546599999999999682e+02
8.700900000000000318e+02
8.768799999999999955e+02
8.855800000000000409e+02
8.876900000000000546e+02
9.020500000000000682e+02
9.041499999999999773e+02
9.105199999999999818e+02
9.199099999999999682e+02
9.231900000000000546e+02
9.276100000000000136e+02
9.353899999999999864e+02
9.376800000000000637e+02
9.516299999999999955e+02
9.588200000000000500e+02
9.650800000000000409e+02
9.685299999999999727e+02
9.706399999999999864e+02
9.740600000000000591e+02
9.845400000000000773e+02
9.866100000000000136e+02
9.887300000000000182e+02
9.923799999999999955e+02
5.679999999999999716e+00
5.929999999999999716e+00
2.182000000000000028e+01
2.310999999999999943e+01
2.387999999999999901e+01
2.387000000000000099e+01
3.928000000000000114e+01
3.978999999999999915e+01
3.989999999999999858e+01
4.141000000000000369e+01
5.614999999999999858e+01
7.239000000000000057e+01
7.251000000000000512e+01
8.915000000000000568e+01
8.973999999999999488e+01
1.057400000000000091e+02
1.063700000000000045e+02
1.063100000000000023e+02
1.087900000000000063e+02
1.229600000000000080e+02
1.250300000000000011e+02
1.383400000000000034e+02
1.383499999999999943e+02
1.404600000000000080e+02
1.552800000000000011e+02
1.573700000000000045e+02
1.721500000000000057e+02
1.742299999999999898e+02
1.759300000000000068e+02
1.878700000000000045e+02
1.894200000000000159e+02
1.909699999999999989e+02
2.049900000000000091e+02
2.091500000000000057e+02
2.214800000000000182e+02
2.221599999999999966e+02
2.247899999999999920e+02
2.247199999999999989e+02
2.380999999999999943e+02
2.391599999999999966e+02
2.402000000000000171e+02
2.413199999999999932e+02
2.552899999999999920e+02
2.574700000000000273e+02
2.713999999999999773e+02
2.738199999999999932e+02
2.744499999999999886e+02
2.888199999999999932e+02
3.035699999999999932e+02
3.044800000000000182e+02
3.065600000000000023e+02
3.199399999999999977e+02
3.223600000000000136e+02
3.388600000000000136e+02
3.405000000000000000e+02
3.426200000000000045e+02
3.544200000000000159e+02
3.566299999999999955e+02
3.580400000000000205e+02
3.723500000000000227e+02
3.742599999999999909e+02
3.748600000000000136e+02
3.874499999999999886e+02
3.903100000000000023e+02
3.909300000000000068e+02
4.043000000000000114e+02
4.071899999999999977e+02
4.213400000000000318e+02
4.234399999999999977e+02
4.244700000000000273e+02
4.375699999999999932e+02
4.400600000000000023e+02
4.422900000000000205e+02
4.540400000000000205e+02
4.564200000000000159e+02
4.567300000000000182e+02
4.717599999999999909e+02
4.739399999999999977e+02
4.751500000000000341e+02
4.773000000000000114e+02
4.858199999999999932e+02
4.884200000000000159e+02
4.923199999999999932e+02
5.028500000000000227e+02
5.049499999999999886e+02
5.073700000000000045e+02
5.077599999999999909e+02
5.183799999999999955e+02
5.208700000000000045e+02
5.232200000000000273e+02
5.244500000000000455e+02
5.366100000000000136e+02
5.389600000000000364e+02
5.423799999999999955e+02
5.549199999999999591e+02
5.580500000000000682e+02
5.718999999999999773e+02
5.742400000000000091e+02
5.870600000000000591e+02
5.899800000000000182e+02
5.913300000000000409e+02
6.041100000000000136e+02
6.079900000000000091e+02
6.193799999999999955e+02
6.221699999999999591e+02
6.370800000000000409e+02
6.392799999999999727e+02
6.536699999999999591e+02
6.561900000000000546e+02
6.597500000000000000e+02
6.695800000000000409e+02
6.712899999999999636e+02
6.738700000000000045e+02
6.765399999999999636e+02
6.872799999999999727e+02
6.898100000000000591e+02
7.032500000000000000e+02
7.055500000000000682e+02
7.094500000000000455e+02
7.207799999999999727e+02
7.254600000000000364e+02
7.282699999999999818e+02
7.358899999999999864e+02
7.385299999999999727e+02
7.542000000000000455e+02
7.565000000000000000e+02
7.592300000000000182e+02
7.692899999999999636e+02
7.716200000000000045e+02
7.856399999999999864e+02
7.894600000000000364e+02
8.027699999999999818e+02
8.052200000000000273e+02
8.189099999999999682e+02
8.220600000000000591e+02
8.272300000000000182e+02
8.330800000000000409e+02
8.363999999999999773e+02
8.413999999999999773e+02
8.521700000000000728e+02
8.547400000000000091e+02
8.705399999999999636e+02
8.771599999999999682e+02
8.855800000000000409e+02
8.877200000000000273e+02
9.027200000000000273e+02
9.199400000000000546e+02
9.354300000000000637e+02
9.377500000000000000e+02
9.516399999999999864e+02
9.588300000000000409e+02
9.650900000000000318e+02
9.685399999999999636e+02
9.711800000000000637e+02
9.845700000000000500e+02
9.866499999999999773e+02
9.888999999999999773e+02
9.923999999999999773e+02
5.650000000000000355e+00
5.679999999999999716e+00
5.940000000000000391e+00
8.620000000000000995e+00
2.182000000000000028e+01
2.319000000000000128e+01
2.389000000000000057e+01
2.392999999999999972e+01
2.456000000000000227e+01
3.928999999999999915e+01
3.982999999999999829e+01
3.989999999999999858e+01
4.052000000000000313e+01
4.173000000000000398e+01
4.335000000000000142e+01
5.618999999999999773e+01
7.240999999999999659e+01
7.251999999999999602e+01
7.370000000000000284e+01
8.915999999999999659e+01
8.975000000000000000e+01
1.057800000000000011e+02
1.064200000000000017e+02
1.087199999999999989e+02
1.240199999999999960e+02
1.383400000000000034e+02
1.384000000000000057e+02
1.404799999999999898e+02
1.552800000000000011e+02
1.573900000000000148e+02
1.601899999999999977e+02
1.730200000000000102e+02
1.760699999999999932e+02
1.878799999999999955e+02
1.895000000000000000e+02
1.907500000000000000e+02
1.910200000000000102e+02
2.050200000000000102e+02
2.073600000000000136e+02
2.214800000000000182e+02
2.221800000000000068e+02
2.247899999999999920e+02
2.248300000000000125e+02
2.251299999999999955e+02
2.277100000000000080e+02
2.381299999999999955e+02
2.391700000000000159e+02
2.403100000000000023e+02
2.413600000000000136e+02
2.553600000000000136e+02
2.574900000000000091e+02
2.714200000000000159e+02
2.739100000000000250e+02
2.745500000000000114e+02
2.895000000000000000e+02
2.934900000000000091e+02
3.035900000000000318e+02
3.044800000000000182e+02
3.065799999999999841e+02
3.199399999999999977e+02
3.223899999999999864e+02
3.388700000000000045e+02
3.426800000000000068e+02
3.428299999999999841e+02
3.544200000000000159e+02
3.573899999999999864e+02
3.611399999999999864e+02
3.724200000000000159e+02
3.742800000000000296e+02
3.763400000000000318e+02
3.874600000000000364e+02
3.909499999999999886e+02
3.928199999999999932e+02
4.043100000000000023e+02
4.072400000000000091e+02
4.108100000000000023e+02
4.215600000000000023e+02
4.236299999999999955e+02
4.244900000000000091e+02
4.279000000000000341e+02
4.375699999999999932e+02
4.423199999999999932e+02
4.540500000000000114e+02
4.567400000000000091e+02
4.718199999999999932e+02
4.752100000000000364e+02
4.773899999999999864e+02
4.858899999999999864e+02
4.886000000000000227e+02
4.925300000000000296e+02
4.949499999999999886e+02
5.028500000000000227e+02
5.049700000000000273e+02
5.077599999999999909e+02
5.123100000000000591e+02
5.183899999999999864e+02
5.214500000000000455e+02
5.235700000000000500e+02
5.244700000000000273e+02
5.262100000000000364e+02
5.295900000000000318e+02
5.366100000000000136e+02
5.394800000000000182e+02
5.423899999999999864e+02
5.549900000000000091e+02
5.640000000000000000e+02
5.719700000000000273e+02
5.777599999999999909e+02
5.870700000000000500e+02
5.902899999999999636e+02
5.913300000000000409e+02
5.956200000000000045e+02
6.041299999999999955e+02
6.120800000000000409e+02
6.204900000000000091e+02
6.269900000000000091e+02
6.303300000000000409e+02
6.379199999999999591e+02
6.441299999999999955e+02
6.466200000000000045e+02
6.536900000000000546e+02
6.562400000000000091e+02
6.597799999999999727e+02
6.713200000000000500e+02
6.786699999999999591e+02
6.873899999999999864e+02
6.898500000000000227e+02
6.952500000000000000e+02
6.973899999999999864e+02
7.033200000000000500e+02
7.094900000000000091e+02
7.122300000000000182e+02
7.208000000000000682e+02
7.260199999999999818e+02
7.304500000000000455e+02
7.359400000000000546e+02
7.385900000000000318e+02
7.451000000000000227e+02
7.552200000000000273e+02
7.592599999999999909e+02
7.694300000000000637e+02
7.716299999999999955e+02
7.780199999999999818e+02
7.856499999999999773e+02
7.967000000000000455e+02
7.990099999999999909e+02
8.028300000000000409e+02
8.056700000000000728e+02
8.130000000000000000e+02
8.205000000000000000e+02
8.272699999999999818e+02
8.330800000000000409e+02
8.364200000000000728e+02
8.414200000000000728e+02
8.522000000000000455e+02
8.548200000000000500e+02
8.632200000000000273e+02
8.706900000000000546e+02
8.803999999999999773e+02
8.855900000000000318e+02
8.877500000000000000e+02
9.027500000000000000e+02
9.199600000000000364e+02
9.315900000000000318e+02
9.358600000000000136e+02
9.379500000000000455e+02
9.470000000000000000e+02
9.495900000000000318e+02
9.516499999999999773e+02
9.588300000000000409e+02
9.651000000000000227e+02
9.671599999999999682e+02
9.685500000000000682e+02
9.846800000000000637e+02
9.940400000000000773e+02
