1.564000000000000057e+01
1.136500000000000057e+02
2.172300000000000182e+02
2.596499999999999773e+02
2.639900000000000091e+02
2.707300000000000182e+02
3.128199999999999932e+02
3.171299999999999955e+02
3.664900000000000091e+02
4.118000000000000114e+02
4.143100000000000023e+02
5.147599999999999909e+02
5.600299999999999727e+02
5.656699999999999591e+02
6.155399999999999636e+02
6.587899999999999636e+02
6.649099999999999682e+02
7.110800000000000409e+02
7.612699999999999818e+02
8.187799999999999727e+02
8.594300000000000637e+02
9.113700000000000045e+02
9.593400000000000318e+02
9.628000000000000682e+02
2.597099999999999795e+02
3.138600000000000136e+02
4.120000000000000000e+02
4.145600000000000023e+02
5.150600000000000591e+02
6.591299999999999955e+02
6.650900000000000318e+02
8.189600000000000364e+02
8.596599999999999682e+02
9.115600000000000591e+02
2.598400000000000318e+02
3.140099999999999909e+02
9.117000000000000455e+02
1.182000000000000028e+01
1.466999999999999993e+01
1.685999999999999943e+01
2.066000000000000014e+01
6.107999999999999829e+01
6.496000000000000796e+01
6.785999999999999943e+01
7.279999999999999716e+01
1.155600000000000023e+02
1.181899999999999977e+02
1.651599999999999966e+02
1.680200000000000102e+02
1.704699999999999989e+02
2.112500000000000000e+02
2.138600000000000136e+02
2.173700000000000045e+02
2.647200000000000273e+02
2.682200000000000273e+02
2.720799999999999841e+02
3.099200000000000159e+02
3.122300000000000182e+02
3.152900000000000205e+02
3.179700000000000273e+02
3.621100000000000136e+02
3.650199999999999818e+02
3.676200000000000045e+02
3.730300000000000296e+02
4.132100000000000364e+02
4.155300000000000296e+02
4.188899999999999864e+02
4.619499999999999886e+02
4.645600000000000023e+02
4.671299999999999955e+02
4.711000000000000227e+02
5.133700000000000045e+02
5.200900000000000318e+02
5.609400000000000546e+02
5.658799999999999955e+02
6.108400000000000318e+02
6.137400000000000091e+02
6.172599999999999909e+02
6.200900000000000318e+02
6.636599999999999682e+02
6.662500000000000000e+02
7.113300000000000409e+02
7.137699999999999818e+02
7.165399999999999636e+02
7.195700000000000500e+02
7.219500000000000455e+02
7.617599999999999909e+02
7.650000000000000000e+02
7.672400000000000091e+02
8.106100000000000136e+02
8.129200000000000728e+02
8.168899999999999864e+02
8.629200000000000728e+02
8.653200000000000500e+02
8.674900000000000091e+02
9.152400000000000091e+02
9.174700000000000273e+02
9.210500000000000682e+02
9.610399999999999636e+02
9.634500000000000455e+02
9.672599999999999909e+02
9.696800000000000637e+02
1.278000000000000114e+01
1.658999999999999986e+01
6.529999999999999716e+01
1.158299999999999983e+02
1.182600000000000051e+02
1.681500000000000057e+02
1.706400000000000148e+02
2.114300000000000068e+02
2.140500000000000114e+02
2.182500000000000000e+02
2.649700000000000273e+02
3.131200000000000045e+02
3.153400000000000318e+02
3.624100000000000250e+02
3.656800000000000068e+02
4.135099999999999909e+02
4.157500000000000000e+02
4.192100000000000364e+02
4.626299999999999955e+02
4.650000000000000000e+02
4.672300000000000182e+02
4.717800000000000296e+02
5.136000000000000227e+02
5.611599999999999682e+02
5.661499999999999773e+02
6.138999999999999773e+02
6.174800000000000182e+02
6.643799999999999955e+02
7.114300000000000637e+02
7.138400000000000318e+02
7.168500000000000227e+02
7.198500000000000227e+02
7.673200000000000500e+02
8.130500000000000682e+02
8.175000000000000000e+02
8.674600000000000364e+02
9.169900000000000091e+02
9.611200000000000045e+02
9.635600000000000591e+02
1.164099999999999966e+02
3.155900000000000318e+02
4.159499999999999886e+02
4.651500000000000341e+02
4.674600000000000364e+02
5.664099999999999682e+02
6.176399999999999864e+02
7.116100000000000136e+02
7.139700000000000273e+02
8.131599999999999682e+02
8.676299999999999955e+02
9.175600000000000591e+02
9.612100000000000364e+02
9.636700000000000728e+02
4.164900000000000091e+02
