4.679999999999999716e+00
2.506000000000000227e+01
1.013200000000000074e+02
1.861299999999999955e+02
2.760000000000000000e+02
2.953400000000000318e+02
3.157900000000000205e+02
3.399100000000000250e+02
5.290099999999999909e+02
6.381299999999999955e+02
7.027400000000000091e+02
7.107699999999999818e+02
8.920900000000000318e+02
9.528899999999999864e+02
9.568799999999999955e+02
1.673000000000000043e+01
3.300999999999999801e+01
3.749000000000000199e+01
4.482000000000000028e+01
5.325999999999999801e+01
5.703999999999999915e+01
8.071999999999999886e+01
8.487000000000000455e+01
8.932000000000000739e+01
9.268000000000000682e+01
1.052000000000000028e+02
1.128500000000000085e+02
1.538100000000000023e+02
1.614799999999999898e+02
1.737899999999999920e+02
1.941200000000000045e+02
2.018000000000000114e+02
2.055000000000000000e+02
2.300300000000000011e+02
2.578899999999999864e+02
2.740500000000000114e+02
2.781999999999999886e+02
2.828000000000000114e+02
2.861999999999999886e+02
3.100500000000000114e+02
3.140799999999999841e+02
3.266299999999999955e+02
3.310199999999999818e+02
3.458000000000000114e+02
3.625500000000000114e+02
3.703799999999999955e+02
3.879000000000000341e+02
3.950300000000000296e+02
3.991800000000000068e+02
4.111600000000000250e+02
4.184499999999999886e+02
4.223500000000000227e+02
4.307200000000000273e+02
4.388700000000000045e+02
4.599600000000000364e+02
4.712200000000000273e+02
4.871399999999999864e+02
5.070600000000000023e+02
5.110900000000000318e+02
5.747599999999999909e+02
5.791499999999999773e+02
5.961100000000000136e+02
5.995399999999999636e+02
6.112799999999999727e+02
6.158999999999999773e+02
6.211100000000000136e+02
6.519199999999999591e+02
6.554800000000000182e+02
6.730800000000000409e+02
6.964300000000000637e+02
7.119300000000000637e+02
7.158400000000000318e+02
7.197400000000000091e+02
7.295099999999999909e+02
7.320000000000000000e+02
7.401599999999999682e+02
7.443500000000000227e+02
7.924400000000000546e+02
8.141100000000000136e+02
8.202699999999999818e+02
8.249400000000000546e+02
8.301800000000000637e+02
8.347500000000000000e+02
8.368200000000000500e+02
8.447100000000000364e+02
8.767599999999999909e+02
8.805099999999999909e+02
9.007300000000000182e+02
9.131599999999999682e+02
9.165299999999999727e+02
9.415099999999999909e+02
9.466200000000000045e+02
9.487100000000000364e+02
9.612000000000000455e+02
9.874200000000000728e+02
9.931599999999999682e+02
4.820000000000000284e+00
1.239000000000000057e+01
1.644000000000000128e+01
2.506000000000000227e+01
2.841000000000000014e+01
3.281000000000000227e+01
3.688000000000000256e+01
4.105000000000000426e+01
4.446999999999999886e+01
4.832999999999999829e+01
5.292000000000000171e+01
6.080000000000000426e+01
6.454000000000000625e+01
6.843999999999999773e+01
7.214000000000000057e+01
7.659000000000000341e+01
8.085000000000000853e+01
8.496999999999999886e+01
9.307000000000000739e+01
9.690000000000000568e+01
1.046400000000000006e+02
1.087100000000000080e+02
1.131599999999999966e+02
1.175600000000000023e+02
1.202500000000000000e+02
1.248100000000000023e+02
1.287899999999999920e+02
1.325500000000000114e+02
1.371500000000000057e+02
1.452000000000000171e+02
1.488199999999999932e+02
1.529000000000000057e+02
1.565999999999999943e+02
1.643300000000000125e+02
1.681800000000000068e+02
1.725000000000000000e+02
1.772899999999999920e+02
1.848700000000000045e+02
1.973100000000000023e+02
2.008400000000000034e+02
2.088499999999999943e+02
2.133499999999999943e+02
2.165000000000000000e+02
2.214099999999999966e+02
2.251500000000000057e+02
2.288100000000000023e+02
2.326100000000000136e+02
2.374500000000000171e+02
2.409399999999999977e+02
2.448000000000000114e+02
2.489600000000000080e+02
2.526899999999999977e+02
2.566800000000000068e+02
2.654900000000000091e+02
2.687099999999999795e+02
2.771899999999999977e+02
2.894000000000000341e+02
2.927699999999999818e+02
2.966700000000000159e+02
3.014100000000000250e+02
3.050699999999999932e+02
3.088700000000000045e+02
3.134399999999999977e+02
3.171000000000000227e+02
3.204800000000000182e+02
3.248000000000000114e+02
3.290900000000000318e+02
3.409800000000000182e+02
3.456500000000000341e+02
3.490199999999999818e+02
3.525199999999999818e+02
3.574100000000000250e+02
3.651399999999999864e+02
3.689800000000000182e+02
3.812500000000000000e+02
3.848400000000000318e+02
3.884200000000000159e+02
3.935400000000000205e+02
3.965600000000000023e+02
4.047300000000000182e+02
4.088899999999999864e+02
4.129600000000000364e+02
4.179200000000000159e+02
4.249300000000000068e+02
4.289900000000000091e+02
4.340500000000000114e+02
4.379100000000000250e+02
4.410900000000000318e+02
4.448700000000000045e+02
4.540000000000000000e+02
4.581000000000000227e+02
4.606800000000000068e+02
4.729600000000000364e+02
4.766399999999999864e+02
4.892800000000000296e+02
4.929000000000000341e+02
4.978100000000000023e+02
5.014700000000000273e+02
5.053400000000000318e+02
5.102100000000000364e+02
5.127899999999999636e+02
5.173200000000000500e+02
5.222500000000000000e+02
5.249300000000000637e+02
5.289800000000000182e+02
5.487200000000000273e+02
5.617400000000000091e+02
5.662599999999999909e+02
5.728400000000000318e+02
5.770600000000000591e+02
5.824900000000000091e+02
5.891000000000000227e+02
5.942599999999999909e+02
5.973300000000000409e+02
6.020600000000000591e+02
6.054400000000000546e+02
6.084800000000000182e+02
6.105700000000000500e+02
6.133100000000000591e+02
6.168100000000000591e+02
6.224700000000000273e+02
6.247500000000000000e+02
6.289400000000000546e+02
6.328000000000000682e+02
6.407300000000000182e+02
6.450299999999999727e+02
6.487500000000000000e+02
6.575500000000000682e+02
6.612599999999999909e+02
6.657100000000000364e+02
6.731800000000000637e+02
6.814700000000000273e+02
6.972500000000000000e+02
7.009700000000000273e+02
7.051000000000000227e+02
7.071800000000000637e+02
7.189700000000000273e+02
7.248700000000000045e+02
7.269600000000000364e+02
7.374500000000000455e+02
7.503000000000000682e+02
7.530800000000000409e+02
7.568899999999999864e+02
7.696000000000000227e+02
7.733200000000000500e+02
7.929900000000000091e+02
7.969500000000000455e+02
7.990299999999999727e+02
8.014200000000000728e+02
8.052599999999999909e+02
8.106599999999999682e+02
8.133500000000000227e+02
8.170700000000000500e+02
8.290199999999999818e+02
8.351599999999999682e+02
8.412300000000000182e+02
8.450500000000000682e+02
8.533600000000000136e+02
8.606399999999999864e+02
8.694800000000000182e+02
8.774800000000000182e+02
8.807500000000000000e+02
8.855800000000000409e+02
8.889400000000000546e+02
9.139700000000000273e+02
9.212000000000000455e+02
9.249800000000000182e+02
9.292000000000000455e+02
9.349500000000000455e+02
9.370800000000000409e+02
9.475299999999999727e+02
9.509700000000000273e+02
9.551900000000000546e+02
9.573000000000000682e+02
9.626900000000000546e+02
9.710500000000000682e+02
9.817599999999999909e+02
9.873600000000000136e+02
9.918000000000000682e+02
9.952900000000000773e+02
8.710000000000000853e+00
1.233999999999999986e+01
1.651999999999999957e+01
2.051000000000000156e+01
2.430000000000000071e+01
3.274000000000000199e+01
3.680000000000000426e+01
4.028000000000000114e+01
4.439000000000000057e+01
4.846000000000000085e+01
5.268999999999999773e+01
5.614999999999999858e+01
6.082000000000000028e+01
6.823999999999999488e+01
7.210999999999999943e+01
7.654000000000000625e+01
8.057999999999999829e+01
8.446000000000000796e+01
8.821000000000000796e+01
9.207000000000000739e+01
1.005300000000000011e+02
1.043200000000000074e+02
1.088799999999999955e+02
1.121899999999999977e+02
1.160799999999999983e+02
1.199900000000000091e+02
1.243200000000000074e+02
1.287299999999999898e+02
1.360200000000000102e+02
1.403700000000000045e+02
1.444500000000000171e+02
1.522100000000000080e+02
1.557299999999999898e+02
1.601500000000000057e+02
1.639399999999999977e+02
1.721100000000000136e+02
1.841800000000000068e+02
1.879300000000000068e+02
1.924000000000000057e+02
1.959900000000000091e+02
2.004200000000000159e+02
2.044200000000000159e+02
2.082500000000000000e+02
2.123199999999999932e+02
2.162599999999999909e+02
2.200999999999999943e+02
2.238100000000000023e+02
2.283499999999999943e+02
2.324699999999999989e+02
2.358600000000000136e+02
2.438700000000000045e+02
2.521700000000000159e+02
2.561600000000000250e+02
2.599399999999999977e+02
2.642200000000000273e+02
2.682099999999999795e+02
2.718500000000000227e+02
2.762500000000000000e+02
2.798299999999999841e+02
2.838299999999999841e+02
2.881600000000000250e+02
2.923600000000000136e+02
2.995199999999999818e+02
3.044100000000000250e+02
3.079000000000000341e+02
3.119100000000000250e+02
3.196999999999999886e+02
3.244700000000000273e+02
3.320400000000000205e+02
3.361999999999999886e+02
3.405300000000000296e+02
3.441000000000000227e+02
3.477099999999999795e+02
3.522500000000000000e+02
3.554399999999999977e+02
3.602300000000000182e+02
3.637699999999999818e+02
3.676600000000000250e+02
3.713600000000000136e+02
3.752099999999999795e+02
3.798400000000000318e+02
3.884300000000000068e+02
3.916999999999999886e+02
3.956600000000000250e+02
4.037699999999999818e+02
4.071800000000000068e+02
4.117800000000000296e+02
4.191500000000000341e+02
4.233299999999999841e+02
4.273899999999999864e+02
4.319300000000000068e+02
4.359200000000000159e+02
4.401700000000000159e+02
4.430900000000000318e+02
4.521299999999999955e+02
4.550300000000000296e+02
4.595099999999999909e+02
4.630400000000000205e+02
4.674700000000000273e+02
4.719700000000000273e+02
4.754800000000000182e+02
4.793400000000000318e+02
4.826399999999999864e+02
4.876299999999999955e+02
4.926200000000000045e+02
4.956600000000000250e+02
4.991299999999999955e+02
5.030500000000000114e+02
5.070300000000000296e+02
5.118100000000000023e+02
5.163799999999999955e+02
5.191599999999999682e+02
5.314199999999999591e+02
5.387599999999999909e+02
5.428999999999999773e+02
5.471699999999999591e+02
5.520000000000000000e+02
5.603799999999999955e+02
5.627599999999999909e+02
5.668100000000000591e+02
5.717100000000000364e+02
5.750099999999999909e+02
5.794300000000000637e+02
5.867799999999999727e+02
5.901699999999999591e+02
6.025900000000000318e+02
6.062100000000000364e+02
6.145900000000000318e+02
6.190700000000000500e+02
6.273700000000000045e+02
6.309600000000000364e+02
6.349800000000000182e+02
6.386699999999999591e+02
6.425600000000000591e+02
6.468400000000000318e+02
6.519099999999999682e+02
6.544800000000000182e+02
6.644900000000000091e+02
6.665900000000000318e+02
6.705900000000000318e+02
6.741100000000000136e+02
6.783400000000000318e+02
6.873899999999999864e+02
6.919600000000000364e+02
6.985900000000000318e+02
7.037400000000000091e+02
7.062799999999999727e+02
7.103100000000000591e+02
7.144400000000000546e+02
7.220500000000000682e+02
7.265600000000000591e+02
7.382899999999999636e+02
7.404300000000000637e+02
7.430900000000000318e+02
7.467400000000000091e+02
7.514199999999999591e+02
7.579199999999999591e+02
7.625399999999999636e+02
7.661499999999999773e+02
7.701800000000000637e+02
7.756700000000000728e+02
7.831599999999999682e+02
7.944099999999999682e+02
7.997000000000000455e+02
8.021000000000000227e+02
8.077200000000000273e+02
8.219700000000000273e+02
8.261599999999999682e+02
8.299300000000000637e+02
8.354200000000000728e+02
8.393999999999999773e+02
8.460000000000000000e+02
8.497599999999999909e+02
8.545299999999999727e+02
8.615399999999999636e+02
8.660399999999999636e+02
8.737599999999999909e+02
8.778700000000000045e+02
8.899099999999999682e+02
8.937599999999999909e+02
8.979400000000000546e+02
9.000700000000000500e+02
9.021499999999999773e+02
9.074800000000000182e+02
9.097599999999999909e+02
9.156200000000000045e+02
9.213799999999999955e+02
9.253999999999999773e+02
9.337400000000000091e+02
9.372799999999999727e+02
9.394300000000000637e+02
9.418899999999999864e+02
9.458000000000000682e+02
9.516000000000000227e+02
9.536900000000000546e+02
9.597200000000000273e+02
9.651900000000000546e+02
9.672799999999999727e+02
9.693600000000000136e+02
9.733100000000000591e+02
9.756000000000000227e+02
9.777300000000000182e+02
9.849500000000000455e+02
9.892900000000000773e+02
9.972799999999999727e+02
9.994200000000000728e+02
4.310000000000000497e+00
8.279999999999999361e+00
1.247000000000000064e+01
2.096000000000000085e+01
2.471000000000000085e+01
3.235000000000000142e+01
3.623000000000000398e+01
4.403999999999999915e+01
5.232000000000000028e+01
5.618999999999999773e+01
6.409000000000000341e+01
6.796999999999999886e+01
7.239000000000000057e+01
8.073000000000000398e+01
9.210000000000000853e+01
9.646999999999999886e+01
9.976000000000000512e+01
1.162199999999999989e+02
1.278200000000000074e+02
1.318000000000000114e+02
1.357500000000000000e+02
1.440500000000000114e+02
1.480000000000000000e+02
1.519300000000000068e+02
1.557000000000000171e+02
1.637400000000000091e+02
1.718300000000000125e+02
1.764000000000000057e+02
1.915699999999999932e+02
1.950500000000000114e+02
2.077199999999999989e+02
2.115099999999999909e+02
2.150800000000000125e+02
2.193799999999999955e+02
2.351400000000000148e+02
2.474800000000000182e+02
2.505399999999999920e+02
2.552100000000000080e+02
2.591899999999999977e+02
2.634900000000000091e+02
2.667500000000000000e+02
2.703400000000000318e+02
2.745099999999999909e+02
2.793000000000000114e+02
2.826200000000000045e+02
2.867800000000000296e+02
2.952500000000000000e+02
3.034200000000000159e+02
3.105099999999999909e+02
3.142300000000000182e+02
3.305500000000000114e+02
3.345500000000000114e+02
3.495900000000000318e+02
3.621700000000000159e+02
3.661299999999999955e+02
3.750600000000000023e+02
3.790799999999999841e+02
3.823299999999999841e+02
3.860500000000000114e+02
3.945900000000000318e+02
4.134600000000000364e+02
4.188799999999999955e+02
4.264100000000000250e+02
4.381000000000000227e+02
4.416000000000000227e+02
4.451899999999999977e+02
4.581899999999999977e+02
4.620500000000000114e+02
4.655300000000000296e+02
4.699100000000000250e+02
4.738400000000000318e+02
4.787699999999999818e+02
4.815099999999999909e+02
4.853500000000000227e+02
4.899700000000000273e+02
4.928400000000000318e+02
5.143300000000000409e+02
5.287000000000000455e+02
5.369700000000000273e+02
5.457300000000000182e+02
5.502300000000000182e+02
5.544800000000000182e+02
5.576499999999999773e+02
5.646599999999999682e+02
5.693600000000000136e+02
5.760500000000000682e+02
5.805900000000000318e+02
5.934500000000000455e+02
5.973799999999999955e+02
6.008700000000000045e+02
6.097100000000000364e+02
6.178799999999999955e+02
6.364500000000000455e+02
6.446299999999999955e+02
6.497000000000000455e+02
6.528999999999999773e+02
6.693300000000000409e+02
6.770900000000000318e+02
6.932599999999999909e+02
7.014700000000000273e+02
7.074199999999999591e+02
7.253799999999999955e+02
7.289400000000000546e+02
7.331100000000000136e+02
7.363999999999999773e+02
7.395500000000000682e+02
7.646200000000000045e+02
7.672699999999999818e+02
7.709099999999999682e+02
7.883799999999999955e+02
7.907000000000000455e+02
8.044700000000000273e+02
8.068799999999999955e+02
8.119900000000000091e+02
8.280399999999999636e+02
8.400099999999999909e+02
8.426399999999999864e+02
8.447599999999999909e+02
8.664200000000000728e+02
8.782200000000000273e+02
8.804500000000000455e+02
8.878600000000000136e+02
8.906100000000000136e+02
8.938799999999999955e+02
8.983799999999999955e+02
9.005199999999999818e+02
9.081599999999999682e+02
9.158500000000000227e+02
9.315000000000000000e+02
9.398000000000000682e+02
9.418799999999999955e+02
9.455399999999999636e+02
9.540800000000000409e+02
9.755900000000000318e+02
9.836900000000000546e+02
9.857300000000000182e+02
9.954900000000000091e+02
4.379999999999999893e+00
1.221000000000000085e+01
8.370000000000000284e+01
1.002199999999999989e+02
1.313499999999999943e+02
1.474699999999999989e+02
1.510999999999999943e+02
1.669500000000000171e+02
1.709799999999999898e+02
2.070200000000000102e+02
2.150500000000000114e+02
2.308300000000000125e+02
2.497500000000000000e+02
2.661999999999999886e+02
2.820500000000000114e+02
3.135400000000000205e+02
3.371800000000000068e+02
3.613500000000000227e+02
3.850400000000000205e+02
4.133500000000000227e+02
4.285600000000000023e+02
4.487900000000000205e+02
4.684800000000000182e+02
4.836200000000000045e+02
4.922700000000000387e+02
4.988299999999999841e+02
5.159600000000000364e+02
6.388999999999999773e+02
6.433400000000000318e+02
6.906699999999999591e+02
7.018799999999999955e+02
7.089400000000000546e+02
7.563100000000000591e+02
8.018200000000000500e+02
8.091800000000000637e+02
8.881599999999999682e+02
9.559300000000000637e+02
9.939400000000000546e+02
1.230100000000000051e+02
4.311999999999999886e+02
1.383400000000000034e+02
