3.359999999999999876e+00
7.580000000000000071e+00
1.116999999999999993e+01
1.122000000000000064e+01
1.125999999999999979e+01
1.145000000000000107e+01
1.556000000000000050e+01
1.950000000000000000e+01
2.401000000000000156e+01
2.751000000000000156e+01
2.755000000000000071e+01
3.187999999999999901e+01
3.517000000000000171e+01
3.578999999999999915e+01
3.584000000000000341e+01
3.910000000000000142e+01
4.310999999999999943e+01
4.323000000000000398e+01
4.328000000000000114e+01
4.348000000000000398e+01
4.736999999999999744e+01
4.742999999999999972e+01
4.757000000000000028e+01
5.178999999999999915e+01
5.500000000000000000e+01
5.530000000000000426e+01
5.971000000000000085e+01
5.980000000000000426e+01
6.309000000000000341e+01
6.684999999999999432e+01
6.717000000000000171e+01
6.742000000000000171e+01
6.804999999999999716e+01
7.112999999999999545e+01
7.204000000000000625e+01
7.545000000000000284e+01
7.973000000000000398e+01
8.343999999999999773e+01
8.375000000000000000e+01
8.426999999999999602e+01
8.817000000000000171e+01
9.118999999999999773e+01
9.532999999999999829e+01
9.579999999999999716e+01
9.878000000000000114e+01
9.906000000000000227e+01
9.940000000000000568e+01
1.035000000000000000e+02
1.041299999999999955e+02
1.081099999999999994e+02
1.111800000000000068e+02
1.117300000000000040e+02
1.149800000000000040e+02
1.151599999999999966e+02
1.191000000000000085e+02
1.192300000000000040e+02
1.192600000000000051e+02
1.193200000000000074e+02
1.232400000000000091e+02
1.236700000000000017e+02
1.266899999999999977e+02
1.272699999999999960e+02
1.306999999999999886e+02
1.348499999999999943e+02
1.349200000000000159e+02
1.477299999999999898e+02
1.507800000000000011e+02
1.511400000000000148e+02
1.546599999999999966e+02
1.557000000000000171e+02
1.560600000000000023e+02
1.590099999999999909e+02
1.634000000000000057e+02
1.634000000000000057e+02
1.659000000000000057e+02
1.671700000000000159e+02
1.680000000000000000e+02
1.698799999999999955e+02
1.707400000000000091e+02
1.713600000000000136e+02
1.762199999999999989e+02
1.830500000000000114e+02
1.850600000000000023e+02
1.868000000000000114e+02
1.871100000000000136e+02
1.912500000000000000e+02
1.939000000000000057e+02
1.949500000000000171e+02
1.951599999999999966e+02
1.992199999999999989e+02
1.996899999999999977e+02
2.032400000000000091e+02
2.066599999999999966e+02
2.076700000000000159e+02
2.113300000000000125e+02
2.152199999999999989e+02
2.154000000000000057e+02
2.161299999999999955e+02
2.189300000000000068e+02
2.195500000000000114e+02
2.238199999999999932e+02
2.273199999999999932e+02
2.297199999999999989e+02
2.313199999999999932e+02
2.314699999999999989e+02
2.320699999999999932e+02
2.341700000000000159e+02
2.347300000000000182e+02
2.351899999999999977e+02
2.398499999999999943e+02
2.427199999999999989e+02
2.494399999999999977e+02
2.510500000000000114e+02
2.517600000000000193e+02
2.518600000000000136e+02
2.553799999999999955e+02
2.555399999999999920e+02
2.560000000000000000e+02
2.561399999999999864e+02
2.568700000000000045e+02
2.588299999999999841e+02
2.631100000000000136e+02
2.672400000000000091e+02
2.676200000000000045e+02
2.696700000000000159e+02
2.708500000000000227e+02
2.731800000000000068e+02
2.734100000000000250e+02
2.753899999999999864e+02
2.771399999999999864e+02
2.786899999999999977e+02
2.828299999999999841e+02
2.831100000000000136e+02
2.857099999999999795e+02
2.871100000000000136e+02
2.912699999999999818e+02
2.917599999999999909e+02
2.942200000000000273e+02
2.966700000000000159e+02
2.983899999999999864e+02
2.995300000000000296e+02
3.002400000000000091e+02
3.023899999999999864e+02
3.033600000000000136e+02
3.039399999999999977e+02
3.068299999999999841e+02
3.077099999999999795e+02
3.109100000000000250e+02
3.131999999999999886e+02
3.147300000000000182e+02
3.162599999999999909e+02
3.193799999999999955e+02
3.198199999999999932e+02
3.279900000000000091e+02
3.294700000000000273e+02
3.309300000000000068e+02
3.339700000000000273e+02
3.351700000000000159e+02
3.401200000000000045e+02
3.404900000000000091e+02
3.450000000000000000e+02
3.459599999999999795e+02
3.479599999999999795e+02
3.511299999999999955e+02
3.513700000000000045e+02
3.524900000000000091e+02
3.549399999999999977e+02
3.563899999999999864e+02
3.616200000000000045e+02
3.626700000000000159e+02
3.640799999999999841e+02
3.650099999999999909e+02
3.702300000000000182e+02
3.706000000000000227e+02
3.740699999999999932e+02
3.744000000000000341e+02
3.754300000000000068e+02
3.786600000000000250e+02
3.812699999999999818e+02
3.838700000000000045e+02
3.838799999999999955e+02
3.873199999999999932e+02
3.885000000000000000e+02
3.923799999999999955e+02
3.935300000000000296e+02
3.936899999999999977e+02
3.940400000000000205e+02
3.948600000000000136e+02
3.954700000000000273e+02
3.962500000000000000e+02
3.982900000000000205e+02
4.036899999999999977e+02
4.062100000000000364e+02
4.079200000000000159e+02
4.107599999999999909e+02
4.110300000000000296e+02
4.118500000000000227e+02
4.171200000000000045e+02
4.181299999999999955e+02
4.213299999999999841e+02
4.222699999999999818e+02
4.241100000000000136e+02
4.264900000000000091e+02
4.278500000000000227e+02
4.308000000000000114e+02
4.329399999999999977e+02
4.347800000000000296e+02
4.390500000000000114e+02
4.420000000000000000e+02
4.437699999999999818e+02
4.440500000000000114e+02
4.540099999999999909e+02
4.551100000000000136e+02
4.571800000000000068e+02
4.596800000000000068e+02
4.611299999999999955e+02
4.620400000000000205e+02
4.713500000000000227e+02
4.721999999999999886e+02
4.727400000000000091e+02
4.744300000000000068e+02
4.755199999999999818e+02
4.790099999999999909e+02
4.911800000000000068e+02
4.918299999999999841e+02
4.947900000000000205e+02
4.950600000000000023e+02
4.967400000000000091e+02
4.979600000000000364e+02
4.980200000000000387e+02
4.991500000000000341e+02
4.991899999999999977e+02
5.011800000000000068e+02
5.059900000000000091e+02
5.106500000000000341e+02
5.116700000000000159e+02
5.148799999999999955e+02
5.152300000000000182e+02
5.172000000000000455e+02
5.282599999999999909e+02
5.305099999999999909e+02
5.377500000000000000e+02
5.447400000000000091e+02
5.465299999999999727e+02
5.483799999999999955e+02
5.613000000000000682e+02
5.617500000000000000e+02
5.663400000000000318e+02
5.736399999999999864e+02
5.738700000000000045e+02
5.750399999999999636e+02
5.760600000000000591e+02
5.760900000000000318e+02
5.857100000000000364e+02
5.932200000000000273e+02
5.951499999999999773e+02
5.963700000000000045e+02
5.967599999999999909e+02
5.997799999999999727e+02
6.009500000000000455e+02
6.014199999999999591e+02
6.020500000000000682e+02
6.043700000000000045e+02
6.050000000000000000e+02
6.050500000000000682e+02
6.075900000000000318e+02
6.123200000000000500e+02
6.134700000000000273e+02
6.139900000000000091e+02
6.157400000000000091e+02
6.160099999999999909e+02
6.179700000000000273e+02
6.237300000000000182e+02
6.263799999999999955e+02
6.310199999999999818e+02
6.317500000000000000e+02
6.319400000000000546e+02
6.334199999999999591e+02
6.339500000000000455e+02
6.376100000000000136e+02
6.378100000000000591e+02
6.383200000000000500e+02
6.397000000000000455e+02
6.423899999999999864e+02
6.446100000000000136e+02
6.477100000000000364e+02
6.478899999999999864e+02
6.485900000000000318e+02
6.487500000000000000e+02
6.508300000000000409e+02
6.508600000000000136e+02
6.517899999999999636e+02
6.534600000000000364e+02
6.535099999999999909e+02
6.544400000000000546e+02
6.544900000000000091e+02
6.570000000000000000e+02
6.604199999999999591e+02
6.655600000000000591e+02
6.664900000000000091e+02
6.682599999999999909e+02
6.722699999999999818e+02
6.730700000000000500e+02
6.759600000000000364e+02
6.862599999999999909e+02
6.908600000000000136e+02
6.921900000000000546e+02
6.923799999999999955e+02
6.963799999999999955e+02
7.007899999999999636e+02
7.040500000000000682e+02
7.052100000000000364e+02
7.062899999999999636e+02
7.064300000000000637e+02
7.092200000000000273e+02
7.109800000000000182e+02
7.149500000000000455e+02
7.186499999999999773e+02
7.210500000000000682e+02
7.254600000000000364e+02
7.312000000000000455e+02
7.320199999999999818e+02
7.352899999999999636e+02
7.363799999999999955e+02
7.386800000000000637e+02
7.390500000000000682e+02
7.465199999999999818e+02
7.468600000000000136e+02
7.491599999999999682e+02
7.503700000000000045e+02
7.520000000000000000e+02
7.558300000000000409e+02
7.563300000000000409e+02
7.568100000000000591e+02
7.613700000000000045e+02
7.635399999999999636e+02
7.649600000000000364e+02
7.661700000000000728e+02
7.662300000000000182e+02
7.698200000000000500e+02
7.745199999999999818e+02
7.749300000000000637e+02
7.822000000000000455e+02
7.919600000000000364e+02
7.958799999999999955e+02
7.979400000000000546e+02
7.987100000000000364e+02
8.009900000000000091e+02
8.034300000000000637e+02
8.041900000000000546e+02
8.058400000000000318e+02
8.066900000000000546e+02
8.082699999999999818e+02
8.083400000000000318e+02
8.108600000000000136e+02
8.123600000000000136e+02
8.131200000000000045e+02
8.160000000000000000e+02
8.191299999999999955e+02
8.270399999999999636e+02
8.279900000000000091e+02
8.291900000000000546e+02
8.303300000000000409e+02
8.340299999999999727e+02
8.342599999999999909e+02
8.356700000000000728e+02
8.389600000000000364e+02
8.401000000000000227e+02
8.415800000000000409e+02
8.436900000000000546e+02
8.448300000000000409e+02
8.486599999999999682e+02
8.544700000000000273e+02
8.595099999999999909e+02
8.604200000000000728e+02
8.650500000000000682e+02
8.653700000000000045e+02
8.667599999999999909e+02
8.740800000000000409e+02
8.757599999999999909e+02
8.764400000000000546e+02
8.769500000000000455e+02
8.777899999999999636e+02
8.796499999999999773e+02
8.804500000000000455e+02
8.813300000000000409e+02
8.869099999999999682e+02
8.871700000000000728e+02
8.878899999999999864e+02
8.926000000000000227e+02
8.929300000000000637e+02
8.942100000000000364e+02
8.969400000000000546e+02
8.991900000000000546e+02
9.063400000000000318e+02
9.087200000000000273e+02
9.145299999999999727e+02
9.206700000000000728e+02
9.238500000000000227e+02
9.282000000000000455e+02
9.303799999999999955e+02
9.337799999999999727e+02
9.341700000000000728e+02
9.360500000000000682e+02
9.362799999999999727e+02
9.377599999999999909e+02
9.477400000000000091e+02
9.499099999999999682e+02
9.525399999999999636e+02
9.542100000000000364e+02
9.563100000000000591e+02
9.617000000000000455e+02
9.620600000000000591e+02
9.663000000000000682e+02
9.683700000000000045e+02
9.699200000000000728e+02
9.722300000000000182e+02
9.762500000000000000e+02
9.838999999999999773e+02
9.847100000000000364e+02
9.847200000000000273e+02
9.861499999999999773e+02
9.878100000000000591e+02
9.881900000000000546e+02
9.962300000000000182e+02
9.998500000000000227e+02
