4.500000000000000000e+00
4.770000000000000462e+00
5.009999999999999787e+00
5.219999999999999751e+00
5.240000000000000213e+00
5.350000000000000533e+00
5.419999999999999929e+00
5.610000000000000320e+00
6.150000000000000355e+00
6.230000000000000426e+00
6.330000000000000071e+00
6.490000000000000213e+00
6.640000000000000568e+00
6.709999999999999964e+00
6.750000000000000000e+00
7.070000000000000284e+00
7.200000000000000178e+00
7.600000000000000533e+00
7.919999999999999929e+00
8.540000000000000924e+00
8.700000000000001066e+00
2.076000000000000156e+01
2.115000000000000213e+01
2.117000000000000171e+01
2.165000000000000213e+01
2.196999999999999886e+01
2.210999999999999943e+01
2.224000000000000199e+01
2.250000000000000000e+01
2.253000000000000114e+01
2.260999999999999943e+01
2.262999999999999901e+01
2.267000000000000171e+01
2.294000000000000128e+01
2.353000000000000114e+01
2.376999999999999957e+01
2.426000000000000156e+01
2.440000000000000213e+01
2.444999999999999929e+01
2.448000000000000043e+01
2.449000000000000199e+01
2.453999999999999915e+01
2.467999999999999972e+01
2.474000000000000199e+01
2.603999999999999915e+01
3.817000000000000171e+01
3.868999999999999773e+01
3.882999999999999829e+01
3.911999999999999744e+01
3.925000000000000000e+01
3.925999999999999801e+01
3.934000000000000341e+01
3.953000000000000114e+01
4.032999999999999829e+01
4.059000000000000341e+01
4.082999999999999829e+01
4.123000000000000398e+01
4.153999999999999915e+01
4.159000000000000341e+01
4.167999999999999972e+01
4.242000000000000171e+01
4.270000000000000284e+01
5.446999999999999886e+01
5.475000000000000000e+01
5.489000000000000057e+01
5.500000000000000000e+01
5.502000000000000313e+01
5.506000000000000227e+01
5.514999999999999858e+01
5.523000000000000398e+01
5.553999999999999915e+01
5.574000000000000199e+01
5.653999999999999915e+01
5.689000000000000057e+01
5.732000000000000028e+01
5.748000000000000398e+01
5.791000000000000369e+01
5.798000000000000398e+01
5.827000000000000313e+01
5.921999999999999886e+01
7.075000000000000000e+01
7.129999999999999716e+01
7.143999999999999773e+01
7.198000000000000398e+01
7.198000000000000398e+01
7.221000000000000796e+01
7.229999999999999716e+01
7.243999999999999773e+01
7.246000000000000796e+01
7.246000000000000796e+01
7.251000000000000512e+01
7.265999999999999659e+01
7.271000000000000796e+01
7.279999999999999716e+01
7.332999999999999829e+01
7.420000000000000284e+01
7.454000000000000625e+01
7.481000000000000227e+01
7.546999999999999886e+01
7.564000000000000057e+01
8.798999999999999488e+01
8.806000000000000227e+01
8.839000000000000057e+01
8.843000000000000682e+01
8.845000000000000284e+01
8.862999999999999545e+01
8.918000000000000682e+01
8.928000000000000114e+01
8.929000000000000625e+01
8.975000000000000000e+01
8.990999999999999659e+01
8.996000000000000796e+01
9.012999999999999545e+01
9.045000000000000284e+01
9.071000000000000796e+01
9.093999999999999773e+01
9.096000000000000796e+01
9.176000000000000512e+01
9.203000000000000114e+01
1.045300000000000011e+02
1.049800000000000040e+02
1.054699999999999989e+02
1.055499999999999972e+02
1.056200000000000045e+02
1.058599999999999994e+02
1.063200000000000074e+02
1.063400000000000034e+02
1.064699999999999989e+02
1.069800000000000040e+02
1.074099999999999966e+02
1.078200000000000074e+02
1.085300000000000011e+02
1.085799999999999983e+02
1.086299999999999955e+02
1.088200000000000074e+02
1.088400000000000034e+02
1.093799999999999955e+02
1.208299999999999983e+02
1.212300000000000040e+02
1.212699999999999960e+02
1.213799999999999955e+02
1.220499999999999972e+02
1.222400000000000091e+02
1.227100000000000080e+02
1.228100000000000023e+02
1.229800000000000040e+02
1.230100000000000051e+02
1.232300000000000040e+02
1.233299999999999983e+02
1.235799999999999983e+02
1.237800000000000011e+02
1.239300000000000068e+02
1.243700000000000045e+02
1.244699999999999989e+02
1.245799999999999983e+02
1.248400000000000034e+02
1.252900000000000063e+02
1.272699999999999960e+02
1.372000000000000171e+02
1.372100000000000080e+02
1.381800000000000068e+02
1.383300000000000125e+02
1.386400000000000148e+02
1.387400000000000091e+02
1.388199999999999932e+02
1.389900000000000091e+02
1.390900000000000034e+02
1.395699999999999932e+02
1.399200000000000159e+02
1.399500000000000171e+02
1.401899999999999977e+02
1.404000000000000057e+02
1.407599999999999909e+02
1.411200000000000045e+02
1.431899999999999977e+02
1.549699999999999989e+02
1.552400000000000091e+02
1.553199999999999932e+02
1.556700000000000159e+02
1.557500000000000000e+02
1.558000000000000114e+02
1.559900000000000091e+02
1.562899999999999920e+02
1.566800000000000068e+02
1.568199999999999932e+02
1.574300000000000068e+02
1.574900000000000091e+02
1.582599999999999909e+02
1.583000000000000114e+02
1.584300000000000068e+02
1.705900000000000034e+02
1.711800000000000068e+02
1.714600000000000080e+02
1.715600000000000023e+02
1.715999999999999943e+02
1.717000000000000171e+02
1.718300000000000125e+02
1.719200000000000159e+02
1.724699999999999989e+02
1.728499999999999943e+02
1.740200000000000102e+02
1.740500000000000114e+02
1.743100000000000023e+02
1.744900000000000091e+02
1.745099999999999909e+02
1.749200000000000159e+02
1.750200000000000102e+02
1.752100000000000080e+02
1.756700000000000159e+02
1.877400000000000091e+02
1.885600000000000023e+02
1.890999999999999943e+02
1.891700000000000159e+02
1.892700000000000102e+02
1.894799999999999898e+02
1.895800000000000125e+02
1.896899999999999977e+02
1.898000000000000114e+02
1.899900000000000091e+02
1.901800000000000068e+02
1.902500000000000000e+02
1.909900000000000091e+02
1.911700000000000159e+02
1.913499999999999943e+02
1.918600000000000136e+02
1.924200000000000159e+02
2.042700000000000102e+02
2.047899999999999920e+02
2.048700000000000045e+02
2.049699999999999989e+02
2.049800000000000182e+02
2.054200000000000159e+02
2.054200000000000159e+02
2.055999999999999943e+02
2.062199999999999989e+02
2.065300000000000011e+02
2.065699999999999932e+02
2.067300000000000182e+02
2.067700000000000102e+02
2.070800000000000125e+02
2.073300000000000125e+02
2.075000000000000000e+02
2.075099999999999909e+02
2.079000000000000057e+02
2.086899999999999977e+02
2.092400000000000091e+02
2.207100000000000080e+02
2.213199999999999932e+02
2.213300000000000125e+02
2.213700000000000045e+02
2.214399999999999977e+02
2.214699999999999989e+02
2.215200000000000102e+02
2.216899999999999977e+02
2.222400000000000091e+02
2.229900000000000091e+02
2.230500000000000114e+02
2.232000000000000171e+02
2.233100000000000023e+02
2.234399999999999977e+02
2.236200000000000045e+02
2.237899999999999920e+02
2.238600000000000136e+02
2.239300000000000068e+02
2.240099999999999909e+02
2.247300000000000182e+02
2.254200000000000159e+02
2.260800000000000125e+02
2.357899999999999920e+02
2.375099999999999909e+02
2.380800000000000125e+02
2.380900000000000034e+02
2.383199999999999932e+02
2.386200000000000045e+02
2.391500000000000057e+02
2.395699999999999932e+02
2.398300000000000125e+02
2.403000000000000114e+02
2.403199999999999932e+02
2.418799999999999955e+02
2.425999999999999943e+02
2.432400000000000091e+02
2.522700000000000102e+02
2.525900000000000034e+02
2.541800000000000068e+02
2.547100000000000080e+02
2.547300000000000182e+02
2.547899999999999920e+02
2.552700000000000102e+02
2.553499999999999943e+02
2.556400000000000148e+02
2.568199999999999932e+02
2.568299999999999841e+02
2.571499999999999773e+02
2.573899999999999864e+02
2.574300000000000068e+02
2.580199999999999818e+02
2.581299999999999955e+02
2.589200000000000159e+02
2.699599999999999795e+02
2.708899999999999864e+02
2.711299999999999955e+02
2.711600000000000250e+02
2.718199999999999932e+02
2.718600000000000136e+02
2.720099999999999909e+02
2.723899999999999864e+02
2.728500000000000227e+02
2.732300000000000182e+02
2.735099999999999909e+02
2.736000000000000227e+02
2.740600000000000023e+02
2.744200000000000159e+02
2.744900000000000091e+02
2.751100000000000136e+02
2.761399999999999864e+02
2.867800000000000296e+02
2.868000000000000114e+02
2.871399999999999864e+02
2.876000000000000227e+02
2.876299999999999955e+02
2.876999999999999886e+02
2.879100000000000250e+02
2.884499999999999886e+02
2.885799999999999841e+02
2.888199999999999932e+02
2.891600000000000250e+02
2.894599999999999795e+02
2.895000000000000000e+02
2.897699999999999818e+02
2.899599999999999795e+02
2.900199999999999818e+02
2.901899999999999977e+02
2.904000000000000341e+02
2.908100000000000023e+02
2.913100000000000023e+02
2.913700000000000045e+02
2.923000000000000114e+02
2.923700000000000045e+02
2.928799999999999955e+02
3.025300000000000296e+02
3.025799999999999841e+02
3.036100000000000136e+02
3.040500000000000114e+02
3.044399999999999977e+02
3.048299999999999841e+02
3.048799999999999955e+02
3.050600000000000023e+02
3.053199999999999932e+02
3.053299999999999841e+02
3.058899999999999864e+02
3.061600000000000250e+02
3.062200000000000273e+02
3.064599999999999795e+02
3.069599999999999795e+02
3.069900000000000091e+02
3.075600000000000023e+02
3.079700000000000273e+02
3.084499999999999886e+02
3.090500000000000114e+02
3.093000000000000114e+02
3.093100000000000023e+02
3.195900000000000318e+02
3.196700000000000159e+02
3.214200000000000159e+02
3.222099999999999795e+02
3.223100000000000023e+02
3.230400000000000205e+02
3.232800000000000296e+02
3.242900000000000205e+02
3.246399999999999864e+02
3.255799999999999841e+02
3.257500000000000000e+02
3.261600000000000250e+02
3.265699999999999932e+02
3.362099999999999795e+02
3.376899999999999977e+02
3.378700000000000045e+02
3.380500000000000114e+02
3.381600000000000250e+02
3.383100000000000023e+02
3.387200000000000273e+02
3.392599999999999909e+02
3.392800000000000296e+02
3.399300000000000068e+02
3.411200000000000045e+02
3.413100000000000023e+02
3.413799999999999955e+02
3.416399999999999864e+02
3.421600000000000250e+02
3.425300000000000296e+02
3.430300000000000296e+02
3.543799999999999955e+02
3.546899999999999977e+02
3.551500000000000341e+02
3.561800000000000068e+02
3.561899999999999977e+02
3.563299999999999841e+02
3.566500000000000341e+02
3.569100000000000250e+02
3.573400000000000318e+02
3.584200000000000159e+02
3.585500000000000114e+02
3.589800000000000182e+02
3.592599999999999909e+02
3.596800000000000068e+02
3.689599999999999795e+02
3.704900000000000091e+02
3.707599999999999909e+02
3.710799999999999841e+02
3.718400000000000318e+02
3.722699999999999818e+02
3.724599999999999795e+02
3.730099999999999909e+02
3.738400000000000318e+02
3.739300000000000068e+02
3.743400000000000318e+02
3.744800000000000182e+02
3.757900000000000205e+02
3.765799999999999841e+02
3.768600000000000136e+02
3.865600000000000023e+02
3.865699999999999932e+02
3.871399999999999864e+02
3.878500000000000227e+02
3.885699999999999932e+02
3.891800000000000068e+02
3.893400000000000318e+02
3.896700000000000159e+02
3.898199999999999932e+02
3.899900000000000091e+02
3.903799999999999955e+02
3.909200000000000159e+02
3.911500000000000341e+02
3.911899999999999977e+02
3.912599999999999909e+02
3.913799999999999955e+02
3.915400000000000205e+02
3.933700000000000045e+02
4.035199999999999818e+02
4.036700000000000159e+02
4.040199999999999818e+02
4.041600000000000250e+02
4.041899999999999977e+02
4.043000000000000114e+02
4.045400000000000205e+02
4.050400000000000205e+02
4.051700000000000159e+02
4.053199999999999932e+02
4.057300000000000182e+02
4.059499999999999886e+02
4.066899999999999977e+02
4.068899999999999864e+02
4.078799999999999955e+02
4.081999999999999886e+02
4.085500000000000114e+02
4.088299999999999841e+02
4.091000000000000227e+02
4.105099999999999909e+02
4.202500000000000000e+02
4.204000000000000341e+02
4.207400000000000091e+02
4.209399999999999977e+02
4.209700000000000273e+02
4.218700000000000045e+02
4.233600000000000136e+02
4.233700000000000045e+02
4.234800000000000182e+02
4.236500000000000341e+02
4.245300000000000296e+02
4.250099999999999909e+02
4.260699999999999932e+02
4.288100000000000023e+02
4.333000000000000114e+02
4.352300000000000182e+02
4.363299999999999841e+02
4.370600000000000023e+02
4.374399999999999977e+02
4.374900000000000091e+02
4.383600000000000136e+02
4.385799999999999841e+02
4.392800000000000296e+02
4.395699999999999932e+02
4.397400000000000091e+02
4.398400000000000318e+02
4.404000000000000341e+02
4.411600000000000250e+02
4.413700000000000045e+02
4.415600000000000023e+02
4.416100000000000136e+02
4.420900000000000318e+02
4.423199999999999932e+02
4.425600000000000023e+02
4.431500000000000341e+02
4.432800000000000296e+02
4.456600000000000250e+02
4.516800000000000068e+02
4.524300000000000068e+02
4.530099999999999909e+02
4.531299999999999955e+02
4.534000000000000341e+02
4.537500000000000000e+02
4.538100000000000023e+02
4.543899999999999864e+02
4.545500000000000114e+02
4.546100000000000136e+02
4.556700000000000159e+02
4.559300000000000068e+02
4.560500000000000114e+02
4.561899999999999977e+02
4.568799999999999955e+02
4.569900000000000091e+02
4.576500000000000341e+02
4.577200000000000273e+02
4.584399999999999977e+02
4.586000000000000227e+02
4.597699999999999818e+02
4.598400000000000318e+02
4.599499999999999886e+02
4.600000000000000000e+02
4.614100000000000250e+02
4.620400000000000205e+02
4.694900000000000091e+02
4.699000000000000341e+02
4.700000000000000000e+02
4.708299999999999841e+02
4.717400000000000091e+02
4.727300000000000182e+02
4.728899999999999864e+02
4.730300000000000296e+02
4.738000000000000114e+02
4.739200000000000159e+02
4.739600000000000364e+02
4.740099999999999909e+02
4.743899999999999864e+02
4.751899999999999977e+02
4.761500000000000341e+02
4.762800000000000296e+02
4.764000000000000341e+02
4.764100000000000250e+02
4.845900000000000318e+02
4.848000000000000114e+02
4.869200000000000159e+02
4.869600000000000364e+02
4.872100000000000364e+02
4.879200000000000159e+02
4.885500000000000114e+02
4.886000000000000227e+02
4.889800000000000182e+02
4.892599999999999909e+02
4.899900000000000091e+02
4.910400000000000205e+02
4.913000000000000114e+02
4.914600000000000364e+02
4.921100000000000136e+02
4.928899999999999864e+02
4.933700000000000045e+02
5.012300000000000182e+02
5.022400000000000091e+02
5.024800000000000182e+02
5.025900000000000318e+02
5.038500000000000227e+02
5.043899999999999864e+02
5.052100000000000364e+02
5.052100000000000364e+02
5.053600000000000136e+02
5.054600000000000364e+02
5.058199999999999932e+02
5.063400000000000318e+02
5.069100000000000250e+02
5.070500000000000114e+02
5.076899999999999977e+02
5.111999999999999886e+02
5.191000000000000227e+02
5.195900000000000318e+02
5.202500000000000000e+02
5.203300000000000409e+02
5.211599999999999682e+02
5.212999999999999545e+02
5.220700000000000500e+02
5.223700000000000045e+02
5.224099999999999682e+02
5.233100000000000591e+02
5.233400000000000318e+02
5.235299999999999727e+02
5.238100000000000591e+02
5.238300000000000409e+02
5.247699999999999818e+02
5.256399999999999864e+02
5.258700000000000045e+02
5.261399999999999864e+02
5.270700000000000500e+02
5.274600000000000364e+02
5.281599999999999682e+02
5.342699999999999818e+02
5.346499999999999773e+02
5.348100000000000591e+02
5.353999999999999773e+02
5.354800000000000182e+02
5.367000000000000455e+02
5.374099999999999682e+02
5.378899999999999864e+02
5.383200000000000500e+02
5.383799999999999955e+02
5.389300000000000637e+02
5.392500000000000000e+02
5.396800000000000637e+02
5.397200000000000273e+02
5.412999999999999545e+02
5.416299999999999955e+02
5.419700000000000273e+02
5.422500000000000000e+02
5.429300000000000637e+02
5.436900000000000546e+02
5.446000000000000227e+02
5.452599999999999909e+02
5.497200000000000273e+02
5.513200000000000500e+02
5.535099999999999909e+02
5.543700000000000045e+02
5.543999999999999773e+02
5.547799999999999727e+02
5.550000000000000000e+02
5.552799999999999727e+02
5.563700000000000045e+02
5.563899999999999864e+02
5.565600000000000591e+02
5.568100000000000591e+02
5.569900000000000091e+02
5.577200000000000273e+02
5.581399999999999864e+02
5.594500000000000455e+02
5.610000000000000000e+02
5.669199999999999591e+02
5.672799999999999727e+02
5.695299999999999727e+02
5.702200000000000273e+02
5.706399999999999864e+02
5.706800000000000637e+02
5.713200000000000500e+02
5.717599999999999909e+02
5.723300000000000409e+02
5.723400000000000318e+02
5.723899999999999864e+02
5.727799999999999727e+02
5.729800000000000182e+02
5.736900000000000546e+02
5.740900000000000318e+02
5.748100000000000591e+02
5.748300000000000409e+02
5.753300000000000409e+02
5.766800000000000637e+02
5.768200000000000500e+02
5.772400000000000091e+02
5.836100000000000136e+02
5.845299999999999727e+02
5.845900000000000318e+02
5.862100000000000364e+02
5.865700000000000500e+02
5.869099999999999682e+02
5.871599999999999682e+02
5.875600000000000591e+02
5.893500000000000227e+02
5.893700000000000045e+02
5.898400000000000318e+02
5.898799999999999955e+02
5.899600000000000364e+02
5.906900000000000546e+02
5.907899999999999636e+02
5.909500000000000455e+02
5.910700000000000500e+02
5.911200000000000045e+02
5.918000000000000682e+02
5.919400000000000546e+02
5.955199999999999818e+02
6.009400000000000546e+02
6.018600000000000136e+02
6.021399999999999864e+02
6.030500000000000682e+02
6.036599999999999682e+02
6.037500000000000000e+02
6.041800000000000637e+02
6.043600000000000136e+02
6.060800000000000409e+02
6.065600000000000591e+02
6.067899999999999636e+02
6.068600000000000136e+02
6.077899999999999636e+02
6.079500000000000455e+02
6.079600000000000364e+02
6.082100000000000364e+02
6.086699999999999591e+02
6.090500000000000682e+02
6.101000000000000227e+02
6.110399999999999636e+02
6.117100000000000364e+02
6.122100000000000364e+02
6.178899999999999864e+02
6.181100000000000136e+02
6.183899999999999864e+02
6.191900000000000546e+02
6.196800000000000637e+02
6.210800000000000409e+02
6.211900000000000546e+02
6.213700000000000045e+02
6.218899999999999864e+02
6.219199999999999591e+02
6.234300000000000637e+02
6.236599999999999682e+02
6.248100000000000591e+02
6.259199999999999591e+02
6.260600000000000591e+02
6.262599999999999909e+02
6.276800000000000637e+02
6.286699999999999591e+02
6.322000000000000455e+02
6.346200000000000045e+02
6.346499999999999773e+02
6.350399999999999636e+02
6.357500000000000000e+02
6.361499999999999773e+02
6.369199999999999591e+02
6.370099999999999909e+02
6.379099999999999682e+02
6.379700000000000273e+02
6.395800000000000409e+02
6.397500000000000000e+02
6.398400000000000318e+02
6.398500000000000227e+02
6.403100000000000591e+02
6.403999999999999773e+02
6.404800000000000182e+02
6.417200000000000273e+02
6.418899999999999864e+02
6.427799999999999727e+02
6.431100000000000136e+02
6.438200000000000500e+02
6.447200000000000273e+02
6.483799999999999955e+02
6.488200000000000500e+02
6.500500000000000682e+02
6.509800000000000182e+02
6.512799999999999727e+02
6.523600000000000136e+02
6.531000000000000227e+02
6.548000000000000682e+02
6.550700000000000500e+02
6.551299999999999955e+02
6.554500000000000455e+02
6.559600000000000364e+02
6.571000000000000227e+02
6.577899999999999636e+02
6.587300000000000182e+02
6.606100000000000136e+02
6.664500000000000455e+02
6.682699999999999818e+02
6.690700000000000500e+02
6.699700000000000273e+02
6.703999999999999773e+02
6.708300000000000409e+02
6.709199999999999591e+02
6.714600000000000364e+02
6.716800000000000637e+02
6.722599999999999909e+02
6.730700000000000500e+02
6.738700000000000045e+02
6.740299999999999727e+02
6.745000000000000000e+02
6.746699999999999591e+02
6.753799999999999955e+02
6.770500000000000682e+02
6.830700000000000500e+02
6.853799999999999955e+02
6.859500000000000455e+02
6.866200000000000045e+02
6.877100000000000364e+02
6.879099999999999682e+02
6.881100000000000136e+02
6.886200000000000045e+02
6.899199999999999591e+02
6.902500000000000000e+02
6.907699999999999818e+02
6.912799999999999727e+02
6.919300000000000637e+02
6.921499999999999773e+02
6.950199999999999818e+02
6.978400000000000318e+02
6.985800000000000409e+02
7.020700000000000500e+02
7.035199999999999818e+02
7.038799999999999955e+02
7.040099999999999909e+02
7.048700000000000045e+02
7.050399999999999636e+02
7.056900000000000546e+02
7.059500000000000455e+02
7.069800000000000182e+02
7.070600000000000591e+02
7.071800000000000637e+02
7.082400000000000091e+02
7.083400000000000318e+02
7.088700000000000045e+02
7.094500000000000455e+02
7.096399999999999864e+02
7.107100000000000364e+02
7.114600000000000364e+02
7.126699999999999591e+02
7.160600000000000591e+02
7.177699999999999818e+02
7.197500000000000000e+02
7.206000000000000227e+02
7.206900000000000546e+02
7.211499999999999773e+02
7.225600000000000591e+02
7.231800000000000637e+02
7.233400000000000318e+02
7.241699999999999591e+02
7.243200000000000500e+02
7.245900000000000318e+02
7.248700000000000045e+02
7.251299999999999955e+02
7.254600000000000364e+02
7.271000000000000227e+02
7.280399999999999636e+02
7.291499999999999773e+02
7.347799999999999727e+02
7.347899999999999636e+02
7.363400000000000318e+02
7.375199999999999818e+02
7.378600000000000136e+02
7.382100000000000364e+02
7.386599999999999682e+02
7.393999999999999773e+02
7.397899999999999636e+02
7.398500000000000227e+02
7.399500000000000455e+02
7.421599999999999682e+02
7.435900000000000318e+02
7.437500000000000000e+02
7.441900000000000546e+02
7.442000000000000455e+02
7.491399999999999864e+02
7.514300000000000637e+02
7.525099999999999909e+02
7.531299999999999955e+02
7.542500000000000000e+02
7.547899999999999636e+02
7.563100000000000591e+02
7.573300000000000409e+02
7.574300000000000637e+02
7.576599999999999682e+02
7.584900000000000091e+02
7.585000000000000000e+02
7.590800000000000409e+02
7.599700000000000273e+02
7.610700000000000500e+02
7.673500000000000227e+02
7.680399999999999636e+02
7.691000000000000227e+02
7.692899999999999636e+02
7.694600000000000364e+02
7.695099999999999909e+02
7.706599999999999682e+02
7.711700000000000728e+02
7.721000000000000227e+02
7.727899999999999636e+02
7.729500000000000455e+02
7.735199999999999818e+02
7.743500000000000227e+02
7.751100000000000136e+02
7.756299999999999955e+02
7.785900000000000318e+02
7.825800000000000409e+02
7.826399999999999864e+02
7.828600000000000136e+02
7.829700000000000273e+02
7.844800000000000182e+02
7.852799999999999727e+02
7.854300000000000637e+02
7.861299999999999955e+02
7.881299999999999955e+02
7.893000000000000682e+02
7.895299999999999727e+02
7.895500000000000682e+02
7.898400000000000318e+02
7.903700000000000045e+02
7.906499999999999773e+02
7.918400000000000318e+02
7.919700000000000273e+02
7.927899999999999636e+02
7.953700000000000045e+02
7.959099999999999682e+02
7.990399999999999636e+02
7.990500000000000682e+02
8.009099999999999682e+02
8.012500000000000000e+02
8.017899999999999636e+02
8.023300000000000409e+02
8.032500000000000000e+02
8.034900000000000091e+02
8.039600000000000364e+02
8.045000000000000000e+02
8.048000000000000682e+02
8.058600000000000136e+02
8.062400000000000091e+02
8.063600000000000136e+02
8.074800000000000182e+02
8.076000000000000227e+02
8.081000000000000227e+02
8.100900000000000318e+02
8.109400000000000546e+02
8.122200000000000273e+02
8.139600000000000364e+02
8.150000000000000000e+02
8.173200000000000500e+02
8.178300000000000409e+02
8.197300000000000182e+02
8.207899999999999636e+02
8.227100000000000364e+02
8.232699999999999818e+02
8.235299999999999727e+02
8.244200000000000728e+02
8.249300000000000637e+02
8.251100000000000136e+02
8.257500000000000000e+02
8.261399999999999864e+02
8.280199999999999818e+02
8.303799999999999955e+02
8.325099999999999909e+02
8.334800000000000182e+02
8.337899999999999636e+02
8.342799999999999727e+02
8.356599999999999682e+02
8.357500000000000000e+02
8.358100000000000591e+02
8.368700000000000045e+02
8.372000000000000455e+02
8.381800000000000637e+02
8.382799999999999727e+02
8.390700000000000500e+02
8.396399999999999864e+02
8.404900000000000091e+02
8.413899999999999864e+02
8.421900000000000546e+02
8.430299999999999727e+02
8.445900000000000318e+02
8.447400000000000091e+02
8.470800000000000409e+02
8.480600000000000591e+02
8.493799999999999955e+02
8.522200000000000273e+02
8.522400000000000091e+02
8.530700000000000500e+02
8.542500000000000000e+02
8.543700000000000045e+02
8.548500000000000227e+02
8.549300000000000637e+02
8.552500000000000000e+02
8.553700000000000045e+02
8.560600000000000591e+02
8.561100000000000136e+02
8.571800000000000637e+02
8.580299999999999727e+02
8.583100000000000591e+02
8.586700000000000728e+02
8.591499999999999773e+02
8.608100000000000591e+02
8.621499999999999773e+02
8.635900000000000318e+02
8.640399999999999636e+02
8.660099999999999909e+02
8.673200000000000500e+02
8.701800000000000637e+02
8.708400000000000318e+02
8.730199999999999818e+02
8.733400000000000318e+02
8.740800000000000409e+02
8.746299999999999955e+02
8.754900000000000091e+02
8.756000000000000227e+02
8.758999999999999773e+02
8.766200000000000045e+02
8.778400000000000318e+02
8.784500000000000455e+02
8.790800000000000409e+02
8.795299999999999727e+02
8.818000000000000682e+02
8.821200000000000045e+02
8.829500000000000455e+02
8.841100000000000136e+02
8.858500000000000227e+02
8.865500000000000682e+02
8.869500000000000455e+02
8.881200000000000045e+02
8.884300000000000637e+02
8.887000000000000455e+02
8.894300000000000637e+02
8.894700000000000273e+02
8.896200000000000045e+02
8.915700000000000500e+02
8.932699999999999818e+02
8.941299999999999955e+02
8.957300000000000182e+02
8.962500000000000000e+02
8.963300000000000409e+02
8.970700000000000500e+02
8.980399999999999636e+02
9.006499999999999773e+02
9.010500000000000682e+02
9.017400000000000091e+02
9.033200000000000500e+02
9.041800000000000637e+02
9.044800000000000182e+02
9.053400000000000318e+02
9.060900000000000318e+02
9.067000000000000455e+02
9.071100000000000136e+02
9.078200000000000500e+02
9.079200000000000728e+02
9.094300000000000637e+02
9.095600000000000591e+02
9.102100000000000364e+02
9.129800000000000182e+02
9.143500000000000227e+02
9.190000000000000000e+02
9.196000000000000227e+02
9.202400000000000091e+02
9.220399999999999636e+02
9.220600000000000591e+02
9.223300000000000409e+02
9.232300000000000182e+02
9.245800000000000409e+02
9.249400000000000546e+02
9.252599999999999909e+02
9.265199999999999818e+02
9.266900000000000546e+02
9.270700000000000500e+02
9.283100000000000591e+02
9.286499999999999773e+02
9.304800000000000182e+02
9.313000000000000682e+02
9.317300000000000182e+02
9.320700000000000500e+02
9.324099999999999682e+02
9.339400000000000546e+02
9.348200000000000500e+02
9.354300000000000637e+02
9.359800000000000182e+02
9.360399999999999636e+02
9.366599999999999682e+02
9.390600000000000591e+02
9.390900000000000318e+02
9.396800000000000637e+02
9.410000000000000000e+02
9.421299999999999955e+02
9.423799999999999955e+02
9.425500000000000682e+02
9.446700000000000728e+02
9.450700000000000500e+02
9.455600000000000591e+02
9.470000000000000000e+02
9.474200000000000728e+02
9.486299999999999955e+02
9.503100000000000591e+02
9.506800000000000637e+02
9.519400000000000546e+02
9.519500000000000455e+02
9.531900000000000546e+02
9.546399999999999864e+02
9.549300000000000637e+02
9.552400000000000091e+02
9.564099999999999682e+02
9.567500000000000000e+02
9.577500000000000000e+02
9.578100000000000591e+02
9.585199999999999818e+02
9.588999999999999773e+02
9.599300000000000637e+02
9.641599999999999682e+02
9.655500000000000682e+02
9.657000000000000455e+02
9.670900000000000318e+02
9.688700000000000045e+02
9.691700000000000728e+02
9.691900000000000546e+02
9.692699999999999818e+02
9.700199999999999818e+02
9.719600000000000364e+02
9.725000000000000000e+02
9.729400000000000546e+02
9.730199999999999818e+02
9.738600000000000136e+02
9.751399999999999864e+02
9.753300000000000409e+02
9.763999999999999773e+02
9.770299999999999727e+02
9.782400000000000091e+02
9.788899999999999864e+02
9.800299999999999727e+02
9.802000000000000455e+02
9.806900000000000546e+02
9.816599999999999682e+02
9.827899999999999636e+02
9.839500000000000455e+02
9.853999999999999773e+02
9.855800000000000409e+02
9.878100000000000591e+02
9.878600000000000136e+02
9.879200000000000728e+02
9.881900000000000546e+02
9.882799999999999727e+02
9.911800000000000637e+02
9.918300000000000409e+02
9.923600000000000136e+02
9.929099999999999682e+02
9.957000000000000455e+02
9.966499999999999773e+02
9.973600000000000136e+02
9.988000000000000682e+02
