9.050000000000000711e+00
6.352000000000000313e+01
3.600199999999999818e+02
3.861100000000000136e+02
4.490300000000000296e+02
5.511699999999999591e+02
6.067400000000000091e+02
6.623999999999999773e+02
7.631900000000000546e+02
7.667899999999999636e+02
7.708100000000000591e+02
9.101599999999999682e+02
9.133700000000000045e+02
9.050000000000000711e+00
6.355000000000000426e+01
3.600199999999999818e+02
4.491299999999999955e+02
6.067500000000000000e+02
6.623999999999999773e+02
7.632200000000000273e+02
7.708799999999999955e+02
9.101700000000000728e+02
9.133799999999999955e+02
9.050000000000000711e+00
3.600199999999999818e+02
6.067599999999999909e+02
6.623999999999999773e+02
7.632599999999999909e+02
9.101800000000000637e+02
6.067699999999999818e+02
7.633200000000000500e+02
9.101900000000000546e+02
6.067899999999999636e+02
9.102100000000000364e+02
6.068000000000000682e+02
6.214199999999999591e+02
9.102200000000000273e+02
6.068300000000000409e+02
9.102500000000000000e+02
9.050000000000000711e+00
3.600199999999999818e+02
6.623999999999999773e+02
9.050000000000000711e+00
3.600199999999999818e+02
6.623999999999999773e+02
9.050000000000000711e+00
3.600199999999999818e+02
6.623999999999999773e+02
9.050000000000000711e+00
3.600199999999999818e+02
6.623999999999999773e+02
9.050000000000000711e+00
3.600199999999999818e+02
6.623999999999999773e+02
9.050000000000000711e+00
3.600199999999999818e+02
6.623999999999999773e+02
9.050000000000000711e+00
5.538000000000000256e+01
6.350000000000000000e+01
3.600199999999999818e+02
3.859900000000000091e+02
4.489499999999999886e+02
5.511299999999999955e+02
5.573300000000000409e+02
6.067300000000000182e+02
6.623999999999999773e+02
7.631599999999999682e+02
7.667400000000000091e+02
7.707799999999999727e+02
8.528899999999999864e+02
9.101499999999999773e+02
9.133600000000000136e+02
9.268100000000000591e+02
