4.509999999999999787e+00
7.419999999999999929e+00
2.666000000000000014e+01
3.053999999999999915e+01
4.160000000000000142e+01
4.675000000000000000e+01
4.978999999999999915e+01
5.180000000000000426e+01
5.381000000000000227e+01
5.582000000000000028e+01
6.067999999999999972e+01
6.482000000000000739e+01
6.685999999999999943e+01
7.504000000000000625e+01
8.112999999999999545e+01
8.490000000000000568e+01
9.014000000000000057e+01
9.215000000000000568e+01
9.589000000000000057e+01
1.052300000000000040e+02
1.092999999999999972e+02
1.129200000000000017e+02
1.174300000000000068e+02
1.231800000000000068e+02
1.260700000000000074e+02
1.304699999999999989e+02
1.330000000000000000e+02
1.364399999999999977e+02
1.384500000000000171e+02
1.421500000000000057e+02
1.454500000000000171e+02
1.474600000000000080e+02
1.495000000000000000e+02
1.614699999999999989e+02
1.634799999999999898e+02
1.664099999999999966e+02
1.684200000000000159e+02
1.723000000000000114e+02
1.814300000000000068e+02
1.874000000000000057e+02
1.907800000000000011e+02
1.954300000000000068e+02
1.984699999999999989e+02
2.005000000000000000e+02
2.060300000000000011e+02
2.086599999999999966e+02
2.110699999999999932e+02
2.179099999999999966e+02
2.199300000000000068e+02
2.219399999999999977e+02
2.307100000000000080e+02
2.345300000000000011e+02
2.400999999999999943e+02
2.468100000000000023e+02
2.488300000000000125e+02
2.738899999999999864e+02
2.767200000000000273e+02
2.817500000000000000e+02
2.853799999999999955e+02
2.925799999999999841e+02
3.060000000000000000e+02
3.096800000000000068e+02
3.120400000000000205e+02
3.147900000000000205e+02
3.172099999999999795e+02
3.200099999999999909e+02
3.231399999999999864e+02
3.300799999999999841e+02
3.341800000000000068e+02
3.361999999999999886e+02
3.438600000000000136e+02
3.481299999999999955e+02
3.508299999999999841e+02
3.543799999999999955e+02
3.623100000000000023e+02
3.653899999999999864e+02
3.674200000000000159e+02
3.711200000000000045e+02
3.734700000000000273e+02
3.760900000000000318e+02
3.830300000000000296e+02
3.852699999999999818e+02
3.874000000000000341e+02
3.904700000000000273e+02
3.924900000000000091e+02
4.013700000000000045e+02
4.055000000000000000e+02
4.094000000000000341e+02
4.155400000000000205e+02
4.175500000000000114e+02
4.276100000000000136e+02
4.317800000000000296e+02
4.346200000000000045e+02
4.405000000000000000e+02
4.446600000000000250e+02
4.466899999999999977e+02
4.496100000000000136e+02
4.537599999999999909e+02
4.597300000000000182e+02
4.618400000000000318e+02
4.658100000000000023e+02
4.729000000000000341e+02
4.776800000000000068e+02
4.820799999999999841e+02
4.849399999999999977e+02
4.881000000000000227e+02
4.920200000000000387e+02
5.000900000000000318e+02
5.049399999999999977e+02
5.090699999999999932e+02
5.119900000000000091e+02
5.151800000000000637e+02
5.171900000000000546e+02
5.290900000000000318e+02
5.321200000000000045e+02
5.341299999999999955e+02
5.371100000000000136e+02
5.391900000000000546e+02
5.522200000000000273e+02
5.542899999999999636e+02
5.623000000000000682e+02
5.674900000000000091e+02
5.704099999999999682e+02
5.732200000000000273e+02
5.763700000000000045e+02
5.814400000000000546e+02
5.863799999999999955e+02
5.893700000000000045e+02
5.945700000000000500e+02
5.983700000000000045e+02
6.195099999999999909e+02
6.246100000000000136e+02
6.347799999999999727e+02
6.409800000000000182e+02
6.456900000000000546e+02
6.506800000000000637e+02
6.551000000000000227e+02
6.571399999999999864e+02
6.607200000000000273e+02
6.641000000000000227e+02
6.678400000000000318e+02
6.702200000000000273e+02
6.731900000000000546e+02
6.852699999999999818e+02
6.872799999999999727e+02
6.918700000000000045e+02
6.952899999999999636e+02
6.999700000000000273e+02
7.060700000000000500e+02
7.146399999999999864e+02
7.181499999999999773e+02
7.211100000000000136e+02
7.244199999999999591e+02
7.326000000000000227e+02
7.522400000000000091e+02
7.623999999999999773e+02
7.663799999999999955e+02
7.703700000000000045e+02
7.728999999999999773e+02
7.790399999999999636e+02
7.834500000000000455e+02
7.889500000000000455e+02
7.909900000000000091e+02
7.939500000000000455e+02
7.994300000000000637e+02
8.014600000000000364e+02
8.041399999999999864e+02
8.201800000000000637e+02
8.227599999999999909e+02
8.248400000000000318e+02
8.286800000000000637e+02
8.317500000000000000e+02
8.434300000000000637e+02
8.499099999999999682e+02
8.544099999999999682e+02
8.608500000000000227e+02
8.635099999999999909e+02
8.667000000000000455e+02
8.787100000000000364e+02
8.857200000000000273e+02
8.900600000000000591e+02
8.920700000000000500e+02
8.950399999999999636e+02
9.120600000000000591e+02
9.148799999999999955e+02
9.181100000000000136e+02
9.201200000000000045e+02
9.221800000000000637e+02
9.350399999999999636e+02
9.390700000000000500e+02
9.412899999999999636e+02
9.492400000000000091e+02
9.583100000000000591e+02
9.603200000000000500e+02
9.631599999999999682e+02
9.703600000000000136e+02
9.732400000000000091e+02
9.835400000000000773e+02
9.934300000000000637e+02
9.994800000000000182e+02
5.400000000000000355e+00
7.410000000000000142e+00
1.059999999999999964e+01
1.350000000000000000e+01
1.557000000000000028e+01
1.960999999999999943e+01
2.162000000000000099e+01
2.469999999999999929e+01
2.671999999999999886e+01
2.873000000000000043e+01
3.261999999999999744e+01
3.659000000000000341e+01
4.059000000000000341e+01
4.355000000000000426e+01
4.561999999999999744e+01
4.957000000000000028e+01
5.349000000000000199e+01
5.664000000000000057e+01
5.866000000000000369e+01
6.363000000000000256e+01
6.565000000000000568e+01
7.065999999999999659e+01
7.473000000000000398e+01
8.160000000000000853e+01
8.637999999999999545e+01
8.959000000000000341e+01
9.160000000000000853e+01
9.759000000000000341e+01
1.034399999999999977e+02
1.095799999999999983e+02
1.125700000000000074e+02
1.147900000000000063e+02
1.167999999999999972e+02
1.195400000000000063e+02
1.228900000000000006e+02
1.249000000000000057e+02
1.269200000000000017e+02
1.299399999999999977e+02
1.319600000000000080e+02
1.385900000000000034e+02
1.406400000000000148e+02
1.431100000000000136e+02
1.451200000000000045e+02
1.477800000000000011e+02
1.515099999999999909e+02
1.567899999999999920e+02
1.599699999999999989e+02
1.627700000000000102e+02
1.647800000000000011e+02
1.667899999999999920e+02
1.689500000000000171e+02
1.709600000000000080e+02
1.736899999999999977e+02
1.759099999999999966e+02
1.779200000000000159e+02
1.808799999999999955e+02
1.838700000000000045e+02
1.877299999999999898e+02
1.919800000000000182e+02
1.940900000000000034e+02
1.977199999999999989e+02
2.012000000000000171e+02
2.048600000000000136e+02
2.096899999999999977e+02
2.117800000000000011e+02
2.176899999999999977e+02
2.197000000000000171e+02
2.222100000000000080e+02
2.242199999999999989e+02
2.291299999999999955e+02
2.341400000000000148e+02
2.388600000000000136e+02
2.467899999999999920e+02
2.548100000000000023e+02
2.582800000000000296e+02
2.622500000000000000e+02
2.652699999999999818e+02
2.672900000000000205e+02
2.697900000000000205e+02
2.727300000000000182e+02
2.747500000000000000e+02
2.777699999999999818e+02
2.797900000000000205e+02
2.830099999999999909e+02
2.864000000000000341e+02
2.888700000000000045e+02
2.927599999999999909e+02
2.957599999999999909e+02
2.978700000000000045e+02
3.004499999999999886e+02
3.029700000000000273e+02
3.056800000000000068e+02
3.115300000000000296e+02
3.137500000000000000e+02
3.157699999999999818e+02
3.196299999999999955e+02
3.224900000000000091e+02
3.358700000000000045e+02
3.379700000000000273e+02
3.429000000000000341e+02
3.488400000000000318e+02
3.569300000000000068e+02
3.589499999999999886e+02
3.615300000000000296e+02
3.639599999999999795e+02
3.667900000000000205e+02
3.725500000000000114e+02
3.747300000000000182e+02
3.785600000000000023e+02
3.806800000000000068e+02
3.830600000000000023e+02
3.850699999999999932e+02
3.908700000000000045e+02
3.965500000000000114e+02
3.990300000000000296e+02
4.030799999999999841e+02
4.068100000000000023e+02
4.138799999999999955e+02
4.159000000000000341e+02
4.179100000000000250e+02
4.199600000000000364e+02
4.239700000000000273e+02
4.260400000000000205e+02
4.298799999999999955e+02
4.319600000000000364e+02
4.341100000000000136e+02
4.361200000000000045e+02
4.437800000000000296e+02
4.459200000000000159e+02
4.488600000000000136e+02
4.530099999999999909e+02
4.558899999999999864e+02
4.579499999999999886e+02
4.599600000000000364e+02
4.620099999999999909e+02
4.649000000000000341e+02
4.679800000000000182e+02
4.720799999999999841e+02
4.759200000000000159e+02
4.780300000000000296e+02
4.800400000000000205e+02
4.820500000000000114e+02
4.840600000000000023e+02
4.860799999999999841e+02
4.900500000000000114e+02
4.928899999999999864e+02
4.959499999999999886e+02
4.981100000000000136e+02
5.019600000000000364e+02
5.051000000000000227e+02
5.090500000000000114e+02
5.119900000000000091e+02
5.148799999999999955e+02
5.200000000000000000e+02
5.220499999999999545e+02
5.259500000000000455e+02
5.301200000000000045e+02
5.321299999999999955e+02
5.341499999999999773e+02
5.371000000000000227e+02
5.422799999999999727e+02
5.442899999999999636e+02
5.470800000000000409e+02
5.520399999999999636e+02
5.542000000000000455e+02
5.562300000000000182e+02
5.602699999999999818e+02
5.622799999999999727e+02
5.643000000000000682e+02
5.691399999999999864e+02
5.722799999999999727e+02
5.752300000000000182e+02
5.772599999999999909e+02
5.793500000000000227e+02
5.852000000000000455e+02
5.872200000000000273e+02
5.920399999999999636e+02
5.941200000000000045e+02
5.961299999999999955e+02
5.991800000000000637e+02
6.012899999999999636e+02
6.033000000000000682e+02
6.070700000000000500e+02
6.094300000000000637e+02
6.114400000000000546e+02
6.153100000000000591e+02
6.183700000000000045e+02
6.204900000000000091e+02
6.225299999999999727e+02
6.245399999999999636e+02
6.272200000000000273e+02
6.334300000000000637e+02
6.392799999999999727e+02
6.421599999999999682e+02
6.442200000000000273e+02
6.473000000000000682e+02
6.493100000000000591e+02
6.523400000000000318e+02
6.562799999999999727e+02
6.622300000000000182e+02
6.642799999999999727e+02
6.670900000000000318e+02
6.695000000000000000e+02
6.723400000000000318e+02
6.751499999999999773e+02
6.772400000000000091e+02
6.811599999999999682e+02
6.871900000000000546e+02
6.913100000000000591e+02
6.933300000000000409e+02
6.954900000000000091e+02
6.983999999999999773e+02
7.021900000000000546e+02
7.042000000000000455e+02
7.076599999999999682e+02
7.116000000000000227e+02
7.143300000000000409e+02
7.177200000000000273e+02
7.197599999999999909e+02
7.227100000000000364e+02
7.248100000000000591e+02
7.268700000000000045e+02
7.288799999999999955e+02
7.312200000000000273e+02
7.346499999999999773e+02
7.366699999999999591e+02
7.386800000000000637e+02
7.418400000000000318e+02
7.454099999999999682e+02
7.526800000000000637e+02
7.547000000000000455e+02
7.578400000000000318e+02
7.604400000000000546e+02
7.632899999999999636e+02
7.653000000000000682e+02
7.692500000000000000e+02
7.733500000000000227e+02
7.753600000000000136e+02
7.773700000000000045e+02
7.799099999999999682e+02
7.833600000000000136e+02
7.859200000000000728e+02
7.879600000000000364e+02
7.904900000000000091e+02
7.934600000000000364e+02
7.984099999999999682e+02
8.004500000000000455e+02
8.030600000000000591e+02
8.051399999999999864e+02
8.073899999999999864e+02
8.128799999999999955e+02
8.153899999999999864e+02
8.174099999999999682e+02
8.210099999999999909e+02
8.248700000000000045e+02
8.291299999999999955e+02
8.320800000000000409e+02
8.372599999999999909e+02
8.410399999999999636e+02
8.430600000000000591e+02
8.474500000000000455e+02
8.540800000000000409e+02
8.565500000000000682e+02
8.585700000000000500e+02
8.623300000000000409e+02
8.655900000000000318e+02
8.702000000000000455e+02
8.730700000000000500e+02
8.754600000000000364e+02
8.774800000000000182e+02
8.801700000000000728e+02
8.834400000000000546e+02
8.855199999999999818e+02
8.875299999999999727e+02
8.913200000000000500e+02
8.942899999999999636e+02
8.973200000000000500e+02
8.994300000000000637e+02
9.034600000000000364e+02
9.062899999999999636e+02
9.153700000000000045e+02
9.263200000000000500e+02
9.315900000000000318e+02
9.336100000000000136e+02
9.365000000000000000e+02
9.385299999999999727e+02
9.446200000000000045e+02
9.466599999999999682e+02
9.495600000000000591e+02
9.533100000000000591e+02
9.604300000000000637e+02
9.625500000000000682e+02
9.645600000000000591e+02
9.676299999999999955e+02
9.743799999999999955e+02
9.805600000000000591e+02
9.865800000000000409e+02
9.905099999999999909e+02
9.936599999999999682e+02
9.977599999999999909e+02
4.419999999999999929e+00
7.440000000000000391e+00
1.055000000000000071e+01
1.257000000000000028e+01
1.541999999999999993e+01
1.958000000000000185e+01
2.158999999999999986e+01
2.360000000000000142e+01
2.560999999999999943e+01
2.948000000000000043e+01
3.169000000000000128e+01
3.371000000000000085e+01
3.643999999999999773e+01
3.932999999999999829e+01
4.139999999999999858e+01
4.430000000000000426e+01
4.643999999999999773e+01
4.848000000000000398e+01
5.049000000000000199e+01
5.250000000000000000e+01
5.524000000000000199e+01
5.750999999999999801e+01
5.957000000000000028e+01
6.345000000000000284e+01
6.657000000000000739e+01
6.857999999999999829e+01
7.146000000000000796e+01
7.418000000000000682e+01
7.621000000000000796e+01
7.832000000000000739e+01
8.231000000000000227e+01
8.432999999999999829e+01
8.650000000000000000e+01
8.926999999999999602e+01
9.143999999999999773e+01
9.345000000000000284e+01
9.559000000000000341e+01
9.760999999999999943e+01
1.004600000000000080e+02
1.031800000000000068e+02
1.064000000000000057e+02
1.084200000000000017e+02
1.124699999999999989e+02
1.181700000000000017e+02
1.220700000000000074e+02
1.289000000000000057e+02
1.323300000000000125e+02
1.360999999999999943e+02
1.382599999999999909e+02
1.420399999999999920e+02
1.493400000000000034e+02
1.514300000000000068e+02
1.541899999999999977e+02
1.573900000000000148e+02
1.594099999999999966e+02
1.614200000000000159e+02
1.641400000000000148e+02
1.670300000000000011e+02
1.711700000000000159e+02
1.732199999999999989e+02
1.754799999999999898e+02
1.774900000000000091e+02
1.850200000000000102e+02
1.908799999999999955e+02
1.929099999999999966e+02
1.990999999999999943e+02
2.020300000000000011e+02
2.050699999999999932e+02
2.079300000000000068e+02
2.110500000000000114e+02
2.132000000000000171e+02
2.162400000000000091e+02
2.221899999999999977e+02
2.242300000000000182e+02
2.262599999999999909e+02
2.299699999999999989e+02
2.332199999999999989e+02
2.393499999999999943e+02
2.418600000000000136e+02
2.457599999999999909e+02
2.482100000000000080e+02
2.502600000000000193e+02
2.537400000000000091e+02
2.597900000000000205e+02
2.642500000000000000e+02
2.667300000000000182e+02
2.687500000000000000e+02
2.751500000000000341e+02
2.771700000000000159e+02
2.792099999999999795e+02
2.892500000000000000e+02
2.912800000000000296e+02
2.945699999999999932e+02
2.971999999999999886e+02
3.012400000000000091e+02
3.045300000000000296e+02
3.082300000000000182e+02
3.111700000000000159e+02
3.146399999999999864e+02
3.214100000000000250e+02
3.236200000000000045e+02
3.285500000000000114e+02
3.305699999999999932e+02
3.325900000000000318e+02
3.346000000000000227e+02
3.366100000000000136e+02
3.395500000000000114e+02
3.415600000000000023e+02
3.435699999999999932e+02
3.455799999999999841e+02
3.491299999999999955e+02
3.523299999999999841e+02
3.543400000000000318e+02
3.563500000000000227e+02
3.584800000000000182e+02
3.614900000000000091e+02
3.685900000000000318e+02
3.706100000000000136e+02
3.734599999999999795e+02
3.796200000000000045e+02
3.816299999999999955e+02
3.836600000000000250e+02
3.873000000000000114e+02
3.893100000000000023e+02
3.913199999999999932e+02
3.934600000000000364e+02
3.954700000000000273e+02
3.991399999999999864e+02
4.021999999999999886e+02
4.042100000000000364e+02
4.062200000000000273e+02
4.093299999999999841e+02
4.152800000000000296e+02
4.211000000000000227e+02
4.240799999999999841e+02
4.261200000000000045e+02
4.281299999999999955e+02
4.311899999999999977e+02
4.342500000000000000e+02
4.362599999999999909e+02
4.382800000000000296e+02
4.460699999999999932e+02
4.482699999999999818e+02
4.502800000000000296e+02
4.533000000000000114e+02
4.553100000000000023e+02
4.580600000000000023e+02
4.620199999999999818e+02
4.641800000000000068e+02
4.661899999999999977e+02
4.691500000000000341e+02
4.711700000000000159e+02
4.732100000000000364e+02
4.761899999999999977e+02
4.782100000000000364e+02
4.820799999999999841e+02
4.840900000000000318e+02
4.880900000000000318e+02
4.901100000000000136e+02
4.931600000000000250e+02
4.971299999999999955e+02
4.999700000000000273e+02
5.031399999999999864e+02
5.071200000000000045e+02
5.091299999999999955e+02
5.141499999999999773e+02
5.171100000000000136e+02
5.191200000000000045e+02
5.229900000000000091e+02
5.251299999999999955e+02
5.271499999999999773e+02
5.310099999999999909e+02
5.349300000000000637e+02
5.370900000000000318e+02
5.398999999999999773e+02
5.419500000000000455e+02
5.439800000000000182e+02
5.460900000000000318e+02
5.489600000000000364e+02
5.511000000000000227e+02
5.539900000000000091e+02
5.578000000000000682e+02
5.609199999999999591e+02
5.631100000000000136e+02
5.678400000000000318e+02
5.728999999999999773e+02
5.768200000000000500e+02
5.799800000000000182e+02
5.819900000000000091e+02
5.840099999999999909e+02
5.910600000000000591e+02
5.940000000000000000e+02
5.960099999999999909e+02
5.999900000000000091e+02
6.020199999999999818e+02
6.040399999999999636e+02
6.060500000000000682e+02
6.087400000000000091e+02
6.109700000000000273e+02
6.138500000000000227e+02
6.170800000000000409e+02
6.191000000000000227e+02
6.217899999999999636e+02
6.250000000000000000e+02
6.279199999999999591e+02
6.306499999999999773e+02
6.328200000000000500e+02
6.387200000000000273e+02
6.468200000000000500e+02
6.488300000000000409e+02
6.527400000000000091e+02
6.548300000000000409e+02
6.568600000000000136e+02
6.596599999999999682e+02
6.616699999999999591e+02
6.654900000000000091e+02
6.695900000000000318e+02
6.716399999999999864e+02
6.746800000000000637e+02
6.787899999999999636e+02
6.820099999999999909e+02
6.865099999999999909e+02
6.888899999999999864e+02
6.945600000000000591e+02
6.987799999999999727e+02
7.008400000000000318e+02
7.028600000000000136e+02
7.048799999999999955e+02
7.068899999999999864e+02
7.089800000000000182e+02
7.128400000000000318e+02
7.149500000000000455e+02
7.197899999999999636e+02
7.218100000000000591e+02
7.267400000000000091e+02
7.302899999999999636e+02
7.358999999999999773e+02
7.409099999999999682e+02
7.458400000000000318e+02
7.492799999999999727e+02
7.517400000000000091e+02
7.543100000000000591e+02
7.583700000000000045e+02
7.604099999999999682e+02
7.624199999999999591e+02
7.647699999999999818e+02
7.667799999999999727e+02
7.701900000000000546e+02
7.757300000000000182e+02
7.782899999999999636e+02
7.832000000000000455e+02
7.852200000000000273e+02
7.872400000000000091e+02
7.899099999999999682e+02
7.922500000000000000e+02
7.967599999999999909e+02
7.998200000000000500e+02
8.020800000000000409e+02
8.042599999999999909e+02
8.062899999999999636e+02
8.089500000000000455e+02
8.109700000000000273e+02
8.129800000000000182e+02
8.172300000000000182e+02
8.212500000000000000e+02
8.233000000000000682e+02
8.262100000000000364e+02
8.286299999999999955e+02
8.306599999999999682e+02
8.348000000000000682e+02
8.380099999999999909e+02
8.410000000000000000e+02
8.459900000000000091e+02
8.481900000000000546e+02
8.502000000000000455e+02
8.538700000000000045e+02
8.587699999999999818e+02
8.607799999999999727e+02
8.630500000000000682e+02
8.651499999999999773e+02
8.718899999999999864e+02
8.739099999999999682e+02
8.768100000000000591e+02
8.788200000000000500e+02
8.808300000000000409e+02
8.841100000000000136e+02
8.876399999999999864e+02
8.898000000000000682e+02
8.918200000000000500e+02
8.959900000000000091e+02
8.986499999999999773e+02
9.047000000000000455e+02
9.067400000000000091e+02
9.097300000000000182e+02
9.128600000000000136e+02
9.148799999999999955e+02
9.188500000000000227e+02
9.276499999999999773e+02
9.297300000000000182e+02
9.318000000000000682e+02
9.348500000000000227e+02
9.368700000000000045e+02
9.398700000000000045e+02
9.457500000000000000e+02
9.478100000000000591e+02
9.517599999999999909e+02
9.547899999999999636e+02
9.579600000000000364e+02
9.599700000000000273e+02
9.619900000000000091e+02
9.640000000000000000e+02
9.678100000000000591e+02
9.698500000000000227e+02
9.776299999999999955e+02
9.796599999999999682e+02
9.818000000000000682e+02
9.856499999999999773e+02
9.876599999999999682e+02
9.897900000000000773e+02
9.937400000000000091e+02
9.986100000000000136e+02
3.620000000000000107e+00
5.629999999999999893e+00
1.250000000000000000e+01
1.742000000000000171e+01
2.046999999999999886e+01
2.431000000000000227e+01
2.739000000000000057e+01
3.026999999999999957e+01
3.228999999999999915e+01
3.514000000000000057e+01
3.825999999999999801e+01
4.030000000000000426e+01
4.531000000000000227e+01
4.835999999999999943e+01
5.617000000000000171e+01
6.017999999999999972e+01
6.219000000000000483e+01
6.609999999999999432e+01
6.821999999999999886e+01
7.903000000000000114e+01
8.201000000000000512e+01
8.401999999999999602e+01
8.617000000000000171e+01
8.818999999999999773e+01
9.020000000000000284e+01
9.221000000000000796e+01
1.010199999999999960e+02
1.050499999999999972e+02
1.120499999999999972e+02
1.140600000000000023e+02
1.160799999999999983e+02
1.194800000000000040e+02
1.215199999999999960e+02
1.350300000000000011e+02
1.378100000000000023e+02
1.418700000000000045e+02
1.445600000000000023e+02
1.647500000000000000e+02
1.667599999999999909e+02
1.737800000000000011e+02
1.786899999999999977e+02
1.807500000000000000e+02
1.863499999999999943e+02
1.885000000000000000e+02
1.941899999999999977e+02
1.965000000000000000e+02
2.094600000000000080e+02
2.114699999999999989e+02
2.145999999999999943e+02
2.200600000000000023e+02
2.220699999999999932e+02
2.275399999999999920e+02
2.303700000000000045e+02
2.345000000000000000e+02
2.374600000000000080e+02
2.426400000000000148e+02
2.446599999999999966e+02
2.478700000000000045e+02
2.571899999999999977e+02
2.641899999999999977e+02
2.663500000000000227e+02
2.702699999999999818e+02
2.726899999999999977e+02
2.786000000000000227e+02
2.806100000000000136e+02
2.835099999999999909e+02
2.855300000000000296e+02
2.875400000000000205e+02
3.009800000000000182e+02
3.083899999999999864e+02
3.109100000000000250e+02
3.143100000000000023e+02
3.169599999999999795e+02
3.208600000000000136e+02
3.273700000000000045e+02
3.309800000000000182e+02
3.332400000000000091e+02
3.370799999999999841e+02
3.399800000000000182e+02
3.468100000000000023e+02
3.488799999999999955e+02
3.527400000000000091e+02
3.549399999999999977e+02
3.605900000000000318e+02
3.646999999999999886e+02
3.699399999999999977e+02
3.720400000000000205e+02
3.740600000000000023e+02
3.760900000000000318e+02
3.939000000000000341e+02
3.964900000000000091e+02
4.025699999999999932e+02
4.045799999999999841e+02
4.065900000000000318e+02
4.097599999999999909e+02
4.117699999999999818e+02
4.137800000000000296e+02
4.158000000000000114e+02
4.197100000000000364e+02
4.217300000000000182e+02
4.254499999999999886e+02
4.294300000000000068e+02
4.314700000000000273e+02
4.356500000000000341e+02
4.394200000000000159e+02
4.414300000000000068e+02
4.453299999999999841e+02
4.514300000000000068e+02
4.534499999999999886e+02
4.565199999999999818e+02
4.585400000000000205e+02
4.605500000000000114e+02
4.625600000000000023e+02
4.663100000000000023e+02
4.702500000000000000e+02
4.752699999999999818e+02
4.772900000000000205e+02
4.812599999999999909e+02
4.833299999999999841e+02
4.862500000000000000e+02
4.882599999999999909e+02
4.902699999999999818e+02
4.930500000000000114e+02
4.971500000000000341e+02
5.040500000000000114e+02
5.070600000000000023e+02
5.109499999999999886e+02
5.131499999999999773e+02
5.151599999999999682e+02
5.179400000000000546e+02
5.200399999999999636e+02
5.220600000000000591e+02
5.240700000000000500e+02
5.260900000000000318e+02
5.288999999999999773e+02
5.339400000000000546e+02
5.359600000000000364e+02
5.379700000000000273e+02
5.467500000000000000e+02
5.488799999999999955e+02
5.526299999999999955e+02
5.559700000000000273e+02
5.598600000000000136e+02
5.618700000000000045e+02
5.666699999999999591e+02
5.707400000000000091e+02
5.727699999999999818e+02
5.777400000000000091e+02
5.797799999999999727e+02
5.817899999999999636e+02
5.884099999999999682e+02
5.946900000000000546e+02
5.967000000000000455e+02
5.987100000000000364e+02
6.065399999999999636e+02
6.096599999999999682e+02
6.124500000000000455e+02
6.144700000000000273e+02
6.165500000000000682e+02
6.193700000000000045e+02
6.245500000000000682e+02
6.333000000000000682e+02
6.381699999999999591e+02
6.410500000000000682e+02
6.445199999999999818e+02
6.465399999999999636e+02
6.540099999999999909e+02
6.560700000000000500e+02
6.623000000000000682e+02
6.643200000000000500e+02
6.711599999999999682e+02
6.813300000000000409e+02
6.951299999999999955e+02
7.008700000000000045e+02
7.047300000000000182e+02
7.082100000000000364e+02
7.105900000000000318e+02
7.126200000000000045e+02
7.161000000000000227e+02
7.200199999999999818e+02
7.256000000000000227e+02
7.300800000000000409e+02
7.356499999999999773e+02
7.376900000000000546e+02
7.409500000000000455e+02
7.429600000000000364e+02
7.473200000000000500e+02
7.529400000000000546e+02
7.567899999999999636e+02
7.589800000000000182e+02
7.652599999999999909e+02
7.743100000000000591e+02
7.771100000000000136e+02
7.806499999999999773e+02
7.841599999999999682e+02
7.909900000000000091e+02
7.940600000000000591e+02
7.970800000000000409e+02
8.026399999999999864e+02
8.097000000000000455e+02
8.166100000000000136e+02
8.206100000000000136e+02
8.255199999999999818e+02
8.287799999999999727e+02
8.307899999999999636e+02
8.348400000000000318e+02
8.378200000000000500e+02
8.398400000000000318e+02
8.425199999999999818e+02
8.477799999999999727e+02
8.497899999999999636e+02
8.518000000000000682e+02
8.538100000000000591e+02
8.563899999999999864e+02
8.593999999999999773e+02
8.665800000000000409e+02
8.712899999999999636e+02
8.733400000000000318e+02
8.772300000000000182e+02
8.852699999999999818e+02
8.911299999999999955e+02
8.934500000000000455e+02
8.975299999999999727e+02
9.070000000000000000e+02
9.093700000000000045e+02
9.120700000000000500e+02
9.142000000000000455e+02
9.170700000000000500e+02
9.192200000000000273e+02
9.251599999999999682e+02
9.271900000000000546e+02
9.322100000000000364e+02
9.342200000000000273e+02
9.362300000000000182e+02
9.401499999999999773e+02
9.459400000000000546e+02
9.520399999999999636e+02
9.540700000000000500e+02
9.560800000000000409e+02
9.589300000000000637e+02
9.609400000000000546e+02
9.638999999999999773e+02
9.668600000000000136e+02
9.716599999999999682e+02
9.738700000000000045e+02
9.758999999999999773e+02
9.779099999999999682e+02
9.817500000000000000e+02
9.865700000000000500e+02
9.886399999999999864e+02
9.918700000000000045e+02
9.938799999999999955e+02
9.967300000000000182e+02
7.370000000000000107e+00
1.238000000000000078e+01
2.135000000000000142e+01
2.423000000000000043e+01
2.625000000000000000e+01
4.513000000000000256e+01
5.198000000000000398e+01
6.280000000000000426e+01
7.173000000000000398e+01
8.382999999999999829e+01
8.887000000000000455e+01
1.086700000000000017e+02
1.106899999999999977e+02
1.132500000000000000e+02
1.163100000000000023e+02
1.184500000000000028e+02
1.281700000000000159e+02
1.423199999999999932e+02
1.568199999999999932e+02
1.591500000000000057e+02
1.636899999999999977e+02
1.690500000000000114e+02
1.716200000000000045e+02
1.749500000000000171e+02
1.769600000000000080e+02
1.836500000000000057e+02
1.856899999999999977e+02
1.879099999999999966e+02
2.018600000000000136e+02
2.056400000000000148e+02
2.093000000000000114e+02
2.113100000000000023e+02
2.141299999999999955e+02
2.194099999999999966e+02
2.245800000000000125e+02
2.434200000000000159e+02
2.511700000000000159e+02
2.598299999999999841e+02
2.621499999999999773e+02
2.656600000000000250e+02
2.736100000000000136e+02
2.770099999999999909e+02
2.800900000000000318e+02
2.988500000000000227e+02
3.022800000000000296e+02
3.047699999999999818e+02
3.101399999999999864e+02
3.161100000000000136e+02
3.217800000000000296e+02
3.346700000000000159e+02
3.415300000000000296e+02
3.566999999999999886e+02
3.594700000000000273e+02
3.644800000000000182e+02
3.693000000000000114e+02
3.743400000000000318e+02
3.842500000000000000e+02
3.940699999999999932e+02
3.963600000000000136e+02
3.983700000000000045e+02
4.011299999999999955e+02
4.049100000000000250e+02
4.073000000000000114e+02
4.093100000000000023e+02
4.113299999999999841e+02
4.268400000000000318e+02
4.336500000000000341e+02
4.447100000000000364e+02
4.515500000000000114e+02
4.585900000000000318e+02
4.645300000000000296e+02
4.684000000000000341e+02
4.733299999999999841e+02
4.783799999999999955e+02
4.841700000000000159e+02
4.941600000000000250e+02
4.971899999999999977e+02
4.999900000000000091e+02
5.089900000000000091e+02
5.190299999999999727e+02
5.288600000000000136e+02
5.308799999999999955e+02
5.349300000000000637e+02
5.488000000000000682e+02
5.508100000000000591e+02
5.535900000000000318e+02
5.714900000000000091e+02
5.763200000000000500e+02
5.844900000000000091e+02
5.872799999999999727e+02
5.952899999999999636e+02
5.990199999999999818e+02
6.062500000000000000e+02
6.110199999999999818e+02
6.160700000000000500e+02
6.200600000000000591e+02
6.250000000000000000e+02
6.365800000000000409e+02
6.428100000000000591e+02
6.696200000000000045e+02
6.726399999999999864e+02
6.746499999999999773e+02
6.775500000000000682e+02
6.913700000000000045e+02
7.022699999999999818e+02
7.119600000000000364e+02
7.152799999999999727e+02
7.341499999999999773e+02
7.379400000000000546e+02
7.647899999999999636e+02
7.668000000000000682e+02
7.717200000000000273e+02
7.905500000000000682e+02
8.103100000000000591e+02
8.155199999999999818e+02
8.207200000000000273e+02
8.227300000000000182e+02
8.263700000000000045e+02
8.342000000000000455e+02
8.489700000000000273e+02
8.779200000000000728e+02
8.820299999999999727e+02
8.887899999999999636e+02
8.986200000000000045e+02
9.314700000000000273e+02
9.433100000000000591e+02
9.621800000000000637e+02
9.938600000000000136e+02
1.924000000000000199e+01
3.223000000000000398e+01
3.698000000000000398e+01
6.857999999999999829e+01
1.161700000000000017e+02
2.838199999999999932e+02
3.647900000000000205e+02
4.627100000000000364e+02
4.972700000000000387e+02
5.021500000000000341e+02
5.220199999999999818e+02
5.880299999999999727e+02
6.117899999999999636e+02
6.708100000000000591e+02
6.977200000000000273e+02
7.187599999999999909e+02
7.430500000000000682e+02
7.607200000000000273e+02
7.826700000000000728e+02
8.152000000000000455e+02
8.201100000000000136e+02
8.516599999999999682e+02
8.664099999999999682e+02
8.852100000000000364e+02
9.385000000000000000e+02
9.680800000000000409e+02
9.898000000000000682e+02
2.168300000000000125e+02
2.524300000000000068e+02
2.173300000000000125e+02
2.355699999999999932e+02
3.449300000000000068e+02
7.348700000000000045e+02
8.230800000000000409e+02
5.549999999999999822e+00
3.273000000000000398e+01
4.486999999999999744e+01
6.013000000000000256e+01
7.712999999999999545e+01
8.535000000000000853e+01
9.937999999999999545e+01
1.157300000000000040e+02
1.389900000000000091e+02
1.481500000000000057e+02
1.507899999999999920e+02
1.653900000000000148e+02
1.723900000000000148e+02
1.781599999999999966e+02
1.834500000000000171e+02
1.932800000000000011e+02
1.964900000000000091e+02
2.023600000000000136e+02
2.194500000000000171e+02
2.305699999999999932e+02
2.482000000000000171e+02
2.718299999999999841e+02
2.971500000000000341e+02
3.243100000000000023e+02
3.285199999999999818e+02
3.445300000000000296e+02
3.493199999999999932e+02
3.728100000000000023e+02
3.790000000000000000e+02
3.877900000000000205e+02
3.949900000000000091e+02
4.515699999999999932e+02
4.543799999999999955e+02
4.594900000000000091e+02
4.615099999999999909e+02
4.677699999999999818e+02
4.748500000000000227e+02
5.161299999999999955e+02
5.211200000000000045e+02
5.292699999999999818e+02
5.352200000000000273e+02
5.392100000000000364e+02
5.525299999999999727e+02
5.645299999999999727e+02
5.694800000000000182e+02
5.857799999999999727e+02
6.019700000000000273e+02
6.078200000000000500e+02
6.391800000000000637e+02
6.542899999999999636e+02
6.635000000000000000e+02
6.655399999999999636e+02
6.727200000000000273e+02
6.897300000000000182e+02
7.027100000000000364e+02
7.098500000000000227e+02
7.119099999999999682e+02
7.279300000000000637e+02
7.310500000000000682e+02
7.370500000000000682e+02
7.927100000000000364e+02
8.177400000000000091e+02
8.207799999999999727e+02
8.238100000000000591e+02
8.269200000000000728e+02
8.406900000000000546e+02
8.466000000000000227e+02
8.486299999999999955e+02
8.506599999999999682e+02
8.528799999999999955e+02
8.610700000000000500e+02
8.700600000000000591e+02
8.773100000000000591e+02
8.803799999999999955e+02
9.197699999999999818e+02
9.287799999999999727e+02
9.437500000000000000e+02
9.509800000000000182e+02
9.934600000000000364e+02
