2.990000000000000213e+00
3.459999999999999964e+00
3.669999999999999929e+00
7.589999999999999858e+00
7.780000000000000249e+00
7.910000000000000142e+00
1.085999999999999943e+01
1.141000000000000014e+01
1.181000000000000050e+01
1.515000000000000036e+01
1.525999999999999979e+01
1.553000000000000114e+01
1.562000000000000099e+01
1.576999999999999957e+01
1.908999999999999986e+01
1.912000000000000099e+01
1.946999999999999886e+01
1.957000000000000028e+01
1.969000000000000128e+01
2.303999999999999915e+01
2.328999999999999915e+01
2.707000000000000028e+01
2.717999999999999972e+01
2.726000000000000156e+01
2.728999999999999915e+01
2.746999999999999886e+01
2.762999999999999901e+01
3.119999999999999929e+01
3.121000000000000085e+01
3.149000000000000199e+01
3.499000000000000199e+01
3.517000000000000171e+01
3.559000000000000341e+01
3.917999999999999972e+01
3.917999999999999972e+01
3.934000000000000341e+01
3.985999999999999943e+01
3.989000000000000057e+01
4.357999999999999829e+01
4.374000000000000199e+01
4.378999999999999915e+01
4.392999999999999972e+01
4.724000000000000199e+01
4.755000000000000426e+01
4.788000000000000256e+01
5.100999999999999801e+01
5.107000000000000028e+01
5.114999999999999858e+01
5.132999999999999829e+01
5.132999999999999829e+01
5.141000000000000369e+01
5.159000000000000341e+01
5.456000000000000227e+01
5.516000000000000369e+01
5.571999999999999886e+01
5.900999999999999801e+01
5.918999999999999773e+01
5.949000000000000199e+01
5.957000000000000028e+01
6.367000000000000171e+01
6.392000000000000171e+01
6.704999999999999716e+01
6.770000000000000284e+01
7.103000000000000114e+01
7.115999999999999659e+01
7.137000000000000455e+01
7.140999999999999659e+01
7.535000000000000853e+01
7.537000000000000455e+01
7.865000000000000568e+01
7.876999999999999602e+01
7.882000000000000739e+01
7.885000000000000853e+01
7.904999999999999716e+01
7.946000000000000796e+01
8.273000000000000398e+01
8.282999999999999829e+01
8.310999999999999943e+01
8.693000000000000682e+01
8.712000000000000455e+01
8.740000000000000568e+01
8.757000000000000739e+01
8.776000000000000512e+01
9.090999999999999659e+01
9.106000000000000227e+01
9.112999999999999545e+01
9.162000000000000455e+01
9.168999999999999773e+01
9.201000000000000512e+01
9.498000000000000398e+01
9.596999999999999886e+01
9.612000000000000455e+01
9.801000000000000512e+01
9.903000000000000114e+01
9.903000000000000114e+01
9.918999999999999773e+01
1.026299999999999955e+02
1.030199999999999960e+02
1.030700000000000074e+02
1.034099999999999966e+02
1.067800000000000011e+02
1.074600000000000080e+02
1.076700000000000017e+02
1.107000000000000028e+02
1.113599999999999994e+02
1.115499999999999972e+02
1.117400000000000091e+02
1.147699999999999960e+02
1.149699999999999989e+02
1.193400000000000034e+02
1.227500000000000000e+02
1.232600000000000051e+02
1.246500000000000057e+02
1.269000000000000057e+02
1.269600000000000080e+02
1.314200000000000159e+02
1.315099999999999909e+02
1.350900000000000034e+02
1.350999999999999943e+02
1.351400000000000148e+02
1.352400000000000091e+02
1.357299999999999898e+02
1.357599999999999909e+02
1.382100000000000080e+02
1.383400000000000034e+02
1.384099999999999966e+02
1.391100000000000136e+02
1.392400000000000091e+02
1.397899999999999920e+02
1.406200000000000045e+02
1.429500000000000171e+02
1.431299999999999955e+02
1.435300000000000011e+02
1.435800000000000125e+02
1.439300000000000068e+02
1.462800000000000011e+02
1.465099999999999909e+02
1.474600000000000080e+02
1.479399999999999977e+02
1.480099999999999909e+02
1.500999999999999943e+02
1.504099999999999966e+02
1.509000000000000057e+02
1.514500000000000171e+02
1.515200000000000102e+02
1.520099999999999909e+02
1.546800000000000068e+02
1.552899999999999920e+02
1.556200000000000045e+02
1.586200000000000045e+02
1.592500000000000000e+02
1.598799999999999955e+02
1.600800000000000125e+02
1.622800000000000011e+02
1.623000000000000114e+02
1.624799999999999898e+02
1.659799999999999898e+02
1.660600000000000023e+02
1.662899999999999920e+02
1.667800000000000011e+02
1.674799999999999898e+02
1.679000000000000057e+02
1.685600000000000023e+02
1.703700000000000045e+02
1.707000000000000171e+02
1.707000000000000171e+02
1.715999999999999943e+02
1.719500000000000171e+02
1.724500000000000171e+02
1.745600000000000023e+02
1.750200000000000102e+02
1.754099999999999966e+02
1.754799999999999898e+02
1.777700000000000102e+02
1.780300000000000011e+02
1.790000000000000000e+02
1.795099999999999909e+02
1.796599999999999966e+02
1.818400000000000034e+02
1.831200000000000045e+02
1.832700000000000102e+02
1.837299999999999898e+02
1.866299999999999955e+02
1.871500000000000057e+02
1.876700000000000159e+02
1.887400000000000091e+02
1.928900000000000148e+02
1.951400000000000148e+02
1.953199999999999932e+02
1.964000000000000057e+02
1.982199999999999989e+02
1.984699999999999989e+02
1.989699999999999989e+02
2.009500000000000171e+02
2.019699999999999989e+02
2.024600000000000080e+02
2.028499999999999943e+02
2.031299999999999955e+02
2.033799999999999955e+02
2.037599999999999909e+02
2.051700000000000159e+02
2.060300000000000011e+02
2.068900000000000148e+02
2.073100000000000023e+02
2.074200000000000159e+02
2.076200000000000045e+02
2.083300000000000125e+02
2.103199999999999932e+02
2.109000000000000057e+02
2.143700000000000045e+02
2.145399999999999920e+02
2.148600000000000136e+02
2.154200000000000159e+02
2.158600000000000136e+02
2.162400000000000091e+02
2.167899999999999920e+02
2.183300000000000125e+02
2.183499999999999943e+02
2.183700000000000045e+02
2.185500000000000114e+02
2.192000000000000171e+02
2.223700000000000045e+02
2.223799999999999955e+02
2.230900000000000034e+02
2.234200000000000159e+02
2.235999999999999943e+02
2.255999999999999943e+02
2.257100000000000080e+02
2.265300000000000011e+02
2.276899999999999977e+02
2.290900000000000034e+02
2.310000000000000000e+02
2.313000000000000114e+02
2.331500000000000057e+02
2.358499999999999943e+02
2.396400000000000148e+02
2.398000000000000114e+02
2.401599999999999966e+02
2.410800000000000125e+02
2.420500000000000114e+02
2.429900000000000091e+02
2.450300000000000011e+02
2.464399999999999977e+02
2.496299999999999955e+02
2.507000000000000171e+02
2.514300000000000068e+02
2.537000000000000171e+02
2.545699999999999932e+02
2.548600000000000136e+02
2.549600000000000080e+02
2.570099999999999909e+02
2.581200000000000045e+02
2.581399999999999864e+02
2.585799999999999841e+02
2.597400000000000091e+02
2.607200000000000273e+02
2.616000000000000227e+02
2.616700000000000159e+02
2.628700000000000045e+02
2.636299999999999955e+02
2.659499999999999886e+02
2.660799999999999841e+02
2.671100000000000136e+02
2.673400000000000318e+02
2.680699999999999932e+02
2.690099999999999909e+02
2.717699999999999818e+02
2.721700000000000159e+02
2.736399999999999864e+02
2.747200000000000273e+02
2.750900000000000318e+02
2.751500000000000341e+02
2.757099999999999795e+02
2.762500000000000000e+02
2.780500000000000114e+02
2.793700000000000045e+02
2.811299999999999955e+02
2.835300000000000296e+02
2.841700000000000159e+02
2.852300000000000182e+02
2.853000000000000114e+02
2.873799999999999955e+02
2.875799999999999841e+02
2.887300000000000182e+02
2.915000000000000000e+02
2.919000000000000341e+02
2.919700000000000273e+02
2.940199999999999818e+02
2.944700000000000273e+02
2.949900000000000091e+02
2.954599999999999795e+02
2.961999999999999886e+02
2.966100000000000136e+02
2.977300000000000182e+02
2.979200000000000159e+02
2.988899999999999864e+02
3.008799999999999955e+02
3.038600000000000136e+02
3.053600000000000136e+02
3.059399999999999977e+02
3.079200000000000159e+02
3.096200000000000045e+02
3.096600000000000250e+02
3.108700000000000045e+02
3.109700000000000273e+02
3.115000000000000000e+02
3.124499999999999886e+02
3.148700000000000045e+02
3.153199999999999932e+02
3.157300000000000182e+02
3.167699999999999818e+02
3.177699999999999818e+02
3.192200000000000273e+02
3.218299999999999841e+02
3.220300000000000296e+02
3.228299999999999841e+02
3.266200000000000045e+02
3.291899999999999977e+02
3.295300000000000296e+02
3.302800000000000296e+02
3.306600000000000250e+02
3.315799999999999841e+02
3.322400000000000091e+02
3.329700000000000273e+02
3.349800000000000182e+02
3.353799999999999955e+02
3.374599999999999795e+02
3.394000000000000341e+02
3.411000000000000227e+02
3.431500000000000341e+02
3.453400000000000318e+02
3.456899999999999977e+02
3.478000000000000114e+02
3.482300000000000182e+02
3.483899999999999864e+02
3.513700000000000045e+02
3.530900000000000318e+02
3.549499999999999886e+02
3.568199999999999932e+02
3.568700000000000045e+02
3.586200000000000045e+02
3.588899999999999864e+02
3.601200000000000045e+02
3.611899999999999977e+02
3.624300000000000068e+02
3.626899999999999977e+02
3.651500000000000341e+02
3.661700000000000159e+02
3.675099999999999909e+02
3.685000000000000000e+02
3.697300000000000182e+02
3.708199999999999932e+02
3.714800000000000182e+02
3.721700000000000159e+02
3.740500000000000114e+02
3.749200000000000159e+02
3.756800000000000068e+02
3.775600000000000023e+02
3.782500000000000000e+02
3.785900000000000318e+02
3.792400000000000091e+02
3.803700000000000045e+02
3.814800000000000182e+02
3.818400000000000318e+02
3.835799999999999841e+02
3.847800000000000296e+02
3.906800000000000068e+02
3.906800000000000068e+02
3.921600000000000250e+02
3.939700000000000273e+02
3.968799999999999955e+02
3.991399999999999864e+02
3.997800000000000296e+02
4.001500000000000341e+02
4.018000000000000114e+02
4.022800000000000296e+02
4.029300000000000068e+02
4.034600000000000364e+02
4.038000000000000114e+02
4.043100000000000023e+02
4.056299999999999955e+02
4.065300000000000296e+02
4.069700000000000273e+02
4.093700000000000045e+02
4.100000000000000000e+02
4.101500000000000341e+02
4.106800000000000068e+02
4.116999999999999886e+02
4.127699999999999818e+02
4.130199999999999818e+02
4.132100000000000364e+02
4.134800000000000182e+02
4.138899999999999864e+02
4.164399999999999977e+02
4.167500000000000000e+02
4.177599999999999909e+02
4.183899999999999864e+02
4.192500000000000000e+02
4.201999999999999886e+02
4.213400000000000318e+02
4.240699999999999932e+02
4.268000000000000114e+02
4.269800000000000182e+02
4.286999999999999886e+02
4.289000000000000341e+02
4.303700000000000045e+02
4.308400000000000318e+02
4.313899999999999864e+02
4.315099999999999909e+02
4.320400000000000205e+02
4.346200000000000045e+02
4.378199999999999932e+02
4.383100000000000023e+02
4.392800000000000296e+02
4.394900000000000091e+02
4.437599999999999909e+02
4.440600000000000023e+02
4.473600000000000136e+02
4.480099999999999909e+02
4.489100000000000250e+02
4.491000000000000227e+02
4.492300000000000182e+02
4.500199999999999818e+02
4.507400000000000091e+02
4.511200000000000045e+02
4.524100000000000250e+02
4.528600000000000136e+02
4.536200000000000045e+02
4.537500000000000000e+02
4.546700000000000159e+02
4.558100000000000023e+02
4.565699999999999932e+02
4.575799999999999841e+02
4.606999999999999886e+02
4.611500000000000341e+02
4.614800000000000182e+02
4.620600000000000023e+02
4.640199999999999818e+02
4.651700000000000159e+02
4.685699999999999932e+02
4.696200000000000045e+02
4.699700000000000273e+02
4.699900000000000091e+02
4.709000000000000341e+02
4.736000000000000227e+02
4.745099999999999909e+02
4.750000000000000000e+02
4.754900000000000091e+02
4.776899999999999977e+02
4.780799999999999841e+02
4.802400000000000091e+02
4.805400000000000205e+02
4.823600000000000136e+02
4.838000000000000114e+02
4.844000000000000341e+02
4.850500000000000114e+02
4.867300000000000182e+02
4.867300000000000182e+02
4.876700000000000159e+02
4.883500000000000227e+02
4.891200000000000045e+02
4.896600000000000250e+02
4.896700000000000159e+02
4.907800000000000296e+02
4.912800000000000296e+02
4.926600000000000250e+02
4.932599999999999909e+02
4.941200000000000045e+02
4.959900000000000091e+02
4.970200000000000387e+02
4.970300000000000296e+02
4.971800000000000068e+02
4.989800000000000182e+02
4.994200000000000159e+02
4.999100000000000250e+02
5.007500000000000000e+02
5.010799999999999841e+02
5.034000000000000341e+02
5.043700000000000045e+02
5.059600000000000364e+02
5.062800000000000296e+02
5.074300000000000068e+02
5.081600000000000250e+02
5.097400000000000091e+02
5.105000000000000000e+02
5.107900000000000205e+02
5.114100000000000250e+02
5.118000000000000114e+02
5.137000000000000455e+02
5.160499999999999545e+02
5.166800000000000637e+02
5.169300000000000637e+02
5.180700000000000500e+02
5.187200000000000273e+02
5.196599999999999682e+02
5.211499999999999773e+02
5.211699999999999591e+02
5.217100000000000364e+02
5.218400000000000318e+02
5.258799999999999955e+02
5.268799999999999955e+02
5.279700000000000273e+02
5.280299999999999727e+02
5.338300000000000409e+02
5.376399999999999864e+02
5.392400000000000091e+02
5.395800000000000409e+02
5.407899999999999636e+02
5.423600000000000136e+02
5.441200000000000045e+02
5.445000000000000000e+02
5.460499999999999545e+02
5.465299999999999727e+02
5.466800000000000637e+02
5.479400000000000546e+02
5.507699999999999818e+02
5.523999999999999773e+02
5.562200000000000273e+02
5.563799999999999955e+02
5.588200000000000500e+02
5.617100000000000364e+02
5.625299999999999727e+02
5.628300000000000409e+02
5.640199999999999818e+02
5.645500000000000682e+02
5.651900000000000546e+02
5.660900000000000318e+02
5.662899999999999636e+02
5.664099999999999682e+02
5.698000000000000682e+02
5.706900000000000546e+02
5.707000000000000455e+02
5.708799999999999955e+02
5.714900000000000091e+02
5.717200000000000273e+02
5.720500000000000682e+02
5.736699999999999591e+02
5.798200000000000500e+02
5.809800000000000182e+02
5.816299999999999955e+02
5.816699999999999591e+02
5.844700000000000273e+02
5.865800000000000409e+02
5.892899999999999636e+02
5.893200000000000500e+02
5.900299999999999727e+02
5.903899999999999864e+02
5.917200000000000273e+02
5.918899999999999864e+02
5.945099999999999909e+02
5.949300000000000637e+02
5.950900000000000318e+02
5.956200000000000045e+02
5.965199999999999818e+02
5.975399999999999636e+02
5.998300000000000409e+02
6.004500000000000455e+02
6.011100000000000136e+02
6.033799999999999955e+02
6.037899999999999636e+02
6.040500000000000682e+02
6.045299999999999727e+02
6.058200000000000500e+02
6.080600000000000591e+02
6.082300000000000182e+02
6.086499999999999773e+02
6.123100000000000591e+02
6.163600000000000136e+02
6.165700000000000500e+02
6.202699999999999818e+02
6.211200000000000045e+02
6.216000000000000227e+02
6.229300000000000637e+02
6.234199999999999591e+02
6.237300000000000182e+02
6.243899999999999864e+02
6.269199999999999591e+02
6.293200000000000500e+02
6.305600000000000591e+02
6.306299999999999955e+02
6.318600000000000136e+02
6.329099999999999682e+02
6.342000000000000455e+02
6.351599999999999682e+02
6.400000000000000000e+02
6.453400000000000318e+02
6.463100000000000591e+02
6.466299999999999955e+02
6.468100000000000591e+02
6.489700000000000273e+02
6.497400000000000091e+02
6.521299999999999955e+02
6.528500000000000227e+02
6.538400000000000318e+02
6.558700000000000045e+02
6.576100000000000136e+02
6.577000000000000455e+02
6.585500000000000682e+02
6.639400000000000546e+02
6.648799999999999955e+02
6.663400000000000318e+02
6.676299999999999955e+02
6.677500000000000000e+02
6.715099999999999909e+02
6.730900000000000318e+02
6.748700000000000045e+02
6.758200000000000500e+02
6.767699999999999818e+02
6.768700000000000045e+02
6.770600000000000591e+02
6.772500000000000000e+02
6.774700000000000273e+02
6.774900000000000091e+02
6.781900000000000546e+02
6.811499999999999773e+02
6.815900000000000318e+02
6.822799999999999727e+02
6.852699999999999818e+02
6.862300000000000182e+02
6.863799999999999955e+02
6.875600000000000591e+02
6.891699999999999591e+02
6.935000000000000000e+02
6.957699999999999818e+02
6.960600000000000591e+02
6.971499999999999773e+02
6.974800000000000182e+02
6.976299999999999955e+02
6.978700000000000045e+02
6.980199999999999818e+02
7.003000000000000682e+02
7.008999999999999773e+02
7.027699999999999818e+02
7.033799999999999955e+02
7.049600000000000364e+02
7.066699999999999591e+02
7.070600000000000591e+02
7.082200000000000273e+02
7.093000000000000682e+02
7.104900000000000091e+02
7.119099999999999682e+02
7.123700000000000045e+02
7.129800000000000182e+02
7.132400000000000091e+02
7.136800000000000637e+02
7.156499999999999773e+02
7.175399999999999636e+02
7.184199999999999591e+02
7.197500000000000000e+02
7.203100000000000591e+02
7.208200000000000500e+02
7.225600000000000591e+02
7.236000000000000227e+02
7.238000000000000682e+02
7.260800000000000409e+02
7.276000000000000227e+02
7.276900000000000546e+02
7.301800000000000637e+02
7.308400000000000318e+02
7.321100000000000136e+02
7.327899999999999636e+02
7.334199999999999591e+02
7.344300000000000637e+02
7.357400000000000091e+02
7.357400000000000091e+02
7.359300000000000637e+02
7.378100000000000591e+02
7.401000000000000227e+02
7.403999999999999773e+02
7.413100000000000591e+02
7.441699999999999591e+02
7.455500000000000682e+02
7.456699999999999591e+02
7.494800000000000182e+02
7.505000000000000000e+02
7.527799999999999727e+02
7.547000000000000455e+02
7.556499999999999773e+02
7.565399999999999636e+02
7.585600000000000591e+02
7.595399999999999636e+02
7.627000000000000455e+02
7.636200000000000045e+02
7.640399999999999636e+02
7.656200000000000045e+02
7.663799999999999955e+02
7.667200000000000273e+02
7.671499999999999773e+02
7.677899999999999636e+02
7.694400000000000546e+02
7.702200000000000273e+02
7.711599999999999682e+02
7.717400000000000091e+02
7.721100000000000136e+02
7.726700000000000728e+02
7.742500000000000000e+02
7.756000000000000227e+02
7.758799999999999955e+02
7.769400000000000546e+02
7.801000000000000227e+02
7.819700000000000273e+02
7.828000000000000682e+02
7.838300000000000409e+02
7.842500000000000000e+02
7.854900000000000091e+02
7.857699999999999818e+02
7.860099999999999909e+02
7.878899999999999864e+02
7.895199999999999818e+02
7.903000000000000682e+02
7.907300000000000182e+02
7.926700000000000728e+02
7.934099999999999682e+02
7.983000000000000682e+02
7.987400000000000091e+02
8.005600000000000591e+02
8.032100000000000364e+02
8.043100000000000591e+02
8.048000000000000682e+02
8.057000000000000455e+02
8.058899999999999864e+02
8.092100000000000364e+02
8.094400000000000546e+02
8.111499999999999773e+02
8.124600000000000364e+02
8.164200000000000728e+02
8.168000000000000682e+02
8.195700000000000500e+02
8.240800000000000409e+02
8.241299999999999955e+02
8.266000000000000227e+02
8.271200000000000045e+02
8.303000000000000682e+02
8.303999999999999773e+02
8.329200000000000728e+02
8.342000000000000455e+02
8.349800000000000182e+02
8.363999999999999773e+02
8.364099999999999682e+02
8.368500000000000227e+02
8.378000000000000682e+02
8.380800000000000409e+02
8.382100000000000364e+02
8.404500000000000455e+02
8.414700000000000273e+02
8.417599999999999909e+02
8.420199999999999818e+02
8.434400000000000546e+02
8.436900000000000546e+02
8.447699999999999818e+02
8.448000000000000682e+02
8.460199999999999818e+02
8.506599999999999682e+02
8.512000000000000455e+02
8.533700000000000045e+02
8.541599999999999682e+02
8.553600000000000136e+02
8.654800000000000182e+02
8.655700000000000500e+02
8.656200000000000045e+02
8.670000000000000000e+02
8.682599999999999909e+02
8.683799999999999955e+02
8.687100000000000364e+02
8.692300000000000182e+02
8.703300000000000409e+02
8.715700000000000500e+02
8.731800000000000637e+02
8.743799999999999955e+02
8.758200000000000500e+02
8.768000000000000682e+02
8.809300000000000637e+02
8.810800000000000409e+02
8.826000000000000227e+02
8.826200000000000045e+02
8.836700000000000728e+02
8.840800000000000409e+02
8.850199999999999818e+02
8.857100000000000364e+02
8.864700000000000273e+02
8.895800000000000409e+02
8.905099999999999909e+02
8.924300000000000637e+02
8.927899999999999636e+02
8.948600000000000136e+02
8.950800000000000409e+02
8.953400000000000318e+02
8.956299999999999955e+02
8.963500000000000227e+02
8.981000000000000227e+02
8.982000000000000455e+02
8.988899999999999864e+02
9.017300000000000182e+02
9.042599999999999909e+02
9.062000000000000455e+02
9.068600000000000136e+02
9.085900000000000318e+02
9.118600000000000136e+02
9.120399999999999636e+02
9.147599999999999909e+02
9.162599999999999909e+02
9.166000000000000227e+02
9.172799999999999727e+02
9.180000000000000000e+02
9.182599999999999909e+02
9.209300000000000637e+02
9.209500000000000455e+02
9.270099999999999909e+02
9.282000000000000455e+02
9.298899999999999864e+02
9.306700000000000728e+02
9.318300000000000409e+02
9.358999999999999773e+02
9.380000000000000000e+02
9.384200000000000728e+02
9.386100000000000136e+02
9.406499999999999773e+02
9.419700000000000273e+02
9.461100000000000136e+02
9.463500000000000227e+02
9.483999999999999773e+02
9.498700000000000045e+02
9.504600000000000364e+02
9.513700000000000045e+02
9.523300000000000409e+02
9.523899999999999864e+02
9.540700000000000500e+02
9.563799999999999955e+02
9.583899999999999864e+02
9.584600000000000364e+02
9.586700000000000728e+02
9.607300000000000182e+02
9.623400000000000318e+02
9.638799999999999955e+02
9.644900000000000091e+02
9.661499999999999773e+02
9.667300000000000182e+02
9.682300000000000182e+02
9.684200000000000728e+02
9.718799999999999955e+02
9.741399999999999864e+02
9.743999999999999773e+02
9.745199999999999818e+02
9.761700000000000728e+02
9.779099999999999682e+02
9.801299999999999955e+02
9.806399999999999864e+02
9.818899999999999864e+02
9.819500000000000455e+02
9.840500000000000682e+02
9.863999999999999773e+02
9.885900000000000318e+02
9.897799999999999727e+02
9.902599999999999909e+02
9.917699999999999818e+02
9.922599999999999909e+02
9.936499999999999773e+02
9.943000000000000682e+02
9.945199999999999818e+02
9.961399999999999864e+02
9.961399999999999864e+02
9.963300000000000409e+02
9.981000000000000227e+02
9.981700000000000728e+02
