4.509999999999999787e+00
6.540000000000000036e+00
7.310000000000000497e+00
7.879999999999999893e+00
8.089999999999999858e+00
8.089999999999999858e+00
8.759999999999999787e+00
1.008000000000000007e+01
1.018999999999999950e+01
1.030000000000000071e+01
1.878999999999999915e+01
2.965000000000000213e+01
3.078999999999999915e+01
3.653999999999999915e+01
3.820000000000000284e+01
3.893999999999999773e+01
3.985000000000000142e+01
4.025999999999999801e+01
4.075000000000000000e+01
4.517999999999999972e+01
4.649000000000000199e+01
4.823000000000000398e+01
4.859000000000000341e+01
5.487000000000000455e+01
6.116000000000000369e+01
6.560999999999999943e+01
6.593000000000000682e+01
6.978000000000000114e+01
7.070000000000000284e+01
7.182999999999999829e+01
7.390999999999999659e+01
7.398999999999999488e+01
7.595000000000000284e+01
7.739000000000000057e+01
8.576999999999999602e+01
8.920000000000000284e+01
9.000000000000000000e+01
9.282000000000000739e+01
9.340000000000000568e+01
9.467000000000000171e+01
1.019099999999999966e+02
1.032600000000000051e+02
1.067999999999999972e+02
1.110799999999999983e+02
1.120900000000000034e+02
1.131000000000000085e+02
1.156599999999999966e+02
1.156700000000000017e+02
1.160499999999999972e+02
1.187300000000000040e+02
1.220300000000000011e+02
1.233200000000000074e+02
1.259800000000000040e+02
1.265799999999999983e+02
1.291999999999999886e+02
1.333400000000000034e+02
1.344099999999999966e+02
1.376299999999999955e+02
1.395800000000000125e+02
1.396100000000000136e+02
1.473100000000000023e+02
1.474900000000000091e+02
1.482899999999999920e+02
1.502700000000000102e+02
1.516500000000000057e+02
1.524200000000000159e+02
1.558199999999999932e+02
1.559600000000000080e+02
1.577100000000000080e+02
1.614300000000000068e+02
1.670900000000000034e+02
1.678400000000000034e+02
1.715300000000000011e+02
1.731800000000000068e+02
1.753700000000000045e+02
1.766899999999999977e+02
1.784399999999999977e+02
1.811700000000000159e+02
1.849099999999999966e+02
1.864200000000000159e+02
1.920500000000000114e+02
1.931299999999999955e+02
1.959300000000000068e+02
1.965900000000000034e+02
1.989399999999999977e+02
2.000800000000000125e+02
2.016800000000000068e+02
2.042400000000000091e+02
2.051100000000000136e+02
2.056599999999999966e+02
2.062700000000000102e+02
2.095900000000000034e+02
2.097100000000000080e+02
2.098199999999999932e+02
2.110699999999999932e+02
2.123100000000000023e+02
2.142500000000000000e+02
2.186100000000000136e+02
2.190000000000000000e+02
2.194500000000000171e+02
2.200900000000000034e+02
2.205600000000000023e+02
2.227500000000000000e+02
2.238499999999999943e+02
2.268400000000000034e+02
2.297899999999999920e+02
2.307300000000000182e+02
2.327800000000000011e+02
2.358199999999999932e+02
2.369000000000000057e+02
2.391599999999999966e+02
2.452599999999999909e+02
2.456200000000000045e+02
2.469500000000000171e+02
2.481200000000000045e+02
2.523100000000000023e+02
2.570099999999999909e+02
2.593999999999999773e+02
2.626700000000000159e+02
2.631800000000000068e+02
2.662699999999999818e+02
2.666499999999999773e+02
2.682500000000000000e+02
2.694900000000000091e+02
2.696999999999999886e+02
2.710199999999999818e+02
2.714599999999999795e+02
2.716899999999999977e+02
2.746800000000000068e+02
2.751100000000000136e+02
2.755600000000000023e+02
2.769399999999999977e+02
2.812300000000000182e+02
2.849399999999999977e+02
2.912400000000000091e+02
2.930300000000000296e+02
2.944700000000000273e+02
2.966899999999999977e+02
2.968500000000000227e+02
2.989900000000000091e+02
3.035300000000000296e+02
3.036000000000000227e+02
3.043600000000000136e+02
3.044399999999999977e+02
3.061200000000000045e+02
3.100699999999999932e+02
3.103600000000000136e+02
3.110600000000000023e+02
3.117200000000000273e+02
3.164300000000000068e+02
3.192599999999999909e+02
3.196000000000000227e+02
3.205099999999999909e+02
3.230000000000000000e+02
3.265699999999999932e+02
3.268700000000000045e+02
3.276000000000000227e+02
3.286200000000000045e+02
3.292300000000000182e+02
3.319499999999999886e+02
3.331299999999999955e+02
3.335500000000000114e+02
3.345799999999999841e+02
3.360400000000000205e+02
3.377300000000000182e+02
3.410300000000000296e+02
3.416500000000000341e+02
3.431399999999999864e+02
3.452099999999999795e+02
3.485099999999999909e+02
3.497099999999999795e+02
3.525199999999999818e+02
3.558400000000000318e+02
3.587699999999999818e+02
3.614000000000000341e+02
3.620199999999999818e+02
3.655400000000000205e+02
3.661000000000000227e+02
3.666399999999999864e+02
3.706000000000000227e+02
3.713899999999999864e+02
3.783299999999999841e+02
3.820099999999999909e+02
3.835799999999999841e+02
3.836299999999999955e+02
3.931999999999999886e+02
4.029700000000000273e+02
4.033000000000000114e+02
4.053299999999999841e+02
4.057900000000000205e+02
4.075300000000000296e+02
4.089200000000000159e+02
4.127500000000000000e+02
4.143100000000000023e+02
4.146200000000000045e+02
4.157400000000000091e+02
4.179300000000000068e+02
4.181800000000000068e+02
4.205300000000000296e+02
4.213799999999999955e+02
4.223299999999999841e+02
4.233500000000000227e+02
4.241299999999999955e+02
4.247500000000000000e+02
4.275300000000000296e+02
4.297300000000000182e+02
4.311600000000000250e+02
4.317800000000000296e+02
4.341000000000000227e+02
4.341200000000000045e+02
4.343799999999999955e+02
4.350400000000000205e+02
4.357200000000000273e+02
4.372300000000000182e+02
4.394800000000000182e+02
4.394900000000000091e+02
4.422599999999999909e+02
4.423100000000000023e+02
4.432900000000000205e+02
4.450600000000000023e+02
4.499600000000000364e+02
4.503600000000000136e+02
4.524900000000000091e+02
4.542900000000000205e+02
4.557699999999999818e+02
4.568700000000000045e+02
4.576399999999999864e+02
4.644200000000000159e+02
4.654399999999999977e+02
4.665500000000000114e+02
4.676700000000000159e+02
4.710199999999999818e+02
4.727300000000000182e+02
4.746200000000000045e+02
4.789800000000000182e+02
4.792599999999999909e+02
4.796200000000000045e+02
4.846299999999999955e+02
4.865699999999999932e+02
4.892100000000000364e+02
4.902200000000000273e+02
4.950600000000000023e+02
4.951800000000000068e+02
5.005300000000000296e+02
5.012100000000000364e+02
5.033000000000000114e+02
5.045099999999999909e+02
5.093199999999999932e+02
5.113799999999999955e+02
5.115699999999999932e+02
5.151699999999999591e+02
5.167999999999999545e+02
5.184700000000000273e+02
5.196000000000000227e+02
5.214300000000000637e+02
5.224700000000000273e+02
5.231800000000000637e+02
5.267899999999999636e+02
5.293600000000000136e+02
5.294199999999999591e+02
5.315199999999999818e+02
5.332400000000000091e+02
5.368999999999999773e+02
5.398799999999999955e+02
5.417500000000000000e+02
5.431000000000000227e+02
5.432500000000000000e+02
5.454500000000000455e+02
5.457400000000000091e+02
5.467000000000000455e+02
5.467799999999999727e+02
5.475199999999999818e+02
5.531299999999999955e+02
5.562300000000000182e+02
5.627799999999999727e+02
5.654900000000000091e+02
5.759400000000000546e+02
5.775099999999999909e+02
5.816699999999999591e+02
5.817100000000000364e+02
5.931599999999999682e+02
5.945000000000000000e+02
6.003200000000000500e+02
6.062100000000000364e+02
6.078000000000000682e+02
6.129800000000000182e+02
6.165000000000000000e+02
6.191399999999999864e+02
6.217500000000000000e+02
6.236900000000000546e+02
6.256000000000000227e+02
6.287799999999999727e+02
6.309400000000000546e+02
6.310600000000000591e+02
6.408799999999999955e+02
6.417899999999999636e+02
6.426100000000000136e+02
6.458799999999999955e+02
6.458899999999999864e+02
6.476499999999999773e+02
6.505700000000000500e+02
6.515000000000000000e+02
6.541200000000000045e+02
6.559300000000000637e+02
6.567300000000000182e+02
6.586499999999999773e+02
6.617899999999999636e+02
6.653700000000000045e+02
6.673899999999999864e+02
6.702300000000000182e+02
6.708000000000000682e+02
6.718200000000000500e+02
6.724199999999999591e+02
6.781900000000000546e+02
6.786200000000000045e+02
6.791499999999999773e+02
6.835299999999999727e+02
6.838600000000000136e+02
6.850900000000000318e+02
6.890800000000000409e+02
6.902100000000000364e+02
6.902799999999999727e+02
6.998600000000000136e+02
7.007000000000000455e+02
7.008700000000000045e+02
7.026900000000000546e+02
7.038899999999999864e+02
7.060700000000000500e+02
7.096399999999999864e+02
7.100800000000000409e+02
7.102100000000000364e+02
7.128200000000000500e+02
7.178799999999999955e+02
7.226200000000000045e+02
7.261800000000000637e+02
7.308899999999999864e+02
7.313799999999999955e+02
7.317599999999999909e+02
7.317899999999999636e+02
7.345000000000000000e+02
7.357100000000000364e+02
7.381499999999999773e+02
7.400399999999999636e+02
7.402000000000000455e+02
7.431299999999999955e+02
7.535399999999999636e+02
7.586399999999999864e+02
7.650000000000000000e+02
7.680900000000000318e+02
7.729500000000000455e+02
7.781900000000000546e+02
7.816499999999999773e+02
7.832799999999999727e+02
7.835199999999999818e+02
7.847699999999999818e+02
7.851100000000000136e+02
7.855600000000000591e+02
7.882000000000000455e+02
7.893000000000000682e+02
7.898400000000000318e+02
7.902300000000000182e+02
7.923300000000000409e+02
7.935099999999999909e+02
7.990800000000000409e+02
8.003799999999999955e+02
8.011299999999999955e+02
8.017100000000000364e+02
8.021900000000000546e+02
8.027599999999999909e+02
8.062400000000000091e+02
8.063400000000000318e+02
8.079099999999999682e+02
8.094800000000000182e+02
8.096100000000000136e+02
8.110700000000000500e+02
8.118600000000000136e+02
8.122300000000000182e+02
8.139500000000000455e+02
8.186200000000000045e+02
8.188200000000000500e+02
8.256100000000000136e+02
8.259200000000000728e+02
8.270199999999999818e+02
8.303600000000000136e+02
8.410800000000000409e+02
8.426700000000000728e+02
8.437799999999999727e+02
8.441499999999999773e+02
8.516900000000000546e+02
8.533999999999999773e+02
8.590600000000000591e+02
8.612799999999999727e+02
8.658600000000000136e+02
8.659200000000000728e+02
8.691599999999999682e+02
8.776200000000000045e+02
8.781900000000000546e+02
8.817000000000000455e+02
8.844900000000000091e+02
8.852000000000000455e+02
8.862899999999999636e+02
8.869800000000000182e+02
8.886700000000000728e+02
8.920700000000000500e+02
8.968200000000000500e+02
8.991900000000000546e+02
9.001900000000000546e+02
9.014800000000000182e+02
9.029400000000000546e+02
9.042100000000000364e+02
9.060099999999999909e+02
9.080000000000000000e+02
9.091599999999999682e+02
9.116100000000000136e+02
9.128500000000000227e+02
9.128700000000000045e+02
9.157300000000000182e+02
9.158000000000000682e+02
9.218999999999999773e+02
9.226700000000000728e+02
9.267200000000000273e+02
9.304800000000000182e+02
9.310700000000000500e+02
9.359500000000000455e+02
9.380000000000000000e+02
9.385800000000000409e+02
9.396700000000000728e+02
9.434900000000000091e+02
9.443600000000000136e+02
9.458799999999999955e+02
9.461000000000000227e+02
9.499500000000000455e+02
9.542699999999999818e+02
9.557699999999999818e+02
9.601200000000000045e+02
9.628100000000000591e+02
9.670900000000000318e+02
9.670900000000000318e+02
9.673400000000000318e+02
9.732400000000000091e+02
9.781100000000000136e+02
9.792699999999999818e+02
9.857000000000000455e+02
9.860900000000000318e+02
9.878400000000000318e+02
9.907100000000000364e+02
9.934400000000000546e+02
9.955600000000000591e+02
9.973100000000000591e+02
9.995000000000000000e+02
9.996100000000000136e+02
