2.496000000000000085e+01
4.309000000000000341e+01
4.327000000000000313e+01
5.857000000000000028e+01
7.085000000000000853e+01
1.074099999999999966e+02
1.109600000000000080e+02
1.223299999999999983e+02
1.479799999999999898e+02
1.608300000000000125e+02
1.614200000000000159e+02
1.772800000000000011e+02
1.795099999999999909e+02
1.856700000000000159e+02
1.953199999999999932e+02
2.117899999999999920e+02
2.482700000000000102e+02
2.518400000000000034e+02
2.948799999999999955e+02
3.139700000000000273e+02
3.446800000000000068e+02
3.559800000000000182e+02
3.923000000000000114e+02
4.144399999999999977e+02
4.737300000000000182e+02
4.871500000000000341e+02
4.945699999999999932e+02
5.310399999999999636e+02
6.398999999999999773e+02
6.464199999999999591e+02
6.503799999999999955e+02
6.742699999999999818e+02
6.802599999999999909e+02
7.515600000000000591e+02
7.536599999999999682e+02
7.981200000000000045e+02
7.998700000000000045e+02
8.368000000000000682e+02
8.608200000000000500e+02
8.698200000000000500e+02
8.861100000000000136e+02
9.137699999999999818e+02
9.160600000000000591e+02
9.517400000000000091e+02
9.521000000000000227e+02
9.658999999999999773e+02
9.702400000000000091e+02
9.798999999999999773e+02
