2.768799999999999955e+02
6.640000000000000568e+00
2.351000000000000156e+01
4.071999999999999886e+01
7.525000000000000000e+01
9.267000000000000171e+01
1.087600000000000051e+02
1.247800000000000011e+02
1.424799999999999898e+02
1.604099999999999966e+02
2.091500000000000057e+02
2.247100000000000080e+02
2.454000000000000057e+02
2.619700000000000273e+02
3.431899999999999977e+02
3.629900000000000091e+02
3.752500000000000000e+02
3.778400000000000318e+02
3.942100000000000364e+02
4.272200000000000273e+02
4.442100000000000364e+02
4.929200000000000159e+02
4.956000000000000227e+02
5.124600000000000364e+02
5.611699999999999591e+02
5.958500000000000227e+02
6.126599999999999682e+02
6.291399999999999864e+02
6.974800000000000182e+02
7.124900000000000091e+02
7.314199999999999591e+02
7.630099999999999909e+02
8.630000000000000000e+02
8.807699999999999818e+02
8.978500000000000227e+02
9.293300000000000409e+02
9.319600000000000364e+02
9.473200000000000500e+02
9.495199999999999818e+02
9.676900000000000546e+02
5.850000000000000533e+00
7.959999999999999964e+00
1.033000000000000007e+01
2.399000000000000199e+01
2.625000000000000000e+01
3.968999999999999773e+01
4.371999999999999886e+01
7.400000000000000000e+01
9.050000000000000000e+01
1.099399999999999977e+02
1.242800000000000011e+02
1.264200000000000017e+02
1.418000000000000114e+02
1.570000000000000000e+02
1.596500000000000057e+02
1.753199999999999932e+02
1.912500000000000000e+02
2.080500000000000114e+02
2.111400000000000148e+02
2.245399999999999920e+02
2.278600000000000136e+02
2.399800000000000182e+02
2.443199999999999932e+02
2.581100000000000136e+02
2.612300000000000182e+02
2.750600000000000023e+02
2.912200000000000273e+02
3.103199999999999932e+02
3.249599999999999795e+02
3.433100000000000023e+02
3.582200000000000273e+02
3.746999999999999886e+02
3.782300000000000182e+02
3.914399999999999977e+02
4.086500000000000341e+02
4.109300000000000068e+02
4.246500000000000341e+02
4.272900000000000205e+02
4.426399999999999864e+02
4.569399999999999977e+02
4.607400000000000091e+02
4.749300000000000068e+02
4.770900000000000318e+02
4.907699999999999818e+02
4.929600000000000364e+02
5.092500000000000000e+02
5.248700000000000045e+02
5.413400000000000318e+02
5.434199999999999591e+02
5.585299999999999727e+02
5.610800000000000409e+02
5.765700000000000500e+02
5.918200000000000500e+02
5.943300000000000409e+02
6.082500000000000000e+02
6.119700000000000273e+02
6.259500000000000455e+02
6.459099999999999682e+02
6.600600000000000591e+02
6.745099999999999909e+02
6.768100000000000591e+02
6.803100000000000591e+02
6.929800000000000182e+02
7.122899999999999636e+02
7.268100000000000591e+02
7.422100000000000364e+02
7.455299999999999727e+02
7.594800000000000182e+02
7.628799999999999955e+02
7.773799999999999955e+02
7.933400000000000318e+02
8.092599999999999909e+02
8.122200000000000273e+02
8.276100000000000136e+02
8.297899999999999636e+02
8.604200000000000728e+02
8.778899999999999864e+02
8.941399999999999864e+02
9.101499999999999773e+02
9.267200000000000273e+02
9.297699999999999818e+02
9.433000000000000682e+02
9.464600000000000364e+02
9.597200000000000273e+02
9.617899999999999636e+02
9.766900000000000546e+02
9.802300000000000182e+02
9.935600000000000591e+02
9.956800000000000637e+02
7.669999999999999929e+00
1.033999999999999986e+01
2.426000000000000156e+01
4.055000000000000426e+01
5.684000000000000341e+01
5.896000000000000085e+01
7.265000000000000568e+01
7.473000000000000398e+01
8.878000000000000114e+01
9.095000000000000284e+01
9.309000000000000341e+01
1.058799999999999955e+02
1.084699999999999989e+02
1.226800000000000068e+02
1.248400000000000034e+02
1.405699999999999932e+02
1.434799999999999898e+02
1.562500000000000000e+02
1.589099999999999966e+02
1.727000000000000171e+02
1.899900000000000091e+02
1.921800000000000068e+02
2.061100000000000136e+02
2.082500000000000000e+02
2.234200000000000159e+02
2.258600000000000136e+02
2.393700000000000045e+02
2.414800000000000182e+02
2.437000000000000171e+02
2.570500000000000114e+02
2.754700000000000273e+02
2.900099999999999909e+02
3.063199999999999932e+02
3.084800000000000182e+02
3.219800000000000182e+02
3.256000000000000227e+02
3.385300000000000296e+02
3.411100000000000136e+02
3.564800000000000182e+02
3.585699999999999932e+02
3.727500000000000000e+02
3.748700000000000045e+02
3.769499999999999886e+02
3.893899999999999864e+02
3.914499999999999886e+02
4.059300000000000068e+02
4.080500000000000114e+02
4.235000000000000000e+02
4.262800000000000296e+02
4.392900000000000205e+02
4.413400000000000318e+02
4.547800000000000296e+02
4.578199999999999932e+02
4.599700000000000273e+02
4.745699999999999932e+02
4.766899999999999977e+02
4.896100000000000136e+02
4.918400000000000318e+02
5.053400000000000318e+02
5.075000000000000000e+02
5.101899999999999977e+02
5.237300000000000182e+02
5.389800000000000182e+02
5.410299999999999727e+02
5.564700000000000273e+02
5.585900000000000318e+02
5.746100000000000136e+02
5.913400000000000318e+02
6.072200000000000273e+02
6.102000000000000455e+02
6.245800000000000409e+02
6.403799999999999955e+02
6.431000000000000227e+02
6.566200000000000045e+02
6.615700000000000500e+02
6.739099999999999682e+02
6.759800000000000182e+02
6.881200000000000045e+02
6.904600000000000364e+02
6.947599999999999909e+02
7.061100000000000136e+02
7.082599999999999909e+02
7.249099999999999682e+02
7.396299999999999955e+02
7.418899999999999864e+02
7.569199999999999591e+02
7.590399999999999636e+02
7.611699999999999591e+02
7.724400000000000546e+02
7.754800000000000182e+02
7.900000000000000000e+02
7.928999999999999773e+02
8.061800000000000637e+02
8.087200000000000273e+02
8.228100000000000591e+02
8.248700000000000045e+02
8.392300000000000182e+02
8.418999999999999773e+02
8.575600000000000591e+02
8.728300000000000409e+02
8.764800000000000182e+02
8.901299999999999955e+02
8.923000000000000682e+02
9.050900000000000318e+02
9.075900000000000318e+02
9.106399999999999864e+02
9.223300000000000409e+02
9.246599999999999682e+02
9.383700000000000045e+02
9.404800000000000182e+02
9.439400000000000546e+02
9.557200000000000273e+02
9.739600000000000364e+02
9.768000000000000682e+02
9.901100000000000136e+02
9.933999999999999773e+02
8.050000000000000711e+00
2.275000000000000000e+01
2.503999999999999915e+01
4.152000000000000313e+01
5.967999999999999972e+01
7.346999999999999886e+01
9.007999999999999829e+01
1.065100000000000051e+02
1.086299999999999955e+02
1.250000000000000000e+02
1.387700000000000102e+02
1.415099999999999909e+02
1.564699999999999989e+02
1.736200000000000045e+02
1.759099999999999966e+02
1.887700000000000102e+02
1.911800000000000068e+02
2.057000000000000171e+02
2.086700000000000159e+02
2.224399999999999977e+02
2.405300000000000011e+02
2.435000000000000000e+02
2.552199999999999989e+02
2.574200000000000159e+02
2.712300000000000182e+02
2.733700000000000045e+02
2.899700000000000273e+02
3.060900000000000318e+02
3.227500000000000000e+02
3.386299999999999955e+02
3.408100000000000023e+02
3.548899999999999864e+02
3.576100000000000136e+02
3.728100000000000023e+02
3.760900000000000318e+02
3.887900000000000205e+02
3.913199999999999932e+02
4.038299999999999841e+02
4.075199999999999818e+02
4.223199999999999932e+02
4.247200000000000273e+02
4.379100000000000250e+02
4.421200000000000045e+02
4.543400000000000318e+02
4.564900000000000091e+02
4.718000000000000114e+02
4.740099999999999909e+02
4.890799999999999841e+02
5.029200000000000159e+02
5.050099999999999909e+02
5.092400000000000091e+02
5.212400000000000091e+02
5.247400000000000091e+02
5.379500000000000455e+02
5.567699999999999818e+02
5.708200000000000500e+02
5.728600000000000136e+02
5.872799999999999727e+02
5.903700000000000045e+02
6.046499999999999773e+02
6.074400000000000546e+02
6.212300000000000182e+02
6.244800000000000182e+02
6.396699999999999591e+02
6.544800000000000182e+02
6.572599999999999909e+02
6.717200000000000273e+02
6.879900000000000091e+02
7.036499999999999773e+02
7.059300000000000637e+02
7.211499999999999773e+02
7.232899999999999636e+02
7.355399999999999636e+02
7.392699999999999818e+02
7.539500000000000455e+02
7.566000000000000227e+02
7.699300000000000637e+02
7.726499999999999773e+02
7.867899999999999636e+02
7.896200000000000045e+02
8.033400000000000318e+02
8.053999999999999773e+02
8.202599999999999909e+02
8.223799999999999955e+02
8.365500000000000682e+02
8.386499999999999773e+02
8.522400000000000091e+02
8.548600000000000136e+02
8.685000000000000000e+02
8.712100000000000364e+02
8.861399999999999864e+02
8.882300000000000182e+02
9.031700000000000728e+02
9.054800000000000182e+02
9.188999999999999773e+02
9.212000000000000455e+02
9.359400000000000546e+02
9.382899999999999636e+02
9.520299999999999727e+02
9.689099999999999682e+02
9.710900000000000318e+02
9.733000000000000682e+02
9.868600000000000136e+02
8.120000000000000995e+00
2.282000000000000028e+01
4.328999999999999915e+01
7.346999999999999886e+01
9.273999999999999488e+01
1.064500000000000028e+02
1.241599999999999966e+02
1.383100000000000023e+02
1.412500000000000000e+02
1.885099999999999909e+02
2.251899999999999977e+02
2.385099999999999909e+02
2.716800000000000068e+02
2.904399999999999977e+02
3.041999999999999886e+02
3.063100000000000023e+02
3.217800000000000296e+02
3.380699999999999932e+02
3.544000000000000341e+02
3.701100000000000136e+02
3.722599999999999909e+02
3.876200000000000045e+02
3.897599999999999909e+02
4.044900000000000091e+02
4.075699999999999932e+02
4.202800000000000296e+02
4.377400000000000091e+02
4.401299999999999955e+02
4.546399999999999864e+02
4.726500000000000341e+02
5.187899999999999636e+02
5.373100000000000591e+02
5.683100000000000591e+02
5.870500000000000682e+02
6.044400000000000546e+02
6.182500000000000000e+02
6.346800000000000637e+02
6.522799999999999727e+02
6.544099999999999682e+02
6.691699999999999591e+02
7.019500000000000455e+02
7.199900000000000091e+02
7.348000000000000682e+02
7.525600000000000591e+02
7.670500000000000682e+02
7.709099999999999682e+02
7.838100000000000591e+02
7.872699999999999818e+02
8.012200000000000273e+02
8.038600000000000136e+02
8.167400000000000091e+02
8.342200000000000273e+02
8.509400000000000546e+02
8.670099999999999909e+02
8.691499999999999773e+02
8.862300000000000182e+02
9.002699999999999818e+02
9.196000000000000227e+02
9.344500000000000455e+02
9.497200000000000273e+02
9.518999999999999773e+02
9.686900000000000546e+02
9.825299999999999727e+02
5.750999999999999801e+01
8.943999999999999773e+01
2.879300000000000068e+02
3.541700000000000159e+02
4.200000000000000000e+02
4.530600000000000023e+02
4.695500000000000114e+02
5.838700000000000045e+02
8.820600000000000591e+02
9.149800000000000182e+02
9.794500000000000455e+02
