3.470000000000000195e+00
3.560000000000000053e+00
3.629999999999999893e+00
3.629999999999999893e+00
7.169999999999999929e+00
7.240000000000000213e+00
7.339999999999999858e+00
7.660000000000000142e+00
7.679999999999999716e+00
1.114000000000000057e+01
1.120000000000000107e+01
1.122000000000000064e+01
1.126999999999999957e+01
1.533000000000000007e+01
1.539000000000000057e+01
1.930999999999999872e+01
1.932000000000000028e+01
1.974000000000000199e+01
2.316000000000000014e+01
2.335000000000000142e+01
2.367000000000000171e+01
2.707000000000000028e+01
2.776999999999999957e+01
3.112000000000000099e+01
3.137999999999999901e+01
3.137999999999999901e+01
3.140000000000000213e+01
3.509000000000000341e+01
3.523000000000000398e+01
3.536999999999999744e+01
3.571000000000000085e+01
3.909000000000000341e+01
3.928000000000000114e+01
3.971999999999999886e+01
4.282999999999999829e+01
4.311999999999999744e+01
4.314999999999999858e+01
4.392999999999999972e+01
4.703999999999999915e+01
4.718999999999999773e+01
4.732999999999999829e+01
5.114999999999999858e+01
5.200999999999999801e+01
5.207999999999999829e+01
5.488000000000000256e+01
5.543999999999999773e+01
5.545000000000000284e+01
5.585000000000000142e+01
5.885999999999999943e+01
5.903999999999999915e+01
5.963000000000000256e+01
6.281000000000000227e+01
6.291000000000000369e+01
6.337000000000000455e+01
6.342000000000000171e+01
6.687000000000000455e+01
6.703000000000000114e+01
6.726999999999999602e+01
7.096000000000000796e+01
7.117000000000000171e+01
7.118000000000000682e+01
7.215999999999999659e+01
7.498000000000000398e+01
7.517000000000000171e+01
7.535999999999999943e+01
7.571999999999999886e+01
7.920000000000000284e+01
7.921000000000000796e+01
7.935999999999999943e+01
8.021000000000000796e+01
8.295000000000000284e+01
8.314000000000000057e+01
8.346999999999999886e+01
8.685000000000000853e+01
8.782999999999999829e+01
8.810000000000000853e+01
9.079999999999999716e+01
9.093999999999999773e+01
9.145000000000000284e+01
9.182999999999999829e+01
9.504999999999999716e+01
9.539000000000000057e+01
9.554999999999999716e+01
9.843999999999999773e+01
9.948000000000000398e+01
9.975000000000000000e+01
1.027199999999999989e+02
1.030199999999999960e+02
1.034099999999999966e+02
1.040000000000000000e+02
1.069200000000000017e+02
1.072500000000000000e+02
1.075700000000000074e+02
1.079800000000000040e+02
1.109099999999999966e+02
1.115900000000000034e+02
1.118400000000000034e+02
1.146700000000000017e+02
1.148900000000000006e+02
1.157800000000000011e+02
1.188200000000000074e+02
1.189900000000000091e+02
1.192300000000000040e+02
1.229699999999999989e+02
1.235000000000000000e+02
1.269000000000000057e+02
1.272400000000000091e+02
1.276599999999999966e+02
1.281999999999999886e+02
1.303199999999999932e+02
1.309799999999999898e+02
1.313600000000000136e+02
1.347700000000000102e+02
1.349000000000000057e+02
1.356500000000000057e+02
1.389099999999999966e+02
1.398499999999999943e+02
1.422100000000000080e+02
1.429600000000000080e+02
1.436100000000000136e+02
1.443400000000000034e+02
1.461299999999999955e+02
1.465200000000000102e+02
1.476500000000000057e+02
1.499699999999999989e+02
1.504099999999999966e+02
1.509699999999999989e+02
1.516599999999999966e+02
1.544399999999999977e+02
1.548000000000000114e+02
1.553100000000000023e+02
1.588400000000000034e+02
1.605000000000000000e+02
1.625000000000000000e+02
1.627100000000000080e+02
1.632800000000000011e+02
1.657500000000000000e+02
1.668900000000000148e+02
1.673300000000000125e+02
1.696599999999999966e+02
1.709500000000000171e+02
1.714099999999999966e+02
1.723900000000000148e+02
1.748100000000000023e+02
1.754399999999999977e+02
1.788199999999999932e+02
1.808000000000000114e+02
1.819099999999999966e+02
1.830200000000000102e+02
1.834900000000000091e+02
1.866500000000000057e+02
1.883900000000000148e+02
1.888300000000000125e+02
1.903600000000000136e+02
1.907500000000000000e+02
1.916800000000000068e+02
1.923700000000000045e+02
1.939699999999999989e+02
1.946800000000000068e+02
1.958700000000000045e+02
1.968499999999999943e+02
1.990999999999999943e+02
1.996400000000000148e+02
2.005200000000000102e+02
2.027700000000000102e+02
2.028400000000000034e+02
2.044300000000000068e+02
2.065900000000000034e+02
2.067899999999999920e+02
2.078300000000000125e+02
2.099800000000000182e+02
2.105900000000000034e+02
2.118900000000000148e+02
2.140900000000000034e+02
2.147500000000000000e+02
2.157500000000000000e+02
2.180500000000000114e+02
2.186599999999999966e+02
2.196599999999999966e+02
2.221500000000000057e+02
2.230600000000000023e+02
2.235800000000000125e+02
2.260399999999999920e+02
2.267899999999999920e+02
2.274900000000000091e+02
2.288900000000000148e+02
2.307300000000000182e+02
2.315800000000000125e+02
2.342500000000000000e+02
2.345300000000000011e+02
2.360699999999999932e+02
2.383300000000000125e+02
2.395999999999999943e+02
2.419800000000000182e+02
2.428100000000000023e+02
2.437899999999999920e+02
2.460300000000000011e+02
2.470600000000000023e+02
2.477300000000000182e+02
2.490900000000000034e+02
2.495999999999999943e+02
2.508000000000000114e+02
2.515999999999999943e+02
2.539900000000000091e+02
2.549800000000000182e+02
2.555999999999999943e+02
2.567200000000000273e+02
2.578899999999999864e+02
2.586000000000000227e+02
2.622300000000000182e+02
2.629599999999999795e+02
2.638400000000000318e+02
2.652800000000000296e+02
2.655600000000000023e+02
2.668199999999999932e+02
2.678899999999999864e+02
2.698799999999999955e+02
2.705300000000000296e+02
2.728899999999999864e+02
2.738500000000000227e+02
2.759100000000000250e+02
2.773299999999999841e+02
2.774499999999999886e+02
2.785699999999999932e+02
2.798500000000000227e+02
2.807699999999999818e+02
2.808799999999999955e+02
2.818400000000000318e+02
2.824599999999999795e+02
2.840799999999999841e+02
2.848899999999999864e+02
2.854000000000000341e+02
2.868199999999999932e+02
2.879399999999999977e+02
2.907300000000000182e+02
2.915099999999999909e+02
2.939300000000000068e+02
2.956600000000000250e+02
2.984800000000000182e+02
3.001999999999999886e+02
3.017300000000000182e+02
3.018299999999999841e+02
3.029100000000000250e+02
3.038500000000000227e+02
3.067699999999999818e+02
3.078100000000000023e+02
3.091600000000000250e+02
3.094700000000000273e+02
3.105400000000000205e+02
3.120500000000000114e+02
3.130900000000000318e+02
3.134000000000000341e+02
3.145300000000000296e+02
3.146600000000000250e+02
3.156299999999999955e+02
3.174800000000000182e+02
3.186200000000000045e+02
3.194499999999999886e+02
3.232200000000000273e+02
3.236100000000000136e+02
3.253000000000000114e+02
3.276700000000000159e+02
3.292800000000000296e+02
3.305400000000000205e+02
3.323799999999999955e+02
3.330199999999999818e+02
3.341999999999999886e+02
3.388199999999999932e+02
3.399000000000000341e+02
3.416299999999999955e+02
3.427599999999999909e+02
3.441600000000000250e+02
3.448199999999999932e+02
3.453899999999999864e+02
3.465900000000000318e+02
3.505799999999999841e+02
3.516299999999999955e+02
3.536800000000000068e+02
3.544399999999999977e+02
3.560300000000000296e+02
3.590600000000000023e+02
3.602699999999999818e+02
3.609399999999999977e+02
3.613899999999999864e+02
3.624000000000000341e+02
3.638899999999999864e+02
3.652099999999999795e+02
3.665199999999999818e+02
3.681999999999999886e+02
3.696600000000000250e+02
3.702200000000000273e+02
3.721700000000000159e+02
3.738299999999999841e+02
3.742500000000000000e+02
3.761700000000000159e+02
3.778799999999999955e+02
3.783899999999999864e+02
3.799100000000000250e+02
3.828100000000000023e+02
3.837100000000000364e+02
3.848299999999999841e+02
3.864800000000000182e+02
3.881899999999999977e+02
3.904399999999999977e+02
3.922599999999999909e+02
3.931800000000000068e+02
3.937900000000000205e+02
3.944200000000000159e+02
3.956100000000000136e+02
3.973700000000000045e+02
3.974399999999999977e+02
3.985699999999999932e+02
4.009900000000000091e+02
4.023700000000000045e+02
4.043199999999999932e+02
4.060799999999999841e+02
4.078100000000000023e+02
4.099600000000000364e+02
4.105400000000000205e+02
4.117800000000000296e+02
4.124200000000000159e+02
4.163100000000000023e+02
4.175600000000000023e+02
4.179900000000000091e+02
4.221700000000000159e+02
4.239000000000000341e+02
4.252400000000000091e+02
4.270000000000000000e+02
4.279800000000000182e+02
4.289700000000000273e+02
4.298600000000000136e+02
4.301600000000000250e+02
4.323299999999999841e+02
4.328100000000000023e+02
4.341200000000000045e+02
4.359700000000000273e+02
4.366800000000000068e+02
4.389700000000000273e+02
4.401100000000000136e+02
4.405400000000000205e+02
4.423600000000000136e+02
4.440000000000000000e+02
4.442200000000000273e+02
4.463400000000000318e+02
4.475699999999999932e+02
4.506299999999999955e+02
4.524399999999999977e+02
4.530600000000000023e+02
4.539700000000000273e+02
4.561100000000000136e+02
4.567599999999999909e+02
4.583000000000000114e+02
4.597100000000000364e+02
4.608299999999999841e+02
4.625099999999999909e+02
4.642800000000000296e+02
4.643899999999999864e+02
4.660799999999999841e+02
4.665799999999999841e+02
4.671500000000000341e+02
4.680000000000000000e+02
4.686999999999999886e+02
4.701399999999999864e+02
4.704300000000000068e+02
4.721200000000000045e+02
4.722100000000000364e+02
4.744600000000000364e+02
4.756700000000000159e+02
4.765799999999999841e+02
4.784499999999999886e+02
4.806000000000000227e+02
4.821100000000000136e+02
4.841500000000000341e+02
4.861800000000000068e+02
4.885099999999999909e+02
4.885600000000000023e+02
4.905500000000000114e+02
4.923799999999999955e+02
4.943299999999999841e+02
4.963199999999999932e+02
4.984200000000000159e+02
5.004300000000000068e+02
5.019700000000000273e+02
5.041899999999999977e+02
5.059600000000000364e+02
5.086700000000000159e+02
5.104900000000000091e+02
5.118100000000000023e+02
5.144099999999999682e+02
5.150299999999999727e+02
5.160700000000000500e+02
5.180900000000000318e+02
5.206900000000000546e+02
5.211000000000000227e+02
5.238999999999999773e+02
5.243700000000000045e+02
5.279900000000000091e+02
5.292200000000000273e+02
5.302100000000000364e+02
5.378200000000000500e+02
5.409099999999999682e+02
5.422599999999999909e+02
5.443100000000000591e+02
5.460000000000000000e+02
5.482500000000000000e+02
5.503799999999999955e+02
5.566000000000000227e+02
5.578500000000000227e+02
5.603000000000000682e+02
5.603899999999999864e+02
5.618400000000000318e+02
5.635500000000000682e+02
5.644600000000000364e+02
5.657000000000000455e+02
5.698600000000000136e+02
5.719800000000000182e+02
5.738100000000000591e+02
5.758300000000000409e+02
5.781399999999999864e+02
5.814700000000000273e+02
5.861900000000000546e+02
5.881399999999999864e+02
5.921100000000000136e+02
5.922200000000000273e+02
5.948899999999999864e+02
5.964199999999999591e+02
5.985000000000000000e+02
5.998300000000000409e+02
6.003600000000000136e+02
6.014900000000000091e+02
6.042699999999999818e+02
6.056100000000000136e+02
6.080199999999999818e+02
6.100399999999999636e+02
6.121100000000000136e+02
6.133999999999999773e+02
6.156299999999999955e+02
6.165399999999999636e+02
6.179500000000000455e+02
6.221900000000000546e+02
6.259400000000000546e+02
6.297899999999999636e+02
6.316499999999999773e+02
6.318600000000000136e+02
6.363799999999999955e+02
6.381900000000000546e+02
6.419700000000000273e+02
6.444199999999999591e+02
6.477699999999999818e+02
6.503300000000000409e+02
6.516399999999999864e+02
6.534400000000000546e+02
6.544700000000000273e+02
6.569500000000000455e+02
6.608100000000000591e+02
6.645099999999999909e+02
6.661699999999999591e+02
6.681000000000000227e+02
6.717599999999999909e+02
6.736699999999999591e+02
6.741399999999999864e+02
6.776399999999999864e+02
6.811100000000000136e+02
6.822699999999999818e+02
6.860500000000000682e+02
6.873200000000000500e+02
6.907500000000000000e+02
6.918500000000000227e+02
6.933100000000000591e+02
6.961900000000000546e+02
7.011499999999999773e+02
7.043500000000000227e+02
7.063999999999999773e+02
7.064800000000000182e+02
7.108200000000000500e+02
7.171499999999999773e+02
7.180299999999999727e+02
7.209199999999999591e+02
7.210000000000000000e+02
7.239800000000000182e+02
7.257100000000000364e+02
7.272599999999999909e+02
7.358799999999999955e+02
7.363600000000000136e+02
7.371100000000000136e+02
7.387899999999999636e+02
7.418400000000000318e+02
7.461499999999999773e+02
7.488600000000000136e+02
7.499199999999999591e+02
7.523999999999999773e+02
7.563200000000000500e+02
7.573000000000000682e+02
7.615800000000000409e+02
7.652500000000000000e+02
7.665199999999999818e+02
7.713500000000000227e+02
7.734200000000000728e+02
7.742100000000000364e+02
7.794300000000000637e+02
7.813700000000000045e+02
7.865399999999999636e+02
7.919700000000000273e+02
7.949200000000000728e+02
7.976399999999999864e+02
7.984900000000000091e+02
8.010900000000000318e+02
8.043999999999999773e+02
8.065000000000000000e+02
8.081900000000000546e+02
8.096000000000000227e+02
8.124900000000000091e+02
8.177699999999999818e+02
8.297500000000000000e+02
8.297899999999999636e+02
8.343200000000000500e+02
8.354900000000000091e+02
8.377799999999999727e+02
8.393400000000000318e+02
8.403600000000000136e+02
8.416000000000000227e+02
8.435700000000000500e+02
8.448899999999999864e+02
8.534700000000000273e+02
8.535000000000000000e+02
8.647899999999999636e+02
8.683700000000000045e+02
8.739099999999999682e+02
8.739700000000000273e+02
8.764800000000000182e+02
8.801399999999999864e+02
8.879500000000000455e+02
8.905600000000000591e+02
8.909600000000000364e+02
8.935600000000000591e+02
8.991299999999999955e+02
9.083899999999999864e+02
9.127400000000000091e+02
9.239099999999999682e+02
9.245399999999999636e+02
9.305299999999999727e+02
9.324800000000000182e+02
9.338000000000000682e+02
9.363000000000000682e+02
9.382500000000000000e+02
9.386499999999999773e+02
9.408000000000000682e+02
9.479500000000000455e+02
9.503500000000000227e+02
9.539099999999999682e+02
9.616700000000000728e+02
9.661800000000000637e+02
9.718500000000000227e+02
9.762899999999999636e+02
9.836100000000000136e+02
9.847200000000000273e+02
9.884800000000000182e+02
9.921399999999999864e+02
9.942400000000000091e+02
9.962100000000000364e+02
