2.640000000000000124e+00
2.780000000000000249e+00
2.810000000000000053e+00
2.899999999999999911e+00
3.050000000000000266e+00
3.100000000000000089e+00
3.109999999999999876e+00
3.169999999999999929e+00
3.189999999999999947e+00
3.290000000000000036e+00
3.300000000000000266e+00
3.419999999999999929e+00
3.700000000000000178e+00
3.850000000000000089e+00
6.589999999999999858e+00
6.679999999999999716e+00
6.740000000000000213e+00
6.759999999999999787e+00
6.790000000000000036e+00
6.810000000000000497e+00
6.900000000000000355e+00
6.950000000000000178e+00
7.190000000000000391e+00
7.240000000000000213e+00
7.500000000000000000e+00
1.064000000000000057e+01
1.068999999999999950e+01
1.076999999999999957e+01
1.083999999999999986e+01
1.095000000000000107e+01
1.108999999999999986e+01
1.112000000000000099e+01
1.113000000000000078e+01
1.131000000000000050e+01
1.139000000000000057e+01
1.158000000000000007e+01
1.164000000000000057e+01
1.481000000000000050e+01
1.483000000000000007e+01
1.493999999999999950e+01
1.517999999999999972e+01
1.520000000000000107e+01
1.526999999999999957e+01
1.541999999999999993e+01
1.567999999999999972e+01
1.575999999999999979e+01
1.598000000000000043e+01
1.873000000000000043e+01
1.876000000000000156e+01
1.900000000000000000e+01
1.903999999999999915e+01
1.916000000000000014e+01
1.919000000000000128e+01
1.923000000000000043e+01
1.930999999999999872e+01
1.937000000000000099e+01
1.948000000000000043e+01
2.251999999999999957e+01
2.262999999999999901e+01
2.262999999999999901e+01
2.283000000000000185e+01
2.287000000000000099e+01
2.296000000000000085e+01
2.305000000000000071e+01
2.315000000000000213e+01
2.321000000000000085e+01
2.328999999999999915e+01
2.330999999999999872e+01
2.362999999999999901e+01
2.383000000000000185e+01
2.651999999999999957e+01
2.658000000000000185e+01
2.662000000000000099e+01
2.676999999999999957e+01
2.676999999999999957e+01
2.681000000000000227e+01
2.687000000000000099e+01
2.694000000000000128e+01
2.696999999999999886e+01
2.698000000000000043e+01
2.719999999999999929e+01
2.776000000000000156e+01
2.787000000000000099e+01
2.801000000000000156e+01
2.808999999999999986e+01
3.040000000000000213e+01
3.040000000000000213e+01
3.067000000000000171e+01
3.071999999999999886e+01
3.090000000000000213e+01
3.098000000000000043e+01
3.098000000000000043e+01
3.117000000000000171e+01
3.119000000000000128e+01
3.119999999999999929e+01
3.124000000000000199e+01
3.125000000000000000e+01
3.128999999999999915e+01
3.131000000000000227e+01
3.147000000000000242e+01
3.438000000000000256e+01
3.464000000000000057e+01
3.471000000000000085e+01
3.500000000000000000e+01
3.505000000000000426e+01
3.507999999999999829e+01
3.509000000000000341e+01
3.514000000000000057e+01
3.514999999999999858e+01
3.516000000000000369e+01
3.521999999999999886e+01
3.539000000000000057e+01
3.549000000000000199e+01
3.557000000000000028e+01
3.566000000000000369e+01
3.568999999999999773e+01
3.575999999999999801e+01
3.580000000000000426e+01
3.881000000000000227e+01
3.884000000000000341e+01
3.893999999999999773e+01
3.907999999999999829e+01
3.913000000000000256e+01
3.916000000000000369e+01
3.935999999999999943e+01
3.942999999999999972e+01
3.955000000000000426e+01
3.964999999999999858e+01
4.217999999999999972e+01
4.238000000000000256e+01
4.242000000000000171e+01
4.248000000000000398e+01
4.250000000000000000e+01
4.273000000000000398e+01
4.289000000000000057e+01
4.289000000000000057e+01
4.289999999999999858e+01
4.298000000000000398e+01
4.306000000000000227e+01
4.310999999999999943e+01
4.314999999999999858e+01
4.320000000000000284e+01
4.357000000000000028e+01
4.359000000000000341e+01
4.661999999999999744e+01
4.664999999999999858e+01
4.671000000000000085e+01
4.673000000000000398e+01
4.675000000000000000e+01
4.684000000000000341e+01
4.695000000000000284e+01
4.716000000000000369e+01
4.725999999999999801e+01
4.728999999999999915e+01
4.752000000000000313e+01
5.071999999999999886e+01
5.078000000000000114e+01
5.081000000000000227e+01
5.081000000000000227e+01
5.095000000000000284e+01
5.100999999999999801e+01
5.114000000000000057e+01
5.120000000000000284e+01
5.142000000000000171e+01
5.143999999999999773e+01
5.146999999999999886e+01
5.412000000000000455e+01
5.424000000000000199e+01
5.424000000000000199e+01
5.453000000000000114e+01
5.453999999999999915e+01
5.467000000000000171e+01
5.475999999999999801e+01
5.480000000000000426e+01
5.487000000000000455e+01
5.507000000000000028e+01
5.525000000000000000e+01
5.531000000000000227e+01
5.531000000000000227e+01
5.566000000000000369e+01
5.575999999999999801e+01
5.780000000000000426e+01
5.849000000000000199e+01
5.853000000000000114e+01
5.867000000000000171e+01
5.870000000000000284e+01
5.871999999999999886e+01
5.878999999999999915e+01
5.884000000000000341e+01
5.909000000000000341e+01
5.928999999999999915e+01
5.931000000000000227e+01
6.189999999999999858e+01
6.239999999999999858e+01
6.242000000000000171e+01
6.271999999999999886e+01
6.275999999999999801e+01
6.284000000000000341e+01
6.289999999999999858e+01
6.296000000000000085e+01
6.317000000000000171e+01
6.330000000000000426e+01
6.341000000000000369e+01
6.360999999999999943e+01
6.380000000000000426e+01
6.417000000000000171e+01
6.625000000000000000e+01
6.648000000000000398e+01
6.660999999999999943e+01
6.671999999999999886e+01
6.687999999999999545e+01
6.689000000000000057e+01
6.698000000000000398e+01
6.706000000000000227e+01
6.715999999999999659e+01
6.720000000000000284e+01
7.015000000000000568e+01
7.032999999999999829e+01
7.034000000000000341e+01
7.051999999999999602e+01
7.053000000000000114e+01
7.073999999999999488e+01
7.087000000000000455e+01
7.104000000000000625e+01
7.140000000000000568e+01
7.148999999999999488e+01
7.154999999999999716e+01
7.168999999999999773e+01
7.171000000000000796e+01
7.193000000000000682e+01
7.195000000000000284e+01
7.232000000000000739e+01
7.395000000000000284e+01
7.451000000000000512e+01
7.462000000000000455e+01
7.470000000000000284e+01
7.473999999999999488e+01
7.484000000000000341e+01
7.485999999999999943e+01
7.498000000000000398e+01
7.500000000000000000e+01
7.514000000000000057e+01
7.526999999999999602e+01
7.537000000000000455e+01
7.546000000000000796e+01
7.575000000000000000e+01
7.585999999999999943e+01
7.665000000000000568e+01
7.759000000000000341e+01
7.853000000000000114e+01
7.864000000000000057e+01
7.895000000000000284e+01
7.896999999999999886e+01
7.901000000000000512e+01
7.903000000000000114e+01
7.903000000000000114e+01
7.906000000000000227e+01
7.926999999999999602e+01
7.937000000000000455e+01
7.945000000000000284e+01
7.984000000000000341e+01
7.996999999999999886e+01
8.201999999999999602e+01
8.278000000000000114e+01
8.290000000000000568e+01
8.301000000000000512e+01
8.318999999999999773e+01
8.326000000000000512e+01
8.331000000000000227e+01
8.335000000000000853e+01
8.353000000000000114e+01
8.357000000000000739e+01
8.639000000000000057e+01
8.648000000000000398e+01
8.667000000000000171e+01
8.684000000000000341e+01
8.690999999999999659e+01
8.751999999999999602e+01
8.767000000000000171e+01
8.767000000000000171e+01
8.776999999999999602e+01
8.996999999999999886e+01
9.015999999999999659e+01
9.040000000000000568e+01
9.048999999999999488e+01
9.067000000000000171e+01
9.073999999999999488e+01
9.078000000000000114e+01
9.098000000000000398e+01
9.107999999999999829e+01
9.109000000000000341e+01
9.115000000000000568e+01
9.132999999999999829e+01
9.145000000000000284e+01
9.193000000000000682e+01
9.193999999999999773e+01
9.240999999999999659e+01
9.431000000000000227e+01
9.482999999999999829e+01
9.498000000000000398e+01
9.504999999999999716e+01
9.535000000000000853e+01
9.542000000000000171e+01
9.548000000000000398e+01
9.550000000000000000e+01
9.589000000000000057e+01
9.817000000000000171e+01
9.820000000000000284e+01
9.837000000000000455e+01
9.842000000000000171e+01
9.846999999999999886e+01
9.854999999999999716e+01
9.885999999999999943e+01
9.893000000000000682e+01
9.912000000000000455e+01
9.921000000000000796e+01
9.935999999999999943e+01
9.946000000000000796e+01
9.965000000000000568e+01
1.020499999999999972e+02
1.022500000000000000e+02
1.024800000000000040e+02
1.025000000000000000e+02
1.025000000000000000e+02
1.025900000000000034e+02
1.026299999999999955e+02
1.026800000000000068e+02
1.027800000000000011e+02
1.028299999999999983e+02
1.028599999999999994e+02
1.029800000000000040e+02
1.030900000000000034e+02
1.032300000000000040e+02
1.034900000000000091e+02
1.037000000000000028e+02
1.037100000000000080e+02
1.039099999999999966e+02
1.044600000000000080e+02
1.055100000000000051e+02
1.064200000000000017e+02
1.064300000000000068e+02
1.064800000000000040e+02
1.069399999999999977e+02
1.069699999999999989e+02
1.070300000000000011e+02
1.071099999999999994e+02
1.071500000000000057e+02
1.072100000000000080e+02
1.072300000000000040e+02
1.076700000000000017e+02
1.077300000000000040e+02
1.078400000000000034e+02
1.100799999999999983e+02
1.102199999999999989e+02
1.103100000000000023e+02
1.106899999999999977e+02
1.106899999999999977e+02
1.107900000000000063e+02
1.109500000000000028e+02
1.109699999999999989e+02
1.110199999999999960e+02
1.111200000000000045e+02
1.112500000000000000e+02
1.114500000000000028e+02
1.115700000000000074e+02
1.141599999999999966e+02
1.142100000000000080e+02
1.145000000000000000e+02
1.145000000000000000e+02
1.145100000000000051e+02
1.145199999999999960e+02
1.155600000000000023e+02
1.157699999999999960e+02
1.159800000000000040e+02
1.178200000000000074e+02
1.182300000000000040e+02
1.184600000000000080e+02
1.184699999999999989e+02
1.186700000000000017e+02
1.186899999999999977e+02
1.187800000000000011e+02
1.192100000000000080e+02
1.194699999999999989e+02
1.195199999999999960e+02
1.196200000000000045e+02
1.204600000000000080e+02
1.213100000000000023e+02
1.221500000000000057e+02
1.224099999999999966e+02
1.224900000000000091e+02
1.226599999999999966e+02
1.227500000000000000e+02
1.228400000000000034e+02
1.231500000000000057e+02
1.232400000000000091e+02
1.235499999999999972e+02
1.237800000000000011e+02
1.240300000000000011e+02
1.244600000000000080e+02
1.259900000000000091e+02
1.263500000000000085e+02
1.265700000000000074e+02
1.267800000000000011e+02
1.269699999999999989e+02
1.272600000000000051e+02
1.273100000000000023e+02
1.276599999999999966e+02
1.277400000000000091e+02
1.278700000000000045e+02
1.279200000000000017e+02
1.297199999999999989e+02
1.298000000000000114e+02
1.299499999999999886e+02
1.301999999999999886e+02
1.302400000000000091e+02
1.305900000000000034e+02
1.306200000000000045e+02
1.306500000000000057e+02
1.308600000000000136e+02
1.309200000000000159e+02
1.311400000000000148e+02
1.311800000000000068e+02
1.313000000000000114e+02
1.321800000000000068e+02
1.325000000000000000e+02
1.336299999999999955e+02
1.339699999999999989e+02
1.341800000000000068e+02
1.345399999999999920e+02
1.346599999999999966e+02
1.350200000000000102e+02
1.353600000000000136e+02
1.353700000000000045e+02
1.354200000000000159e+02
1.356999999999999886e+02
1.361599999999999966e+02
1.363300000000000125e+02
1.365900000000000034e+02
1.376400000000000148e+02
1.379300000000000068e+02
1.379900000000000091e+02
1.384200000000000159e+02
1.385699999999999932e+02
1.387199999999999989e+02
1.387299999999999898e+02
1.389000000000000057e+02
1.393199999999999932e+02
1.414500000000000171e+02
1.418499999999999943e+02
1.419799999999999898e+02
1.426100000000000136e+02
1.427400000000000091e+02
1.427899999999999920e+02
1.430000000000000000e+02
1.430500000000000114e+02
1.435800000000000125e+02
1.436500000000000057e+02
1.436599999999999966e+02
1.436899999999999977e+02
1.437199999999999989e+02
1.437400000000000091e+02
1.440699999999999932e+02
1.456700000000000159e+02
1.458300000000000125e+02
1.460399999999999920e+02
1.462400000000000091e+02
1.465099999999999909e+02
1.465800000000000125e+02
1.468400000000000034e+02
1.471800000000000068e+02
1.471899999999999977e+02
1.479099999999999966e+02
1.479399999999999977e+02
1.479699999999999989e+02
1.481500000000000057e+02
1.485800000000000125e+02
1.486100000000000136e+02
1.494799999999999898e+02
1.495000000000000000e+02
1.498300000000000125e+02
1.500399999999999920e+02
1.501299999999999955e+02
1.505200000000000102e+02
1.506299999999999955e+02
1.509600000000000080e+02
1.515800000000000125e+02
1.516800000000000068e+02
1.521299999999999955e+02
1.523000000000000114e+02
1.538700000000000045e+02
1.539300000000000068e+02
1.540699999999999932e+02
1.542000000000000171e+02
1.545500000000000114e+02
1.546700000000000159e+02
1.550699999999999932e+02
1.550699999999999932e+02
1.550800000000000125e+02
1.551400000000000148e+02
1.552899999999999920e+02
1.564099999999999966e+02
1.564699999999999989e+02
1.575200000000000102e+02
1.582100000000000080e+02
1.585800000000000125e+02
1.586700000000000159e+02
1.587100000000000080e+02
1.591100000000000136e+02
1.597299999999999898e+02
1.597599999999999909e+02
1.603199999999999932e+02
1.605099999999999909e+02
1.615000000000000000e+02
1.621299999999999955e+02
1.621599999999999966e+02
1.621800000000000068e+02
1.623700000000000045e+02
1.624699999999999989e+02
1.627500000000000000e+02
1.628700000000000045e+02
1.629099999999999966e+02
1.631899999999999977e+02
1.632199999999999989e+02
1.637100000000000080e+02
1.647100000000000080e+02
1.647899999999999920e+02
1.650699999999999932e+02
1.653000000000000114e+02
1.656599999999999966e+02
1.663799999999999955e+02
1.665699999999999932e+02
1.667899999999999920e+02
1.668700000000000045e+02
1.670200000000000102e+02
1.675000000000000000e+02
1.675399999999999920e+02
1.675900000000000034e+02
1.682299999999999898e+02
1.691500000000000057e+02
1.693900000000000148e+02
1.694799999999999898e+02
1.700800000000000125e+02
1.702899999999999920e+02
1.703600000000000136e+02
1.705300000000000011e+02
1.709399999999999977e+02
1.710000000000000000e+02
1.710200000000000102e+02
1.710200000000000102e+02
1.713900000000000148e+02
1.719200000000000159e+02
1.721400000000000148e+02
1.725699999999999932e+02
1.727299999999999898e+02
1.734399999999999977e+02
1.735200000000000102e+02
1.745999999999999943e+02
1.747199999999999989e+02
1.750300000000000011e+02
1.753900000000000148e+02
1.754900000000000091e+02
1.757000000000000171e+02
1.757700000000000102e+02
1.763900000000000148e+02
1.769500000000000171e+02
1.781700000000000159e+02
1.782199999999999989e+02
1.785099999999999909e+02
1.785900000000000034e+02
1.799900000000000091e+02
1.800000000000000000e+02
1.805000000000000000e+02
1.808600000000000136e+02
1.812000000000000171e+02
1.815399999999999920e+02
1.815900000000000034e+02
1.816599999999999966e+02
1.817100000000000080e+02
1.822599999999999909e+02
1.823700000000000045e+02
1.825200000000000102e+02
1.826899999999999977e+02
1.828400000000000034e+02
1.831100000000000136e+02
1.831500000000000057e+02
1.833400000000000034e+02
1.834300000000000068e+02
1.838600000000000136e+02
1.846200000000000045e+02
1.848100000000000023e+02
1.848700000000000045e+02
1.852000000000000171e+02
1.853799999999999955e+02
1.856400000000000148e+02
1.864300000000000068e+02
1.865399999999999920e+02
1.875800000000000125e+02
1.876899999999999977e+02
1.878600000000000136e+02
1.882000000000000171e+02
1.900099999999999909e+02
1.900600000000000023e+02
1.902199999999999989e+02
1.902400000000000091e+02
1.903600000000000136e+02
1.905399999999999920e+02
1.905900000000000034e+02
1.907299999999999898e+02
1.908799999999999955e+02
1.909900000000000091e+02
1.914900000000000091e+02
1.917300000000000182e+02
1.918199999999999932e+02
1.921599999999999966e+02
1.926400000000000148e+02
1.927000000000000171e+02
1.929000000000000057e+02
1.931899999999999977e+02
1.932800000000000011e+02
1.936500000000000057e+02
1.940500000000000114e+02
1.940999999999999943e+02
1.941100000000000136e+02
1.942000000000000171e+02
1.944200000000000159e+02
1.945600000000000023e+02
1.949300000000000068e+02
1.949800000000000182e+02
1.953700000000000045e+02
1.960800000000000125e+02
1.961200000000000045e+02
1.970999999999999943e+02
1.979099999999999966e+02
1.980500000000000114e+02
1.990399999999999920e+02
1.992500000000000000e+02
1.993000000000000114e+02
1.995699999999999932e+02
1.999800000000000182e+02
2.000699999999999932e+02
2.002599999999999909e+02
2.013199999999999932e+02
2.019699999999999989e+02
2.020699999999999932e+02
2.026299999999999955e+02
2.027400000000000091e+02
2.029200000000000159e+02
2.030000000000000000e+02
2.037000000000000171e+02
2.037500000000000000e+02
2.038799999999999955e+02
2.042899999999999920e+02
2.048100000000000023e+02
2.050900000000000034e+02
2.053400000000000034e+02
2.060800000000000125e+02
2.061100000000000136e+02
2.061599999999999966e+02
2.062400000000000091e+02
2.063400000000000034e+02
2.067300000000000182e+02
2.068799999999999955e+02
2.072899999999999920e+02
2.075999999999999943e+02
2.076100000000000136e+02
2.080500000000000114e+02
2.094699999999999989e+02
2.096899999999999977e+02
2.097300000000000182e+02
2.098400000000000034e+02
2.100300000000000011e+02
2.103100000000000023e+02
2.103799999999999955e+02
2.104000000000000057e+02
2.110099999999999909e+02
2.111100000000000136e+02
2.117199999999999989e+02
2.131800000000000068e+02
2.133000000000000114e+02
2.135699999999999932e+02
2.139399999999999977e+02
2.144800000000000182e+02
2.145300000000000011e+02
2.145600000000000023e+02
2.147100000000000080e+02
2.154000000000000057e+02
2.157700000000000102e+02
2.158700000000000045e+02
2.164000000000000057e+02
2.169399999999999977e+02
2.177000000000000171e+02
2.177400000000000091e+02
2.178799999999999955e+02
2.181100000000000136e+02
2.185099999999999909e+02
2.185800000000000125e+02
2.186500000000000057e+02
2.187599999999999909e+02
2.190699999999999932e+02
2.192100000000000080e+02
2.196200000000000045e+02
2.196899999999999977e+02
2.198199999999999932e+02
2.203199999999999932e+02
2.204600000000000080e+02
2.211700000000000159e+02
2.211899999999999977e+02
2.211899999999999977e+02
2.220999999999999943e+02
2.221100000000000136e+02
2.221200000000000045e+02
2.230200000000000102e+02
2.230500000000000114e+02
2.230600000000000023e+02
2.230699999999999932e+02
2.233000000000000114e+02
2.234699999999999989e+02
2.240099999999999909e+02
2.242400000000000091e+02
2.250699999999999932e+02
2.253300000000000125e+02
2.253900000000000148e+02
2.254000000000000057e+02
2.259800000000000182e+02
2.264600000000000080e+02
2.265399999999999920e+02
2.267199999999999989e+02
2.272500000000000000e+02
2.273499999999999943e+02
2.274500000000000171e+02
2.279000000000000057e+02
2.281899999999999977e+02
2.287500000000000000e+02
2.293799999999999955e+02
2.295600000000000023e+02
2.301400000000000148e+02
2.302199999999999989e+02
2.303000000000000114e+02
2.307599999999999909e+02
2.307700000000000102e+02
2.308600000000000136e+02
2.311200000000000045e+02
2.315999999999999943e+02
2.335699999999999932e+02
2.335900000000000034e+02
2.337599999999999909e+02
2.343400000000000034e+02
2.343600000000000136e+02
2.344800000000000182e+02
2.355000000000000000e+02
2.357400000000000091e+02
2.365900000000000034e+02
2.369800000000000182e+02
2.375999999999999943e+02
2.376200000000000045e+02
2.380999999999999943e+02
2.386299999999999955e+02
2.392100000000000080e+02
2.394699999999999989e+02
2.396299999999999955e+02
2.405399999999999920e+02
2.407000000000000171e+02
2.414800000000000182e+02
2.415900000000000034e+02
2.416599999999999966e+02
2.417800000000000011e+02
2.419300000000000068e+02
2.423799999999999955e+02
2.427000000000000171e+02
2.427599999999999909e+02
2.431100000000000136e+02
2.436299999999999955e+02
2.437199999999999989e+02
2.442500000000000000e+02
2.443100000000000023e+02
2.447500000000000000e+02
2.456299999999999955e+02
2.457100000000000080e+02
2.465600000000000023e+02
2.472600000000000193e+02
2.475200000000000102e+02
2.476200000000000045e+02
2.476299999999999955e+02
2.482600000000000193e+02
2.488600000000000136e+02
2.488700000000000045e+02
2.490300000000000011e+02
2.497500000000000000e+02
2.497700000000000102e+02
2.498700000000000045e+02
2.503900000000000148e+02
2.506100000000000136e+02
2.507700000000000102e+02
2.509600000000000080e+02
2.510000000000000000e+02
2.510100000000000193e+02
2.530800000000000125e+02
2.532800000000000011e+02
2.536800000000000068e+02
2.544600000000000080e+02
2.548300000000000125e+02
2.552000000000000171e+02
2.552500000000000000e+02
2.555999999999999943e+02
2.556400000000000148e+02
2.557500000000000000e+02
2.559399999999999977e+02
2.561999999999999886e+02
2.562200000000000273e+02
2.573500000000000227e+02
2.574900000000000091e+02
2.579800000000000182e+02
2.582900000000000205e+02
2.585099999999999909e+02
2.586100000000000136e+02
2.588199999999999932e+02
2.591100000000000136e+02
2.592400000000000091e+02
2.597500000000000000e+02
2.599100000000000250e+02
2.605600000000000023e+02
2.613100000000000023e+02
2.618299999999999841e+02
2.619800000000000182e+02
2.621100000000000136e+02
2.624700000000000273e+02
2.625199999999999818e+02
2.634599999999999795e+02
2.636899999999999977e+02
2.640500000000000114e+02
2.640600000000000023e+02
2.646700000000000159e+02
2.649300000000000068e+02
2.650199999999999818e+02
2.654200000000000159e+02
2.664800000000000182e+02
2.666399999999999864e+02
2.667599999999999909e+02
2.669900000000000091e+02
2.670500000000000114e+02
2.676800000000000068e+02
2.687500000000000000e+02
2.697699999999999818e+02
2.697900000000000205e+02
2.701600000000000250e+02
2.702300000000000182e+02
2.704200000000000159e+02
2.705600000000000023e+02
2.708999999999999773e+02
2.709700000000000273e+02
2.713899999999999864e+02
2.715000000000000000e+02
2.716000000000000227e+02
2.721200000000000045e+02
2.721999999999999886e+02
2.722500000000000000e+02
2.726399999999999864e+02
2.729300000000000068e+02
2.731999999999999886e+02
2.740099999999999909e+02
2.743799999999999955e+02
2.745900000000000318e+02
2.748199999999999932e+02
2.752400000000000091e+02
2.752900000000000205e+02
2.753000000000000114e+02
2.756100000000000136e+02
2.757099999999999795e+02
2.765900000000000318e+02
2.770000000000000000e+02
2.770000000000000000e+02
2.772400000000000091e+02
2.773000000000000114e+02
2.773899999999999864e+02
2.776500000000000341e+02
2.781100000000000136e+02
2.783500000000000227e+02
2.793299999999999841e+02
2.794700000000000273e+02
2.799000000000000341e+02
2.799900000000000091e+02
2.801200000000000045e+02
2.801500000000000341e+02
2.801999999999999886e+02
2.802599999999999909e+02
2.808700000000000045e+02
2.809200000000000159e+02
2.810500000000000114e+02
2.816899999999999977e+02
2.816899999999999977e+02
2.820799999999999841e+02
2.822699999999999818e+02
2.832099999999999795e+02
2.833000000000000114e+02
2.843100000000000023e+02
2.845500000000000114e+02
2.849100000000000250e+02
2.849800000000000182e+02
2.851299999999999955e+02
2.852599999999999909e+02
2.862500000000000000e+02
2.865500000000000114e+02
2.868700000000000045e+02
2.871500000000000341e+02
2.874599999999999795e+02
2.877800000000000296e+02
2.879700000000000273e+02
2.886700000000000159e+02
2.886999999999999886e+02
2.890099999999999909e+02
2.894300000000000068e+02
2.900400000000000205e+02
2.904700000000000273e+02
2.905400000000000205e+02
2.908100000000000023e+02
2.916399999999999864e+02
2.916600000000000250e+02
2.919900000000000091e+02
2.921200000000000045e+02
2.927599999999999909e+02
2.934499999999999886e+02
2.935400000000000205e+02
2.936600000000000250e+02
2.940000000000000000e+02
2.947699999999999818e+02
2.948500000000000227e+02
2.953799999999999955e+02
2.956399999999999864e+02
2.957400000000000091e+02
2.959300000000000068e+02
2.960099999999999909e+02
2.980300000000000296e+02
2.980500000000000114e+02
2.988500000000000227e+02
2.989200000000000159e+02
2.989900000000000091e+02
2.993500000000000227e+02
2.996999999999999886e+02
3.000600000000000023e+02
3.001899999999999977e+02
3.003500000000000227e+02
3.007400000000000091e+02
3.008400000000000318e+02
3.011500000000000341e+02
3.014200000000000159e+02
3.016800000000000068e+02
3.016899999999999977e+02
3.019599999999999795e+02
3.025099999999999909e+02
3.027400000000000091e+02
3.028000000000000114e+02
3.028899999999999864e+02
3.030099999999999909e+02
3.030400000000000205e+02
3.032800000000000296e+02
3.033799999999999955e+02
3.039000000000000341e+02
3.041000000000000227e+02
3.043899999999999864e+02
3.049000000000000341e+02
3.050300000000000296e+02
3.053600000000000136e+02
3.062599999999999909e+02
3.067599999999999909e+02
3.071999999999999886e+02
3.073100000000000023e+02
3.073299999999999841e+02
3.077699999999999818e+02
3.078000000000000114e+02
3.078799999999999955e+02
3.082599999999999909e+02
3.087900000000000205e+02
3.088700000000000045e+02
3.091800000000000068e+02
3.097400000000000091e+02
3.103899999999999864e+02
3.104399999999999977e+02
3.105799999999999841e+02
3.107699999999999818e+02
3.115099999999999909e+02
3.116700000000000159e+02
3.118400000000000318e+02
3.120199999999999818e+02
3.124700000000000273e+02
3.125699999999999932e+02
3.126500000000000341e+02
3.129000000000000341e+02
3.132099999999999795e+02
3.135699999999999932e+02
3.136399999999999864e+02
3.141000000000000227e+02
3.142400000000000091e+02
3.146899999999999977e+02
3.149700000000000273e+02
3.151500000000000341e+02
3.155699999999999932e+02
3.156200000000000045e+02
3.164599999999999795e+02
3.168799999999999955e+02
3.170199999999999818e+02
3.175199999999999818e+02
3.181000000000000227e+02
3.183700000000000045e+02
3.185600000000000023e+02
3.189000000000000341e+02
3.189700000000000273e+02
3.190400000000000205e+02
3.191700000000000159e+02
3.196600000000000250e+02
3.199000000000000341e+02
3.201800000000000068e+02
3.202599999999999909e+02
3.202599999999999909e+02
3.203000000000000114e+02
3.210300000000000296e+02
3.216899999999999977e+02
3.225500000000000114e+02
3.229499999999999886e+02
3.231800000000000068e+02
3.236200000000000045e+02
3.245600000000000023e+02
3.246999999999999886e+02
3.251899999999999977e+02
3.259800000000000182e+02
3.261700000000000159e+02
3.274300000000000068e+02
3.275799999999999841e+02
3.279399999999999977e+02
3.282800000000000296e+02
3.284100000000000250e+02
3.289700000000000273e+02
3.291399999999999864e+02
3.292099999999999795e+02
3.293000000000000114e+02
3.296000000000000227e+02
3.300600000000000023e+02
3.304100000000000250e+02
3.305400000000000205e+02
3.319399999999999977e+02
3.320400000000000205e+02
3.322800000000000296e+02
3.323000000000000114e+02
3.323000000000000114e+02
3.328400000000000318e+02
3.328700000000000045e+02
3.329000000000000341e+02
3.334399999999999977e+02
3.337500000000000000e+02
3.342200000000000273e+02
3.342900000000000205e+02
3.351399999999999864e+02
3.355799999999999841e+02
3.362099999999999795e+02
3.363500000000000227e+02
3.369599999999999795e+02
3.374100000000000250e+02
3.374599999999999795e+02
3.380000000000000000e+02
3.380500000000000114e+02
3.384700000000000273e+02
3.389100000000000250e+02
3.393799999999999955e+02
3.395500000000000114e+02
3.397200000000000273e+02
3.399700000000000273e+02
3.401800000000000068e+02
3.403100000000000023e+02
3.408100000000000023e+02
3.410699999999999932e+02
3.411700000000000159e+02
3.415900000000000318e+02
3.421399999999999864e+02
3.421600000000000250e+02
3.424599999999999795e+02
3.430199999999999818e+02
3.431399999999999864e+02
3.439300000000000068e+02
3.440500000000000114e+02
3.440900000000000318e+02
3.443700000000000045e+02
3.448500000000000227e+02
3.450000000000000000e+02
3.450400000000000205e+02
3.451000000000000227e+02
3.454700000000000273e+02
3.459499999999999886e+02
3.461700000000000159e+02
3.467099999999999795e+02
3.468400000000000318e+02
3.475099999999999909e+02
3.479499999999999886e+02
3.482400000000000091e+02
3.486299999999999955e+02
3.492800000000000296e+02
3.497300000000000182e+02
3.499599999999999795e+02
3.506600000000000250e+02
3.510500000000000114e+02
3.515000000000000000e+02
3.519499999999999886e+02
3.520600000000000023e+02
3.520799999999999841e+02
3.521700000000000159e+02
3.531100000000000136e+02
3.538299999999999841e+02
3.542599999999999909e+02
3.543000000000000114e+02
3.543400000000000318e+02
3.545000000000000000e+02
3.547699999999999818e+02
3.557599999999999909e+02
3.560900000000000318e+02
3.563500000000000227e+02
3.564100000000000250e+02
3.566100000000000136e+02
3.573600000000000136e+02
3.584900000000000091e+02
3.587200000000000273e+02
3.589399999999999977e+02
3.591800000000000068e+02
3.597400000000000091e+02
3.601399999999999864e+02
3.606500000000000341e+02
3.606899999999999977e+02
3.608400000000000318e+02
3.608600000000000136e+02
3.609000000000000341e+02
3.613299999999999841e+02
3.615900000000000318e+02
3.620600000000000023e+02
3.620799999999999841e+02
3.621999999999999886e+02
3.628299999999999841e+02
3.633000000000000114e+02
3.634800000000000182e+02
3.636200000000000045e+02
3.638400000000000318e+02
3.639000000000000341e+02
3.641500000000000341e+02
3.649100000000000250e+02
3.653700000000000045e+02
3.657500000000000000e+02
3.659200000000000159e+02
3.663400000000000318e+02
3.666999999999999886e+02
3.667200000000000273e+02
3.668100000000000023e+02
3.670000000000000000e+02
3.673400000000000318e+02
3.674499999999999886e+02
3.675400000000000205e+02
3.684100000000000250e+02
3.688500000000000227e+02
3.695400000000000205e+02
3.696899999999999977e+02
3.698299999999999841e+02
3.699000000000000341e+02
3.702599999999999909e+02
3.705199999999999818e+02
3.711899999999999977e+02
3.715000000000000000e+02
3.716200000000000045e+02
3.725199999999999818e+02
3.727200000000000273e+02
3.733500000000000227e+02
3.733700000000000045e+02
3.735300000000000296e+02
3.738100000000000023e+02
3.742300000000000182e+02
3.743700000000000045e+02
3.749900000000000091e+02
3.750300000000000296e+02
3.753400000000000318e+02
3.760000000000000000e+02
3.766000000000000227e+02
3.768600000000000136e+02
3.774300000000000068e+02
3.775400000000000205e+02
3.779900000000000091e+02
3.781800000000000068e+02
3.781899999999999977e+02
3.782599999999999909e+02
3.784200000000000159e+02
3.788899999999999864e+02
3.793899999999999864e+02
3.796999999999999886e+02
3.801299999999999955e+02
3.801999999999999886e+02
3.806299999999999955e+02
3.809900000000000091e+02
3.819000000000000341e+02
3.821399999999999864e+02
3.823700000000000045e+02
3.826999999999999886e+02
3.830600000000000023e+02
3.832200000000000273e+02
3.833799999999999955e+02
3.834200000000000159e+02
3.834900000000000091e+02
3.839000000000000341e+02
3.842400000000000091e+02
3.843000000000000114e+02
3.843799999999999955e+02
3.850900000000000318e+02
3.857300000000000182e+02
3.859399999999999977e+02
3.862900000000000205e+02
3.863299999999999841e+02
3.863500000000000227e+02
3.866700000000000159e+02
3.869000000000000341e+02
3.869000000000000341e+02
3.869900000000000091e+02
3.870199999999999818e+02
3.880000000000000000e+02
3.880900000000000318e+02
3.881800000000000068e+02
3.882100000000000364e+02
3.889200000000000159e+02
3.898799999999999955e+02
3.903500000000000227e+02
3.905000000000000000e+02
3.905099999999999909e+02
3.910500000000000114e+02
3.911999999999999886e+02
3.919800000000000182e+02
3.920500000000000114e+02
3.921700000000000159e+02
3.929700000000000273e+02
3.930199999999999818e+02
3.930300000000000296e+02
3.933400000000000318e+02
3.939300000000000068e+02
3.939900000000000091e+02
3.941700000000000159e+02
3.943600000000000136e+02
3.946500000000000341e+02
3.950099999999999909e+02
3.958799999999999955e+02
3.962500000000000000e+02
3.963299999999999841e+02
3.967699999999999818e+02
3.972800000000000296e+02
3.973899999999999864e+02
3.976999999999999886e+02
3.979700000000000273e+02
3.992200000000000273e+02
3.993600000000000136e+02
3.996399999999999864e+02
3.999700000000000273e+02
4.004300000000000068e+02
4.008100000000000023e+02
4.009300000000000068e+02
4.009300000000000068e+02
4.010199999999999818e+02
4.019000000000000341e+02
4.021399999999999864e+02
4.021800000000000068e+02
4.021899999999999977e+02
4.022900000000000205e+02
4.027400000000000091e+02
4.029800000000000182e+02
4.033899999999999864e+02
4.042699999999999818e+02
4.045799999999999841e+02
4.047900000000000205e+02
4.051000000000000227e+02
4.051999999999999886e+02
4.053299999999999841e+02
4.058100000000000023e+02
4.058799999999999955e+02
4.060099999999999909e+02
4.063299999999999841e+02
4.064900000000000091e+02
4.071399999999999864e+02
4.072800000000000296e+02
4.074900000000000091e+02
4.075500000000000114e+02
4.079100000000000250e+02
4.081299999999999955e+02
4.081899999999999977e+02
4.081999999999999886e+02
4.086000000000000227e+02
4.095300000000000296e+02
4.100799999999999841e+02
4.101299999999999955e+02
4.106299999999999955e+02
4.107400000000000091e+02
4.113299999999999841e+02
4.113799999999999955e+02
4.114700000000000273e+02
4.117699999999999818e+02
4.117800000000000296e+02
4.118199999999999932e+02
4.120199999999999818e+02
4.120600000000000023e+02
4.121800000000000068e+02
4.125699999999999932e+02
4.126999999999999886e+02
4.131600000000000250e+02
4.136700000000000159e+02
4.139200000000000159e+02
4.142200000000000273e+02
4.146299999999999955e+02
4.157599999999999909e+02
4.158799999999999955e+02
4.163100000000000023e+02
4.163899999999999864e+02
4.166500000000000341e+02
4.167699999999999818e+02
4.171399999999999864e+02
4.173799999999999955e+02
4.175300000000000296e+02
4.176000000000000227e+02
4.176399999999999864e+02
4.179300000000000068e+02
4.180500000000000114e+02
4.186399999999999864e+02
4.188400000000000318e+02
4.192599999999999909e+02
4.198100000000000023e+02
4.202200000000000273e+02
4.206399999999999864e+02
4.206999999999999886e+02
4.213600000000000136e+02
4.217400000000000091e+02
4.219399999999999977e+02
4.221100000000000136e+02
4.224900000000000091e+02
4.228400000000000318e+02
4.232599999999999909e+02
4.233000000000000114e+02
4.234000000000000341e+02
4.234000000000000341e+02
4.242599999999999909e+02
4.248400000000000318e+02
4.250600000000000023e+02
4.250699999999999932e+02
4.252900000000000205e+02
4.254300000000000068e+02
4.269499999999999886e+02
4.269700000000000273e+02
4.270699999999999932e+02
4.281999999999999886e+02
4.283000000000000114e+02
4.286700000000000159e+02
4.287400000000000091e+02
4.288799999999999955e+02
4.291600000000000250e+02
4.291700000000000159e+02
4.293299999999999841e+02
4.293400000000000318e+02
4.296700000000000159e+02
4.298000000000000114e+02
4.304200000000000159e+02
4.305000000000000000e+02
4.305799999999999841e+02
4.306800000000000068e+02
4.312900000000000205e+02
4.319100000000000250e+02
4.320099999999999909e+02
4.322599999999999909e+02
4.323199999999999932e+02
4.325000000000000000e+02
4.327500000000000000e+02
4.336800000000000068e+02
4.336899999999999977e+02
4.337599999999999909e+02
4.339000000000000341e+02
4.340000000000000000e+02
4.340400000000000205e+02
4.346500000000000341e+02
4.348199999999999932e+02
4.352599999999999909e+02
4.353799999999999955e+02
4.357400000000000091e+02
4.361000000000000227e+02
4.363100000000000023e+02
4.364200000000000159e+02
4.365500000000000114e+02
4.371800000000000068e+02
4.378199999999999932e+02
4.379100000000000250e+02
4.386100000000000136e+02
4.390199999999999818e+02
4.391299999999999955e+02
4.393100000000000023e+02
4.393799999999999955e+02
4.398100000000000023e+02
4.399200000000000159e+02
4.401800000000000068e+02
4.406399999999999864e+02
4.408000000000000114e+02
4.412200000000000273e+02
4.426000000000000227e+02
4.426200000000000045e+02
4.434000000000000341e+02
4.434300000000000068e+02
4.437400000000000091e+02
4.440900000000000318e+02
4.442200000000000273e+02
4.444200000000000159e+02
4.461399999999999864e+02
4.461700000000000159e+02
4.464800000000000182e+02
4.467599999999999909e+02
4.480900000000000318e+02
4.481399999999999864e+02
4.494700000000000273e+02
4.495500000000000114e+02
4.498500000000000227e+02
4.501299999999999955e+02
4.504600000000000364e+02
4.505799999999999841e+02
4.511600000000000250e+02
4.519700000000000273e+02
4.520300000000000296e+02
4.523899999999999864e+02
4.526899999999999977e+02
4.527599999999999909e+02
4.534000000000000341e+02
4.534900000000000091e+02
4.537400000000000091e+02
4.539800000000000182e+02
4.542900000000000205e+02
4.548199999999999932e+02
4.548700000000000045e+02
4.554399999999999977e+02
4.555300000000000296e+02
4.556600000000000250e+02
4.560400000000000205e+02
4.561299999999999955e+02
4.564900000000000091e+02
4.567699999999999818e+02
4.571000000000000227e+02
4.574399999999999977e+02
4.575099999999999909e+02
4.580799999999999841e+02
4.583500000000000227e+02
4.585400000000000205e+02
4.587699999999999818e+02
4.590600000000000023e+02
4.591399999999999864e+02
4.595099999999999909e+02
4.603299999999999841e+02
4.603400000000000318e+02
4.603500000000000227e+02
4.605099999999999909e+02
4.610000000000000000e+02
4.611999999999999886e+02
4.623600000000000136e+02
4.627200000000000273e+02
4.630699999999999932e+02
4.633899999999999864e+02
4.635500000000000114e+02
4.636700000000000159e+02
4.638700000000000045e+02
4.639900000000000091e+02
4.639900000000000091e+02
4.645099999999999909e+02
4.650400000000000205e+02
4.653000000000000114e+02
4.653100000000000023e+02
4.653199999999999932e+02
4.660000000000000000e+02
4.667800000000000296e+02
4.668100000000000023e+02
4.669200000000000159e+02
4.669499999999999886e+02
4.670699999999999932e+02
4.672400000000000091e+02
4.680799999999999841e+02
4.682900000000000205e+02
4.689300000000000068e+02
4.695799999999999841e+02
4.699600000000000364e+02
4.700699999999999932e+02
4.700900000000000318e+02
4.706000000000000227e+02
4.706700000000000159e+02
4.713899999999999864e+02
4.714700000000000273e+02
4.716800000000000068e+02
4.720400000000000205e+02
4.721299999999999955e+02
4.721399999999999864e+02
4.722400000000000091e+02
4.738899999999999864e+02
4.738899999999999864e+02
4.740600000000000023e+02
4.744600000000000364e+02
4.750900000000000318e+02
4.751000000000000227e+02
4.751500000000000341e+02
4.753700000000000045e+02
4.754900000000000091e+02
4.758400000000000318e+02
4.762400000000000091e+02
4.762599999999999909e+02
4.764000000000000341e+02
4.765300000000000296e+02
4.776700000000000159e+02
4.776800000000000068e+02
4.782900000000000205e+02
4.785600000000000023e+02
4.785799999999999841e+02
4.788899999999999864e+02
4.796100000000000136e+02
4.799900000000000091e+02
4.802599999999999909e+02
4.806500000000000341e+02
4.808700000000000045e+02
4.808700000000000045e+02
4.810600000000000023e+02
4.814200000000000159e+02
4.819399999999999977e+02
4.821399999999999864e+02
4.822800000000000296e+02
4.830099999999999909e+02
4.830799999999999841e+02
4.831299999999999955e+02
4.835600000000000023e+02
4.836299999999999955e+02
4.841500000000000341e+02
4.846600000000000250e+02
4.847699999999999818e+02
4.854900000000000091e+02
4.860199999999999818e+02
4.860300000000000296e+02
4.860699999999999932e+02
4.877200000000000273e+02
4.879100000000000250e+02
4.881299999999999955e+02
4.890400000000000205e+02
4.894100000000000250e+02
4.894399999999999977e+02
4.905600000000000023e+02
4.907400000000000091e+02
4.907599999999999909e+02
4.908799999999999955e+02
4.911700000000000159e+02
4.911899999999999977e+02
4.914200000000000159e+02
4.924700000000000273e+02
4.924700000000000273e+02
4.928500000000000227e+02
4.929200000000000159e+02
4.938299999999999841e+02
4.941100000000000136e+02
4.941899999999999977e+02
4.946100000000000136e+02
4.951700000000000159e+02
4.953799999999999955e+02
4.956399999999999864e+02
4.958000000000000114e+02
4.958400000000000318e+02
4.963000000000000114e+02
4.973000000000000114e+02
4.975200000000000387e+02
4.977900000000000205e+02
4.982200000000000273e+02
4.983400000000000318e+02
4.984499999999999886e+02
4.994900000000000091e+02
4.999900000000000091e+02
5.000699999999999932e+02
5.005400000000000205e+02
5.006299999999999955e+02
5.006800000000000068e+02
5.015200000000000387e+02
5.018700000000000045e+02
5.020200000000000387e+02
5.023500000000000227e+02
5.028500000000000227e+02
5.030000000000000000e+02
5.032300000000000182e+02
5.033600000000000136e+02
5.036299999999999955e+02
5.044900000000000091e+02
5.047700000000000387e+02
5.049700000000000273e+02
5.050799999999999841e+02
5.054000000000000341e+02
5.055000000000000000e+02
5.056800000000000068e+02
5.062300000000000182e+02
5.066500000000000341e+02
5.081700000000000159e+02
5.081899999999999977e+02
5.084000000000000341e+02
5.084300000000000068e+02
5.094499999999999886e+02
5.097599999999999909e+02
5.102800000000000296e+02
5.109200000000000159e+02
5.109800000000000182e+02
5.113500000000000227e+02
5.121100000000000136e+02
5.123200000000000500e+02
5.123799999999999955e+02
5.125800000000000409e+02
5.128799999999999955e+02
5.138500000000000227e+02
5.138799999999999955e+02
5.139099999999999682e+02
5.141200000000000045e+02
5.144300000000000637e+02
5.147000000000000455e+02
5.148400000000000318e+02
5.150299999999999727e+02
5.152300000000000182e+02
5.155399999999999636e+02
5.157000000000000455e+02
5.161100000000000136e+02
5.168799999999999955e+02
5.172500000000000000e+02
5.173100000000000591e+02
5.175399999999999636e+02
5.184900000000000091e+02
5.185499999999999545e+02
5.188799999999999955e+02
5.193799999999999955e+02
5.198600000000000136e+02
5.201399999999999864e+02
5.202500000000000000e+02
5.204300000000000637e+02
5.206200000000000045e+02
5.206800000000000637e+02
5.207400000000000091e+02
5.207899999999999636e+02
5.215000000000000000e+02
5.217899999999999636e+02
5.221399999999999864e+02
5.228999999999999773e+02
5.233799999999999955e+02
5.234900000000000091e+02
5.238400000000000318e+02
5.241100000000000136e+02
5.241399999999999864e+02
5.242100000000000364e+02
5.242400000000000091e+02
5.246499999999999773e+02
5.258400000000000318e+02
5.265399999999999636e+02
5.268400000000000318e+02
5.271599999999999682e+02
5.273300000000000409e+02
5.273700000000000045e+02
5.276599999999999682e+02
5.276800000000000637e+02
5.278300000000000409e+02
5.281599999999999682e+02
5.284700000000000273e+02
5.285199999999999818e+02
5.289099999999999682e+02
5.290099999999999909e+02
5.292799999999999727e+02
5.293500000000000227e+02
5.293899999999999864e+02
5.293899999999999864e+02
5.297899999999999636e+02
5.300399999999999636e+02
5.301599999999999682e+02
5.301699999999999591e+02
5.305399999999999636e+02
5.312000000000000455e+02
5.321200000000000045e+02
5.322899999999999636e+02
5.335499999999999545e+02
5.336299999999999955e+02
5.336499999999999773e+02
5.348899999999999864e+02
5.352000000000000455e+02
5.352999999999999545e+02
5.353200000000000500e+02
5.354099999999999682e+02
5.359099999999999682e+02
5.369199999999999591e+02
5.371299999999999955e+02
5.373700000000000045e+02
5.374700000000000273e+02
5.377500000000000000e+02
5.380800000000000409e+02
5.385900000000000318e+02
5.387699999999999818e+02
5.393899999999999864e+02
5.402200000000000273e+02
5.406900000000000546e+02
5.407100000000000364e+02
5.412599999999999909e+02
5.415299999999999727e+02
5.419900000000000091e+02
5.421699999999999591e+02
5.423500000000000227e+02
5.425499999999999545e+02
5.433500000000000227e+02
5.433600000000000136e+02
5.433700000000000045e+02
5.438500000000000227e+02
5.440900000000000318e+02
5.443400000000000318e+02
5.443700000000000045e+02
5.451000000000000227e+02
5.454500000000000455e+02
5.458300000000000409e+02
5.462200000000000273e+02
5.463300000000000409e+02
5.464199999999999591e+02
5.469600000000000364e+02
5.470199999999999818e+02
5.475099999999999909e+02
5.480099999999999909e+02
5.480600000000000591e+02
5.480700000000000500e+02
5.487400000000000091e+02
5.493799999999999955e+02
5.496499999999999773e+02
5.497899999999999636e+02
5.502200000000000273e+02
5.512699999999999818e+02
5.514300000000000637e+02
5.526800000000000637e+02
5.528500000000000227e+02
5.533999999999999773e+02
5.541100000000000136e+02
5.542500000000000000e+02
5.553799999999999955e+02
5.557899999999999636e+02
5.561499999999999773e+02
5.565700000000000500e+02
5.567899999999999636e+02
5.568100000000000591e+02
5.569099999999999682e+02
5.569400000000000546e+02
5.571299999999999955e+02
5.572300000000000182e+02
5.575700000000000500e+02
5.577799999999999727e+02
5.580500000000000682e+02
5.584400000000000546e+02
5.585800000000000409e+02
5.587400000000000091e+02
5.592500000000000000e+02
5.597599999999999909e+02
5.598100000000000591e+02
5.600000000000000000e+02
5.600099999999999909e+02
5.601000000000000227e+02
5.602799999999999727e+02
5.613100000000000591e+02
5.616900000000000546e+02
5.618500000000000227e+02
5.619099999999999682e+02
5.623000000000000682e+02
5.629800000000000182e+02
5.630399999999999636e+02
5.630900000000000318e+02
5.636399999999999864e+02
5.641900000000000546e+02
5.644099999999999682e+02
5.644600000000000364e+02
5.645399999999999636e+02
5.646200000000000045e+02
5.650399999999999636e+02
5.651599999999999682e+02
5.654500000000000455e+02
5.657200000000000273e+02
5.658400000000000318e+02
5.662699999999999818e+02
5.664099999999999682e+02
5.670900000000000318e+02
5.676599999999999682e+02
5.676800000000000637e+02
5.688400000000000318e+02
5.690600000000000591e+02
5.692000000000000455e+02
5.692300000000000182e+02
5.692799999999999727e+02
5.694400000000000546e+02
5.702799999999999727e+02
5.704600000000000364e+02
5.709199999999999591e+02
5.709600000000000364e+02
5.712500000000000000e+02
5.714600000000000364e+02
5.718100000000000591e+02
5.720099999999999909e+02
5.724700000000000273e+02
5.732699999999999818e+02
5.733100000000000591e+02
5.733100000000000591e+02
5.741299999999999955e+02
5.742400000000000091e+02
5.743300000000000409e+02
5.745099999999999909e+02
5.747799999999999727e+02
5.751299999999999955e+02
5.752400000000000091e+02
5.755000000000000000e+02
5.756200000000000045e+02
5.765800000000000409e+02
5.772000000000000455e+02
5.774800000000000182e+02
5.778999999999999773e+02
5.780600000000000591e+02
5.781000000000000227e+02
5.782899999999999636e+02
5.788700000000000045e+02
5.789300000000000637e+02
5.791100000000000136e+02
5.792100000000000364e+02
5.794700000000000273e+02
5.798300000000000409e+02
5.805700000000000500e+02
5.809199999999999591e+02
5.813700000000000045e+02
5.828500000000000227e+02
5.829300000000000637e+02
5.841499999999999773e+02
5.844199999999999591e+02
5.847500000000000000e+02
5.849099999999999682e+02
5.850900000000000318e+02
5.854700000000000273e+02
5.864400000000000546e+02
5.869199999999999591e+02
5.869800000000000182e+02
5.873600000000000136e+02
5.876399999999999864e+02
5.881100000000000136e+02
5.881499999999999773e+02
5.881800000000000637e+02
5.884700000000000273e+02
5.885099999999999909e+02
5.892599999999999909e+02
5.907799999999999727e+02
5.910800000000000409e+02
5.913200000000000500e+02
5.916499999999999773e+02
5.917799999999999727e+02
5.918899999999999864e+02
5.920399999999999636e+02
5.923999999999999773e+02
5.926499999999999773e+02
5.936699999999999591e+02
5.938200000000000500e+02
5.943799999999999955e+02
5.946000000000000227e+02
5.955900000000000318e+02
5.957899999999999636e+02
5.960000000000000000e+02
5.963500000000000227e+02
5.968600000000000136e+02
5.969099999999999682e+02
5.969700000000000273e+02
5.975399999999999636e+02
5.982500000000000000e+02
5.992300000000000182e+02
5.993500000000000227e+02
5.998899999999999864e+02
6.003100000000000591e+02
6.005399999999999636e+02
6.011299999999999955e+02
6.012500000000000000e+02
6.017200000000000273e+02
6.019400000000000546e+02
6.019400000000000546e+02
6.021699999999999591e+02
6.023300000000000409e+02
6.030099999999999909e+02
6.043200000000000500e+02
6.044300000000000637e+02
6.045000000000000000e+02
6.045700000000000500e+02
6.046000000000000227e+02
6.054700000000000273e+02
6.062799999999999727e+02
6.063500000000000227e+02
6.063999999999999773e+02
6.068100000000000591e+02
6.079500000000000455e+02
6.085900000000000318e+02
6.088000000000000682e+02
6.096000000000000227e+02
6.098200000000000500e+02
6.099800000000000182e+02
6.103500000000000227e+02
6.111100000000000136e+02
6.115299999999999727e+02
6.116000000000000227e+02
6.116900000000000546e+02
6.119199999999999591e+02
6.123899999999999864e+02
6.126000000000000227e+02
6.126100000000000136e+02
6.127799999999999727e+02
6.132300000000000182e+02
6.135500000000000682e+02
6.143200000000000500e+02
6.147300000000000182e+02
6.149300000000000637e+02
6.152000000000000455e+02
6.152599999999999909e+02
6.152899999999999636e+02
6.159099999999999682e+02
6.162400000000000091e+02
6.171499999999999773e+02
6.173200000000000500e+02
6.175700000000000500e+02
6.175800000000000409e+02
6.181299999999999955e+02
6.182100000000000364e+02
6.188700000000000045e+02
6.192400000000000091e+02
6.194400000000000546e+02
6.194800000000000182e+02
6.197899999999999636e+02
6.208000000000000682e+02
6.214900000000000091e+02
6.219600000000000364e+02
6.220600000000000591e+02
6.222100000000000364e+02
6.232799999999999727e+02
6.234500000000000455e+02
6.240900000000000318e+02
6.245500000000000682e+02
6.254800000000000182e+02
6.256000000000000227e+02
6.258200000000000500e+02
6.272200000000000273e+02
6.273400000000000318e+02
6.285299999999999727e+02
6.288000000000000682e+02
6.293200000000000500e+02
6.297300000000000182e+02
6.298200000000000500e+02
6.305800000000000409e+02
6.306399999999999864e+02
6.310299999999999727e+02
6.310600000000000591e+02
6.311299999999999955e+02
6.314099999999999682e+02
6.314300000000000637e+02
6.324600000000000364e+02
6.329400000000000546e+02
6.332100000000000364e+02
6.333799999999999955e+02
6.334600000000000364e+02
6.345600000000000591e+02
6.347200000000000273e+02
6.351299999999999955e+02
6.354400000000000546e+02
6.355900000000000318e+02
6.356699999999999591e+02
6.362899999999999636e+02
6.364300000000000637e+02
6.368200000000000500e+02
6.368300000000000409e+02
6.368799999999999955e+02
6.369199999999999591e+02
6.369600000000000364e+02
6.380199999999999818e+02
6.385199999999999818e+02
6.389300000000000637e+02
6.390900000000000318e+02
6.391100000000000136e+02
6.395900000000000318e+02
6.408799999999999955e+02
6.417500000000000000e+02
6.418300000000000409e+02
6.419099999999999682e+02
6.423999999999999773e+02
6.425000000000000000e+02
6.430700000000000500e+02
6.432200000000000273e+02
6.439900000000000091e+02
6.447699999999999818e+02
6.461599999999999682e+02
6.465299999999999727e+02
6.471499999999999773e+02
6.473100000000000591e+02
6.473799999999999955e+02
6.478200000000000500e+02
6.483000000000000682e+02
6.485800000000000409e+02
6.489900000000000091e+02
6.499600000000000364e+02
6.499800000000000182e+02
6.502899999999999636e+02
6.503700000000000045e+02
6.503899999999999864e+02
6.505700000000000500e+02
6.506900000000000546e+02
6.511900000000000546e+02
6.513500000000000227e+02
6.515199999999999818e+02
6.515600000000000591e+02
6.518000000000000682e+02
6.527799999999999727e+02
6.529900000000000091e+02
6.537699999999999818e+02
6.541000000000000227e+02
6.543600000000000136e+02
6.547500000000000000e+02
6.553799999999999955e+02
6.555000000000000000e+02
6.563999999999999773e+02
6.569099999999999682e+02
6.580500000000000682e+02
6.585399999999999636e+02
6.591399999999999864e+02
6.597300000000000182e+02
6.597400000000000091e+02
6.598999999999999773e+02
6.604300000000000637e+02
6.608700000000000045e+02
6.610199999999999818e+02
6.610700000000000500e+02
6.612000000000000455e+02
6.612899999999999636e+02
6.615800000000000409e+02
6.622599999999999909e+02
6.636200000000000045e+02
6.636900000000000546e+02
6.640600000000000591e+02
6.644800000000000182e+02
6.645800000000000409e+02
6.646499999999999773e+02
6.659199999999999591e+02
6.673999999999999773e+02
6.675299999999999727e+02
6.678300000000000409e+02
6.679500000000000455e+02
6.681200000000000045e+02
6.689700000000000273e+02
6.690099999999999909e+02
6.690299999999999727e+02
6.691100000000000136e+02
6.695000000000000000e+02
6.704199999999999591e+02
6.704199999999999591e+02
6.705000000000000000e+02
6.706299999999999955e+02
6.709500000000000455e+02
6.712000000000000455e+02
6.713300000000000409e+02
6.715399999999999636e+02
6.718200000000000500e+02
6.720399999999999636e+02
6.723700000000000045e+02
6.723899999999999864e+02
6.732300000000000182e+02
6.740099999999999909e+02
6.742500000000000000e+02
6.751399999999999864e+02
6.754900000000000091e+02
6.757000000000000455e+02
6.766100000000000136e+02
6.771399999999999864e+02
6.776299999999999955e+02
6.778300000000000409e+02
6.780600000000000591e+02
6.780800000000000409e+02
6.782599999999999909e+02
6.793200000000000500e+02
6.795099999999999909e+02
6.795399999999999636e+02
6.795800000000000409e+02
6.805099999999999909e+02
6.808400000000000318e+02
6.818000000000000682e+02
6.819199999999999591e+02
6.821800000000000637e+02
6.822200000000000273e+02
6.823999999999999773e+02
6.834300000000000637e+02
6.841200000000000045e+02
6.847500000000000000e+02
6.847500000000000000e+02
6.849500000000000455e+02
6.851599999999999682e+02
6.851699999999999591e+02
6.858500000000000227e+02
6.864199999999999591e+02
6.864300000000000637e+02
6.865600000000000591e+02
6.868600000000000136e+02
6.873899999999999864e+02
6.874600000000000364e+02
6.878200000000000500e+02
6.885800000000000409e+02
6.887699999999999818e+02
6.900600000000000591e+02
6.900700000000000500e+02
6.904800000000000182e+02
6.906299999999999955e+02
6.914400000000000546e+02
6.914500000000000455e+02
6.916000000000000227e+02
6.916599999999999682e+02
6.925199999999999818e+02
6.925800000000000409e+02
6.929199999999999591e+02
6.929600000000000364e+02
6.930500000000000682e+02
6.935099999999999909e+02
6.947300000000000182e+02
6.956299999999999955e+02
6.957899999999999636e+02
6.960399999999999636e+02
6.961800000000000637e+02
6.966299999999999955e+02
6.971599999999999682e+02
6.971900000000000546e+02
6.981800000000000637e+02
6.983899999999999864e+02
6.991399999999999864e+02
6.993300000000000409e+02
6.995600000000000591e+02
7.002599999999999909e+02
7.008700000000000045e+02
7.008999999999999773e+02
7.012699999999999818e+02
7.022100000000000364e+02
7.023300000000000409e+02
7.033500000000000227e+02
7.035000000000000000e+02
7.036200000000000045e+02
7.047699999999999818e+02
7.049099999999999682e+02
7.057599999999999909e+02
7.057599999999999909e+02
7.060299999999999727e+02
7.071000000000000227e+02
7.072500000000000000e+02
7.074600000000000364e+02
7.078400000000000318e+02
7.082699999999999818e+02
7.087699999999999818e+02
7.092300000000000182e+02
7.098500000000000227e+02
7.099300000000000637e+02
7.101499999999999773e+02
7.102899999999999636e+02
7.103799999999999955e+02
7.108100000000000591e+02
7.114400000000000546e+02
7.114500000000000455e+02
7.116000000000000227e+02
7.119700000000000273e+02
7.128200000000000500e+02
7.131499999999999773e+02
7.132300000000000182e+02
7.132300000000000182e+02
7.136100000000000136e+02
7.137200000000000273e+02
7.141000000000000227e+02
7.142599999999999909e+02
7.148000000000000682e+02
7.151900000000000546e+02
7.154900000000000091e+02
7.154900000000000091e+02
7.156800000000000637e+02
7.159700000000000273e+02
7.162100000000000364e+02
7.167000000000000455e+02
7.167899999999999636e+02
7.171399999999999864e+02
7.177799999999999727e+02
7.181800000000000637e+02
7.183600000000000136e+02
7.191399999999999864e+02
7.204400000000000546e+02
7.205800000000000409e+02
7.208300000000000409e+02
7.212500000000000000e+02
7.217300000000000182e+02
7.219099999999999682e+02
7.220000000000000000e+02
7.230600000000000591e+02
7.230900000000000318e+02
7.237100000000000364e+02
7.237699999999999818e+02
7.238999999999999773e+02
7.244800000000000182e+02
7.250399999999999636e+02
7.253700000000000045e+02
7.258400000000000318e+02
7.263200000000000500e+02
7.265000000000000000e+02
7.266900000000000546e+02
7.267000000000000455e+02
7.272200000000000273e+02
7.273300000000000409e+02
7.274700000000000273e+02
7.278700000000000045e+02
7.278899999999999864e+02
7.280199999999999818e+02
7.289800000000000182e+02
7.290800000000000409e+02
7.296900000000000546e+02
7.297599999999999909e+02
7.302400000000000091e+02
7.304500000000000455e+02
7.308500000000000227e+02
7.311299999999999955e+02
7.312599999999999909e+02
7.316100000000000136e+02
7.321800000000000637e+02
7.323700000000000045e+02
7.327200000000000273e+02
7.335000000000000000e+02
7.338300000000000409e+02
7.339600000000000364e+02
7.340399999999999636e+02
7.340500000000000682e+02
7.340500000000000682e+02
7.348899999999999864e+02
7.353100000000000591e+02
7.356499999999999773e+02
7.358400000000000318e+02
7.361399999999999864e+02
7.363100000000000591e+02
7.364400000000000546e+02
7.365700000000000500e+02
7.368500000000000227e+02
7.368700000000000045e+02
7.369099999999999682e+02
7.378700000000000045e+02
7.382599999999999909e+02
7.384199999999999591e+02
7.384300000000000637e+02
7.384400000000000546e+02
7.389099999999999682e+02
7.391100000000000136e+02
7.394900000000000091e+02
7.398999999999999773e+02
7.403400000000000318e+02
7.406900000000000546e+02
7.406900000000000546e+02
7.409900000000000091e+02
7.413999999999999773e+02
7.415600000000000591e+02
7.422200000000000273e+02
7.426000000000000227e+02
7.426900000000000546e+02
7.434300000000000637e+02
7.435099999999999909e+02
7.439500000000000455e+02
7.442899999999999636e+02
7.449500000000000455e+02
7.450900000000000318e+02
7.452599999999999909e+02
7.453600000000000136e+02
7.459600000000000364e+02
7.463300000000000409e+02
7.465000000000000000e+02
7.476800000000000637e+02
7.479700000000000273e+02
7.482000000000000455e+02
7.483700000000000045e+02
7.489800000000000182e+02
7.490000000000000000e+02
7.491800000000000637e+02
7.492699999999999818e+02
7.494700000000000273e+02
7.497699999999999818e+02
7.507799999999999727e+02
7.509099999999999682e+02
7.513799999999999955e+02
7.514099999999999682e+02
7.517899999999999636e+02
7.518899999999999864e+02
7.519300000000000637e+02
7.531399999999999864e+02
7.533300000000000409e+02
7.547599999999999909e+02
7.549700000000000273e+02
7.551100000000000136e+02
7.551599999999999682e+02
7.558500000000000227e+02
7.561499999999999773e+02
7.563999999999999773e+02
7.565000000000000000e+02
7.567300000000000182e+02
7.568400000000000318e+02
7.572599999999999909e+02
7.585600000000000591e+02
7.591800000000000637e+02
7.594600000000000364e+02
7.596900000000000546e+02
7.598600000000000136e+02
7.602799999999999727e+02
7.602799999999999727e+02
7.602799999999999727e+02
7.604700000000000273e+02
7.614400000000000546e+02
7.615900000000000318e+02
7.621299999999999955e+02
7.623300000000000409e+02
7.628500000000000227e+02
7.631000000000000227e+02
7.636399999999999864e+02
7.637699999999999818e+02
7.643600000000000136e+02
7.646800000000000637e+02
7.657899999999999636e+02
7.658300000000000409e+02
7.658300000000000409e+02
7.666800000000000637e+02
7.668200000000000500e+02
7.670399999999999636e+02
7.671900000000000546e+02
7.674400000000000546e+02
7.675600000000000591e+02
7.681000000000000227e+02
7.685199999999999818e+02
7.692699999999999818e+02
7.693100000000000591e+02
7.696299999999999955e+02
7.703300000000000409e+02
7.706900000000000546e+02
7.707500000000000000e+02
7.710700000000000500e+02
7.711100000000000136e+02
7.715700000000000500e+02
7.717599999999999909e+02
7.722000000000000455e+02
7.722200000000000273e+02
7.732799999999999727e+02
7.733100000000000591e+02
7.733300000000000409e+02
7.735399999999999636e+02
7.736900000000000546e+02
7.738700000000000045e+02
7.738799999999999955e+02
7.741000000000000227e+02
7.745199999999999818e+02
7.749099999999999682e+02
7.752500000000000000e+02
7.759200000000000728e+02
7.763100000000000591e+02
7.763700000000000045e+02
7.772699999999999818e+02
7.780399999999999636e+02
7.783899999999999864e+02
7.784400000000000546e+02
7.786399999999999864e+02
7.788899999999999864e+02
7.791100000000000136e+02
7.797400000000000091e+02
7.799400000000000546e+02
7.802799999999999727e+02
7.804900000000000091e+02
7.807100000000000364e+02
7.807799999999999727e+02
7.808799999999999955e+02
7.812300000000000182e+02
7.815399999999999636e+02
7.815700000000000500e+02
7.824099999999999682e+02
7.835000000000000000e+02
7.837599999999999909e+02
7.838300000000000409e+02
7.843000000000000682e+02
7.850000000000000000e+02
7.859900000000000091e+02
7.860199999999999818e+02
7.861000000000000227e+02
7.863500000000000227e+02
7.865900000000000318e+02
7.866599999999999682e+02
7.875299999999999727e+02
7.880600000000000591e+02
7.887500000000000000e+02
7.890399999999999636e+02
7.891200000000000045e+02
7.891700000000000728e+02
7.898799999999999955e+02
7.907100000000000364e+02
7.914400000000000546e+02
7.915600000000000591e+02
7.924900000000000091e+02
7.926000000000000227e+02
7.930800000000000409e+02
7.932500000000000000e+02
7.939400000000000546e+02
7.945900000000000318e+02
7.946599999999999682e+02
7.948100000000000591e+02
7.954400000000000546e+02
7.956599999999999682e+02
7.961499999999999773e+02
7.962500000000000000e+02
7.966399999999999864e+02
7.970800000000000409e+02
7.973799999999999955e+02
7.977100000000000364e+02
7.977300000000000182e+02
7.980800000000000409e+02
7.981599999999999682e+02
7.985700000000000500e+02
7.987300000000000182e+02
7.990500000000000682e+02
7.992599999999999909e+02
7.998799999999999955e+02
8.000800000000000409e+02
8.001599999999999682e+02
8.005700000000000500e+02
8.006100000000000136e+02
8.021299999999999955e+02
8.029099999999999682e+02
8.036000000000000227e+02
8.037599999999999909e+02
8.038899999999999864e+02
8.039600000000000364e+02
8.041100000000000136e+02
8.045399999999999636e+02
8.046599999999999682e+02
8.047300000000000182e+02
8.051100000000000136e+02
8.054099999999999682e+02
8.057599999999999909e+02
8.057899999999999636e+02
8.060700000000000500e+02
8.064400000000000546e+02
8.066200000000000045e+02
8.075800000000000409e+02
8.078300000000000409e+02
8.087000000000000455e+02
8.087799999999999727e+02
8.090700000000000500e+02
8.097300000000000182e+02
8.100500000000000682e+02
8.101000000000000227e+02
8.102599999999999909e+02
8.104400000000000546e+02
8.109099999999999682e+02
8.114600000000000364e+02
8.115299999999999727e+02
8.122100000000000364e+02
8.123899999999999864e+02
8.123999999999999773e+02
8.125500000000000682e+02
8.127500000000000000e+02
8.130800000000000409e+02
8.135299999999999727e+02
8.136599999999999682e+02
8.142400000000000091e+02
8.142799999999999727e+02
8.144400000000000546e+02
8.148300000000000409e+02
8.149500000000000455e+02
8.155500000000000682e+02
8.158000000000000682e+02
8.159600000000000364e+02
8.163200000000000500e+02
8.165399999999999636e+02
8.168899999999999864e+02
8.174400000000000546e+02
8.176900000000000546e+02
8.177200000000000273e+02
8.187200000000000273e+02
8.188000000000000682e+02
8.188600000000000136e+02
8.188700000000000045e+02
8.202500000000000000e+02
8.203500000000000227e+02
8.204800000000000182e+02
8.212899999999999636e+02
8.214700000000000273e+02
8.223200000000000500e+02
8.225000000000000000e+02
8.226900000000000546e+02
8.233200000000000500e+02
8.233999999999999773e+02
8.234800000000000182e+02
8.239500000000000455e+02
8.240299999999999727e+02
8.248799999999999955e+02
8.258899999999999864e+02
8.260600000000000591e+02
8.262899999999999636e+02
8.265399999999999636e+02
8.270600000000000591e+02
8.274400000000000546e+02
8.276499999999999773e+02
8.280600000000000591e+02
8.284300000000000637e+02
8.284400000000000546e+02
8.285199999999999818e+02
8.286100000000000136e+02
8.287799999999999727e+02
8.294500000000000455e+02
8.294500000000000455e+02
8.294800000000000182e+02
8.295700000000000500e+02
8.296000000000000227e+02
8.297300000000000182e+02
8.311100000000000136e+02
8.320000000000000000e+02
8.321200000000000045e+02
8.323799999999999955e+02
8.328600000000000136e+02
8.328899999999999864e+02
8.336299999999999955e+02
8.337799999999999727e+02
8.345700000000000500e+02
8.346700000000000728e+02
8.351299999999999955e+02
8.355000000000000000e+02
8.360099999999999909e+02
8.362400000000000091e+02
8.364700000000000273e+02
8.365299999999999727e+02
8.377200000000000273e+02
8.377400000000000091e+02
8.377599999999999909e+02
8.379900000000000091e+02
8.383899999999999864e+02
8.391800000000000637e+02
8.392599999999999909e+02
8.393200000000000500e+02
8.394300000000000637e+02
8.399800000000000182e+02
8.401299999999999955e+02
8.407799999999999727e+02
8.411599999999999682e+02
8.412000000000000455e+02
8.413200000000000500e+02
8.418999999999999773e+02
8.421700000000000728e+02
8.424099999999999682e+02
8.424200000000000728e+02
8.429400000000000546e+02
8.429700000000000273e+02
8.432000000000000455e+02
8.433100000000000591e+02
8.435000000000000000e+02
8.435099999999999909e+02
8.439700000000000273e+02
8.440000000000000000e+02
8.444700000000000273e+02
8.453700000000000045e+02
8.455399999999999636e+02
8.464099999999999682e+02
8.467500000000000000e+02
8.473400000000000318e+02
8.476000000000000227e+02
8.481499999999999773e+02
8.496499999999999773e+02
8.496700000000000728e+02
8.500399999999999636e+02
8.508200000000000500e+02
8.517899999999999636e+02
8.520000000000000000e+02
8.521599999999999682e+02
8.527400000000000091e+02
8.528799999999999955e+02
8.531299999999999955e+02
8.532400000000000091e+02
8.532599999999999909e+02
8.533100000000000591e+02
8.533899999999999864e+02
8.537899999999999636e+02
8.543500000000000227e+02
8.545600000000000591e+02
8.549800000000000182e+02
8.556100000000000136e+02
8.559800000000000182e+02
8.571399999999999864e+02
8.578500000000000227e+02
8.581200000000000045e+02
8.584500000000000455e+02
8.587400000000000091e+02
8.587799999999999727e+02
8.591700000000000728e+02
8.598700000000000045e+02
8.600600000000000591e+02
8.601399999999999864e+02
8.601900000000000546e+02
8.608600000000000136e+02
8.611800000000000637e+02
8.614700000000000273e+02
8.617300000000000182e+02
8.622699999999999818e+02
8.632000000000000455e+02
8.633300000000000409e+02
8.640000000000000000e+02
8.644600000000000364e+02
8.645399999999999636e+02
8.647300000000000182e+02
8.647300000000000182e+02
8.655099999999999909e+02
8.655399999999999636e+02
8.656700000000000728e+02
8.672100000000000364e+02
8.673999999999999773e+02
8.677500000000000000e+02
8.678200000000000500e+02
8.680500000000000682e+02
8.682200000000000273e+02
8.684900000000000091e+02
8.690600000000000591e+02
8.711000000000000227e+02
8.712300000000000182e+02
8.713600000000000136e+02
8.718600000000000136e+02
8.721000000000000227e+02
8.729400000000000546e+02
8.735700000000000500e+02
8.736299999999999955e+02
8.737100000000000364e+02
8.737699999999999818e+02
8.739200000000000728e+02
8.746000000000000227e+02
8.751399999999999864e+02
8.752899999999999636e+02
8.756800000000000637e+02
8.757400000000000091e+02
8.759400000000000546e+02
8.759600000000000364e+02
8.760299999999999727e+02
8.767200000000000273e+02
8.768999999999999773e+02
8.769099999999999682e+02
8.782699999999999818e+02
8.785099999999999909e+02
8.787000000000000455e+02
8.788300000000000409e+02
8.788899999999999864e+02
8.789600000000000364e+02
8.792000000000000455e+02
8.798600000000000136e+02
8.798700000000000045e+02
8.800199999999999818e+02
8.801700000000000728e+02
8.803999999999999773e+02
8.808600000000000136e+02
8.816800000000000637e+02
8.818899999999999864e+02
8.827400000000000091e+02
8.828200000000000500e+02
8.828799999999999955e+02
8.830900000000000318e+02
8.835500000000000682e+02
8.839200000000000728e+02
8.840900000000000318e+02
8.843999999999999773e+02
8.849500000000000455e+02
8.856000000000000227e+02
8.858500000000000227e+02
8.860700000000000500e+02
8.861000000000000227e+02
8.862400000000000091e+02
8.866100000000000136e+02
8.870900000000000318e+02
8.875199999999999818e+02
8.875500000000000682e+02
8.882100000000000364e+02
8.890299999999999727e+02
8.893799999999999955e+02
8.895600000000000591e+02
8.897100000000000364e+02
8.898700000000000045e+02
8.902300000000000182e+02
8.902500000000000000e+02
8.902699999999999818e+02
8.906700000000000728e+02
8.907000000000000455e+02
8.908100000000000591e+02
8.921499999999999773e+02
8.922799999999999727e+02
8.923000000000000682e+02
8.935000000000000000e+02
8.935700000000000500e+02
8.936200000000000045e+02
8.936299999999999955e+02
8.943899999999999864e+02
8.945900000000000318e+02
8.947799999999999727e+02
8.948500000000000227e+02
8.955900000000000318e+02
8.963300000000000409e+02
8.963500000000000227e+02
8.967100000000000364e+02
8.968400000000000318e+02
8.968400000000000318e+02
8.969900000000000091e+02
8.975099999999999909e+02
8.981499999999999773e+02
8.984200000000000728e+02
8.984500000000000455e+02
8.986900000000000546e+02
8.988000000000000682e+02
8.989600000000000364e+02
8.990800000000000409e+02
8.991900000000000546e+02
8.998700000000000045e+02
9.002899999999999636e+02
9.004500000000000455e+02
9.016100000000000136e+02
9.027400000000000091e+02
9.028100000000000591e+02
9.037200000000000273e+02
9.038500000000000227e+02
9.040600000000000591e+02
9.046700000000000728e+02
9.047599999999999909e+02
9.050900000000000318e+02
9.055199999999999818e+02
9.064800000000000182e+02
9.066100000000000136e+02
9.066900000000000546e+02
9.076800000000000637e+02
9.080700000000000500e+02
9.081299999999999955e+02
9.085900000000000318e+02
9.098999999999999773e+02
9.102599999999999909e+02
9.114600000000000364e+02
9.115500000000000682e+02
9.122200000000000273e+02
9.123200000000000500e+02
9.123700000000000045e+02
9.123700000000000045e+02
9.135700000000000500e+02
9.138300000000000409e+02
9.140700000000000500e+02
9.141000000000000227e+02
9.149700000000000273e+02
9.149800000000000182e+02
9.158300000000000409e+02
9.159099999999999682e+02
9.162400000000000091e+02
9.163799999999999955e+02
9.171900000000000546e+02
9.173600000000000136e+02
9.176000000000000227e+02
9.176299999999999955e+02
9.182400000000000091e+02
9.195900000000000318e+02
9.196700000000000728e+02
9.201299999999999955e+02
9.205600000000000591e+02
9.205900000000000318e+02
9.210000000000000000e+02
9.213799999999999955e+02
9.224700000000000273e+02
9.234800000000000182e+02
9.236299999999999955e+02
9.237000000000000455e+02
9.237699999999999818e+02
9.238799999999999955e+02
9.239099999999999682e+02
9.239900000000000091e+02
9.246700000000000728e+02
9.249800000000000182e+02
9.254200000000000728e+02
9.256800000000000637e+02
9.264200000000000728e+02
9.267799999999999727e+02
9.271000000000000227e+02
9.276499999999999773e+02
9.280199999999999818e+02
9.282699999999999818e+02
9.284800000000000182e+02
9.292400000000000091e+02
9.293200000000000500e+02
9.298300000000000409e+02
9.299500000000000455e+02
9.302599999999999909e+02
9.303799999999999955e+02
9.305399999999999636e+02
9.310800000000000409e+02
9.315099999999999909e+02
9.316499999999999773e+02
9.318999999999999773e+02
9.319500000000000455e+02
9.320500000000000682e+02
9.333899999999999864e+02
9.335800000000000409e+02
9.337500000000000000e+02
9.337699999999999818e+02
9.339700000000000273e+02
9.340299999999999727e+02
9.343999999999999773e+02
9.349600000000000364e+02
9.352899999999999636e+02
9.356000000000000227e+02
9.356599999999999682e+02
9.356900000000000546e+02
9.361499999999999773e+02
9.362000000000000455e+02
9.367699999999999818e+02
9.368799999999999955e+02
9.369700000000000273e+02
9.373999999999999773e+02
9.377400000000000091e+02
9.378700000000000045e+02
9.380199999999999818e+02
9.380399999999999636e+02
9.381399999999999864e+02
9.384200000000000728e+02
9.396700000000000728e+02
9.397500000000000000e+02
9.398799999999999955e+02
9.398999999999999773e+02
9.399400000000000546e+02
9.400199999999999818e+02
9.402500000000000000e+02
9.402500000000000000e+02
9.404200000000000728e+02
9.409099999999999682e+02
9.410199999999999818e+02
9.414700000000000273e+02
9.418500000000000227e+02
9.421299999999999955e+02
9.422899999999999636e+02
9.429900000000000091e+02
9.437300000000000182e+02
9.439400000000000546e+02
9.440399999999999636e+02
9.445900000000000318e+02
9.449900000000000091e+02
9.456399999999999864e+02
9.459099999999999682e+02
9.465600000000000591e+02
9.465800000000000409e+02
9.472500000000000000e+02
9.475299999999999727e+02
9.475500000000000682e+02
9.482699999999999818e+02
9.485800000000000409e+02
9.487699999999999818e+02
9.493200000000000500e+02
9.493300000000000409e+02
9.496800000000000637e+02
9.499200000000000728e+02
9.501299999999999955e+02
9.508100000000000591e+02
9.511700000000000728e+02
9.513000000000000682e+02
9.514300000000000637e+02
9.517000000000000455e+02
9.521100000000000136e+02
9.522599999999999909e+02
9.525199999999999818e+02
9.525800000000000409e+02
9.525900000000000318e+02
9.530299999999999727e+02
9.536399999999999864e+02
9.537100000000000364e+02
9.539400000000000546e+02
9.539500000000000455e+02
9.541700000000000728e+02
9.552699999999999818e+02
9.553899999999999864e+02
9.558200000000000500e+02
9.558700000000000045e+02
9.560900000000000318e+02
9.561000000000000227e+02
9.573300000000000409e+02
9.574800000000000182e+02
9.576100000000000136e+02
9.579800000000000182e+02
9.581800000000000637e+02
9.582500000000000000e+02
9.595299999999999727e+02
9.596100000000000136e+02
9.602500000000000000e+02
9.603200000000000500e+02
9.610500000000000682e+02
9.616299999999999955e+02
9.616399999999999864e+02
9.634900000000000091e+02
9.636000000000000227e+02
9.639800000000000182e+02
9.639900000000000091e+02
9.639900000000000091e+02
9.641000000000000227e+02
9.655399999999999636e+02
9.662200000000000273e+02
9.664300000000000637e+02
9.665299999999999727e+02
9.675600000000000591e+02
9.675600000000000591e+02
9.677000000000000455e+02
9.678500000000000227e+02
9.678899999999999864e+02
9.679400000000000546e+02
9.683700000000000045e+02
9.685099999999999909e+02
9.694500000000000455e+02
9.694900000000000091e+02
9.698000000000000682e+02
9.699300000000000637e+02
9.700800000000000409e+02
9.701299999999999955e+02
9.703500000000000227e+02
9.703999999999999773e+02
9.704099999999999682e+02
9.710099999999999909e+02
9.713799999999999955e+02
9.713899999999999864e+02
9.713999999999999773e+02
9.715800000000000409e+02
9.715900000000000318e+02
9.716299999999999955e+02
9.731800000000000637e+02
9.737899999999999636e+02
9.738500000000000227e+02
9.739900000000000091e+02
9.740399999999999636e+02
9.752699999999999818e+02
9.757300000000000182e+02
9.757799999999999727e+02
9.757899999999999636e+02
9.759200000000000728e+02
9.762599999999999909e+02
9.778200000000000500e+02
9.780000000000000000e+02
9.780800000000000409e+02
9.796399999999999864e+02
9.798400000000000318e+02
9.799600000000000364e+02
9.800700000000000500e+02
9.812200000000000273e+02
9.815099999999999909e+02
9.816100000000000136e+02
9.817000000000000455e+02
9.820900000000000318e+02
9.821499999999999773e+02
9.834300000000000637e+02
9.835099999999999909e+02
9.836399999999999864e+02
9.837900000000000773e+02
9.839600000000000364e+02
9.841900000000000546e+02
9.845400000000000773e+02
9.846599999999999682e+02
9.855600000000000591e+02
9.855900000000000318e+02
9.857200000000000273e+02
9.857799999999999727e+02
9.858100000000000591e+02
9.859300000000000637e+02
9.872200000000000273e+02
9.874200000000000728e+02
9.874200000000000728e+02
9.875600000000000591e+02
9.876000000000000227e+02
9.877100000000000364e+02
9.877300000000000182e+02
9.882200000000000273e+02
9.883000000000000682e+02
9.883700000000000045e+02
9.893300000000000409e+02
9.902000000000000455e+02
9.902699999999999818e+02
9.907100000000000364e+02
9.915199999999999818e+02
9.915299999999999727e+02
9.916800000000000637e+02
9.917699999999999818e+02
9.918400000000000318e+02
9.921599999999999682e+02
9.922900000000000773e+02
9.923200000000000500e+02
9.924099999999999682e+02
9.926000000000000227e+02
9.935400000000000773e+02
9.935500000000000682e+02
9.936200000000000045e+02
9.937300000000000182e+02
9.937699999999999818e+02
9.938300000000000409e+02
9.939400000000000546e+02
9.940500000000000682e+02
9.952000000000000455e+02
9.957699999999999818e+02
9.957699999999999818e+02
9.958700000000000045e+02
9.960299999999999727e+02
9.963400000000000318e+02
9.971399999999999864e+02
9.977400000000000091e+02
9.978300000000000409e+02
9.980199999999999818e+02
9.983400000000000318e+02
9.992400000000000091e+02
9.993200000000000500e+02
9.994700000000000273e+02
9.996599999999999682e+02
1.000000000000000000e+03
