4.850000000000000533e+00
1.014600000000000080e+02
5.128700000000000045e+02
5.625099999999999909e+02
8.606700000000000728e+02
2.901999999999999957e+01
6.601999999999999602e+01
1.056700000000000017e+02
1.133200000000000074e+02
1.177000000000000028e+02
1.323799999999999955e+02
1.411700000000000159e+02
1.965900000000000034e+02
2.213900000000000148e+02
2.508799999999999955e+02
2.549300000000000068e+02
2.753299999999999841e+02
2.841299999999999955e+02
2.926000000000000227e+02
3.061500000000000341e+02
3.126899999999999977e+02
3.549599999999999795e+02
3.603500000000000227e+02
3.634599999999999795e+02
3.791399999999999864e+02
3.948799999999999955e+02
4.549300000000000068e+02
4.781800000000000068e+02
4.856999999999999886e+02
5.021700000000000159e+02
5.318500000000000227e+02
5.568400000000000318e+02
6.153300000000000409e+02
6.661100000000000136e+02
7.028799999999999955e+02
7.076399999999999864e+02
7.171800000000000637e+02
8.463600000000000136e+02
8.535900000000000318e+02
8.640900000000000318e+02
8.778200000000000500e+02
8.939500000000000455e+02
9.198300000000000409e+02
9.362699999999999818e+02
9.396000000000000227e+02
9.467500000000000000e+02
9.537200000000000273e+02
9.569500000000000455e+02
9.937799999999999727e+02
1.716000000000000014e+01
1.939000000000000057e+01
3.044999999999999929e+01
3.378000000000000114e+01
4.182000000000000028e+01
5.745000000000000284e+01
7.073999999999999488e+01
8.059000000000000341e+01
8.618999999999999773e+01
8.904000000000000625e+01
9.312999999999999545e+01
9.676000000000000512e+01
1.099399999999999977e+02
1.161700000000000017e+02
1.365900000000000034e+02
1.490099999999999909e+02
1.653499999999999943e+02
1.674000000000000057e+02
1.778900000000000148e+02
1.854399999999999977e+02
1.928499999999999943e+02
2.106100000000000136e+02
2.158199999999999932e+02
2.204500000000000171e+02
2.291700000000000159e+02
2.375900000000000034e+02
2.512199999999999989e+02
2.648500000000000227e+02
2.746700000000000159e+02
3.008799999999999955e+02
3.057800000000000296e+02
3.167300000000000182e+02
3.220300000000000296e+02
3.622699999999999818e+02
3.766700000000000159e+02
3.957900000000000205e+02
3.981399999999999864e+02
4.051100000000000136e+02
4.226000000000000227e+02
4.281700000000000159e+02
4.398000000000000114e+02
4.543199999999999932e+02
4.770600000000000023e+02
4.933000000000000114e+02
4.968500000000000227e+02
5.018600000000000136e+02
5.190299999999999727e+02
5.332799999999999727e+02
5.528700000000000045e+02
5.584700000000000273e+02
5.611100000000000136e+02
5.638400000000000318e+02
5.829600000000000364e+02
5.872799999999999727e+02
5.972000000000000455e+02
6.015399999999999636e+02
6.038400000000000318e+02
6.274500000000000455e+02
6.335299999999999727e+02
6.358300000000000409e+02
6.483300000000000409e+02
6.503999999999999773e+02
6.524800000000000182e+02
6.647799999999999727e+02
6.683100000000000591e+02
6.756800000000000637e+02
6.931399999999999864e+02
7.085800000000000409e+02
7.106200000000000045e+02
7.164199999999999591e+02
7.308999999999999773e+02
7.354900000000000091e+02
7.524600000000000364e+02
7.555600000000000591e+02
7.777100000000000364e+02
7.880500000000000682e+02
7.924400000000000546e+02
8.040800000000000409e+02
8.259800000000000182e+02
8.327200000000000273e+02
8.426200000000000045e+02
8.449300000000000637e+02
8.477699999999999818e+02
8.686800000000000637e+02
8.785000000000000000e+02
8.889500000000000455e+02
8.944300000000000637e+02
8.965299999999999727e+02
9.065299999999999727e+02
9.085700000000000500e+02
9.315099999999999909e+02
9.390600000000000591e+02
9.469099999999999682e+02
9.501499999999999773e+02
9.550900000000000318e+02
9.622799999999999727e+02
9.668500000000000227e+02
9.832699999999999818e+02
9.918500000000000227e+02
9.977200000000000273e+02
8.050000000000000711e+00
1.123000000000000043e+01
1.482000000000000028e+01
1.774000000000000199e+01
2.100000000000000000e+01
2.362999999999999901e+01
2.667000000000000171e+01
3.628999999999999915e+01
4.848000000000000398e+01
5.085999999999999943e+01
5.310999999999999943e+01
6.945000000000000284e+01
7.198000000000000398e+01
7.851000000000000512e+01
8.143999999999999773e+01
9.276999999999999602e+01
1.013400000000000034e+02
1.060000000000000000e+02
1.107100000000000080e+02
1.129399999999999977e+02
1.331700000000000159e+02
1.435000000000000000e+02
1.462700000000000102e+02
1.521899999999999977e+02
1.546700000000000159e+02
1.612000000000000171e+02
1.708700000000000045e+02
1.764200000000000159e+02
1.860900000000000034e+02
1.933199999999999932e+02
2.073000000000000114e+02
2.095999999999999943e+02
2.211100000000000136e+02
2.231599999999999966e+02
2.255500000000000114e+02
2.367000000000000171e+02
2.388199999999999932e+02
2.805099999999999909e+02
2.874200000000000159e+02
2.927900000000000205e+02
2.963799999999999955e+02
3.041700000000000159e+02
3.077300000000000182e+02
3.191800000000000068e+02
3.242200000000000273e+02
3.280500000000000114e+02
3.318299999999999841e+02
3.378299999999999841e+02
3.434800000000000182e+02
3.470799999999999841e+02
3.496000000000000227e+02
3.630799999999999841e+02
3.698000000000000114e+02
3.740000000000000000e+02
3.763500000000000227e+02
3.784000000000000341e+02
3.818400000000000318e+02
3.841100000000000136e+02
3.876899999999999977e+02
3.907500000000000000e+02
4.053000000000000114e+02
4.123299999999999841e+02
4.202900000000000205e+02
4.251999999999999886e+02
4.273299999999999841e+02
4.297599999999999909e+02
4.394600000000000364e+02
4.484600000000000364e+02
4.520900000000000318e+02
4.546800000000000068e+02
4.662200000000000273e+02
4.723799999999999955e+02
4.927900000000000205e+02
4.987800000000000296e+02
5.121299999999999955e+02
5.145499999999999545e+02
5.285000000000000000e+02
5.537300000000000182e+02
5.770900000000000318e+02
5.806299999999999955e+02
5.910800000000000409e+02
5.957699999999999818e+02
5.981000000000000227e+02
6.144400000000000546e+02
6.369900000000000091e+02
6.391299999999999955e+02
6.431100000000000136e+02
6.581399999999999864e+02
6.611800000000000637e+02
6.679400000000000546e+02
6.739099999999999682e+02
6.783100000000000591e+02
6.889900000000000091e+02
6.956900000000000546e+02
7.039300000000000637e+02
7.096000000000000227e+02
7.136900000000000546e+02
7.217599999999999909e+02
7.252400000000000091e+02
7.296499999999999773e+02
7.435500000000000682e+02
7.472899999999999636e+02
7.506100000000000136e+02
7.543100000000000591e+02
7.567500000000000000e+02
7.610099999999999909e+02
7.631000000000000227e+02
7.657400000000000091e+02
7.766900000000000546e+02
7.889800000000000182e+02
7.939400000000000546e+02
8.057599999999999909e+02
8.105000000000000000e+02
8.331499999999999773e+02
8.366299999999999955e+02
8.466200000000000045e+02
8.638200000000000500e+02
8.673600000000000136e+02
8.722599999999999909e+02
8.855099999999999909e+02
8.923999999999999773e+02
8.968500000000000227e+02
9.002599999999999909e+02
9.027400000000000091e+02
9.062899999999999636e+02
9.086900000000000546e+02
9.246599999999999682e+02
9.290900000000000318e+02
9.319099999999999682e+02
9.341800000000000637e+02
9.412599999999999909e+02
9.513300000000000409e+02
9.565700000000000500e+02
9.646000000000000227e+02
9.666399999999999864e+02
9.710800000000000409e+02
9.835299999999999727e+02
9.875500000000000682e+02
7.419999999999999929e+00
1.667999999999999972e+01
1.985000000000000142e+01
2.558999999999999986e+01
4.549000000000000199e+01
5.717000000000000171e+01
6.221999999999999886e+01
8.765999999999999659e+01
1.325600000000000023e+02
2.037899999999999920e+02
2.223600000000000136e+02
2.268199999999999932e+02
2.440300000000000011e+02
2.508300000000000125e+02
2.537400000000000091e+02
2.584700000000000273e+02
2.796700000000000159e+02
2.902599999999999909e+02
2.979900000000000091e+02
3.112500000000000000e+02
3.168899999999999864e+02
3.200799999999999841e+02
3.245799999999999841e+02
3.341999999999999886e+02
3.395000000000000000e+02
3.441700000000000159e+02
3.530199999999999818e+02
3.564300000000000068e+02
3.621000000000000227e+02
3.743100000000000023e+02
3.879200000000000159e+02
3.939200000000000159e+02
4.082100000000000364e+02
4.119700000000000273e+02
4.164200000000000159e+02
4.244499999999999886e+02
4.409200000000000159e+02
4.617200000000000273e+02
4.639200000000000159e+02
5.012400000000000091e+02
5.200399999999999636e+02
5.303100000000000591e+02
5.471399999999999864e+02
5.586499999999999773e+02
5.672899999999999636e+02
5.918600000000000136e+02
6.079900000000000091e+02
6.223300000000000409e+02
6.308700000000000045e+02
6.329300000000000637e+02
6.350600000000000591e+02
6.583500000000000227e+02
6.940199999999999818e+02
7.040399999999999636e+02
7.132000000000000455e+02
7.157799999999999727e+02
7.200299999999999727e+02
7.316499999999999773e+02
7.731800000000000637e+02
7.991399999999999864e+02
8.085500000000000682e+02
8.120299999999999727e+02
8.384099999999999682e+02
8.422300000000000182e+02
8.442699999999999818e+02
8.501599999999999682e+02
8.530299999999999727e+02
8.550700000000000500e+02
8.651299999999999955e+02
8.682300000000000182e+02
8.775500000000000682e+02
9.099800000000000182e+02
9.201399999999999864e+02
9.329099999999999682e+02
9.410800000000000409e+02
9.433500000000000227e+02
9.551499999999999773e+02
9.600900000000000318e+02
9.803799999999999955e+02
9.885000000000000000e+02
1.060000000000000000e+02
2.071100000000000136e+02
2.394099999999999966e+02
2.790699999999999932e+02
3.145099999999999909e+02
3.184900000000000091e+02
3.719399999999999977e+02
4.232200000000000273e+02
6.062200000000000273e+02
7.189500000000000455e+02
7.547599999999999909e+02
7.739300000000000637e+02
8.312000000000000455e+02
8.883400000000000318e+02
9.000500000000000682e+02
