4.500000000000000000e+00
5.509999999999999787e+00
6.589999999999999858e+00
7.360000000000000320e+00
7.660000000000000142e+00
9.589999999999999858e+00
1.050000000000000000e+01
1.245000000000000107e+01
1.248000000000000043e+01
1.443999999999999950e+01
1.554000000000000092e+01
1.566999999999999993e+01
1.851000000000000156e+01
2.060999999999999943e+01
2.237000000000000099e+01
2.337999999999999901e+01
2.366000000000000014e+01
2.457000000000000028e+01
2.567999999999999972e+01
2.651999999999999957e+01
2.660999999999999943e+01
2.850000000000000000e+01
2.876999999999999957e+01
2.932000000000000028e+01
2.962999999999999901e+01
3.058000000000000185e+01
3.231000000000000227e+01
3.549000000000000199e+01
3.552000000000000313e+01
3.730000000000000426e+01
3.760000000000000142e+01
3.839000000000000057e+01
4.064000000000000057e+01
4.139000000000000057e+01
4.160000000000000142e+01
4.411999999999999744e+01
4.441000000000000369e+01
4.664999999999999858e+01
4.725000000000000000e+01
4.828999999999999915e+01
4.956000000000000227e+01
5.035000000000000142e+01
5.038000000000000256e+01
5.252000000000000313e+01
5.385000000000000142e+01
5.424000000000000199e+01
5.464999999999999858e+01
5.514000000000000057e+01
5.642999999999999972e+01
5.774000000000000199e+01
5.856000000000000227e+01
5.914999999999999858e+01
6.113000000000000256e+01
6.242000000000000171e+01
6.266000000000000369e+01
6.389999999999999858e+01
6.478000000000000114e+01
6.681000000000000227e+01
6.742000000000000171e+01
6.926000000000000512e+01
6.960999999999999943e+01
7.082000000000000739e+01
7.140000000000000568e+01
7.367000000000000171e+01
7.425000000000000000e+01
7.437000000000000455e+01
7.782000000000000739e+01
7.895000000000000284e+01
8.062000000000000455e+01
8.093000000000000682e+01
8.145000000000000284e+01
8.209000000000000341e+01
8.290999999999999659e+01
8.448999999999999488e+01
8.495000000000000284e+01
8.534000000000000341e+01
8.560000000000000853e+01
8.615999999999999659e+01
8.846000000000000796e+01
8.862999999999999545e+01
9.093999999999999773e+01
9.095000000000000284e+01
9.121999999999999886e+01
9.178000000000000114e+01
9.537999999999999545e+01
9.660000000000000853e+01
9.946999999999999886e+01
1.000799999999999983e+02
1.022600000000000051e+02
1.025300000000000011e+02
1.041000000000000085e+02
1.044399999999999977e+02
1.065700000000000074e+02
1.109800000000000040e+02
1.114099999999999966e+02
1.116599999999999966e+02
1.147999999999999972e+02
1.152500000000000000e+02
1.158799999999999955e+02
1.173799999999999955e+02
1.184900000000000091e+02
1.197600000000000051e+02
1.219000000000000057e+02
1.222999999999999972e+02
1.258299999999999983e+02
1.279500000000000028e+02
1.306500000000000057e+02
1.322400000000000091e+02
1.329000000000000057e+02
1.339399999999999977e+02
1.352800000000000011e+02
1.376899999999999977e+02
1.384699999999999989e+02
1.398799999999999955e+02
1.411200000000000045e+02
1.414099999999999966e+02
1.436299999999999955e+02
1.437000000000000171e+02
1.443100000000000023e+02
1.444799999999999898e+02
1.502400000000000091e+02
1.503900000000000148e+02
1.505099999999999909e+02
1.527599999999999909e+02
1.533000000000000114e+02
1.558400000000000034e+02
1.583600000000000136e+02
1.597100000000000080e+02
1.618100000000000023e+02
1.639399999999999977e+02
1.660999999999999943e+02
1.665900000000000034e+02
1.666299999999999955e+02
1.698000000000000114e+02
1.711700000000000159e+02
1.714600000000000080e+02
1.722199999999999989e+02
1.726899999999999977e+02
1.761100000000000136e+02
1.763700000000000045e+02
1.765500000000000114e+02
1.771800000000000068e+02
1.787500000000000000e+02
1.797100000000000080e+02
1.827299999999999898e+02
1.833100000000000023e+02
1.838700000000000045e+02
1.848600000000000136e+02
1.862599999999999909e+02
1.864600000000000080e+02
1.874200000000000159e+02
1.906599999999999966e+02
1.914099999999999966e+02
1.914600000000000080e+02
1.955200000000000102e+02
1.970399999999999920e+02
1.975000000000000000e+02
2.002599999999999909e+02
2.009200000000000159e+02
2.040600000000000023e+02
2.085399999999999920e+02
2.087700000000000102e+02
2.099000000000000057e+02
2.109800000000000182e+02
2.121400000000000148e+02
2.153600000000000136e+02
2.170600000000000023e+02
2.186400000000000148e+02
2.192400000000000091e+02
2.205300000000000011e+02
2.236200000000000045e+02
2.237599999999999909e+02
2.241100000000000136e+02
2.263799999999999955e+02
2.273000000000000114e+02
2.281500000000000057e+02
2.295399999999999920e+02
2.297400000000000091e+02
2.321299999999999955e+02
2.331500000000000057e+02
2.334800000000000182e+02
2.365500000000000114e+02
2.383499999999999943e+02
2.448400000000000034e+02
2.451400000000000148e+02
2.459800000000000182e+02
2.470800000000000125e+02
2.471599999999999966e+02
2.492800000000000011e+02
2.530399999999999920e+02
2.553600000000000136e+02
2.562599999999999909e+02
2.577099999999999795e+02
2.583899999999999864e+02
2.617800000000000296e+02
2.631000000000000227e+02
2.634599999999999795e+02
2.648799999999999955e+02
2.661200000000000045e+02
2.701899999999999977e+02
2.718999999999999773e+02
2.741200000000000045e+02
2.741999999999999886e+02
2.796000000000000227e+02
2.798500000000000227e+02
2.822099999999999795e+02
2.826100000000000136e+02
2.843700000000000045e+02
2.854100000000000250e+02
2.874100000000000250e+02
2.882099999999999795e+02
2.916999999999999886e+02
2.941200000000000045e+02
2.955600000000000023e+02
2.964300000000000068e+02
2.977099999999999795e+02
3.003100000000000023e+02
3.003799999999999955e+02
3.026500000000000341e+02
3.038299999999999841e+02
3.075199999999999818e+02
3.110400000000000205e+02
3.115600000000000023e+02
3.128199999999999932e+02
3.150500000000000114e+02
3.159499999999999886e+02
3.186600000000000250e+02
3.201600000000000250e+02
3.212400000000000091e+02
3.218400000000000318e+02
3.243700000000000045e+02
3.248799999999999955e+02
3.322699999999999818e+02
3.334900000000000091e+02
3.338500000000000227e+02
3.342400000000000091e+02
3.353600000000000136e+02
3.355699999999999932e+02
3.385300000000000296e+02
3.407500000000000000e+02
3.424599999999999795e+02
3.456500000000000341e+02
3.457900000000000205e+02
3.472800000000000296e+02
3.481600000000000250e+02
3.500699999999999932e+02
3.504100000000000250e+02
3.519900000000000091e+02
3.531800000000000068e+02
3.553600000000000136e+02
3.566600000000000250e+02
3.582800000000000296e+02
3.600099999999999909e+02
3.605099999999999909e+02
3.606999999999999886e+02
3.611500000000000341e+02
3.638600000000000136e+02
3.660099999999999909e+02
3.683700000000000045e+02
3.684599999999999795e+02
3.688899999999999864e+02
3.689499999999999886e+02
3.703899999999999864e+02
3.710600000000000023e+02
3.715699999999999932e+02
3.724300000000000068e+02
3.739300000000000068e+02
3.739300000000000068e+02
3.777099999999999795e+02
3.799100000000000250e+02
3.802699999999999818e+02
3.821999999999999886e+02
3.823799999999999955e+02
3.838199999999999932e+02
3.848199999999999932e+02
3.852100000000000364e+02
3.881200000000000045e+02
3.895799999999999841e+02
3.898100000000000023e+02
3.902900000000000205e+02
3.927400000000000091e+02
3.931600000000000250e+02
3.933600000000000136e+02
3.957400000000000091e+02
3.988000000000000114e+02
3.992599999999999909e+02
4.001399999999999864e+02
4.013899999999999864e+02
4.016100000000000136e+02
4.019499999999999886e+02
4.036899999999999977e+02
4.039900000000000091e+02
4.043899999999999864e+02
4.046399999999999864e+02
4.058000000000000114e+02
4.058100000000000023e+02
4.081899999999999977e+02
4.085099999999999909e+02
4.106800000000000068e+02
4.109800000000000182e+02
4.126100000000000136e+02
4.127699999999999818e+02
4.128000000000000114e+02
4.141999999999999886e+02
4.148600000000000136e+02
4.173299999999999841e+02
4.175199999999999818e+02
4.190099999999999909e+02
4.205300000000000296e+02
4.229900000000000091e+02
4.232100000000000364e+02
4.246500000000000341e+02
4.258299999999999841e+02
4.271500000000000341e+02
4.279300000000000068e+02
4.288700000000000045e+02
4.301700000000000159e+02
4.310600000000000023e+02
4.325000000000000000e+02
4.328299999999999841e+02
4.333100000000000023e+02
4.349100000000000250e+02
4.362200000000000273e+02
4.383500000000000227e+02
4.384100000000000250e+02
4.405699999999999932e+02
4.411299999999999955e+02
4.436200000000000045e+02
4.449600000000000364e+02
4.451299999999999955e+02
4.457699999999999818e+02
4.475199999999999818e+02
4.478299999999999841e+02
4.481600000000000250e+02
4.514399999999999977e+02
4.517100000000000364e+02
4.521800000000000068e+02
4.531200000000000045e+02
4.543000000000000114e+02
4.559100000000000250e+02
4.562300000000000182e+02
4.572200000000000273e+02
4.586600000000000250e+02
4.588799999999999955e+02
4.598700000000000045e+02
4.604200000000000159e+02
4.610400000000000205e+02
4.611800000000000068e+02
4.616000000000000227e+02
4.633199999999999932e+02
4.638899999999999864e+02
4.649399999999999977e+02
4.654000000000000341e+02
4.670400000000000205e+02
4.708199999999999932e+02
4.719800000000000182e+02
4.743700000000000045e+02
4.768500000000000227e+02
4.769900000000000091e+02
4.771299999999999955e+02
4.774800000000000182e+02
4.791200000000000045e+02
4.802900000000000205e+02
4.820699999999999932e+02
4.830500000000000114e+02
4.832900000000000205e+02
4.839900000000000091e+02
4.841999999999999886e+02
4.853100000000000023e+02
4.861100000000000136e+02
4.871399999999999864e+02
4.881100000000000136e+02
4.891700000000000159e+02
4.911999999999999886e+02
4.919200000000000159e+02
4.922200000000000273e+02
4.950000000000000000e+02
4.950900000000000318e+02
4.961600000000000250e+02
4.961800000000000068e+02
4.989499999999999886e+02
4.991600000000000250e+02
4.999800000000000182e+02
5.010300000000000296e+02
5.011999999999999886e+02
5.031000000000000227e+02
5.040500000000000114e+02
5.040699999999999932e+02
5.041399999999999864e+02
5.070000000000000000e+02
5.080400000000000205e+02
5.080699999999999932e+02
5.081200000000000045e+02
5.100099999999999909e+02
5.109700000000000273e+02
5.112400000000000091e+02
5.139600000000000364e+02
5.140499999999999545e+02
5.160099999999999909e+02
5.170700000000000500e+02
5.171499999999999773e+02
5.189700000000000273e+02
5.199800000000000182e+02
5.200700000000000500e+02
5.210900000000000318e+02
5.221900000000000546e+02
5.229300000000000637e+02
5.251399999999999864e+02
5.251599999999999682e+02
5.282000000000000455e+02
5.290000000000000000e+02
5.300800000000000409e+02
5.310600000000000591e+02
5.330499999999999545e+02
5.339500000000000455e+02
5.361399999999999864e+02
5.361900000000000546e+02
5.369600000000000364e+02
5.372500000000000000e+02
5.390199999999999818e+02
5.391499999999999773e+02
5.418700000000000045e+02
5.431299999999999955e+02
5.459199999999999591e+02
5.461900000000000546e+02
5.480700000000000500e+02
5.485600000000000591e+02
5.506000000000000227e+02
5.511100000000000136e+02
5.512699999999999818e+02
5.517799999999999727e+02
5.533400000000000318e+02
5.539300000000000637e+02
5.546499999999999773e+02
5.549700000000000273e+02
5.551200000000000045e+02
5.568999999999999773e+02
5.584700000000000273e+02
5.590700000000000500e+02
5.607200000000000273e+02
5.612100000000000364e+02
5.638799999999999955e+02
5.648999999999999773e+02
5.665399999999999636e+02
5.668300000000000409e+02
5.681000000000000227e+02
5.685600000000000591e+02
5.690099999999999909e+02
5.717599999999999909e+02
5.718899999999999864e+02
5.741399999999999864e+02
5.762699999999999818e+02
5.770399999999999636e+02
5.775199999999999818e+02
5.793200000000000500e+02
5.795199999999999818e+02
5.798500000000000227e+02
5.806599999999999682e+02
5.820099999999999909e+02
5.841599999999999682e+02
5.856499999999999773e+02
5.862899999999999636e+02
5.870099999999999909e+02
5.877599999999999909e+02
5.895299999999999727e+02
5.900900000000000318e+02
5.903300000000000409e+02
5.927599999999999909e+02
5.931100000000000136e+02
5.952000000000000455e+02
5.955099999999999909e+02
5.959199999999999591e+02
5.967300000000000182e+02
5.975800000000000409e+02
5.982599999999999909e+02
5.990500000000000682e+02
5.990900000000000318e+02
6.004099999999999682e+02
6.020399999999999636e+02
6.049500000000000455e+02
6.051599999999999682e+02
6.062300000000000182e+02
6.087200000000000273e+02
6.102599999999999909e+02
6.115700000000000500e+02
6.129800000000000182e+02
6.143000000000000682e+02
6.158899999999999864e+02
6.174700000000000273e+02
6.186900000000000546e+02
6.189199999999999591e+02
6.202500000000000000e+02
6.211299999999999955e+02
6.234099999999999682e+02
6.238999999999999773e+02
6.240600000000000591e+02
6.263300000000000409e+02
6.275299999999999727e+02
6.294600000000000364e+02
6.308100000000000591e+02
6.324400000000000546e+02
6.324500000000000455e+02
6.354600000000000364e+02
6.377000000000000455e+02
6.393200000000000500e+02
6.399700000000000273e+02
6.418400000000000318e+02
6.424400000000000546e+02
6.449400000000000546e+02
6.452899999999999636e+02
6.458899999999999864e+02
6.482899999999999636e+02
6.488799999999999955e+02
6.494300000000000637e+02
6.515500000000000682e+02
6.518200000000000500e+02
6.530600000000000591e+02
6.534199999999999591e+02
6.539300000000000637e+02
6.542000000000000455e+02
6.560299999999999727e+02
6.578999999999999773e+02
6.605500000000000682e+02
6.614199999999999591e+02
6.630800000000000409e+02
6.636800000000000637e+02
6.647200000000000273e+02
6.662000000000000455e+02
6.685099999999999909e+02
6.687200000000000273e+02
6.708500000000000227e+02
6.712000000000000455e+02
6.722100000000000364e+02
6.735099999999999909e+02
6.752100000000000364e+02
6.779600000000000364e+02
6.814700000000000273e+02
6.858500000000000227e+02
6.883999999999999773e+02
6.904400000000000546e+02
6.907500000000000000e+02
6.921900000000000546e+02
6.930600000000000591e+02
6.935900000000000318e+02
6.940399999999999636e+02
6.955000000000000000e+02
6.978799999999999955e+02
7.001499999999999773e+02
7.013100000000000591e+02
7.015299999999999727e+02
7.034199999999999591e+02
7.037400000000000091e+02
7.071399999999999864e+02
7.079600000000000364e+02
7.105500000000000682e+02
7.116699999999999591e+02
7.118799999999999955e+02
7.133899999999999864e+02
7.146699999999999591e+02
7.185199999999999818e+02
7.188999999999999773e+02
7.190600000000000591e+02
7.255399999999999636e+02
7.258200000000000500e+02
7.258400000000000318e+02
7.266699999999999591e+02
7.283200000000000500e+02
7.286699999999999591e+02
7.307500000000000000e+02
7.316599999999999682e+02
7.338100000000000591e+02
7.345900000000000318e+02
7.376399999999999864e+02
7.390900000000000318e+02
7.408300000000000409e+02
7.414300000000000637e+02
7.434199999999999591e+02
7.453100000000000591e+02
7.457100000000000364e+02
7.473799999999999955e+02
7.506299999999999955e+02
7.518200000000000500e+02
7.547100000000000364e+02
7.557899999999999636e+02
7.597000000000000455e+02
7.599099999999999682e+02
7.614700000000000273e+02
7.634500000000000455e+02
7.649099999999999682e+02
7.653000000000000682e+02
7.657200000000000273e+02
7.682699999999999818e+02
7.693300000000000409e+02
7.696499999999999773e+02
7.718799999999999955e+02
7.727300000000000182e+02
7.754600000000000364e+02
7.791000000000000227e+02
7.822500000000000000e+02
7.832100000000000364e+02
7.839400000000000546e+02
7.872500000000000000e+02
7.906900000000000546e+02
7.954300000000000637e+02
7.967899999999999636e+02
7.974900000000000091e+02
7.988600000000000136e+02
8.004200000000000728e+02
8.010900000000000318e+02
8.018000000000000682e+02
8.032899999999999636e+02
8.040399999999999636e+02
8.040700000000000500e+02
8.072200000000000273e+02
8.078300000000000409e+02
8.089099999999999682e+02
8.099500000000000455e+02
8.132899999999999636e+02
8.143799999999999955e+02
8.153000000000000682e+02
8.156200000000000045e+02
8.167500000000000000e+02
8.174600000000000364e+02
8.178799999999999955e+02
8.223999999999999773e+02
8.226499999999999773e+02
8.244900000000000091e+02
8.250900000000000318e+02
8.275000000000000000e+02
8.276200000000000045e+02
8.297699999999999818e+02
8.302400000000000091e+02
8.311399999999999864e+02
8.332899999999999636e+02
8.338600000000000136e+02
8.339200000000000728e+02
8.362000000000000455e+02
8.381100000000000136e+02
8.401100000000000136e+02
8.402699999999999818e+02
8.415600000000000591e+02
8.423700000000000045e+02
8.453799999999999955e+02
8.477500000000000000e+02
8.498700000000000045e+02
8.504200000000000728e+02
8.525099999999999909e+02
8.529800000000000182e+02
8.533200000000000500e+02
8.546000000000000227e+02
8.555399999999999636e+02
8.560900000000000318e+02
8.588899999999999864e+02
8.597200000000000273e+02
8.621599999999999682e+02
8.622899999999999636e+02
8.657899999999999636e+02
8.671100000000000136e+02
8.693700000000000045e+02
8.707899999999999636e+02
8.735099999999999909e+02
8.737599999999999909e+02
8.746200000000000045e+02
8.764200000000000728e+02
8.778799999999999955e+02
8.793200000000000500e+02
8.818300000000000409e+02
8.825700000000000500e+02
8.843600000000000136e+02
8.855700000000000500e+02
8.867100000000000364e+02
8.888600000000000136e+02
8.890299999999999727e+02
8.903100000000000591e+02
8.904500000000000455e+02
8.909800000000000182e+02
8.924200000000000728e+02
8.942799999999999727e+02
8.959099999999999682e+02
8.960700000000000500e+02
8.974400000000000546e+02
8.980000000000000000e+02
9.054099999999999682e+02
9.057500000000000000e+02
9.059099999999999682e+02
9.061499999999999773e+02
9.084200000000000728e+02
9.112300000000000182e+02
9.124500000000000455e+02
9.137200000000000273e+02
9.138799999999999955e+02
9.146399999999999864e+02
9.161100000000000136e+02
9.169900000000000091e+02
9.171000000000000227e+02
9.182300000000000182e+02
9.205000000000000000e+02
9.207599999999999909e+02
9.221800000000000637e+02
9.248600000000000136e+02
9.253899999999999864e+02
9.270399999999999636e+02
9.302100000000000364e+02
9.305199999999999818e+02
9.307400000000000091e+02
9.339300000000000637e+02
9.355199999999999818e+02
9.366800000000000637e+02
9.385800000000000409e+02
9.388799999999999955e+02
9.391599999999999682e+02
9.447400000000000091e+02
9.468300000000000409e+02
9.485600000000000591e+02
9.507100000000000364e+02
9.523899999999999864e+02
9.528999999999999773e+02
9.548999999999999773e+02
9.555900000000000318e+02
9.570399999999999636e+02
9.587100000000000364e+02
9.592500000000000000e+02
9.593400000000000318e+02
9.595399999999999636e+02
9.600000000000000000e+02
9.615900000000000318e+02
9.616599999999999682e+02
9.622300000000000182e+02
9.623100000000000591e+02
9.628200000000000500e+02
9.658000000000000682e+02
9.668200000000000500e+02
9.694099999999999682e+02
9.707599999999999909e+02
9.718999999999999773e+02
9.723400000000000318e+02
9.734300000000000637e+02
9.746299999999999955e+02
9.767500000000000000e+02
9.770000000000000000e+02
9.788200000000000500e+02
9.794400000000000546e+02
9.803899999999999864e+02
9.808100000000000591e+02
9.825600000000000591e+02
9.846900000000000546e+02
9.856800000000000637e+02
9.865800000000000409e+02
9.867400000000000091e+02
9.877900000000000773e+02
9.895500000000000682e+02
9.897599999999999909e+02
9.918100000000000591e+02
9.926599999999999682e+02
9.927400000000000091e+02
9.956100000000000136e+02
9.958799999999999955e+02
9.966700000000000728e+02
9.985700000000000500e+02
9.994900000000000091e+02
