3.850000000000000089e+00
4.020000000000000462e+00
4.350000000000000533e+00
4.440000000000000391e+00
4.440000000000000391e+00
4.660000000000000142e+00
4.799999999999999822e+00
4.940000000000000391e+00
5.270000000000000462e+00
5.290000000000000036e+00
5.629999999999999893e+00
5.639999999999999680e+00
5.969999999999999751e+00
6.160000000000000142e+00
1.367999999999999972e+01
1.404000000000000092e+01
1.417999999999999972e+01
1.441000000000000014e+01
1.450999999999999979e+01
1.459999999999999964e+01
1.508000000000000007e+01
1.516000000000000014e+01
1.581000000000000050e+01
1.678000000000000114e+01
2.337999999999999901e+01
2.364000000000000057e+01
2.392999999999999972e+01
2.421999999999999886e+01
2.444999999999999929e+01
2.446000000000000085e+01
2.455000000000000071e+01
2.456000000000000227e+01
2.471999999999999886e+01
2.496000000000000085e+01
2.505000000000000071e+01
2.521999999999999886e+01
2.535000000000000142e+01
3.403000000000000114e+01
3.411999999999999744e+01
3.421000000000000085e+01
3.450000000000000000e+01
3.467999999999999972e+01
3.481000000000000227e+01
3.498000000000000398e+01
3.520000000000000284e+01
3.527000000000000313e+01
3.542999999999999972e+01
4.305000000000000426e+01
4.367999999999999972e+01
4.373000000000000398e+01
4.389999999999999858e+01
4.467000000000000171e+01
4.486999999999999744e+01
4.496999999999999886e+01
4.500999999999999801e+01
4.502000000000000313e+01
4.542000000000000171e+01
4.571000000000000085e+01
4.589999999999999858e+01
5.368999999999999773e+01
5.385000000000000142e+01
5.414999999999999858e+01
5.432999999999999829e+01
5.459000000000000341e+01
5.467000000000000171e+01
5.480000000000000426e+01
5.481000000000000227e+01
5.482999999999999829e+01
5.496000000000000085e+01
5.560999999999999943e+01
5.571999999999999886e+01
6.407000000000000739e+01
6.457000000000000739e+01
6.467000000000000171e+01
6.548000000000000398e+01
6.579999999999999716e+01
6.646000000000000796e+01
7.332000000000000739e+01
7.382000000000000739e+01
7.412999999999999545e+01
7.426000000000000512e+01
7.429000000000000625e+01
7.446000000000000796e+01
7.462999999999999545e+01
7.462999999999999545e+01
7.487000000000000455e+01
7.560999999999999943e+01
7.596999999999999886e+01
7.673999999999999488e+01
8.340999999999999659e+01
8.373999999999999488e+01
8.410999999999999943e+01
8.421999999999999886e+01
8.429999999999999716e+01
8.437000000000000455e+01
8.442000000000000171e+01
8.448999999999999488e+01
8.464000000000000057e+01
8.490000000000000568e+01
8.523999999999999488e+01
8.575000000000000000e+01
8.579000000000000625e+01
8.648999999999999488e+01
9.370000000000000284e+01
9.379000000000000625e+01
9.454999999999999716e+01
9.464000000000000057e+01
9.476999999999999602e+01
9.487000000000000455e+01
9.487999999999999545e+01
9.495000000000000284e+01
9.687999999999999545e+01
1.038200000000000074e+02
1.041800000000000068e+02
1.043200000000000074e+02
1.047900000000000063e+02
1.049800000000000040e+02
1.051800000000000068e+02
1.055900000000000034e+02
1.135900000000000034e+02
1.136299999999999955e+02
1.140300000000000011e+02
1.142300000000000040e+02
1.142400000000000091e+02
1.144900000000000091e+02
1.145000000000000000e+02
1.147900000000000063e+02
1.149099999999999966e+02
1.155199999999999960e+02
1.155499999999999972e+02
1.170499999999999972e+02
1.231099999999999994e+02
1.237999999999999972e+02
1.238700000000000045e+02
1.239200000000000017e+02
1.241500000000000057e+02
1.242000000000000028e+02
1.252300000000000040e+02
1.255300000000000011e+02
1.256800000000000068e+02
1.257100000000000080e+02
1.258299999999999983e+02
1.266800000000000068e+02
1.333700000000000045e+02
1.341599999999999966e+02
1.347100000000000080e+02
1.354499999999999886e+02
1.354600000000000080e+02
1.355300000000000011e+02
1.358600000000000136e+02
1.359200000000000159e+02
1.431800000000000068e+02
1.432899999999999920e+02
1.434000000000000057e+02
1.437700000000000102e+02
1.445900000000000034e+02
1.446800000000000068e+02
1.447500000000000000e+02
1.450000000000000000e+02
1.453300000000000125e+02
1.460900000000000034e+02
1.530200000000000102e+02
1.531800000000000068e+02
1.535900000000000034e+02
1.540099999999999909e+02
1.540300000000000011e+02
1.550399999999999920e+02
1.550699999999999932e+02
1.554399999999999977e+02
1.555900000000000034e+02
1.556899999999999977e+02
1.558900000000000148e+02
1.633000000000000114e+02
1.634699999999999989e+02
1.637199999999999989e+02
1.640099999999999909e+02
1.640800000000000125e+02
1.642000000000000171e+02
1.644799999999999898e+02
1.647400000000000091e+02
1.649300000000000068e+02
1.650300000000000011e+02
1.651500000000000057e+02
1.654200000000000159e+02
1.655500000000000114e+02
1.729300000000000068e+02
1.734799999999999898e+02
1.735699999999999932e+02
1.737299999999999898e+02
1.737800000000000011e+02
1.740500000000000114e+02
1.742100000000000080e+02
1.742299999999999898e+02
1.744300000000000068e+02
1.745800000000000125e+02
1.749000000000000057e+02
1.758000000000000114e+02
1.836899999999999977e+02
1.838300000000000125e+02
1.839200000000000159e+02
1.846200000000000045e+02
1.846400000000000148e+02
1.847599999999999909e+02
1.848600000000000136e+02
1.849000000000000057e+02
1.853000000000000114e+02
1.855399999999999920e+02
1.856899999999999977e+02
1.932199999999999989e+02
1.935699999999999932e+02
1.939200000000000159e+02
1.941299999999999955e+02
1.942000000000000171e+02
1.946800000000000068e+02
1.952899999999999920e+02
1.953000000000000114e+02
1.956400000000000148e+02
1.957400000000000091e+02
1.966200000000000045e+02
2.034900000000000091e+02
2.036100000000000136e+02
2.038799999999999955e+02
2.039099999999999966e+02
2.041200000000000045e+02
2.045300000000000011e+02
2.051200000000000045e+02
2.053100000000000023e+02
2.054800000000000182e+02
2.057899999999999920e+02
2.066500000000000057e+02
2.139900000000000091e+02
2.140000000000000000e+02
2.140300000000000011e+02
2.141500000000000057e+02
2.142000000000000171e+02
2.143700000000000045e+02
2.150699999999999932e+02
2.153100000000000023e+02
2.156800000000000068e+02
2.160800000000000125e+02
2.163600000000000136e+02
2.166599999999999966e+02
2.171899999999999977e+02
2.226899999999999977e+02
2.230099999999999909e+02
2.237100000000000080e+02
2.244900000000000091e+02
2.246400000000000148e+02
2.251700000000000159e+02
2.251899999999999977e+02
2.252199999999999989e+02
2.253900000000000148e+02
2.261700000000000159e+02
2.269800000000000182e+02
2.282800000000000011e+02
2.324500000000000171e+02
2.324900000000000091e+02
2.334099999999999966e+02
2.334099999999999966e+02
2.337000000000000171e+02
2.339200000000000159e+02
2.340300000000000011e+02
2.343700000000000045e+02
2.354800000000000182e+02
2.356899999999999977e+02
2.359900000000000091e+02
2.380300000000000011e+02
2.425999999999999943e+02
2.427599999999999909e+02
2.430600000000000023e+02
2.430900000000000034e+02
2.432800000000000011e+02
2.433799999999999955e+02
2.434399999999999977e+02
2.437800000000000011e+02
2.450999999999999943e+02
2.455099999999999909e+02
2.523700000000000045e+02
2.527600000000000193e+02
2.531599999999999966e+02
2.538100000000000023e+02
2.539600000000000080e+02
2.540800000000000125e+02
2.544000000000000057e+02
2.548000000000000114e+02
2.550399999999999920e+02
2.560000000000000000e+02
2.562699999999999818e+02
2.568799999999999955e+02
2.630000000000000000e+02
2.636800000000000068e+02
2.638500000000000227e+02
2.643700000000000045e+02
2.645300000000000296e+02
2.651700000000000159e+02
2.661000000000000227e+02
2.661800000000000068e+02
2.671499999999999773e+02
2.710799999999999841e+02
2.721499999999999773e+02
2.722800000000000296e+02
2.729599999999999795e+02
2.735900000000000318e+02
2.736500000000000341e+02
2.741299999999999955e+02
2.743899999999999864e+02
2.746399999999999864e+02
2.746600000000000250e+02
2.747699999999999818e+02
2.755400000000000205e+02
2.761600000000000250e+02
2.770699999999999932e+02
2.774100000000000250e+02
2.779800000000000182e+02
2.809800000000000182e+02
2.816700000000000159e+02
2.829700000000000273e+02
2.831100000000000136e+02
2.834800000000000182e+02
2.835900000000000318e+02
2.838500000000000227e+02
2.840799999999999841e+02
2.841999999999999886e+02
2.842200000000000273e+02
2.843500000000000227e+02
2.850199999999999818e+02
2.851399999999999864e+02
2.856000000000000227e+02
2.858000000000000114e+02
2.869000000000000341e+02
2.917500000000000000e+02
2.918600000000000136e+02
2.919000000000000341e+02
2.920099999999999909e+02
2.923400000000000318e+02
2.924100000000000250e+02
2.930000000000000000e+02
2.942800000000000296e+02
2.947800000000000296e+02
2.958199999999999932e+02
2.960600000000000023e+02
2.963600000000000136e+02
2.966999999999999886e+02
3.014399999999999977e+02
3.035699999999999932e+02
3.035900000000000318e+02
3.039200000000000159e+02
3.040099999999999909e+02
3.040699999999999932e+02
3.041800000000000068e+02
3.048100000000000023e+02
3.054000000000000341e+02
3.061899999999999977e+02
3.070300000000000296e+02
3.073299999999999841e+02
3.076399999999999864e+02
3.120500000000000114e+02
3.124800000000000182e+02
3.128500000000000227e+02
3.136500000000000341e+02
3.139200000000000159e+02
3.141100000000000136e+02
3.150099999999999909e+02
3.160500000000000114e+02
3.164599999999999795e+02
3.171800000000000068e+02
3.213700000000000045e+02
3.236299999999999955e+02
3.241200000000000045e+02
3.255199999999999818e+02
3.259900000000000091e+02
3.261500000000000341e+02
3.315799999999999841e+02
3.319300000000000068e+02
3.329399999999999977e+02
3.336000000000000227e+02
3.339800000000000182e+02
3.341000000000000227e+02
3.352300000000000182e+02
3.353199999999999932e+02
3.369399999999999977e+02
3.421700000000000159e+02
3.424000000000000341e+02
3.424200000000000159e+02
3.425199999999999818e+02
3.427200000000000273e+02
3.429000000000000341e+02
3.435199999999999818e+02
3.439900000000000091e+02
3.448700000000000045e+02
3.456500000000000341e+02
3.457400000000000091e+02
3.514800000000000182e+02
3.518899999999999864e+02
3.520699999999999932e+02
3.521800000000000068e+02
3.530900000000000318e+02
3.531899999999999977e+02
3.533400000000000318e+02
3.550500000000000114e+02
3.555099999999999909e+02
3.563199999999999932e+02
3.583400000000000318e+02
3.592699999999999818e+02
3.616100000000000136e+02
3.622800000000000296e+02
3.627599999999999909e+02
3.631899999999999977e+02
3.644100000000000250e+02
3.645500000000000114e+02
3.646200000000000045e+02
3.646600000000000250e+02
3.658299999999999841e+02
3.699800000000000182e+02
3.720500000000000114e+02
3.729000000000000341e+02
3.734000000000000341e+02
3.736299999999999955e+02
3.736600000000000250e+02
3.745600000000000023e+02
3.749499999999999886e+02
3.757900000000000205e+02
3.761800000000000068e+02
3.805799999999999841e+02
3.807300000000000182e+02
3.815400000000000205e+02
3.822900000000000205e+02
3.825900000000000318e+02
3.830300000000000296e+02
3.831999999999999886e+02
3.834900000000000091e+02
3.841100000000000136e+02
3.847599999999999909e+02
3.851000000000000227e+02
3.861700000000000159e+02
3.864499999999999886e+02
3.871700000000000159e+02
3.915199999999999818e+02
3.918899999999999864e+02
3.925699999999999932e+02
3.926399999999999864e+02
3.935799999999999841e+02
3.936299999999999955e+02
3.948600000000000136e+02
3.952699999999999818e+02
3.957800000000000296e+02
3.969900000000000091e+02
4.022800000000000296e+02
4.028899999999999864e+02
4.034700000000000273e+02
4.048600000000000136e+02
4.054200000000000159e+02
4.055400000000000205e+02
4.060199999999999818e+02
4.075400000000000205e+02
4.082900000000000205e+02
4.102900000000000205e+02
4.114499999999999886e+02
4.115699999999999932e+02
4.116800000000000068e+02
4.121999999999999886e+02
4.126299999999999955e+02
4.131399999999999864e+02
4.140099999999999909e+02
4.141100000000000136e+02
4.142599999999999909e+02
4.143600000000000136e+02
4.153799999999999955e+02
4.155799999999999841e+02
4.156600000000000250e+02
4.175400000000000205e+02
4.183199999999999932e+02
4.219600000000000364e+02
4.219800000000000182e+02
4.230900000000000318e+02
4.237500000000000000e+02
4.240199999999999818e+02
4.241100000000000136e+02
4.248100000000000023e+02
4.257200000000000273e+02
4.262800000000000296e+02
4.266000000000000227e+02
4.277599999999999909e+02
4.310400000000000205e+02
4.316800000000000068e+02
4.321700000000000159e+02
4.331000000000000227e+02
4.349600000000000364e+02
4.351200000000000045e+02
4.361100000000000136e+02
4.362400000000000091e+02
4.425000000000000000e+02
4.427300000000000182e+02
4.428299999999999841e+02
4.430000000000000000e+02
4.441500000000000341e+02
4.450300000000000296e+02
4.451899999999999977e+02
4.452100000000000364e+02
4.460199999999999818e+02
4.465600000000000023e+02
4.471299999999999955e+02
4.506600000000000250e+02
4.526600000000000250e+02
4.526800000000000068e+02
4.530600000000000023e+02
4.539399999999999977e+02
4.540699999999999932e+02
4.551999999999999886e+02
4.555500000000000114e+02
4.555900000000000318e+02
4.598000000000000114e+02
4.613700000000000045e+02
4.614800000000000182e+02
4.617599999999999909e+02
4.619900000000000091e+02
4.621800000000000068e+02
4.626100000000000136e+02
4.632300000000000182e+02
4.632500000000000000e+02
4.639300000000000068e+02
4.654000000000000341e+02
4.654399999999999977e+02
4.657100000000000364e+02
4.667599999999999909e+02
4.674399999999999977e+02
4.675900000000000318e+02
4.686700000000000159e+02
4.711200000000000045e+02
4.715900000000000318e+02
4.716999999999999886e+02
4.731600000000000250e+02
4.738500000000000227e+02
4.739200000000000159e+02
4.740099999999999909e+02
4.740699999999999932e+02
4.749399999999999977e+02
4.756299999999999955e+02
4.761899999999999977e+02
4.774399999999999977e+02
4.808899999999999864e+02
4.816999999999999886e+02
4.823899999999999864e+02
4.834499999999999886e+02
4.834900000000000091e+02
4.835699999999999932e+02
4.844900000000000091e+02
4.845799999999999841e+02
4.850699999999999932e+02
4.856600000000000250e+02
4.857500000000000000e+02
4.902100000000000364e+02
4.903400000000000318e+02
4.935600000000000023e+02
4.939100000000000250e+02
4.939600000000000364e+02
4.949700000000000273e+02
4.955799999999999841e+02
4.965099999999999909e+02
5.015500000000000114e+02
5.017100000000000364e+02
5.029600000000000364e+02
5.031399999999999864e+02
5.033299999999999841e+02
5.036800000000000068e+02
5.051100000000000136e+02
5.059700000000000273e+02
5.060000000000000000e+02
5.070600000000000023e+02
5.072500000000000000e+02
5.073600000000000136e+02
5.098199999999999932e+02
5.099100000000000250e+02
5.113700000000000045e+02
5.120299999999999727e+02
5.126000000000000227e+02
5.147300000000000182e+02
5.161699999999999591e+02
5.190499999999999545e+02
5.197899999999999636e+02
5.221599999999999682e+02
5.229900000000000091e+02
5.235600000000000591e+02
5.235800000000000409e+02
5.247699999999999818e+02
5.250399999999999636e+02
5.257000000000000455e+02
5.261299999999999955e+02
5.269900000000000091e+02
5.273100000000000591e+02
5.282400000000000091e+02
5.320099999999999909e+02
5.320600000000000591e+02
5.320800000000000409e+02
5.330600000000000591e+02
5.331599999999999682e+02
5.333700000000000045e+02
5.341200000000000045e+02
5.341299999999999955e+02
5.343700000000000045e+02
5.353700000000000045e+02
5.356100000000000136e+02
5.360700000000000500e+02
5.366699999999999591e+02
5.370600000000000591e+02
5.376299999999999955e+02
5.385800000000000409e+02
5.415199999999999818e+02
5.419700000000000273e+02
5.425700000000000500e+02
5.444700000000000273e+02
5.462799999999999727e+02
5.466599999999999682e+02
5.489300000000000637e+02
5.500500000000000682e+02
5.505600000000000591e+02
5.510600000000000591e+02
5.520600000000000591e+02
5.522799999999999727e+02
5.525700000000000500e+02
5.545900000000000318e+02
5.550099999999999909e+02
5.550900000000000318e+02
5.560000000000000000e+02
5.563700000000000045e+02
5.565900000000000318e+02
5.572799999999999727e+02
5.577400000000000091e+02
5.579400000000000546e+02
5.585600000000000591e+02
5.593999999999999773e+02
5.595199999999999818e+02
5.608300000000000409e+02
5.611499999999999773e+02
5.619500000000000455e+02
5.630900000000000318e+02
5.634900000000000091e+02
5.639700000000000273e+02
5.643400000000000318e+02
5.652200000000000273e+02
5.655700000000000500e+02
5.680099999999999909e+02
5.690700000000000500e+02
5.699300000000000637e+02
5.715000000000000000e+02
5.715099999999999909e+02
5.716699999999999591e+02
5.726299999999999955e+02
5.730099999999999909e+02
5.730399999999999636e+02
5.738600000000000136e+02
5.750399999999999636e+02
5.751399999999999864e+02
5.755000000000000000e+02
5.775099999999999909e+02
5.784500000000000455e+02
5.799800000000000182e+02
5.819099999999999682e+02
5.838300000000000409e+02
5.844700000000000273e+02
5.860299999999999727e+02
5.901200000000000045e+02
5.901699999999999591e+02
5.917500000000000000e+02
5.924700000000000273e+02
5.935800000000000409e+02
5.943799999999999955e+02
5.954600000000000364e+02
5.958500000000000227e+02
5.978799999999999955e+02
6.000099999999999909e+02
6.017500000000000000e+02
6.018899999999999864e+02
6.022100000000000364e+02
6.031100000000000136e+02
6.033500000000000227e+02
6.040800000000000409e+02
6.053700000000000045e+02
6.053999999999999773e+02
6.071000000000000227e+02
6.073600000000000136e+02
6.082899999999999636e+02
6.088300000000000409e+02
6.090299999999999727e+02
6.097899999999999636e+02
6.106299999999999955e+02
6.110500000000000682e+02
6.121200000000000045e+02
6.131299999999999955e+02
6.133400000000000318e+02
6.143200000000000500e+02
6.145299999999999727e+02
6.146399999999999864e+02
6.166900000000000546e+02
6.209400000000000546e+02
6.212400000000000091e+02
6.220299999999999727e+02
6.223799999999999955e+02
6.224900000000000091e+02
6.242699999999999818e+02
6.245700000000000500e+02
6.246599999999999682e+02
6.271399999999999864e+02
6.282599999999999909e+02
6.296499999999999773e+02
6.297300000000000182e+02
6.304500000000000455e+02
6.313700000000000045e+02
6.331000000000000227e+02
6.334600000000000364e+02
6.338000000000000682e+02
6.339800000000000182e+02
6.349800000000000182e+02
6.359500000000000455e+02
6.361800000000000637e+02
6.367000000000000455e+02
6.373000000000000682e+02
6.389500000000000455e+02
6.392300000000000182e+02
6.393200000000000500e+02
6.410700000000000500e+02
6.413000000000000682e+02
6.432000000000000455e+02
6.438899999999999864e+02
6.443300000000000409e+02
6.469300000000000637e+02
6.490399999999999636e+02
6.496299999999999955e+02
6.520700000000000500e+02
6.522500000000000000e+02
6.522599999999999909e+02
6.553700000000000045e+02
6.555000000000000000e+02
6.556900000000000546e+02
6.558999999999999773e+02
6.561699999999999591e+02
6.563899999999999864e+02
6.570800000000000409e+02
6.572599999999999909e+02
6.596299999999999955e+02
6.602400000000000091e+02
6.628200000000000500e+02
6.628700000000000045e+02
6.642200000000000273e+02
6.645700000000000500e+02
6.647200000000000273e+02
6.651100000000000136e+02
6.660700000000000500e+02
6.670399999999999636e+02
6.681599999999999682e+02
6.681699999999999591e+02
6.753300000000000409e+02
6.756599999999999682e+02
6.780500000000000682e+02
6.802699999999999818e+02
6.813200000000000500e+02
6.818500000000000227e+02
6.820600000000000591e+02
6.834800000000000182e+02
6.846399999999999864e+02
6.852699999999999818e+02
6.883600000000000136e+02
6.887300000000000182e+02
6.891800000000000637e+02
6.898500000000000227e+02
6.903999999999999773e+02
6.918700000000000045e+02
6.926100000000000136e+02
6.933899999999999864e+02
6.940099999999999909e+02
6.957500000000000000e+02
6.960199999999999818e+02
6.986000000000000227e+02
6.988600000000000136e+02
6.988899999999999864e+02
6.996599999999999682e+02
6.999500000000000455e+02
7.019600000000000364e+02
7.035099999999999909e+02
7.038500000000000227e+02
7.046599999999999682e+02
7.046699999999999591e+02
7.051299999999999955e+02
7.059400000000000546e+02
7.068300000000000409e+02
7.070600000000000591e+02
7.073200000000000500e+02
7.077500000000000000e+02
7.091499999999999773e+02
7.101499999999999773e+02
7.107000000000000455e+02
7.108100000000000591e+02
7.117899999999999636e+02
7.124600000000000364e+02
7.129300000000000637e+02
7.135299999999999727e+02
7.144300000000000637e+02
7.183799999999999955e+02
7.183899999999999864e+02
7.185700000000000500e+02
7.190299999999999727e+02
7.231000000000000227e+02
7.236499999999999773e+02
7.238700000000000045e+02
7.241599999999999682e+02
7.257599999999999909e+02
7.260000000000000000e+02
7.263000000000000682e+02
7.279600000000000364e+02
7.281599999999999682e+02
7.284500000000000455e+02
7.286000000000000227e+02
7.296100000000000136e+02
7.303400000000000318e+02
7.319199999999999591e+02
7.326599999999999682e+02
7.332899999999999636e+02
7.342699999999999818e+02
7.359400000000000546e+02
7.361499999999999773e+02
7.361699999999999591e+02
7.388100000000000591e+02
7.411900000000000546e+02
7.416299999999999955e+02
7.422899999999999636e+02
7.426299999999999955e+02
7.428700000000000045e+02
7.445099999999999909e+02
7.455099999999999909e+02
7.461599999999999682e+02
7.461900000000000546e+02
7.477000000000000455e+02
7.502899999999999636e+02
7.507100000000000364e+02
7.532899999999999636e+02
7.533600000000000136e+02
7.535199999999999818e+02
7.541900000000000546e+02
7.554700000000000273e+02
7.574199999999999591e+02
7.576499999999999773e+02
7.596000000000000227e+02
7.596599999999999682e+02
7.603100000000000591e+02
7.611599999999999682e+02
7.613899999999999864e+02
7.622300000000000182e+02
7.624300000000000637e+02
7.648799999999999955e+02
7.652100000000000364e+02
7.653899999999999864e+02
7.666299999999999955e+02
7.671399999999999864e+02
7.679900000000000091e+02
7.683500000000000227e+02
7.691399999999999864e+02
7.694200000000000728e+02
7.707500000000000000e+02
7.715399999999999636e+02
7.723000000000000682e+02
7.727599999999999909e+02
7.752200000000000273e+02
7.753600000000000136e+02
7.766800000000000637e+02
7.781599999999999682e+02
7.783899999999999864e+02
7.804900000000000091e+02
7.816399999999999864e+02
7.818300000000000409e+02
7.831000000000000227e+02
7.834099999999999682e+02
7.836599999999999682e+02
7.856900000000000546e+02
7.868500000000000227e+02
7.885800000000000409e+02
7.896800000000000637e+02
7.919900000000000091e+02
7.945500000000000682e+02
7.946100000000000136e+02
7.947799999999999727e+02
7.966700000000000728e+02
7.967899999999999636e+02
7.975099999999999909e+02
8.001200000000000045e+02
8.001599999999999682e+02
8.006100000000000136e+02
8.025299999999999727e+02
8.034099999999999682e+02
8.036499999999999773e+02
8.040900000000000318e+02
8.049700000000000273e+02
8.061399999999999864e+02
8.066700000000000728e+02
8.073300000000000409e+02
8.085199999999999818e+02
8.092100000000000364e+02
8.097400000000000091e+02
8.101200000000000045e+02
8.102500000000000000e+02
8.113500000000000227e+02
8.119900000000000091e+02
8.123600000000000136e+02
8.128400000000000318e+02
8.139500000000000455e+02
8.144700000000000273e+02
8.152799999999999727e+02
8.159900000000000091e+02
8.184099999999999682e+02
8.195800000000000409e+02
8.201000000000000227e+02
8.201100000000000136e+02
8.222699999999999818e+02
8.231299999999999955e+02
8.256100000000000136e+02
8.262699999999999818e+02
8.264600000000000364e+02
8.268400000000000318e+02
8.282100000000000364e+02
8.289900000000000091e+02
8.290500000000000682e+02
8.303999999999999773e+02
8.319400000000000546e+02
8.324700000000000273e+02
8.327400000000000091e+02
8.329700000000000273e+02
8.342899999999999636e+02
8.352400000000000091e+02
8.353400000000000318e+02
8.370000000000000000e+02
8.376599999999999682e+02
8.387400000000000091e+02
8.393400000000000318e+02
8.397899999999999636e+02
8.400600000000000591e+02
8.410299999999999727e+02
8.411599999999999682e+02
8.423400000000000318e+02
8.430700000000000500e+02
8.431399999999999864e+02
8.448200000000000500e+02
8.451299999999999955e+02
8.473899999999999864e+02
8.481200000000000045e+02
8.496900000000000546e+02
8.499099999999999682e+02
8.502599999999999909e+02
8.504400000000000546e+02
8.523500000000000227e+02
8.524800000000000182e+02
8.545500000000000682e+02
8.546800000000000637e+02
8.558700000000000045e+02
8.559900000000000091e+02
8.577200000000000273e+02
8.589900000000000091e+02
8.595099999999999909e+02
8.597899999999999636e+02
8.610199999999999818e+02
8.611299999999999955e+02
8.614400000000000546e+02
8.622400000000000091e+02
8.627300000000000182e+02
8.635299999999999727e+02
8.638200000000000500e+02
8.644099999999999682e+02
8.650700000000000500e+02
8.660399999999999636e+02
8.661000000000000227e+02
8.662000000000000455e+02
8.662500000000000000e+02
8.666100000000000136e+02
8.671900000000000546e+02
8.680399999999999636e+02
8.696700000000000728e+02
8.697500000000000000e+02
8.702200000000000273e+02
8.707500000000000000e+02
8.722000000000000455e+02
8.732599999999999909e+02
8.749400000000000546e+02
8.764300000000000637e+02
8.776499999999999773e+02
8.788400000000000318e+02
8.792400000000000091e+02
8.797699999999999818e+02
8.810299999999999727e+02
8.814099999999999682e+02
8.820600000000000591e+02
8.855900000000000318e+02
8.858799999999999955e+02
8.876900000000000546e+02
8.880099999999999909e+02
8.881200000000000045e+02
8.888400000000000318e+02
8.894200000000000728e+02
8.901800000000000637e+02
8.906200000000000045e+02
8.909600000000000364e+02
8.932799999999999727e+02
8.950600000000000591e+02
8.952599999999999909e+02
8.953000000000000682e+02
8.972899999999999636e+02
8.986299999999999955e+02
8.996200000000000045e+02
9.011100000000000136e+02
9.013600000000000136e+02
9.014300000000000637e+02
9.026000000000000227e+02
9.027599999999999909e+02
9.041100000000000136e+02
9.045000000000000000e+02
9.065700000000000500e+02
9.066800000000000637e+02
9.068999999999999773e+02
9.070900000000000318e+02
9.092699999999999818e+02
9.135900000000000318e+02
9.136100000000000136e+02
9.140700000000000500e+02
9.153100000000000591e+02
9.159099999999999682e+02
9.160700000000000500e+02
9.183600000000000136e+02
9.196100000000000136e+02
9.201800000000000637e+02
9.204099999999999682e+02
9.204200000000000728e+02
9.223999999999999773e+02
9.246499999999999773e+02
9.248100000000000591e+02
9.258999999999999773e+02
9.259800000000000182e+02
9.268799999999999955e+02
9.287500000000000000e+02
9.290800000000000409e+02
9.293999999999999773e+02
9.306599999999999682e+02
9.322899999999999636e+02
9.334300000000000637e+02
9.336900000000000546e+02
9.347899999999999636e+02
9.348000000000000682e+02
9.357699999999999818e+02
9.358500000000000227e+02
9.370600000000000591e+02
9.382300000000000182e+02
9.384600000000000364e+02
9.390000000000000000e+02
9.391800000000000637e+02
9.400199999999999818e+02
9.416399999999999864e+02
9.430700000000000500e+02
9.438100000000000591e+02
9.452400000000000091e+02
9.455000000000000000e+02
9.456399999999999864e+02
9.457000000000000455e+02
9.467100000000000364e+02
9.476499999999999773e+02
9.495000000000000000e+02
9.496700000000000728e+02
9.514400000000000546e+02
9.528700000000000045e+02
9.538899999999999864e+02
9.559900000000000091e+02
9.564099999999999682e+02
9.565700000000000500e+02
9.585099999999999909e+02
9.608300000000000409e+02
9.618600000000000136e+02
9.626000000000000227e+02
9.638200000000000500e+02
9.644300000000000637e+02
9.661100000000000136e+02
9.690600000000000591e+02
9.706599999999999682e+02
9.707699999999999818e+02
9.713500000000000227e+02
9.730600000000000591e+02
9.732899999999999636e+02
9.746499999999999773e+02
9.747200000000000273e+02
9.767500000000000000e+02
9.778700000000000045e+02
9.786700000000000728e+02
9.793400000000000318e+02
9.799400000000000546e+02
9.803999999999999773e+02
9.810299999999999727e+02
9.844700000000000273e+02
9.854099999999999682e+02
9.854400000000000546e+02
9.869300000000000637e+02
9.872799999999999727e+02
9.896499999999999773e+02
9.902400000000000091e+02
9.906399999999999864e+02
9.929200000000000728e+02
9.959800000000000182e+02
9.963700000000000045e+02
9.971700000000000728e+02
9.976399999999999864e+02
9.993200000000000500e+02
