4.900000000000000355e+00
5.000000000000000000e+00
1.525000000000000000e+01
1.555000000000000071e+01
2.489000000000000057e+01
2.553999999999999915e+01
3.528999999999999915e+01
4.592000000000000171e+01
5.480000000000000426e+01
6.523999999999999488e+01
7.510000000000000853e+01
8.514000000000000057e+01
8.545000000000000284e+01
9.504000000000000625e+01
1.047800000000000011e+02
1.142800000000000011e+02
1.160100000000000051e+02
1.251099999999999994e+02
1.252800000000000011e+02
1.352299999999999898e+02
1.454500000000000171e+02
1.552700000000000102e+02
1.557199999999999989e+02
1.652599999999999909e+02
1.749699999999999989e+02
1.850399999999999920e+02
1.856200000000000045e+02
1.951100000000000136e+02
1.951400000000000148e+02
2.051100000000000136e+02
2.057800000000000011e+02
2.154200000000000159e+02
2.268400000000000034e+02
2.364300000000000068e+02
2.450399999999999920e+02
2.558400000000000034e+02
2.666499999999999773e+02
2.758000000000000114e+02
2.854100000000000250e+02
2.960199999999999818e+02
3.047500000000000000e+02
3.062599999999999909e+02
3.153600000000000136e+02
3.257400000000000091e+02
3.365099999999999909e+02
3.457099999999999795e+02
3.561299999999999955e+02
3.759300000000000068e+02
3.966600000000000250e+02
4.012699999999999818e+02
4.040900000000000318e+02
4.065699999999999932e+02
4.114800000000000182e+02
4.153600000000000136e+02
4.257699999999999818e+02
4.297900000000000205e+02
4.357300000000000182e+02
4.439100000000000250e+02
4.461700000000000159e+02
4.559300000000000068e+02
4.607800000000000296e+02
4.642900000000000205e+02
4.666399999999999864e+02
4.771200000000000045e+02
4.864300000000000068e+02
4.961200000000000045e+02
5.065600000000000023e+02
5.135600000000000591e+02
5.207400000000000091e+02
5.245600000000000591e+02
5.266000000000000227e+02
5.364700000000000273e+02
5.469800000000000182e+02
5.558500000000000227e+02
5.656299999999999955e+02
5.760900000000000318e+02
5.937500000000000000e+02
5.956200000000000045e+02
6.063500000000000227e+02
6.234500000000000455e+02
6.349800000000000182e+02
6.460199999999999818e+02
6.551000000000000227e+02
6.638899999999999864e+02
6.657300000000000182e+02
6.764900000000000091e+02
6.854400000000000546e+02
7.058899999999999864e+02
7.172500000000000000e+02
7.268200000000000500e+02
7.369300000000000637e+02
7.434500000000000455e+02
7.474700000000000273e+02
7.572200000000000273e+02
7.659500000000000455e+02
7.772300000000000182e+02
7.778999999999999773e+02
7.828400000000000318e+02
7.959500000000000455e+02
8.063500000000000227e+02
8.162699999999999818e+02
8.273600000000000136e+02
8.362599999999999909e+02
8.381200000000000045e+02
8.388799999999999955e+02
8.458100000000000591e+02
8.578999999999999773e+02
8.673100000000000591e+02
8.732500000000000000e+02
8.824700000000000273e+02
8.868000000000000682e+02
8.963400000000000318e+02
9.037000000000000455e+02
9.062699999999999818e+02
9.163400000000000318e+02
9.280700000000000500e+02
9.356000000000000227e+02
9.466000000000000227e+02
9.557599999999999909e+02
9.578799999999999955e+02
9.655700000000000500e+02
9.756399999999999864e+02
9.851700000000000728e+02
9.864400000000000546e+02
4.900000000000000355e+00
5.009999999999999787e+00
5.990000000000000213e+00
1.526999999999999957e+01
1.614000000000000057e+01
2.491000000000000014e+01
2.530000000000000071e+01
3.528999999999999915e+01
3.523000000000000398e+01
4.453000000000000114e+01
4.596999999999999886e+01
5.467000000000000171e+01
5.481000000000000227e+01
6.440000000000000568e+01
6.548000000000000398e+01
7.462999999999999545e+01
7.518000000000000682e+01
8.498999999999999488e+01
8.551000000000000512e+01
9.453000000000000114e+01
1.041700000000000017e+02
1.047800000000000011e+02
1.062500000000000000e+02
1.145000000000000000e+02
1.160400000000000063e+02
1.172999999999999972e+02
1.249399999999999977e+02
1.252999999999999972e+02
1.348799999999999955e+02
1.353000000000000114e+02
1.443300000000000125e+02
1.454699999999999989e+02
1.537700000000000102e+02
1.553000000000000114e+02
1.639900000000000091e+02
1.652800000000000011e+02
1.660500000000000114e+02
1.735999999999999943e+02
1.749799999999999898e+02
1.763000000000000114e+02
1.850999999999999943e+02
1.856400000000000148e+02
1.951400000000000148e+02
2.041700000000000159e+02
2.058300000000000125e+02
2.141800000000000068e+02
2.154300000000000068e+02
2.240699999999999932e+02
2.334399999999999977e+02
2.366400000000000148e+02
2.442100000000000080e+02
2.450600000000000023e+02
2.545699999999999932e+02
2.558600000000000136e+02
2.635400000000000205e+02
2.731000000000000227e+02
2.758500000000000227e+02
2.759900000000000091e+02
2.826899999999999977e+02
2.847500000000000000e+02
2.854200000000000159e+02
2.929700000000000273e+02
2.960500000000000114e+02
3.026700000000000159e+02
3.052900000000000205e+02
3.062900000000000205e+02
3.127699999999999818e+02
3.153700000000000045e+02
3.233700000000000045e+02
3.257599999999999909e+02
3.351100000000000136e+02
3.434599999999999795e+02
3.457400000000000091e+02
3.529499999999999886e+02
3.551100000000000136e+02
3.561700000000000159e+02
3.633199999999999932e+02
3.727599999999999909e+02
3.833000000000000114e+02
3.926200000000000045e+02
3.966899999999999977e+02
4.013100000000000023e+02
4.026500000000000341e+02
4.052200000000000273e+02
4.065900000000000318e+02
4.115000000000000000e+02
4.124800000000000182e+02
4.153899999999999864e+02
4.222800000000000296e+02
4.257800000000000296e+02
4.298000000000000114e+02
4.336899999999999977e+02
4.359100000000000250e+02
4.433299999999999841e+02
4.461800000000000068e+02
4.534300000000000068e+02
4.559600000000000364e+02
4.607900000000000205e+02
4.628500000000000227e+02
4.714900000000000091e+02
4.771600000000000250e+02
4.819499999999999886e+02
4.865799999999999841e+02
4.922300000000000182e+02
4.961700000000000159e+02
5.027500000000000000e+02
5.118500000000000227e+02
5.207999999999999545e+02
5.220299999999999727e+02
5.266299999999999955e+02
5.320900000000000318e+02
5.364900000000000091e+02
5.421900000000000546e+02
5.443799999999999955e+02
5.472500000000000000e+02
5.512200000000000273e+02
5.558999999999999773e+02
5.620500000000000682e+02
5.657300000000000182e+02
5.724900000000000091e+02
5.761299999999999955e+02
5.914700000000000273e+02
5.956499999999999773e+02
6.027200000000000273e+02
6.063700000000000045e+02
6.127699999999999818e+02
6.213500000000000227e+02
6.310000000000000000e+02
6.350000000000000000e+02
6.423999999999999773e+02
6.460600000000000591e+02
6.505800000000000409e+02
6.551100000000000136e+02
6.608500000000000227e+02
6.657799999999999727e+02
6.709800000000000182e+02
6.765399999999999636e+02
6.854500000000000455e+02
6.910099999999999909e+02
7.008999999999999773e+02
7.059099999999999682e+02
7.101900000000000546e+02
7.218200000000000500e+02
7.268700000000000045e+02
7.305399999999999636e+02
7.329099999999999682e+02
7.369500000000000455e+02
7.402599999999999909e+02
7.423000000000000682e+02
7.474900000000000091e+02
7.516000000000000227e+02
7.602599999999999909e+02
7.659700000000000273e+02
7.695000000000000000e+02
7.779099999999999682e+02
7.804099999999999682e+02
7.906700000000000728e+02
7.959700000000000273e+02
8.011499999999999773e+02
8.064300000000000637e+02
8.208899999999999864e+02
8.274099999999999682e+02
8.297599999999999909e+02
8.326299999999999955e+02
8.362699999999999818e+02
8.381299999999999955e+02
8.397599999999999909e+02
8.458200000000000500e+02
8.506100000000000136e+02
8.609400000000000546e+02
8.673600000000000136e+02
8.791900000000000546e+02
8.868300000000000409e+02
8.890500000000000682e+02
8.963600000000000136e+02
8.997899999999999636e+02
9.023600000000000136e+02
9.063100000000000591e+02
9.102500000000000000e+02
9.163600000000000136e+02
9.184200000000000728e+02
9.215199999999999818e+02
9.356599999999999682e+02
9.399400000000000546e+02
9.466200000000000045e+02
9.492000000000000455e+02
9.557699999999999818e+02
9.580800000000000409e+02
9.602100000000000364e+02
9.698000000000000682e+02
9.756499999999999773e+02
9.799300000000000637e+02
9.851700000000000728e+02
9.864700000000000273e+02
9.904700000000000273e+02
9.990299999999999727e+02
4.900000000000000355e+00
5.020000000000000462e+00
6.219999999999999751e+00
1.528000000000000114e+01
1.614999999999999858e+01
2.492999999999999972e+01
2.532000000000000028e+01
3.530000000000000426e+01
3.528000000000000114e+01
4.455000000000000426e+01
5.478999999999999915e+01
5.482000000000000028e+01
6.443999999999999773e+01
6.629000000000000625e+01
7.464000000000000057e+01
7.540000000000000568e+01
8.501999999999999602e+01
8.562000000000000455e+01
9.457999999999999829e+01
1.042199999999999989e+02
1.047800000000000011e+02
1.063299999999999983e+02
1.145400000000000063e+02
1.160799999999999983e+02
1.249900000000000091e+02
1.253200000000000074e+02
1.349200000000000159e+02
1.364099999999999966e+02
1.443400000000000034e+02
1.454799999999999898e+02
1.539200000000000159e+02
1.553199999999999932e+02
1.640099999999999909e+02
1.653100000000000023e+02
1.660800000000000125e+02
1.736200000000000045e+02
1.749900000000000091e+02
1.851400000000000148e+02
1.856700000000000159e+02
1.951700000000000159e+02
2.042199999999999989e+02
2.142100000000000080e+02
2.154399999999999977e+02
2.240900000000000034e+02
2.334500000000000171e+02
2.366899999999999977e+02
2.442300000000000182e+02
2.450800000000000125e+02
2.546299999999999955e+02
2.558799999999999955e+02
2.635500000000000114e+02
2.731399999999999864e+02
2.758899999999999864e+02
2.827300000000000182e+02
2.848000000000000114e+02
2.854300000000000068e+02
2.929800000000000182e+02
2.960900000000000318e+02
3.027200000000000273e+02
3.063199999999999932e+02
3.128299999999999841e+02
3.153899999999999864e+02
3.233799999999999955e+02
3.257699999999999818e+02
3.435099999999999909e+02
3.529599999999999795e+02
3.551299999999999955e+02
3.565400000000000205e+02
3.635099999999999909e+02
3.727699999999999818e+02
3.833799999999999955e+02
3.926700000000000159e+02
3.967699999999999818e+02
4.026700000000000159e+02
4.066200000000000045e+02
4.115300000000000296e+02
4.125000000000000000e+02
4.154300000000000068e+02
4.228700000000000045e+02
4.257900000000000205e+02
4.298100000000000023e+02
4.337599999999999909e+02
4.359700000000000273e+02
4.434000000000000341e+02
4.461899999999999977e+02
4.535600000000000023e+02
4.560000000000000000e+02
4.608000000000000114e+02
4.629200000000000159e+02
4.715199999999999818e+02
4.771800000000000068e+02
4.819499999999999886e+02
4.922500000000000000e+02
4.966100000000000136e+02
5.027800000000000296e+02
5.220299999999999727e+02
5.266599999999999682e+02
5.321399999999999864e+02
5.365099999999999909e+02
5.422000000000000455e+02
5.444700000000000273e+02
5.473600000000000136e+02
5.512200000000000273e+02
5.559500000000000455e+02
5.620600000000000591e+02
5.658200000000000500e+02
5.725199999999999818e+02
5.914800000000000182e+02
5.956900000000000546e+02
6.027500000000000000e+02
6.063799999999999955e+02
6.128700000000000045e+02
6.213700000000000045e+02
6.310500000000000682e+02
6.350199999999999818e+02
6.506100000000000136e+02
6.551200000000000045e+02
6.608799999999999955e+02
6.658200000000000500e+02
6.710099999999999909e+02
6.766800000000000637e+02
6.854700000000000273e+02
6.910500000000000682e+02
7.059199999999999591e+02
7.102000000000000455e+02
7.219600000000000364e+02
7.269099999999999682e+02
7.305399999999999636e+02
7.369700000000000273e+02
7.422699999999999818e+02
7.475299999999999727e+02
7.516499999999999773e+02
7.602699999999999818e+02
7.660000000000000000e+02
7.695299999999999727e+02
7.779200000000000728e+02
7.810399999999999636e+02
7.907400000000000091e+02
7.959800000000000182e+02
8.011800000000000637e+02
8.077699999999999818e+02
8.209700000000000273e+02
8.312200000000000273e+02
8.362899999999999636e+02
8.381299999999999955e+02
8.397799999999999727e+02
8.458300000000000409e+02
8.506499999999999773e+02
8.610399999999999636e+02
8.792300000000000182e+02
8.868799999999999955e+02
8.899200000000000728e+02
8.963700000000000045e+02
8.998200000000000500e+02
9.064600000000000364e+02
9.163899999999999864e+02
9.184700000000000273e+02
9.357300000000000182e+02
9.400099999999999909e+02
9.466499999999999773e+02
9.492300000000000182e+02
9.557899999999999636e+02
9.582000000000000455e+02
9.603999999999999773e+02
9.756700000000000728e+02
9.806700000000000728e+02
9.851700000000000728e+02
9.865099999999999909e+02
9.990900000000000318e+02
4.900000000000000355e+00
5.030000000000000249e+00
5.669999999999999929e+00
1.530000000000000071e+01
1.571000000000000085e+01
1.617000000000000171e+01
2.494999999999999929e+01
2.533000000000000185e+01
2.594999999999999929e+01
3.531000000000000227e+01
3.543999999999999773e+01
3.546000000000000085e+01
4.456000000000000227e+01
4.688000000000000256e+01
5.484000000000000341e+01
5.485000000000000142e+01
5.664000000000000057e+01
6.556000000000000227e+01
6.575000000000000000e+01
7.465000000000000568e+01
7.543000000000000682e+01
7.631000000000000227e+01
8.504999999999999716e+01
9.462000000000000455e+01
9.585000000000000853e+01
1.047900000000000063e+02
1.060600000000000023e+02
1.060600000000000023e+02
1.145799999999999983e+02
1.150100000000000051e+02
1.161400000000000006e+02
1.250300000000000011e+02
1.253400000000000034e+02
1.263700000000000045e+02
1.349499999999999886e+02
1.364399999999999977e+02
1.377299999999999898e+02
1.443499999999999943e+02
1.454900000000000091e+02
1.463700000000000045e+02
1.540000000000000000e+02
1.553499999999999943e+02
1.557299999999999898e+02
1.640399999999999920e+02
1.653400000000000034e+02
1.661500000000000057e+02
1.736400000000000148e+02
1.750000000000000000e+02
1.767800000000000011e+02
1.851800000000000068e+02
1.857000000000000171e+02
1.871200000000000045e+02
1.965500000000000114e+02
1.977199999999999989e+02
2.042599999999999909e+02
2.064399999999999977e+02
2.142400000000000091e+02
2.154500000000000171e+02
2.164099999999999966e+02
2.241100000000000136e+02
2.264099999999999966e+02
2.334699999999999989e+02
2.365600000000000023e+02
2.367899999999999920e+02
2.442500000000000000e+02
2.452899999999999920e+02
2.546599999999999966e+02
2.559000000000000057e+02
2.571299999999999955e+02
2.635600000000000023e+02
2.669599999999999795e+02
2.731800000000000068e+02
2.759399999999999977e+02
2.776000000000000227e+02
2.847099999999999795e+02
2.854499999999999886e+02
2.868899999999999864e+02
2.929800000000000182e+02
2.961399999999999864e+02
2.970699999999999932e+02
3.027900000000000205e+02
3.063500000000000227e+02
3.134700000000000273e+02
3.154200000000000159e+02
3.233899999999999864e+02
3.258000000000000114e+02
3.272400000000000091e+02
3.435699999999999932e+02
3.529700000000000273e+02
3.551700000000000159e+02
3.566700000000000159e+02
3.635799999999999841e+02
3.667699999999999818e+02
3.689499999999999886e+02
3.727699999999999818e+02
3.769700000000000273e+02
3.834399999999999977e+02
3.875099999999999909e+02
3.927400000000000091e+02
4.026999999999999886e+02
4.066700000000000159e+02
4.084399999999999977e+02
4.115600000000000023e+02
4.125199999999999818e+02
4.173899999999999864e+02
4.229499999999999886e+02
4.257900000000000205e+02
4.275500000000000114e+02
4.338299999999999841e+02
4.360300000000000296e+02
4.388700000000000045e+02
4.434900000000000091e+02
4.461999999999999886e+02
4.472200000000000273e+02
4.495199999999999818e+02
4.536700000000000159e+02
4.579600000000000364e+02
4.608199999999999932e+02
4.629600000000000364e+02
4.684100000000000250e+02
4.726399999999999864e+02
4.772200000000000273e+02
4.781399999999999864e+02
4.819600000000000364e+02
4.922900000000000205e+02
4.966500000000000341e+02
5.028100000000000023e+02
5.079900000000000091e+02
5.190600000000000591e+02
5.220399999999999636e+02
5.267000000000000455e+02
5.279600000000000364e+02
5.365299999999999727e+02
5.379199999999999591e+02
5.422100000000000364e+02
5.512300000000000182e+02
5.559900000000000091e+02
5.577000000000000455e+02
5.620800000000000409e+02
5.702000000000000455e+02
5.725399999999999636e+02
5.892300000000000182e+02
5.915000000000000000e+02
5.957300000000000182e+02
5.982899999999999636e+02
6.027699999999999818e+02
6.063999999999999773e+02
6.213799999999999955e+02
6.291800000000000637e+02
6.350500000000000682e+02
6.381399999999999864e+02
6.404300000000000637e+02
6.506599999999999682e+02
6.551299999999999955e+02
6.609500000000000455e+02
6.658500000000000227e+02
6.692799999999999727e+02
6.710299999999999727e+02
6.768999999999999773e+02
6.779300000000000637e+02
6.800600000000000591e+02
6.854800000000000182e+02
6.904300000000000637e+02
6.910800000000000409e+02
6.999199999999999591e+02
7.059300000000000637e+02
7.088799999999999955e+02
7.102100000000000364e+02
7.116100000000000136e+02
7.194500000000000455e+02
7.269400000000000546e+02
7.292000000000000455e+02
7.305500000000000682e+02
7.369800000000000182e+02
7.423000000000000682e+02
7.494300000000000637e+02
7.517000000000000455e+02
7.602799999999999727e+02
7.603799999999999955e+02
7.660399999999999636e+02
7.695700000000000500e+02
7.779200000000000728e+02
7.795099999999999909e+02
7.810800000000000409e+02
7.907599999999999909e+02
7.959900000000000091e+02
7.993200000000000500e+02
8.012200000000000273e+02
8.015299999999999727e+02
8.102100000000000364e+02
8.204700000000000273e+02
8.210500000000000682e+02
8.297200000000000273e+02
8.363200000000000500e+02
8.381399999999999864e+02
8.396299999999999955e+02
8.398100000000000591e+02
8.458400000000000318e+02
8.507000000000000455e+02
8.601000000000000227e+02
8.701399999999999864e+02
8.801900000000000546e+02
8.890800000000000409e+02
8.900000000000000000e+02
8.963999999999999773e+02
8.998799999999999955e+02
9.106800000000000637e+02
9.185099999999999909e+02
9.217100000000000364e+02
9.297000000000000455e+02
9.397300000000000182e+02
9.400600000000000591e+02
9.466700000000000728e+02
9.492500000000000000e+02
9.558000000000000682e+02
9.582500000000000000e+02
9.611900000000000546e+02
9.711599999999999682e+02
9.756900000000000546e+02
9.813300000000000409e+02
9.898300000000000409e+02
4.900000000000000355e+00
5.040000000000000036e+00
5.669999999999999929e+00
1.532000000000000028e+01
1.574000000000000021e+01
1.619000000000000128e+01
2.496999999999999886e+01
2.537000000000000099e+01
2.603999999999999915e+01
3.532000000000000028e+01
3.550000000000000000e+01
4.457999999999999829e+01
4.693999999999999773e+01
5.485999999999999943e+01
5.488000000000000256e+01
5.667000000000000171e+01
6.557000000000000739e+01
7.465999999999999659e+01
7.545000000000000284e+01
7.634000000000000341e+01
8.507999999999999829e+01
9.465999999999999659e+01
9.592000000000000171e+01
1.047900000000000063e+02
1.061200000000000045e+02
1.066400000000000006e+02
1.147699999999999960e+02
1.150199999999999960e+02
1.250900000000000034e+02
1.253599999999999994e+02
1.350099999999999909e+02
1.364799999999999898e+02
1.443600000000000136e+02
1.455000000000000000e+02
1.471100000000000136e+02
1.540500000000000114e+02
1.558300000000000125e+02
1.640900000000000034e+02
1.653700000000000045e+02
1.736500000000000057e+02
1.750000000000000000e+02
1.768100000000000023e+02
1.852199999999999989e+02
1.857400000000000091e+02
1.871899999999999977e+02
1.966400000000000148e+02
1.978100000000000023e+02
2.043000000000000114e+02
2.068900000000000148e+02
2.142599999999999909e+02
2.154699999999999989e+02
2.164300000000000068e+02
2.241200000000000045e+02
2.264300000000000068e+02
2.334900000000000091e+02
2.365800000000000125e+02
2.442700000000000102e+02
2.453100000000000023e+02
2.546899999999999977e+02
2.559300000000000068e+02
2.572900000000000205e+02
2.635699999999999932e+02
2.669800000000000182e+02
2.732200000000000273e+02
2.776200000000000045e+02
2.847599999999999909e+02
2.854700000000000273e+02
2.869300000000000068e+02
2.929900000000000091e+02
2.970900000000000318e+02
3.064000000000000341e+02
3.135300000000000296e+02
3.155799999999999841e+02
3.234100000000000250e+02
3.272699999999999818e+02
3.436100000000000136e+02
3.529800000000000182e+02
3.552200000000000273e+02
3.567200000000000273e+02
3.636299999999999955e+02
3.668000000000000114e+02
3.690699999999999932e+02
3.727699999999999818e+02
3.769900000000000091e+02
3.835099999999999909e+02
3.875300000000000296e+02
3.928000000000000114e+02
4.027200000000000273e+02
4.085099999999999909e+02
4.125500000000000114e+02
4.184900000000000091e+02
4.230099999999999909e+02
4.258100000000000023e+02
4.276299999999999955e+02
4.338899999999999864e+02
4.360799999999999841e+02
4.390000000000000000e+02
4.435699999999999932e+02
4.462100000000000364e+02
4.472300000000000182e+02
4.537500000000000000e+02
4.630000000000000000e+02
4.684600000000000364e+02
4.726600000000000250e+02
4.772599999999999909e+02
4.819700000000000273e+02
4.923600000000000136e+02
4.967400000000000091e+02
5.028500000000000227e+02
5.080000000000000000e+02
5.191100000000000136e+02
5.220499999999999545e+02
5.267500000000000000e+02
5.280000000000000000e+02
5.365499999999999545e+02
5.422300000000000182e+02
5.512300000000000182e+02
5.560199999999999818e+02
5.577100000000000364e+02
5.621100000000000136e+02
5.703700000000000045e+02
5.725600000000000591e+02
5.915199999999999818e+02
5.964300000000000637e+02
5.983300000000000409e+02
6.028000000000000682e+02
6.064300000000000637e+02
6.213999999999999773e+02
6.292100000000000364e+02
6.350900000000000318e+02
6.381699999999999591e+02
6.405299999999999727e+02
6.551499999999999773e+02
6.659099999999999682e+02
6.693000000000000682e+02
6.710800000000000409e+02
6.769500000000000455e+02
6.779700000000000273e+02
6.855000000000000000e+02
6.905500000000000682e+02
6.911200000000000045e+02
6.999400000000000546e+02
7.059500000000000455e+02
7.088799999999999955e+02
7.102200000000000273e+02
7.194600000000000364e+02
7.269700000000000273e+02
7.292100000000000364e+02
7.305500000000000682e+02
7.370099999999999909e+02
7.423300000000000409e+02
7.494500000000000455e+02
7.517899999999999636e+02
7.602899999999999636e+02
7.697300000000000182e+02
7.779300000000000637e+02
7.811200000000000045e+02
7.960000000000000000e+02
8.012599999999999909e+02
8.102200000000000273e+02
8.206100000000000136e+02
8.314600000000000364e+02
8.381499999999999773e+02
8.398400000000000318e+02
8.458500000000000227e+02
8.507500000000000000e+02
8.601000000000000227e+02
8.702000000000000455e+02
8.803000000000000682e+02
8.890900000000000318e+02
8.964200000000000728e+02
9.107000000000000455e+02
9.185600000000000591e+02
9.297200000000000273e+02
9.397799999999999727e+02
9.401200000000000045e+02
9.467000000000000455e+02
9.492899999999999636e+02
9.558200000000000500e+02
9.623999999999999773e+02
9.712100000000000364e+02
9.757100000000000364e+02
9.815800000000000409e+02
9.900000000000000000e+02
5.060000000000000497e+00
5.669999999999999929e+00
1.533000000000000007e+01
1.578000000000000114e+01
1.621000000000000085e+01
2.499000000000000199e+01
2.551999999999999957e+01
2.608000000000000185e+01
3.532000000000000028e+01
3.720000000000000284e+01
4.459000000000000341e+01
4.716000000000000369e+01
5.489999999999999858e+01
5.491000000000000369e+01
5.670000000000000284e+01
6.557999999999999829e+01
7.467000000000000171e+01
7.548000000000000398e+01
7.637000000000000455e+01
8.512000000000000455e+01
9.471999999999999886e+01
9.726000000000000512e+01
1.047999999999999972e+02
1.061700000000000017e+02
1.150300000000000011e+02
1.253800000000000097e+02
1.442500000000000000e+02
1.443799999999999955e+02
1.455099999999999909e+02
1.471400000000000148e+02
1.540900000000000034e+02
1.559300000000000068e+02
1.641500000000000057e+02
1.654099999999999966e+02
1.736700000000000159e+02
1.750099999999999909e+02
1.768400000000000034e+02
1.852700000000000102e+02
1.858700000000000045e+02
1.872299999999999898e+02
2.043300000000000125e+02
2.069200000000000159e+02
2.142899999999999920e+02
2.154800000000000182e+02
2.164500000000000171e+02
2.241500000000000057e+02
2.264500000000000171e+02
2.335099999999999909e+02
2.366200000000000045e+02
2.442899999999999920e+02
2.453300000000000125e+02
2.547199999999999989e+02
2.559699999999999989e+02
2.635900000000000318e+02
2.669900000000000091e+02
2.732500000000000000e+02
2.776500000000000341e+02
2.848700000000000045e+02
2.855000000000000000e+02
2.869800000000000182e+02
2.930000000000000000e+02
2.971100000000000136e+02
3.156500000000000341e+02
3.234300000000000068e+02
3.436500000000000341e+02
3.529900000000000091e+02
3.567800000000000296e+02
3.637200000000000273e+02
3.669700000000000273e+02
3.727800000000000296e+02
3.770199999999999818e+02
3.835699999999999932e+02
3.875500000000000114e+02
3.936600000000000250e+02
4.027400000000000091e+02
4.086000000000000227e+02
4.125799999999999841e+02
4.185500000000000114e+02
4.230799999999999841e+02
4.258199999999999932e+02
4.298100000000000023e+02
4.339499999999999886e+02
4.361700000000000159e+02
4.436600000000000250e+02
4.462200000000000273e+02
4.472400000000000091e+02
4.630400000000000205e+02
4.685199999999999818e+02
4.726800000000000068e+02
4.819700000000000273e+02
4.924100000000000250e+02
5.029399999999999977e+02
5.080000000000000000e+02
5.191399999999999864e+02
5.220499999999999545e+02
5.268300000000000409e+02
5.280600000000000591e+02
5.365800000000000409e+02
5.422400000000000091e+02
5.512400000000000091e+02
5.560500000000000682e+02
5.577200000000000273e+02
5.621299999999999955e+02
5.705399999999999636e+02
5.725800000000000409e+02
5.915500000000000682e+02
5.964400000000000546e+02
5.983799999999999955e+02
6.028200000000000500e+02
6.064700000000000273e+02
6.214099999999999682e+02
6.292400000000000091e+02
6.382000000000000455e+02
6.406399999999999864e+02
6.551699999999999591e+02
6.693100000000000591e+02
6.769900000000000091e+02
6.855199999999999818e+02
6.911699999999999591e+02
6.999800000000000182e+02
7.059600000000000364e+02
7.088799999999999955e+02
7.102300000000000182e+02
7.194600000000000364e+02
7.270199999999999818e+02
7.292100000000000364e+02
7.305500000000000682e+02
7.370299999999999727e+02
7.423999999999999773e+02
7.494700000000000273e+02
7.603000000000000682e+02
7.697899999999999636e+02
7.811599999999999682e+02
7.960099999999999909e+02
8.013400000000000318e+02
8.102400000000000091e+02
8.398999999999999773e+02
8.458700000000000045e+02
8.601100000000000136e+02
8.891100000000000136e+02
8.964500000000000455e+02
9.107300000000000182e+02
9.297400000000000091e+02
9.400399999999999636e+02
9.493600000000000136e+02
9.558500000000000227e+02
9.712699999999999818e+02
9.900500000000000682e+02
5.089999999999999858e+00
5.669999999999999929e+00
1.539000000000000057e+01
1.583999999999999986e+01
1.623000000000000043e+01
2.508000000000000185e+01
2.612999999999999901e+01
3.534000000000000341e+01
4.460000000000000142e+01
5.492000000000000171e+01
5.671999999999999886e+01
6.559000000000000341e+01
7.468999999999999773e+01
7.551999999999999602e+01
7.640000000000000568e+01
8.515000000000000568e+01
9.735999999999999943e+01
1.048100000000000023e+02
1.062199999999999989e+02
1.150400000000000063e+02
1.254300000000000068e+02
1.442500000000000000e+02
1.443900000000000148e+02
1.455500000000000114e+02
1.471700000000000159e+02
1.541599999999999966e+02
1.641800000000000068e+02
1.736800000000000068e+02
1.750399999999999920e+02
1.768700000000000045e+02
1.853300000000000125e+02
1.872800000000000011e+02
2.043900000000000148e+02
2.069500000000000171e+02
2.143199999999999932e+02
2.165999999999999943e+02
2.241800000000000068e+02
2.264699999999999989e+02
2.335300000000000011e+02
2.366700000000000159e+02
2.443100000000000023e+02
2.453700000000000045e+02
2.547600000000000193e+02
2.636000000000000227e+02
2.670099999999999909e+02
2.732800000000000296e+02
2.855500000000000114e+02
2.870300000000000296e+02
2.930000000000000000e+02
2.971399999999999864e+02
3.156999999999999886e+02
3.234499999999999886e+02
3.436800000000000068e+02
3.530000000000000000e+02
3.669900000000000091e+02
3.727800000000000296e+02
3.770500000000000114e+02
3.836700000000000159e+02
3.875799999999999841e+02
3.936999999999999886e+02
4.027699999999999818e+02
4.126100000000000136e+02
4.186299999999999955e+02
4.298100000000000023e+02
4.340099999999999909e+02
4.462599999999999909e+02
4.472400000000000091e+02
4.630900000000000318e+02
4.727100000000000364e+02
4.819800000000000182e+02
4.924700000000000273e+02
5.080099999999999909e+02
5.191699999999999591e+02
5.220600000000000591e+02
5.422599999999999909e+02
5.512400000000000091e+02
5.561299999999999955e+02
5.577400000000000091e+02
5.621699999999999591e+02
5.726100000000000136e+02
5.915900000000000318e+02
5.964600000000000364e+02
6.028600000000000136e+02
6.065399999999999636e+02
6.214300000000000637e+02
6.292699999999999818e+02
6.382300000000000182e+02
6.693300000000000409e+02
6.855600000000000591e+02
7.000099999999999909e+02
7.060199999999999818e+02
7.088899999999999864e+02
7.102300000000000182e+02
7.194700000000000273e+02
7.292100000000000364e+02
7.305600000000000591e+02
7.494900000000000091e+02
7.603100000000000591e+02
7.698500000000000227e+02
7.813700000000000045e+02
7.960399999999999636e+02
8.102599999999999909e+02
8.460299999999999727e+02
8.601200000000000045e+02
8.891299999999999955e+02
8.966399999999999864e+02
9.297799999999999727e+02
9.901200000000000045e+02
5.549999999999999822e+00
5.669999999999999929e+00
1.537000000000000099e+01
1.588000000000000078e+01
1.630000000000000071e+01
2.537999999999999901e+01
2.621000000000000085e+01
3.541000000000000369e+01
4.460999999999999943e+01
4.474000000000000199e+01
4.698000000000000398e+01
5.464999999999999858e+01
5.495000000000000284e+01
5.675000000000000000e+01
6.543999999999999773e+01
6.559999999999999432e+01
7.470000000000000284e+01
7.473000000000000398e+01
7.643999999999999773e+01
7.728000000000000114e+01
8.518000000000000682e+01
8.521999999999999886e+01
8.737000000000000455e+01
9.479999999999999716e+01
1.053799999999999955e+02
1.062699999999999960e+02
1.142000000000000028e+02
1.150499999999999972e+02
1.165100000000000051e+02
1.250499999999999972e+02
1.345500000000000114e+02
1.366500000000000057e+02
1.442500000000000000e+02
1.444200000000000159e+02
1.445600000000000023e+02
1.472100000000000080e+02
1.556299999999999955e+02
1.642199999999999989e+02
1.647000000000000171e+02
1.668700000000000045e+02
1.736899999999999977e+02
1.749699999999999989e+02
1.769200000000000159e+02
1.847000000000000171e+02
1.873300000000000125e+02
1.946299999999999955e+02
2.043400000000000034e+02
2.044500000000000171e+02
2.069900000000000091e+02
2.143900000000000148e+02
2.145099999999999909e+02
2.166200000000000045e+02
2.172400000000000091e+02
2.242199999999999989e+02
2.247199999999999989e+02
2.264900000000000091e+02
2.335600000000000023e+02
2.340500000000000114e+02
2.443400000000000034e+02
2.451599999999999966e+02
2.542199999999999989e+02
2.636100000000000136e+02
2.641499999999999773e+02
2.670199999999999818e+02
2.733299999999999841e+02
2.744399999999999977e+02
2.765600000000000023e+02
2.839700000000000273e+02
2.871200000000000045e+02
2.930099999999999909e+02
2.942599999999999909e+02
2.971700000000000159e+02
3.044200000000000159e+02
3.071800000000000068e+02
3.147099999999999795e+02
3.234700000000000273e+02
3.241700000000000159e+02
3.264100000000000250e+02
3.346399999999999864e+02
3.437099999999999795e+02
3.442699999999999818e+02
3.464800000000000182e+02
3.530099999999999909e+02
3.539499999999999886e+02
3.560500000000000114e+02
3.641100000000000136e+02
3.663799999999999955e+02
3.670099999999999909e+02
3.727800000000000296e+02
3.735500000000000114e+02
3.770799999999999841e+02
3.840199999999999818e+02
3.865600000000000023e+02
3.876200000000000045e+02
3.936500000000000341e+02
3.937400000000000091e+02
3.963500000000000227e+02
4.028299999999999841e+02
4.039900000000000091e+02
4.126600000000000250e+02
4.139700000000000273e+02
4.186999999999999886e+02
4.234900000000000091e+02
4.256500000000000341e+02
4.298100000000000023e+02
4.336200000000000045e+02
4.437500000000000000e+02
4.459900000000000091e+02
4.472500000000000000e+02
4.534000000000000341e+02
4.631299999999999955e+02
4.635199999999999818e+02
4.727500000000000000e+02
4.749700000000000273e+02
4.819900000000000091e+02
4.834000000000000341e+02
4.925099999999999909e+02
4.942500000000000000e+02
4.963299999999999841e+02
5.036000000000000227e+02
5.080099999999999909e+02
5.133700000000000045e+02
5.159900000000000091e+02
5.192000000000000455e+02
5.220700000000000500e+02
5.235299999999999727e+02
5.332599999999999909e+02
5.354600000000000364e+02
5.422899999999999636e+02
5.432200000000000273e+02
5.454500000000000455e+02
5.512500000000000000e+02
5.531000000000000227e+02
5.554900000000000091e+02
5.577500000000000000e+02
5.632699999999999818e+02
5.726499999999999773e+02
5.735900000000000318e+02
5.840199999999999818e+02
5.936200000000000045e+02
6.027500000000000000e+02
6.051499999999999773e+02
6.130099999999999909e+02
6.214400000000000546e+02
6.233799999999999955e+02
6.254500000000000455e+02
6.293000000000000682e+02
6.323500000000000227e+02
6.344400000000000546e+02
6.382899999999999636e+02
6.431000000000000227e+02
6.451900000000000546e+02
6.532899999999999636e+02
6.567799999999999727e+02
6.635099999999999909e+02
6.693600000000000136e+02
6.745199999999999818e+02
6.823899999999999864e+02
6.844800000000000182e+02
6.866900000000000546e+02
6.930700000000000500e+02
7.000500000000000682e+02
7.031200000000000045e+02
7.052500000000000000e+02
7.088899999999999864e+02
7.102400000000000091e+02
7.129300000000000637e+02
7.194800000000000182e+02
7.237400000000000091e+02
7.292200000000000273e+02
7.305600000000000591e+02
7.338200000000000500e+02
7.432699999999999818e+02
7.454400000000000546e+02
7.495099999999999909e+02
7.543100000000000591e+02
7.603200000000000500e+02
7.635700000000000500e+02
7.657300000000000182e+02
7.726700000000000728e+02
7.763100000000000591e+02
7.827799999999999727e+02
7.848500000000000227e+02
7.942100000000000364e+02
8.027699999999999818e+02
8.049900000000000091e+02
8.102799999999999727e+02
8.126700000000000728e+02
8.147599999999999909e+02
8.220700000000000500e+02
8.241599999999999682e+02
8.331599999999999682e+02
8.354300000000000637e+02
8.421700000000000728e+02
8.442200000000000273e+02
8.531800000000000637e+02
8.601299999999999955e+02
8.634400000000000546e+02
8.731900000000000546e+02
8.822100000000000364e+02
8.891599999999999682e+02
8.925099999999999909e+02
8.949700000000000273e+02
9.020900000000000318e+02
9.123500000000000227e+02
9.146700000000000728e+02
9.215099999999999909e+02
9.242899999999999636e+02
9.317200000000000273e+02
9.338300000000000409e+02
9.426100000000000136e+02
9.524500000000000455e+02
9.615399999999999636e+02
9.636599999999999682e+02
9.721299999999999955e+02
9.742300000000000182e+02
9.820299999999999727e+02
9.918300000000000409e+02
9.938899999999999864e+02
5.669999999999999929e+00
5.610000000000000320e+00
1.541000000000000014e+01
1.591999999999999993e+01
2.540000000000000213e+01
3.542999999999999972e+01
4.461999999999999744e+01
4.478000000000000114e+01
5.466000000000000369e+01
5.499000000000000199e+01
5.677000000000000313e+01
6.562000000000000455e+01
6.575000000000000000e+01
7.475000000000000000e+01
7.471000000000000796e+01
7.650000000000000000e+01
8.523000000000000398e+01
9.482000000000000739e+01
1.055000000000000000e+02
1.063200000000000074e+02
1.142100000000000080e+02
1.150600000000000023e+02
1.165700000000000074e+02
1.250600000000000023e+02
1.345699999999999932e+02
1.366899999999999977e+02
1.442500000000000000e+02
1.444500000000000171e+02
1.446200000000000045e+02
1.472899999999999920e+02
1.556400000000000148e+02
1.643900000000000148e+02
1.647700000000000102e+02
1.737100000000000080e+02
1.750000000000000000e+02
1.847100000000000080e+02
1.946599999999999966e+02
2.046400000000000148e+02
2.048799999999999955e+02
2.145500000000000114e+02
2.166299999999999955e+02
2.242599999999999909e+02
2.249699999999999989e+02
2.265399999999999920e+02
2.335900000000000034e+02
2.342700000000000102e+02
2.443799999999999955e+02
2.452100000000000080e+02
2.542800000000000011e+02
2.636299999999999955e+02
2.641700000000000159e+02
2.670300000000000296e+02
2.744599999999999795e+02
2.767099999999999795e+02
2.839700000000000273e+02
2.930199999999999818e+02
2.943000000000000114e+02
2.971899999999999977e+02
3.044399999999999977e+02
3.147699999999999818e+02
3.235199999999999818e+02
3.241800000000000068e+02
3.264499999999999886e+02
3.346999999999999886e+02
3.437800000000000296e+02
3.443899999999999864e+02
3.530199999999999818e+02
3.539599999999999795e+02
3.560699999999999932e+02
3.641299999999999955e+02
3.670199999999999818e+02
3.727900000000000205e+02
3.735600000000000023e+02
3.771200000000000045e+02
3.840699999999999932e+02
3.936800000000000068e+02
3.937800000000000296e+02
4.040000000000000000e+02
4.140600000000000023e+02
4.235000000000000000e+02
4.257300000000000182e+02
4.298100000000000023e+02
4.336500000000000341e+02
4.437699999999999818e+02
4.472599999999999909e+02
4.534300000000000068e+02
4.631999999999999886e+02
4.635799999999999841e+02
4.750000000000000000e+02
4.819900000000000091e+02
4.842100000000000364e+02
4.925500000000000114e+02
4.942700000000000387e+02
4.963700000000000045e+02
5.036299999999999955e+02
5.080200000000000387e+02
5.133899999999999864e+02
5.160199999999999818e+02
5.192500000000000000e+02
5.220800000000000409e+02
5.236299999999999955e+02
5.332899999999999636e+02
5.356900000000000546e+02
5.423400000000000318e+02
5.432599999999999909e+02
5.455000000000000000e+02
5.512500000000000000e+02
5.531299999999999955e+02
5.555399999999999636e+02
5.577699999999999818e+02
5.641800000000000637e+02
5.736399999999999864e+02
5.845199999999999818e+02
5.936299999999999955e+02
6.043000000000000682e+02
6.130299999999999727e+02
6.214600000000000364e+02
6.233799999999999955e+02
6.254600000000000364e+02
6.293500000000000227e+02
6.323899999999999864e+02
6.344800000000000182e+02
6.431299999999999955e+02
6.452400000000000091e+02
6.533300000000000409e+02
6.635600000000000591e+02
6.701499999999999773e+02
6.752500000000000000e+02
6.845099999999999909e+02
6.931299999999999955e+02
7.001000000000000227e+02
7.031399999999999864e+02
7.053600000000000136e+02
7.088999999999999773e+02
7.102500000000000000e+02
7.129500000000000455e+02
7.194800000000000182e+02
7.238500000000000227e+02
7.292200000000000273e+02
7.305700000000000500e+02
7.338799999999999955e+02
7.432899999999999636e+02
7.454800000000000182e+02
7.543400000000000318e+02
7.603300000000000409e+02
7.637599999999999909e+02
7.727000000000000455e+02
7.827899999999999636e+02
7.848899999999999864e+02
7.942799999999999727e+02
8.028100000000000591e+02
8.103100000000000591e+02
8.127100000000000364e+02
8.148400000000000318e+02
8.221000000000000227e+02
8.241900000000000546e+02
8.332400000000000091e+02
8.422000000000000455e+02
8.442599999999999909e+02
8.532200000000000273e+02
8.601399999999999864e+02
8.634900000000000091e+02
8.731900000000000546e+02
8.822300000000000182e+02
8.894600000000000364e+02
8.925399999999999636e+02
8.950600000000000591e+02
9.021200000000000045e+02
9.123799999999999955e+02
9.147500000000000000e+02
9.215399999999999636e+02
9.243400000000000318e+02
9.317300000000000182e+02
9.338700000000000045e+02
9.426399999999999864e+02
9.525900000000000318e+02
9.615600000000000591e+02
9.638700000000000045e+02
9.721599999999999682e+02
9.742699999999999818e+02
9.820500000000000682e+02
9.918700000000000045e+02
9.939400000000000546e+02
5.669999999999999929e+00
5.669999999999999929e+00
1.542999999999999972e+01
1.599000000000000021e+01
2.542000000000000171e+01
3.543999999999999773e+01
4.463000000000000256e+01
4.482999999999999829e+01
5.467000000000000171e+01
5.680000000000000426e+01
6.562999999999999545e+01
6.579999999999999716e+01
7.476999999999999602e+01
7.471999999999999886e+01
8.529000000000000625e+01
9.484000000000000341e+01
1.055700000000000074e+02
1.063900000000000006e+02
1.142199999999999989e+02
1.150700000000000074e+02
1.166200000000000045e+02
1.180799999999999983e+02
1.250600000000000023e+02
1.345900000000000034e+02
1.442500000000000000e+02
1.446700000000000159e+02
1.556500000000000057e+02
1.666299999999999955e+02
1.737199999999999989e+02
1.750300000000000011e+02
1.847199999999999989e+02
1.949399999999999977e+02
2.047199999999999989e+02
2.049000000000000057e+02
2.146599999999999966e+02
2.166400000000000148e+02
2.253799999999999955e+02
2.293499999999999943e+02
2.336100000000000136e+02
2.343100000000000023e+02
2.452800000000000011e+02
2.543400000000000034e+02
2.636499999999999773e+02
2.641800000000000068e+02
2.670400000000000205e+02
2.744900000000000091e+02
2.839800000000000182e+02
2.888799999999999955e+02
2.930300000000000296e+02
2.943500000000000227e+02
2.972200000000000273e+02
3.044599999999999795e+02
3.148600000000000136e+02
3.241899999999999977e+02
3.349700000000000273e+02
3.444399999999999977e+02
3.530300000000000296e+02
3.539700000000000273e+02
3.560900000000000318e+02
3.641500000000000341e+02
3.670500000000000114e+02
3.727900000000000205e+02
3.735699999999999932e+02
3.771899999999999977e+02
3.841700000000000159e+02
3.937699999999999818e+02
3.938299999999999841e+02
4.040000000000000000e+02
4.141200000000000045e+02
4.235099999999999909e+02
4.297800000000000296e+02
4.298100000000000023e+02
4.336800000000000068e+02
4.437800000000000296e+02
4.472699999999999818e+02
4.536299999999999955e+02
4.589100000000000250e+02
4.636600000000000250e+02
4.750300000000000296e+02
4.820000000000000000e+02
4.842800000000000296e+02
4.942900000000000205e+02
4.964499999999999886e+02
5.038199999999999932e+02
5.080300000000000296e+02
5.134099999999999682e+02
5.160600000000000591e+02
5.220900000000000318e+02
5.236800000000000637e+02
5.309400000000000546e+02
5.339900000000000091e+02
5.424099999999999682e+02
5.445600000000000591e+02
5.512599999999999909e+02
5.531599999999999682e+02
5.555800000000000409e+02
5.577899999999999636e+02
5.597200000000000273e+02
5.644099999999999682e+02
5.739700000000000273e+02
5.845700000000000500e+02
5.921599999999999682e+02
5.936399999999999864e+02
6.043300000000000409e+02
6.130600000000000591e+02
6.208300000000000409e+02
6.214800000000000182e+02
6.233899999999999864e+02
6.254800000000000182e+02
6.318600000000000136e+02
6.324500000000000455e+02
6.345700000000000500e+02
6.431599999999999682e+02
6.452899999999999636e+02
6.511800000000000637e+02
6.534300000000000637e+02
6.636200000000000045e+02
6.702400000000000091e+02
6.846000000000000227e+02
6.937799999999999727e+02
7.031599999999999682e+02
7.088999999999999773e+02
7.102599999999999909e+02
7.129700000000000273e+02
7.194900000000000091e+02
7.245299999999999727e+02
7.292200000000000273e+02
7.305800000000000409e+02
7.325900000000000318e+02
7.353100000000000591e+02
7.433000000000000682e+02
7.455299999999999727e+02
7.543700000000000045e+02
7.603400000000000318e+02
7.638899999999999864e+02
7.727300000000000182e+02
7.828000000000000682e+02
7.836200000000000045e+02
7.930800000000000409e+02
7.943300000000000409e+02
8.035199999999999818e+02
8.127599999999999909e+02
8.149200000000000728e+02
8.221399999999999864e+02
8.242300000000000182e+02
8.333000000000000682e+02
8.422200000000000273e+02
8.443000000000000682e+02
8.532699999999999818e+02
8.601399999999999864e+02
8.637000000000000455e+02
8.644800000000000182e+02
8.732000000000000455e+02
8.822500000000000000e+02
8.894900000000000091e+02
8.925800000000000409e+02
9.021399999999999864e+02
9.123999999999999773e+02
9.215700000000000500e+02
9.243899999999999864e+02
9.317400000000000091e+02
9.344099999999999682e+02
9.427300000000000182e+02
9.534200000000000728e+02
9.615900000000000318e+02
9.721900000000000546e+02
9.743300000000000409e+02
9.820700000000000500e+02
9.851700000000000728e+02
9.919200000000000728e+02
9.940000000000000000e+02
5.669999999999999929e+00
5.790000000000000036e+00
1.545000000000000107e+01
2.542999999999999972e+01
3.546000000000000085e+01
4.464000000000000057e+01
4.488000000000000256e+01
5.467999999999999972e+01
5.685000000000000142e+01
6.564000000000000057e+01
6.584000000000000341e+01
7.479999999999999716e+01
7.473999999999999488e+01
8.551000000000000512e+01
9.485999999999999943e+01
1.056200000000000045e+02
1.142199999999999989e+02
1.150799999999999983e+02
1.166599999999999966e+02
1.181899999999999977e+02
1.250700000000000074e+02
1.356400000000000148e+02
1.442500000000000000e+02
1.447100000000000080e+02
1.556500000000000057e+02
1.737599999999999909e+02
1.750600000000000023e+02
1.847299999999999898e+02
1.949800000000000182e+02
2.049099999999999966e+02
2.147500000000000000e+02
2.166500000000000057e+02
2.255900000000000034e+02
2.336599999999999966e+02
2.343300000000000125e+02
2.454200000000000159e+02
2.545200000000000102e+02
2.637200000000000273e+02
2.641999999999999886e+02
2.670600000000000023e+02
2.745400000000000205e+02
2.839900000000000091e+02
2.930400000000000205e+02
2.945500000000000114e+02
2.972599999999999909e+02
3.044700000000000273e+02
3.149499999999999886e+02
3.241999999999999886e+02
3.350000000000000000e+02
3.444800000000000182e+02
3.530600000000000023e+02
3.539800000000000182e+02
3.561200000000000045e+02
3.641899999999999977e+02
3.670900000000000318e+02
3.728000000000000114e+02
3.735799999999999841e+02
3.772400000000000091e+02
3.842400000000000091e+02
3.938600000000000136e+02
4.040099999999999909e+02
4.141999999999999886e+02
4.235199999999999818e+02
4.297800000000000296e+02
4.298100000000000023e+02
4.341000000000000227e+02
4.438000000000000114e+02
4.472699999999999818e+02
4.547800000000000296e+02
4.640500000000000114e+02
4.750500000000000114e+02
4.820099999999999909e+02
4.843600000000000136e+02
4.943100000000000023e+02
5.039300000000000068e+02
5.080300000000000296e+02
5.134300000000000637e+02
5.161399999999999864e+02
5.221100000000000136e+02
5.237200000000000273e+02
5.309500000000000455e+02
5.340499999999999545e+02
5.425099999999999909e+02
5.446299999999999955e+02
5.512699999999999818e+02
5.531900000000000546e+02
5.556399999999999864e+02
5.580900000000000318e+02
5.597300000000000182e+02
5.645099999999999909e+02
5.740000000000000000e+02
5.846000000000000227e+02
5.921699999999999591e+02
5.936499999999999773e+02
6.043600000000000136e+02
6.131200000000000045e+02
6.208400000000000318e+02
6.233999999999999773e+02
6.255099999999999909e+02
6.318700000000000045e+02
6.342899999999999636e+02
6.432000000000000455e+02
6.511900000000000546e+02
6.541599999999999682e+02
6.636599999999999682e+02
7.031900000000000546e+02
7.088999999999999773e+02
7.102899999999999636e+02
7.130000000000000000e+02
7.195000000000000000e+02
7.245700000000000500e+02
7.292300000000000182e+02
7.305900000000000318e+02
7.326000000000000227e+02
7.353500000000000227e+02
7.433200000000000500e+02
7.544099999999999682e+02
7.603700000000000045e+02
7.639900000000000091e+02
7.738300000000000409e+02
7.828000000000000682e+02
7.931000000000000227e+02
7.943899999999999864e+02
8.133799999999999955e+02
8.242400000000000091e+02
8.333600000000000136e+02
8.422799999999999727e+02
8.444099999999999682e+02
8.533799999999999955e+02
8.601499999999999773e+02
8.637599999999999909e+02
8.644900000000000091e+02
8.732000000000000455e+02
8.822699999999999818e+02
8.895299999999999727e+02
8.926399999999999864e+02
9.021700000000000728e+02
9.124200000000000728e+02
9.216499999999999773e+02
9.317500000000000000e+02
9.534600000000000364e+02
9.616299999999999955e+02
9.722200000000000273e+02
9.820900000000000318e+02
9.851700000000000728e+02
9.939700000000000273e+02
4.900000000000000355e+00
5.669999999999999929e+00
5.929999999999999716e+00
1.521000000000000085e+01
1.546000000000000085e+01
2.516000000000000014e+01
2.544999999999999929e+01
3.546999999999999886e+01
4.495000000000000284e+01
5.468999999999999773e+01
6.565999999999999659e+01
6.587999999999999545e+01
7.482000000000000739e+01
8.506000000000000227e+01
9.489000000000000057e+01
1.056800000000000068e+02
1.058400000000000034e+02
1.142300000000000040e+02
1.151000000000000085e+02
1.153500000000000085e+02
1.167199999999999989e+02
1.250700000000000074e+02
1.356700000000000159e+02
1.442500000000000000e+02
1.447400000000000091e+02
1.448000000000000114e+02
1.556599999999999966e+02
1.654300000000000068e+02
1.750999999999999943e+02
1.756200000000000045e+02
1.847400000000000091e+02
1.942899999999999920e+02
1.950099999999999909e+02
2.049300000000000068e+02
2.148000000000000114e+02
2.166500000000000057e+02
2.235800000000000125e+02
2.256700000000000159e+02
2.343600000000000136e+02
2.437000000000000171e+02
2.460399999999999920e+02
2.543300000000000125e+02
2.546599999999999966e+02
2.642200000000000273e+02
2.670699999999999932e+02
2.739100000000000250e+02
2.750500000000000114e+02
2.840000000000000000e+02
2.946399999999999864e+02
3.045000000000000000e+02
3.133700000000000045e+02
3.150300000000000296e+02
3.227400000000000091e+02
3.242099999999999795e+02
3.329000000000000341e+02
3.350300000000000296e+02
3.419700000000000273e+02
3.445199999999999818e+02
3.539900000000000091e+02
3.561600000000000250e+02
3.611500000000000341e+02
3.633199999999999932e+02
3.656399999999999864e+02
3.735900000000000318e+02
3.825799999999999841e+02
3.842900000000000205e+02
3.947699999999999818e+02
4.011800000000000068e+02
4.040199999999999818e+02
4.114100000000000250e+02
4.148000000000000114e+02
4.235400000000000205e+02
4.297800000000000296e+02
4.298100000000000023e+02
4.341399999999999864e+02
4.438199999999999932e+02
4.472800000000000296e+02
4.548299999999999841e+02
4.607400000000000091e+02
4.641299999999999955e+02
4.750699999999999932e+02
4.844300000000000068e+02
4.913500000000000227e+02
4.943199999999999932e+02
5.004700000000000273e+02
5.039900000000000091e+02
5.080400000000000205e+02
5.108500000000000227e+02
5.134500000000000455e+02
5.202200000000000273e+02
5.237599999999999909e+02
5.309700000000000273e+02
5.341200000000000045e+02
5.412500000000000000e+02
5.532100000000000364e+02
5.581000000000000227e+02
5.597500000000000000e+02
5.646399999999999864e+02
5.709400000000000546e+02
5.740299999999999727e+02
5.804600000000000364e+02
5.846200000000000045e+02
5.936599999999999682e+02
6.008799999999999955e+02
6.043799999999999955e+02
6.136200000000000045e+02
6.208600000000000136e+02
6.234099999999999682e+02
6.255500000000000682e+02
6.294300000000000637e+02
6.318899999999999864e+02
6.345099999999999909e+02
6.383799999999999955e+02
6.432799999999999727e+02
6.512200000000000273e+02
6.637000000000000455e+02
6.808000000000000682e+02
6.896699999999999591e+02
6.996699999999999591e+02
7.032300000000000182e+02
7.089099999999999682e+02
7.130299999999999727e+02
7.195000000000000000e+02
7.246000000000000227e+02
7.287000000000000455e+02
7.292300000000000182e+02
7.326200000000000045e+02
7.353999999999999773e+02
7.433300000000000409e+02
7.547300000000000182e+02
7.640700000000000500e+02
7.738700000000000045e+02
7.778799999999999955e+02
7.828100000000000591e+02
7.880299999999999727e+02
7.985900000000000318e+02
8.243000000000000682e+02
8.266200000000000045e+02
8.334700000000000273e+02
8.381100000000000136e+02
8.434500000000000455e+02
8.534300000000000637e+02
8.571299999999999955e+02
8.592500000000000000e+02
8.601599999999999682e+02
8.638100000000000591e+02
8.644900000000000091e+02
8.669500000000000455e+02
8.732100000000000364e+02
8.777100000000000364e+02
8.822899999999999636e+02
8.869500000000000455e+02
9.021900000000000546e+02
9.124400000000000546e+02
9.217000000000000455e+02
9.269800000000000182e+02
9.317699999999999818e+02
9.618400000000000318e+02
9.722500000000000000e+02
9.821200000000000045e+02
9.851700000000000728e+02
9.979900000000000091e+02
4.900000000000000355e+00
5.669999999999999929e+00
1.548000000000000043e+01
2.517999999999999972e+01
2.546000000000000085e+01
3.549000000000000199e+01
5.470000000000000284e+01
6.570000000000000284e+01
6.592000000000000171e+01
7.485000000000000853e+01
8.507000000000000739e+01
9.584000000000000341e+01
1.061500000000000057e+02
1.142400000000000091e+02
1.151299999999999955e+02
1.154099999999999966e+02
1.250799999999999983e+02
1.356999999999999886e+02
1.442500000000000000e+02
1.447800000000000011e+02
1.556700000000000159e+02
1.755099999999999909e+02
1.847500000000000000e+02
1.943300000000000125e+02
1.950399999999999920e+02
2.049500000000000171e+02
2.148600000000000136e+02
2.166700000000000159e+02
2.235900000000000034e+02
2.257599999999999909e+02
2.343900000000000148e+02
2.437300000000000182e+02
2.461100000000000136e+02
2.547100000000000080e+02
2.642300000000000182e+02
2.670900000000000318e+02
2.750900000000000318e+02
2.840199999999999818e+02
2.947300000000000182e+02
3.045300000000000296e+02
3.133899999999999864e+02
3.227699999999999818e+02
3.242200000000000273e+02
3.350500000000000114e+02
3.435000000000000000e+02
3.445699999999999932e+02
3.540000000000000000e+02
3.562099999999999795e+02
3.632699999999999818e+02
3.656899999999999977e+02
3.736000000000000227e+02
3.826299999999999955e+02
3.843600000000000136e+02
4.011899999999999977e+02
4.040300000000000296e+02
4.114200000000000159e+02
4.235500000000000114e+02
4.297800000000000296e+02
4.298100000000000023e+02
4.342300000000000182e+02
4.438400000000000318e+02
4.473100000000000023e+02
4.548799999999999955e+02
4.607500000000000000e+02
4.641700000000000159e+02
4.750900000000000318e+02
4.844900000000000091e+02
4.913799999999999955e+02
4.943400000000000318e+02
5.005000000000000000e+02
5.040600000000000023e+02
5.080600000000000023e+02
5.108600000000000136e+02
5.134700000000000273e+02
5.205900000000000318e+02
5.238200000000000500e+02
5.309800000000000182e+02
5.342000000000000455e+02
5.413300000000000409e+02
5.532400000000000091e+02
5.581200000000000045e+02
5.597699999999999818e+02
5.648500000000000227e+02
5.740500000000000682e+02
5.805000000000000000e+02
5.846499999999999773e+02
5.936699999999999591e+02
6.008999999999999773e+02
6.044199999999999591e+02
6.136599999999999682e+02
6.208799999999999955e+02
6.234099999999999682e+02
6.294700000000000273e+02
6.318999999999999773e+02
6.347500000000000000e+02
6.434400000000000546e+02
6.637300000000000182e+02
6.808600000000000136e+02
7.089199999999999591e+02
7.130700000000000500e+02
7.195199999999999818e+02
7.246399999999999864e+02
7.287300000000000182e+02
7.292400000000000091e+02
7.433500000000000227e+02
7.547699999999999818e+02
7.739099999999999682e+02
7.778899999999999864e+02
7.828200000000000500e+02
7.881000000000000227e+02
8.243500000000000227e+02
8.266599999999999682e+02
8.381100000000000136e+02
8.434800000000000182e+02
8.534800000000000182e+02
8.594500000000000455e+02
8.601900000000000546e+02
8.638799999999999955e+02
8.645000000000000000e+02
8.673300000000000409e+02
8.732100000000000364e+02
8.777599999999999909e+02
8.823000000000000682e+02
9.022200000000000273e+02
9.124700000000000273e+02
9.217400000000000091e+02
9.270900000000000318e+02
9.317799999999999727e+02
9.722699999999999818e+02
9.821800000000000637e+02
9.851700000000000728e+02
9.980099999999999909e+02
4.900000000000000355e+00
4.980000000000000426e+00
7.150000000000000355e+00
1.521000000000000085e+01
1.549000000000000021e+01
2.465000000000000213e+01
2.521000000000000085e+01
2.548000000000000043e+01
3.527000000000000313e+01
3.550000000000000000e+01
4.517000000000000171e+01
4.728000000000000114e+01
5.475999999999999801e+01
5.471000000000000085e+01
5.685999999999999943e+01
6.509000000000000341e+01
6.596999999999999886e+01
7.495000000000000284e+01
7.493000000000000682e+01
7.701999999999999602e+01
8.507999999999999829e+01
8.537000000000000455e+01
9.493000000000000682e+01
9.587000000000000455e+01
1.047600000000000051e+02
1.069000000000000057e+02
1.142500000000000000e+02
1.152000000000000028e+02
1.154900000000000091e+02
1.249200000000000017e+02
1.250900000000000034e+02
1.274600000000000080e+02
1.351500000000000057e+02
1.357299999999999898e+02
1.372599999999999909e+02
1.442500000000000000e+02
1.448100000000000023e+02
1.454200000000000159e+02
1.552000000000000171e+02
1.556800000000000068e+02
1.574500000000000171e+02
1.651800000000000068e+02
1.675399999999999920e+02
1.749500000000000171e+02
1.756200000000000045e+02
1.771400000000000148e+02
1.847599999999999909e+02
1.855399999999999920e+02
1.950600000000000023e+02
1.950600000000000023e+02
2.049600000000000080e+02
2.056899999999999977e+02
2.077700000000000102e+02
2.154000000000000057e+02
2.175699999999999932e+02
2.236100000000000136e+02
2.264099999999999966e+02
2.344300000000000068e+02
2.363100000000000023e+02
2.437700000000000102e+02
2.450000000000000000e+02
2.547500000000000000e+02
2.557899999999999920e+02
2.642500000000000000e+02
2.649200000000000159e+02
2.751399999999999864e+02
2.756200000000000045e+02
2.840300000000000296e+02
2.853600000000000136e+02
2.958799999999999955e+02
3.046399999999999864e+02
3.056899999999999977e+02
3.134200000000000159e+02
3.153100000000000023e+02
3.175099999999999909e+02
3.228100000000000023e+02
3.242300000000000182e+02
3.256999999999999886e+02
3.350900000000000318e+02
3.354300000000000068e+02
3.381200000000000045e+02
3.435600000000000023e+02
3.446299999999999955e+02
3.456299999999999955e+02
3.540199999999999818e+02
3.560400000000000205e+02
3.633899999999999864e+02
3.655799999999999841e+02
3.676600000000000250e+02
3.736100000000000136e+02
3.758199999999999932e+02
3.827599999999999909e+02
3.856200000000000045e+02
3.958899999999999864e+02
4.012100000000000364e+02
4.040400000000000205e+02
4.065099999999999909e+02
4.114399999999999977e+02
4.152500000000000000e+02
4.173600000000000136e+02
4.235699999999999932e+02
4.257500000000000000e+02
4.297800000000000296e+02
4.298100000000000023e+02
4.356399999999999864e+02
4.438500000000000227e+02
4.461500000000000341e+02
4.550000000000000000e+02
4.558799999999999955e+02
4.580000000000000000e+02
4.607500000000000000e+02
4.641899999999999977e+02
4.655300000000000296e+02
4.751200000000000045e+02
4.761500000000000341e+02
4.845500000000000114e+02
4.858100000000000023e+02
4.914200000000000159e+02
4.943600000000000136e+02
4.960500000000000114e+02
5.005400000000000205e+02
5.041200000000000045e+02
5.057100000000000364e+02
5.108799999999999955e+02
5.134900000000000091e+02
5.160199999999999818e+02
5.206399999999999864e+02
5.244600000000000364e+02
5.251000000000000227e+02
5.310000000000000000e+02
5.364300000000000637e+02
5.467100000000000364e+02
5.532599999999999909e+02
5.556100000000000136e+02
5.655199999999999818e+02
5.740900000000000318e+02
5.760099999999999909e+02
5.784700000000000273e+02
5.846800000000000637e+02
5.849400000000000546e+02
5.936900000000000546e+02
5.954900000000000091e+02
6.009300000000000637e+02
6.044800000000000182e+02
6.063100000000000591e+02
6.136900000000000546e+02
6.154300000000000637e+02
6.178000000000000682e+02
6.209099999999999682e+02
6.234199999999999591e+02
6.258600000000000136e+02
6.282400000000000091e+02
6.295399999999999636e+02
6.319199999999999591e+02
6.349300000000000637e+02
6.370000000000000000e+02
6.459400000000000546e+02
6.481499999999999773e+02
6.550700000000000500e+02
6.572000000000000455e+02
6.637599999999999909e+02
6.656100000000000136e+02
6.690900000000000318e+02
6.764099999999999682e+02
6.809300000000000637e+02
6.853999999999999773e+02
6.958100000000000591e+02
7.058500000000000227e+02
7.093500000000000227e+02
7.134099999999999682e+02
7.164199999999999591e+02
7.246900000000000546e+02
7.267000000000000455e+02
7.287500000000000000e+02
7.368600000000000136e+02
7.433600000000000136e+02
7.452699999999999818e+02
7.473899999999999864e+02
7.548100000000000591e+02
7.566599999999999682e+02
7.658999999999999773e+02
7.683700000000000045e+02
7.739900000000000091e+02
7.767000000000000455e+02
7.778899999999999864e+02
7.828200000000000500e+02
7.859600000000000364e+02
7.959099999999999682e+02
8.062100000000000364e+02
8.161499999999999773e+02
8.196700000000000728e+02
8.244400000000000546e+02
8.271700000000000728e+02
8.362200000000000273e+02
8.381100000000000136e+02
8.383100000000000591e+02
8.435399999999999636e+02
8.457799999999999727e+02
8.484400000000000546e+02
8.535399999999999636e+02
8.556599999999999682e+02
8.577699999999999818e+02
8.639400000000000546e+02
8.645099999999999909e+02
8.672000000000000455e+02
8.732200000000000273e+02
8.760000000000000000e+02
8.823200000000000500e+02
8.867400000000000091e+02
8.963000000000000682e+02
8.984099999999999682e+02
9.022500000000000000e+02
9.062100000000000364e+02
9.083500000000000227e+02
9.125099999999999909e+02
9.162899999999999636e+02
9.197899999999999636e+02
9.217899999999999636e+02
9.260099999999999909e+02
9.280700000000000500e+02
9.317899999999999636e+02
9.353500000000000227e+02
9.380600000000000591e+02
9.465299999999999727e+02
9.557300000000000182e+02
9.577899999999999636e+02
9.654800000000000182e+02
9.676599999999999682e+02
9.722899999999999636e+02
9.756100000000000136e+02
9.787000000000000455e+02
9.851700000000000728e+02
9.863500000000000227e+02
9.885099999999999909e+02
9.967400000000000091e+02
4.900000000000000355e+00
4.980000000000000426e+00
7.250000000000000000e+00
1.522000000000000064e+01
1.550000000000000000e+01
2.467999999999999972e+01
2.525000000000000000e+01
2.549000000000000199e+01
3.527000000000000313e+01
3.552000000000000313e+01
4.527000000000000313e+01
4.738000000000000256e+01
5.477000000000000313e+01
5.473000000000000398e+01
5.691000000000000369e+01
6.514000000000000057e+01
6.601999999999999602e+01
7.496999999999999886e+01
7.515999999999999659e+01
7.706000000000000227e+01
8.509000000000000341e+01
8.539000000000000057e+01
9.496000000000000796e+01
9.590000000000000568e+01
1.047699999999999960e+02
1.072699999999999960e+02
1.142600000000000051e+02
1.152800000000000011e+02
1.156000000000000085e+02
1.249800000000000040e+02
1.250900000000000034e+02
1.276099999999999994e+02
1.351700000000000159e+02
1.357899999999999920e+02
1.442500000000000000e+02
1.449000000000000057e+02
1.454300000000000068e+02
1.552199999999999989e+02
1.556899999999999977e+02
1.575200000000000102e+02
1.652100000000000080e+02
1.749600000000000080e+02
1.771700000000000159e+02
1.847700000000000102e+02
1.855699999999999932e+02
1.950800000000000125e+02
1.950800000000000125e+02
2.049800000000000182e+02
2.057199999999999989e+02
2.078300000000000125e+02
2.154099999999999966e+02
2.176200000000000045e+02
2.236400000000000148e+02
2.264699999999999989e+02
2.345699999999999932e+02
2.363400000000000034e+02
2.438199999999999932e+02
2.450099999999999909e+02
2.547899999999999920e+02
2.558100000000000023e+02
2.642699999999999818e+02
2.649599999999999795e+02
2.756700000000000159e+02
2.840500000000000114e+02
2.853799999999999955e+02
2.959399999999999977e+02
3.046800000000000068e+02
3.057400000000000091e+02
3.134499999999999886e+02
3.153199999999999932e+02
3.242400000000000091e+02
3.257099999999999795e+02
3.351299999999999955e+02
3.354399999999999977e+02
3.456500000000000341e+02
3.540400000000000205e+02
3.560699999999999932e+02
3.667599999999999909e+02
3.736299999999999955e+02
3.758500000000000227e+02
3.829100000000000250e+02
3.856600000000000250e+02
3.959700000000000273e+02
4.012200000000000273e+02
4.040500000000000114e+02
4.065300000000000296e+02
4.114499999999999886e+02
4.153000000000000114e+02
4.235900000000000318e+02
4.257599999999999909e+02
4.297900000000000205e+02
4.298100000000000023e+02
4.356600000000000250e+02
4.438700000000000045e+02
4.461500000000000341e+02
4.558899999999999864e+02
4.580600000000000023e+02
4.607599999999999909e+02
4.642200000000000273e+02
4.657900000000000205e+02
4.751600000000000250e+02
4.762599999999999909e+02
4.858899999999999864e+02
4.914700000000000273e+02
4.943899999999999864e+02
4.960699999999999932e+02
5.006000000000000227e+02
5.042500000000000000e+02
5.057400000000000091e+02
5.109000000000000341e+02
5.135099999999999909e+02
5.161800000000000637e+02
5.206699999999999591e+02
5.244900000000000091e+02
5.258799999999999955e+02
5.310199999999999818e+02
5.364400000000000546e+02
5.467599999999999909e+02
5.532899999999999636e+02
5.556599999999999682e+02
5.655500000000000682e+02
5.741399999999999864e+02
5.760399999999999636e+02
5.847300000000000182e+02
5.849700000000000273e+02
5.937000000000000455e+02
5.955299999999999727e+02
6.009600000000000364e+02
6.063200000000000500e+02
6.137200000000000273e+02
6.155000000000000000e+02
6.179400000000000546e+02
6.234300000000000637e+02
6.283600000000000136e+02
6.319500000000000455e+02
6.349500000000000455e+02
6.370299999999999727e+02
6.459700000000000273e+02
6.550800000000000409e+02
6.572400000000000091e+02
6.637799999999999727e+02
6.656599999999999682e+02
6.764400000000000546e+02
6.854099999999999682e+02
6.958799999999999955e+02
7.058700000000000045e+02
7.171699999999999591e+02
7.267400000000000091e+02
7.287899999999999636e+02
7.368899999999999864e+02
7.433799999999999955e+02
7.453200000000000500e+02
7.474099999999999682e+02
7.548600000000000136e+02
7.569700000000000273e+02
7.659200000000000728e+02
7.767599999999999909e+02
7.778899999999999864e+02
7.828300000000000409e+02
7.864600000000000364e+02
7.959300000000000637e+02
8.062599999999999909e+02
8.161800000000000637e+02
8.272500000000000000e+02
8.362300000000000182e+02
8.381200000000000045e+02
8.383500000000000227e+02
8.457899999999999636e+02
8.556900000000000546e+02
8.578100000000000591e+02
8.639900000000000091e+02
8.645199999999999818e+02
8.672400000000000091e+02
8.732300000000000182e+02
8.760399999999999636e+02
8.823500000000000227e+02
8.867599999999999909e+02
8.963100000000000591e+02
9.023100000000000591e+02
9.062300000000000182e+02
9.085600000000000591e+02
9.163000000000000682e+02
9.260600000000000591e+02
9.281499999999999773e+02
9.318100000000000591e+02
9.353700000000000045e+02
9.465600000000000591e+02
9.557400000000000091e+02
9.578100000000000591e+02
9.655099999999999909e+02
9.677300000000000182e+02
9.723100000000000591e+02
9.756200000000000045e+02
9.851700000000000728e+02
9.863799999999999955e+02
9.975199999999999818e+02
4.900000000000000355e+00
4.990000000000000213e+00
1.524000000000000021e+01
1.551999999999999957e+01
2.485999999999999943e+01
2.550000000000000000e+01
3.528000000000000114e+01
3.553999999999999915e+01
4.586999999999999744e+01
5.478000000000000114e+01
5.475000000000000000e+01
6.518000000000000682e+01
7.501000000000000512e+01
7.521999999999999886e+01
8.510999999999999943e+01
8.542000000000000171e+01
9.498999999999999488e+01
9.593999999999999773e+01
1.047699999999999960e+02
1.077999999999999972e+02
1.142600000000000051e+02
1.159699999999999989e+02
1.251000000000000085e+02
1.252400000000000091e+02
1.351999999999999886e+02
1.454399999999999977e+02
1.552500000000000000e+02
1.557000000000000171e+02
1.652299999999999898e+02
1.749699999999999989e+02
1.772500000000000000e+02
1.847899999999999920e+02
1.855900000000000034e+02
1.950900000000000034e+02
1.950999999999999943e+02
2.050099999999999909e+02
2.057500000000000000e+02
2.154200000000000159e+02
2.177000000000000171e+02
2.236800000000000068e+02
2.265399999999999920e+02
2.363799999999999955e+02
2.439800000000000182e+02
2.450200000000000102e+02
2.548600000000000136e+02
2.558300000000000125e+02
2.643000000000000114e+02
2.665600000000000023e+02
2.757200000000000273e+02
2.840799999999999841e+02
2.853899999999999864e+02
2.959900000000000091e+02
3.047099999999999795e+02
3.057900000000000205e+02
3.135199999999999818e+02
3.153400000000000318e+02
3.242599999999999909e+02
3.257300000000000182e+02
3.354700000000000273e+02
3.456800000000000068e+02
3.540699999999999932e+02
3.561000000000000227e+02
3.668199999999999932e+02
3.736500000000000341e+02
3.758799999999999955e+02
3.830799999999999841e+02
3.966200000000000045e+02
4.012400000000000091e+02
4.040699999999999932e+02
4.065500000000000114e+02
4.114700000000000273e+02
4.153299999999999841e+02
4.257599999999999909e+02
4.297900000000000205e+02
4.356899999999999977e+02
4.438799999999999955e+02
4.461600000000000250e+02
4.559100000000000250e+02
4.607699999999999818e+02
4.642400000000000091e+02
4.665099999999999909e+02
4.770799999999999841e+02
4.859600000000000364e+02
4.944200000000000159e+02
4.960900000000000318e+02
5.058199999999999932e+02
5.109399999999999977e+02
5.135299999999999727e+02
5.162999999999999545e+02
5.207000000000000455e+02
5.245099999999999909e+02
5.265600000000000591e+02
5.310399999999999636e+02
5.364600000000000364e+02
5.468200000000000500e+02
5.533300000000000409e+02
5.557699999999999818e+02
5.655800000000000409e+02
5.760600000000000591e+02
5.850299999999999727e+02
5.937100000000000364e+02
5.955900000000000318e+02
6.010199999999999818e+02
6.063400000000000318e+02
6.137599999999999909e+02
6.157100000000000364e+02
6.234300000000000637e+02
6.349600000000000364e+02
6.370600000000000591e+02
6.459900000000000091e+02
6.550900000000000318e+02
6.572899999999999636e+02
6.638100000000000591e+02
6.657000000000000455e+02
6.764600000000000364e+02
6.854300000000000637e+02
7.058799999999999955e+02
7.172100000000000364e+02
7.267699999999999818e+02
7.288500000000000227e+02
7.369099999999999682e+02
7.433999999999999773e+02
7.474500000000000455e+02
7.549199999999999591e+02
7.570800000000000409e+02
7.659400000000000546e+02
7.771599999999999682e+02
7.778999999999999773e+02
7.828300000000000409e+02
7.865500000000000682e+02
7.959400000000000546e+02
8.063000000000000682e+02
8.162200000000000273e+02
8.273000000000000682e+02
8.362400000000000091e+02
8.381200000000000045e+02
8.387400000000000091e+02
8.458000000000000682e+02
8.557500000000000000e+02
8.578600000000000136e+02
8.640399999999999636e+02
8.672699999999999818e+02
8.732300000000000182e+02
8.761100000000000136e+02
8.823799999999999955e+02
8.867799999999999727e+02
8.963300000000000409e+02
9.036800000000000637e+02
9.062500000000000000e+02
9.163200000000000500e+02
9.280000000000000000e+02
9.318200000000000500e+02
9.354099999999999682e+02
9.465800000000000409e+02
9.557500000000000000e+02
9.578300000000000409e+02
9.655399999999999636e+02
9.679200000000000728e+02
9.723400000000000318e+02
9.756299999999999955e+02
9.851700000000000728e+02
9.864099999999999682e+02
9.976399999999999864e+02
