7.669999999999999929e+00
3.081000000000000227e+01
4.182999999999999829e+01
5.496000000000000085e+01
6.095000000000000284e+01
8.207000000000000739e+01
8.607000000000000739e+01
9.212000000000000455e+01
1.054800000000000040e+02
1.131299999999999955e+02
1.234399999999999977e+02
1.332199999999999989e+02
1.694200000000000159e+02
1.725300000000000011e+02
1.830699999999999932e+02
1.919399999999999977e+02
1.987000000000000171e+02
2.182300000000000182e+02
2.218000000000000114e+02
2.319099999999999966e+02
2.348799999999999955e+02
2.741000000000000227e+02
2.819800000000000182e+02
3.062300000000000182e+02
3.172599999999999909e+02
3.483799999999999955e+02
3.511200000000000045e+02
3.675199999999999818e+02
3.833700000000000045e+02
3.854700000000000273e+02
3.906999999999999886e+02
3.927900000000000205e+02
4.057300000000000182e+02
4.157900000000000205e+02
4.347100000000000364e+02
4.407300000000000182e+02
4.450199999999999818e+02
4.540199999999999818e+02
4.611100000000000136e+02
5.182000000000000455e+02
5.293400000000000318e+02
5.343300000000000409e+02
5.373500000000000227e+02
5.393999999999999773e+02
5.524800000000000182e+02
5.545600000000000591e+02
5.706399999999999864e+02
5.735000000000000000e+02
5.866200000000000045e+02
5.906900000000000546e+02
5.986000000000000227e+02
6.197500000000000000e+02
6.412100000000000364e+02
6.459199999999999591e+02
6.553799999999999955e+02
6.609700000000000273e+02
6.921000000000000227e+02
6.955000000000000000e+02
7.198000000000000682e+02
7.246499999999999773e+02
7.329099999999999682e+02
7.665800000000000409e+02
7.800199999999999818e+02
7.996399999999999864e+02
8.044099999999999682e+02
8.670900000000000318e+02
8.952899999999999636e+02
9.183200000000000500e+02
9.393899999999999864e+02
9.494500000000000455e+02
9.634099999999999682e+02
9.705700000000000500e+02
9.734500000000000455e+02
5.620000000000000107e+00
7.669999999999999929e+00
1.683000000000000185e+01
2.662000000000000099e+01
2.974000000000000199e+01
3.864000000000000057e+01
5.370000000000000284e+01
5.685999999999999943e+01
5.891000000000000369e+01
6.571999999999999886e+01
7.576999999999999602e+01
8.187000000000000455e+01
8.665000000000000568e+01
8.984000000000000341e+01
9.189000000000000057e+01
9.782000000000000739e+01
1.036700000000000017e+02
1.098400000000000034e+02
1.127900000000000063e+02
1.276700000000000017e+02
1.388300000000000125e+02
1.408799999999999955e+02
1.570999999999999943e+02
1.602100000000000080e+02
1.629099999999999966e+02
1.692100000000000080e+02
1.718000000000000114e+02
1.777800000000000011e+02
1.848499999999999943e+02
1.921899999999999977e+02
1.982100000000000080e+02
2.022899999999999920e+02
2.099500000000000171e+02
2.120200000000000102e+02
2.254399999999999977e+02
2.293600000000000136e+02
2.625000000000000000e+02
2.660600000000000023e+02
2.754100000000000250e+02
2.832800000000000296e+02
2.871800000000000068e+02
2.990400000000000205e+02
3.059000000000000341e+02
3.139800000000000182e+02
3.160300000000000296e+02
3.230699999999999932e+02
3.361600000000000250e+02
3.571700000000000159e+02
3.620400000000000205e+02
3.651200000000000045e+02
3.671700000000000159e+02
3.728000000000000114e+02
3.788100000000000023e+02
3.808799999999999955e+02
3.868100000000000023e+02
3.919800000000000182e+02
3.968100000000000023e+02
4.000799999999999841e+02
4.160500000000000114e+02
4.202200000000000273e+02
4.262699999999999818e+02
4.322400000000000091e+02
4.361299999999999955e+02
4.439900000000000091e+02
4.461100000000000136e+02
4.492300000000000182e+02
4.601000000000000227e+02
4.651299999999999955e+02
4.681999999999999886e+02
4.732100000000000364e+02
4.830900000000000318e+02
4.852500000000000000e+02
4.931200000000000045e+02
5.042300000000000182e+02
5.093100000000000023e+02
5.122999999999999545e+02
5.151000000000000227e+02
5.233100000000000591e+02
5.322699999999999818e+02
5.373700000000000045e+02
5.523000000000000682e+02
5.613700000000000045e+02
5.641900000000000546e+02
5.703100000000000591e+02
5.854400000000000546e+02
5.923100000000000591e+02
5.963000000000000682e+02
5.994099999999999682e+02
6.014700000000000273e+02
6.072799999999999727e+02
6.106000000000000227e+02
6.155399999999999636e+02
6.185900000000000318e+02
6.215000000000000000e+02
6.246200000000000045e+02
6.274800000000000182e+02
6.342699999999999818e+02
6.397200000000000273e+02
6.424099999999999682e+02
6.444700000000000273e+02
6.493899999999999864e+02
6.525099999999999909e+02
6.625099999999999909e+02
6.673500000000000227e+02
6.696699999999999591e+02
6.753899999999999864e+02
6.774400000000000546e+02
6.814099999999999682e+02
6.943100000000000591e+02
7.024099999999999682e+02
7.044400000000000546e+02
7.087799999999999727e+02
7.118100000000000591e+02
7.179900000000000091e+02
7.275900000000000318e+02
7.298200000000000500e+02
7.318500000000000227e+02
7.349400000000000546e+02
7.398100000000000591e+02
7.529600000000000364e+02
7.613999999999999773e+02
7.653700000000000045e+02
7.694500000000000455e+02
7.736299999999999955e+02
7.756700000000000728e+02
7.802300000000000182e+02
7.896499999999999773e+02
7.945900000000000318e+02
8.053300000000000409e+02
8.091000000000000227e+02
8.156299999999999955e+02
8.251599999999999682e+02
8.323500000000000227e+02
8.376100000000000136e+02
8.433100000000000591e+02
8.476499999999999773e+02
8.625800000000000409e+02
8.704800000000000182e+02
8.756900000000000546e+02
8.956900000000000546e+02
9.007000000000000455e+02
9.065600000000000591e+02
9.367400000000000091e+02
9.506299999999999955e+02
9.535600000000000591e+02
9.607599999999999909e+02
9.628300000000000409e+02
9.808000000000000682e+02
9.908500000000000227e+02
8.640000000000000568e+00
1.572000000000000064e+01
2.376999999999999957e+01
2.971999999999999886e+01
3.176999999999999957e+01
3.382999999999999829e+01
3.960000000000000142e+01
4.164000000000000057e+01
4.443999999999999773e+01
4.971000000000000085e+01
5.177000000000000313e+01
5.543999999999999773e+01
5.867999999999999972e+01
7.446000000000000796e+01
8.948000000000000398e+01
9.251000000000000512e+01
1.034099999999999966e+02
1.065900000000000034e+02
1.086599999999999966e+02
1.291400000000000148e+02
1.516800000000000068e+02
1.595900000000000034e+02
1.772500000000000000e+02
1.852599999999999909e+02
1.875200000000000102e+02
1.931599999999999966e+02
2.031400000000000148e+02
2.054600000000000080e+02
2.095900000000000034e+02
2.225200000000000102e+02
2.264800000000000182e+02
2.308900000000000148e+02
2.334600000000000080e+02
2.459900000000000091e+02
2.540300000000000011e+02
2.608500000000000227e+02
2.672099999999999795e+02
2.693000000000000114e+02
2.754000000000000341e+02
2.948400000000000318e+02
2.974499999999999886e+02
3.047400000000000091e+02
3.127800000000000296e+02
3.328500000000000227e+02
3.349000000000000341e+02
3.369499999999999886e+02
3.416000000000000227e+02
3.493899999999999864e+02
3.526899999999999977e+02
3.563600000000000136e+02
3.597200000000000273e+02
3.617599999999999909e+02
3.705300000000000296e+02
3.816299999999999955e+02
3.893299999999999841e+02
3.913700000000000045e+02
3.955300000000000296e+02
4.054100000000000250e+02
4.213600000000000136e+02
4.242800000000000296e+02
4.282599999999999909e+02
4.322699999999999818e+02
4.364300000000000068e+02
4.464700000000000273e+02
4.554499999999999886e+02
4.623100000000000023e+02
4.653199999999999932e+02
4.783799999999999955e+02
4.842400000000000091e+02
4.883899999999999864e+02
4.934200000000000159e+02
4.981600000000000250e+02
5.002100000000000364e+02
5.082900000000000205e+02
5.182300000000000182e+02
5.232699999999999818e+02
5.271499999999999773e+02
5.352300000000000182e+02
5.401800000000000637e+02
5.442200000000000273e+02
5.471499999999999773e+02
5.492100000000000364e+02
5.580399999999999636e+02
5.612100000000000364e+02
5.680900000000000318e+02
5.731399999999999864e+02
5.770700000000000500e+02
5.921100000000000136e+02
5.960099999999999909e+02
6.021599999999999682e+02
6.060800000000000409e+02
6.098700000000000045e+02
6.179900000000000091e+02
6.222000000000000455e+02
6.252500000000000000e+02
6.309300000000000637e+02
6.391800000000000637e+02
6.471000000000000227e+02
6.529800000000000182e+02
6.570299999999999727e+02
6.616900000000000546e+02
6.656900000000000546e+02
6.718500000000000227e+02
6.791200000000000045e+02
6.870500000000000682e+02
6.989800000000000182e+02
7.027400000000000091e+02
7.061100000000000136e+02
7.106299999999999955e+02
7.130800000000000409e+02
7.167300000000000182e+02
7.200000000000000000e+02
7.305299999999999727e+02
7.425700000000000500e+02
7.520099999999999909e+02
7.585900000000000318e+02
7.610099999999999909e+02
7.670500000000000682e+02
7.704400000000000546e+02
7.851000000000000227e+02
8.000299999999999727e+02
8.090600000000000591e+02
8.111100000000000136e+02
8.250099999999999909e+02
8.281900000000000546e+02
8.302400000000000091e+02
8.363100000000000591e+02
8.383500000000000227e+02
8.412000000000000455e+02
8.510199999999999818e+02
8.543600000000000136e+02
8.608100000000000591e+02
8.633400000000000318e+02
8.749099999999999682e+02
8.793300000000000409e+02
8.849500000000000455e+02
8.879700000000000273e+02
8.912200000000000273e+02
8.932799999999999727e+02
8.971399999999999864e+02
8.991700000000000728e+02
9.099800000000000182e+02
9.151200000000000045e+02
9.280399999999999636e+02
9.320500000000000682e+02
9.379500000000000455e+02
9.459800000000000182e+02
9.520500000000000682e+02
9.558899999999999864e+02
9.628400000000000318e+02
9.680399999999999636e+02
9.701000000000000227e+02
9.780000000000000000e+02
9.800500000000000682e+02
9.878000000000000682e+02
9.918799999999999955e+02
9.988700000000000045e+02
2.458000000000000185e+01
3.069999999999999929e+01
3.539000000000000057e+01
4.160999999999999943e+01
4.557000000000000028e+01
5.642000000000000171e+01
6.634000000000000341e+01
6.843000000000000682e+01
8.410999999999999943e+01
1.012900000000000063e+02
1.159099999999999966e+02
1.196899999999999977e+02
1.449699999999999989e+02
1.679699999999999989e+02
1.887199999999999989e+02
1.966899999999999977e+02
2.096800000000000068e+02
2.117199999999999989e+02
2.222500000000000000e+02
2.281899999999999977e+02
2.481800000000000068e+02
2.644100000000000250e+02
2.837599999999999909e+02
3.172300000000000182e+02
3.212099999999999795e+02
3.335199999999999818e+02
3.491299999999999955e+02
3.608500000000000227e+02
3.721000000000000227e+02
3.758799999999999955e+02
3.950500000000000114e+02
4.047699999999999818e+02
4.068199999999999932e+02
4.140099999999999909e+02
4.216200000000000045e+02
4.256899999999999977e+02
4.316999999999999886e+02
4.396200000000000045e+02
4.434700000000000273e+02
4.455300000000000296e+02
4.574700000000000273e+02
4.755300000000000296e+02
4.874300000000000068e+02
4.903400000000000318e+02
4.983799999999999955e+02
5.111700000000000159e+02
5.211900000000000546e+02
5.302500000000000000e+02
5.342200000000000273e+02
5.529500000000000455e+02
5.788799999999999955e+02
5.886599999999999682e+02
5.966900000000000546e+02
5.987500000000000000e+02
6.067799999999999727e+02
6.126900000000000546e+02
6.195800000000000409e+02
6.336200000000000045e+02
6.542599999999999909e+02
7.202400000000000091e+02
7.258300000000000409e+02
7.431000000000000227e+02
7.475399999999999636e+02
7.809200000000000728e+02
7.918100000000000591e+02
7.988100000000000591e+02
8.028799999999999955e+02
8.117699999999999818e+02
8.398000000000000682e+02
8.436399999999999864e+02
8.515800000000000409e+02
8.536200000000000045e+02
8.774700000000000273e+02
8.855199999999999818e+02
9.072200000000000273e+02
9.542200000000000273e+02
9.562699999999999818e+02
9.610399999999999636e+02
9.718899999999999864e+02
9.781200000000000045e+02
9.820000000000000000e+02
9.868200000000000500e+02
7.589999999999999858e+00
1.262000000000000099e+01
6.307000000000000028e+01
1.177699999999999960e+02
1.593799999999999955e+02
1.839799999999999898e+02
2.196200000000000045e+02
2.248400000000000034e+02
2.990699999999999932e+02
3.050199999999999818e+02
3.228100000000000023e+02
3.349300000000000068e+02
3.569900000000000091e+02
3.757200000000000273e+02
3.943400000000000318e+02
4.013899999999999864e+02
4.051700000000000159e+02
4.102100000000000364e+02
4.278899999999999864e+02
4.339000000000000341e+02
4.588899999999999864e+02
4.785900000000000318e+02
4.844900000000000091e+02
4.974300000000000068e+02
5.509400000000000546e+02
5.875299999999999727e+02
5.955500000000000682e+02
6.252200000000000273e+02
6.368200000000000500e+02
6.430500000000000682e+02
6.698799999999999955e+02
7.024900000000000091e+02
8.163700000000000045e+02
6.711800000000000637e+02
7.433000000000000682e+02
7.351299999999999955e+02
6.730000000000000426e+00
7.737000000000000455e+01
1.399399999999999977e+02
1.484099999999999966e+02
1.968199999999999932e+02
2.720600000000000023e+02
5.696699999999999591e+02
8.468200000000000500e+02
