6.509999999999999787e+00
7.700000000000000178e+00
2.874000000000000199e+01
2.971000000000000085e+01
4.089000000000000057e+01
4.341000000000000369e+01
5.264999999999999858e+01
5.398000000000000398e+01
5.441000000000000369e+01
5.739999999999999858e+01
6.465000000000000568e+01
8.107999999999999829e+01
8.843999999999999773e+01
8.881000000000000227e+01
9.142000000000000171e+01
1.024500000000000028e+02
1.027300000000000040e+02
1.055799999999999983e+02
1.063500000000000085e+02
1.073400000000000034e+02
1.121000000000000085e+02
1.186400000000000006e+02
1.265799999999999983e+02
1.269099999999999966e+02
1.281700000000000159e+02
1.322100000000000080e+02
1.378799999999999955e+02
1.397000000000000171e+02
1.506800000000000068e+02
1.585300000000000011e+02
1.684000000000000057e+02
1.708600000000000136e+02
1.768199999999999932e+02
1.876400000000000148e+02
1.912300000000000182e+02
1.956599999999999966e+02
2.087100000000000080e+02
2.186100000000000136e+02
2.223199999999999932e+02
2.235600000000000023e+02
2.298100000000000023e+02
2.324200000000000159e+02
2.450099999999999909e+02
2.533700000000000045e+02
2.597599999999999909e+02
2.634800000000000182e+02
2.662599999999999909e+02
2.680400000000000205e+02
2.743700000000000045e+02
2.833600000000000136e+02
3.118100000000000023e+02
3.129599999999999795e+02
3.217400000000000091e+02
3.406600000000000250e+02
3.610799999999999841e+02
3.659399999999999977e+02
3.710500000000000114e+02
3.718500000000000227e+02
3.821899999999999977e+02
3.908899999999999864e+02
3.944700000000000273e+02
3.990199999999999818e+02
4.145099999999999909e+02
4.149900000000000091e+02
4.206600000000000250e+02
4.232599999999999909e+02
4.307800000000000296e+02
4.336700000000000159e+02
4.363799999999999955e+02
4.387100000000000364e+02
4.429700000000000273e+02
4.451800000000000068e+02
4.545400000000000205e+02
4.565199999999999818e+02
4.574600000000000364e+02
4.591700000000000159e+02
4.614000000000000341e+02
4.643000000000000114e+02
4.722300000000000182e+02
4.776700000000000159e+02
4.821500000000000341e+02
4.893400000000000318e+02
4.971399999999999864e+02
4.992599999999999909e+02
5.001800000000000068e+02
5.101700000000000159e+02
5.171399999999999864e+02
5.181100000000000136e+02
5.364600000000000364e+02
5.384700000000000273e+02
5.461900000000000546e+02
5.512699999999999818e+02
5.543100000000000591e+02
5.570399999999999636e+02
5.686399999999999864e+02
5.769600000000000364e+02
5.876800000000000637e+02
5.976299999999999955e+02
5.983899999999999864e+02
6.005500000000000682e+02
6.012599999999999909e+02
6.051000000000000227e+02
6.062699999999999818e+02
6.089099999999999682e+02
6.095700000000000500e+02
6.176399999999999864e+02
6.186100000000000136e+02
6.204400000000000546e+02
6.320800000000000409e+02
6.326699999999999591e+02
6.331800000000000637e+02
6.388400000000000318e+02
6.402699999999999818e+02
6.421100000000000136e+02
6.460800000000000409e+02
6.514600000000000364e+02
6.527200000000000273e+02
6.560500000000000682e+02
6.606399999999999864e+02
6.646499999999999773e+02
6.674900000000000091e+02
6.687400000000000091e+02
6.754300000000000637e+02
6.764099999999999682e+02
6.818100000000000591e+02
6.859700000000000273e+02
6.932400000000000091e+02
6.979800000000000182e+02
7.013799999999999955e+02
7.034300000000000637e+02
7.043500000000000227e+02
7.051000000000000227e+02
7.096200000000000045e+02
7.108600000000000136e+02
7.114900000000000091e+02
7.190600000000000591e+02
7.201599999999999682e+02
7.288500000000000227e+02
7.306800000000000637e+02
7.520399999999999636e+02
7.600099999999999909e+02
7.643500000000000227e+02
7.644600000000000364e+02
7.655800000000000409e+02
7.685099999999999909e+02
7.986599999999999682e+02
7.990700000000000500e+02
8.080600000000000591e+02
8.081200000000000045e+02
8.153100000000000591e+02
8.245299999999999727e+02
8.271100000000000136e+02
8.313500000000000227e+02
8.353300000000000409e+02
8.401700000000000728e+02
8.466000000000000227e+02
8.524700000000000273e+02
8.525800000000000409e+02
8.597699999999999818e+02
8.599800000000000182e+02
8.738500000000000227e+02
8.765000000000000000e+02
8.920199999999999818e+02
9.062500000000000000e+02
9.147200000000000273e+02
9.310700000000000500e+02
9.369099999999999682e+02
9.449700000000000273e+02
9.496299999999999955e+02
9.532599999999999909e+02
9.548600000000000136e+02
9.610800000000000409e+02
9.696100000000000136e+02
9.725099999999999909e+02
9.788100000000000591e+02
9.857599999999999909e+02
9.867599999999999909e+02
9.877599999999999909e+02
9.998100000000000591e+02
