6.040000000000000036e+00
2.032000000000000028e+01
2.052100000000000080e+02
2.563199999999999932e+02
2.953799999999999955e+02
3.590900000000000318e+02
4.350799999999999841e+02
4.673400000000000318e+02
5.105699999999999932e+02
5.158600000000000136e+02
5.213799999999999955e+02
5.631200000000000045e+02
5.694099999999999682e+02
5.831900000000000546e+02
6.003300000000000409e+02
6.800700000000000500e+02
8.116800000000000637e+02
4.120000000000000107e+00
6.040000000000000036e+00
1.002999999999999936e+01
1.388000000000000078e+01
1.593999999999999950e+01
1.801999999999999957e+01
2.203999999999999915e+01
2.606000000000000227e+01
3.211999999999999744e+01
3.795000000000000284e+01
4.189000000000000057e+01
5.205000000000000426e+01
5.799000000000000199e+01
6.415000000000000568e+01
6.817000000000000171e+01
7.029999999999999716e+01
7.420000000000000284e+01
7.810999999999999943e+01
8.196999999999999886e+01
8.404000000000000625e+01
8.795000000000000284e+01
9.196000000000000796e+01
9.400000000000000000e+01
1.020700000000000074e+02
1.042800000000000011e+02
1.100100000000000051e+02
1.121800000000000068e+02
1.142199999999999989e+02
1.164600000000000080e+02
1.222199999999999989e+02
1.262199999999999989e+02
1.343799999999999955e+02
1.383000000000000114e+02
1.459699999999999989e+02
1.558900000000000148e+02
1.581400000000000148e+02
1.601899999999999977e+02
1.680800000000000125e+02
1.703499999999999943e+02
1.782100000000000080e+02
1.843300000000000125e+02
1.865200000000000102e+02
1.901100000000000136e+02
1.982199999999999989e+02
2.041200000000000045e+02
2.052300000000000182e+02
2.119500000000000171e+02
2.141500000000000057e+02
2.279900000000000091e+02
2.341400000000000148e+02
2.377800000000000011e+02
2.400500000000000114e+02
2.420999999999999943e+02
2.458799999999999955e+02
2.481100000000000136e+02
2.542199999999999989e+02
2.563700000000000045e+02
2.600400000000000205e+02
2.738199999999999932e+02
2.779599999999999795e+02
2.838299999999999841e+02
2.895900000000000318e+02
2.954100000000000250e+02
2.978199999999999932e+02
3.056200000000000045e+02
3.098899999999999864e+02
3.337900000000000205e+02
3.524599999999999795e+02
3.566899999999999977e+02
3.677200000000000273e+02
3.778299999999999841e+02
3.957100000000000364e+02
3.977699999999999818e+02
4.015000000000000000e+02
4.155799999999999841e+02
4.203899999999999864e+02
4.336200000000000045e+02
4.350799999999999841e+02
4.475400000000000205e+02
4.513100000000000023e+02
4.616999999999999886e+02
4.645900000000000318e+02
4.937400000000000091e+02
5.016800000000000068e+02
5.105699999999999932e+02
5.158600000000000136e+02
5.256699999999999591e+02
5.326399999999999864e+02
5.405700000000000500e+02
5.496499999999999773e+02
5.527100000000000364e+02
5.631200000000000045e+02
5.633999999999999773e+02
5.694199999999999591e+02
5.733200000000000500e+02
5.826599999999999682e+02
5.831900000000000546e+02
5.913000000000000682e+02
5.946800000000000637e+02
5.967899999999999636e+02
6.003300000000000409e+02
6.148200000000000500e+02
6.215600000000000591e+02
6.344700000000000273e+02
6.366599999999999682e+02
6.409500000000000455e+02
6.455299999999999727e+02
6.554800000000000182e+02
6.727699999999999818e+02
6.786800000000000637e+02
6.814099999999999682e+02
6.928899999999999864e+02
7.006699999999999591e+02
7.028300000000000409e+02
7.087000000000000455e+02
7.107799999999999727e+02
7.131499999999999773e+02
7.173200000000000500e+02
7.194700000000000273e+02
7.215900000000000318e+02
7.268300000000000409e+02
7.347400000000000091e+02
7.447100000000000364e+02
7.469900000000000091e+02
7.506900000000000546e+02
7.589099999999999682e+02
7.652799999999999727e+02
7.752300000000000182e+02
7.852899999999999636e+02
7.891200000000000045e+02
7.929600000000000364e+02
7.990099999999999909e+02
8.027100000000000364e+02
8.050800000000000409e+02
8.117000000000000455e+02
8.168000000000000682e+02
8.233100000000000591e+02
8.288799999999999955e+02
8.310099999999999909e+02
8.332200000000000273e+02
8.412000000000000455e+02
8.433700000000000045e+02
8.468500000000000227e+02
8.489800000000000182e+02
8.530199999999999818e+02
8.569600000000000364e+02
8.590500000000000682e+02
8.611700000000000728e+02
8.690399999999999636e+02
8.710800000000000409e+02
8.769800000000000182e+02
8.791800000000000637e+02
8.830199999999999818e+02
8.872000000000000455e+02
8.910199999999999818e+02
8.950000000000000000e+02
9.072300000000000182e+02
9.130800000000000409e+02
9.151499999999999773e+02
9.172400000000000091e+02
9.249900000000000091e+02
9.290900000000000318e+02
9.330600000000000591e+02
9.371800000000000637e+02
9.409099999999999682e+02
9.429900000000000091e+02
9.450700000000000500e+02
9.508300000000000409e+02
9.547799999999999727e+02
9.589700000000000273e+02
9.611499999999999773e+02
9.632300000000000182e+02
9.668600000000000136e+02
9.690399999999999636e+02
9.769600000000000364e+02
9.808200000000000500e+02
9.851700000000000728e+02
9.909600000000000364e+02
9.930500000000000682e+02
9.951700000000000728e+02
4.120000000000000107e+00
6.040000000000000036e+00
1.020000000000000107e+01
1.395000000000000107e+01
1.603000000000000114e+01
1.810999999999999943e+01
2.208999999999999986e+01
2.610999999999999943e+01
3.217000000000000171e+01
3.800999999999999801e+01
4.217999999999999972e+01
5.210999999999999943e+01
5.810999999999999943e+01
7.596000000000000796e+01
7.809000000000000341e+01
8.210000000000000853e+01
8.417000000000000171e+01
8.801000000000000512e+01
9.210999999999999943e+01
9.417000000000000171e+01
1.021299999999999955e+02
1.139399999999999977e+02
1.383400000000000034e+02
1.559600000000000080e+02
1.596800000000000068e+02
1.901899999999999977e+02
1.982899999999999920e+02
2.041899999999999977e+02
2.052500000000000000e+02
2.342300000000000182e+02
2.380999999999999943e+02
2.420800000000000125e+02
2.460000000000000000e+02
2.481500000000000057e+02
2.543199999999999932e+02
2.738600000000000136e+02
2.780099999999999909e+02
2.954499999999999886e+02
2.981200000000000045e+02
3.099499999999999886e+02
3.338500000000000227e+02
3.677400000000000091e+02
3.778899999999999864e+02
3.976899999999999977e+02
4.015799999999999841e+02
4.204300000000000068e+02
4.344900000000000091e+02
4.350799999999999841e+02
4.475699999999999932e+02
4.617599999999999909e+02
4.646999999999999886e+02
5.022700000000000387e+02
5.105699999999999932e+02
5.158600000000000136e+02
5.333999999999999773e+02
5.497200000000000273e+02
5.631200000000000045e+02
5.694199999999999591e+02
5.827000000000000455e+02
5.831900000000000546e+02
5.913300000000000409e+02
5.968700000000000045e+02
6.003300000000000409e+02
6.344800000000000182e+02
6.367400000000000091e+02
6.555700000000000500e+02
6.791800000000000637e+02
7.106800000000000637e+02
7.132000000000000455e+02
7.192100000000000364e+02
7.216200000000000045e+02
7.447599999999999909e+02
7.470800000000000409e+02
7.653700000000000045e+02
7.892500000000000000e+02
7.930199999999999818e+02
8.028000000000000682e+02
8.051599999999999682e+02
8.117200000000000273e+02
8.168400000000000318e+02
8.289099999999999682e+02
8.412599999999999909e+02
8.468899999999999864e+02
8.531000000000000227e+02
8.569800000000000182e+02
8.590900000000000318e+02
8.691000000000000227e+02
8.711599999999999682e+02
8.769900000000000091e+02
8.792400000000000091e+02
8.830900000000000318e+02
9.131700000000000728e+02
9.153000000000000682e+02
9.331200000000000045e+02
9.410199999999999818e+02
9.431499999999999773e+02
9.508600000000000136e+02
9.548500000000000227e+02
9.630700000000000500e+02
9.669099999999999682e+02
9.690800000000000409e+02
9.769800000000000182e+02
9.810500000000000682e+02
9.910099999999999909e+02
4.129999999999999893e+00
6.040000000000000036e+00
1.403000000000000114e+01
1.817000000000000171e+01
2.217000000000000171e+01
2.616000000000000014e+01
3.225000000000000000e+01
7.823000000000000398e+01
8.401999999999999602e+01
9.401999999999999602e+01
9.925000000000000000e+01
1.022400000000000091e+02
1.139800000000000040e+02
1.384000000000000057e+02
1.597400000000000091e+02
2.052899999999999920e+02
2.421500000000000057e+02
2.483000000000000114e+02
2.739000000000000341e+02
2.780799999999999841e+02
2.982699999999999818e+02
3.339000000000000341e+02
3.677599999999999909e+02
3.779900000000000091e+02
3.977300000000000182e+02
4.205000000000000000e+02
4.345600000000000023e+02
4.350799999999999841e+02
4.476000000000000227e+02
5.105699999999999932e+02
5.158600000000000136e+02
5.336100000000000136e+02
5.631200000000000045e+02
5.694300000000000637e+02
5.831900000000000546e+02
5.913700000000000045e+02
6.003300000000000409e+02
6.344900000000000091e+02
6.792899999999999636e+02
7.107799999999999727e+02
7.132799999999999727e+02
7.448500000000000227e+02
7.931000000000000227e+02
8.117500000000000000e+02
8.168700000000000045e+02
8.289500000000000455e+02
8.413200000000000500e+02
8.469300000000000637e+02
8.570000000000000000e+02
8.692100000000000364e+02
8.770099999999999909e+02
8.793600000000000136e+02
9.153300000000000409e+02
9.411000000000000227e+02
9.508899999999999864e+02
9.669500000000000455e+02
9.691499999999999773e+02
9.770099999999999909e+02
9.910900000000000318e+02
4.129999999999999893e+00
6.040000000000000036e+00
2.623000000000000043e+01
8.418999999999999773e+01
9.404999999999999716e+01
9.925000000000000000e+01
1.140100000000000051e+02
1.599900000000000091e+02
2.739300000000000068e+02
3.339300000000000068e+02
3.677800000000000296e+02
3.977900000000000205e+02
4.205500000000000114e+02
4.350799999999999841e+02
4.476299999999999955e+02
5.105699999999999932e+02
5.158600000000000136e+02
5.631200000000000045e+02
5.694400000000000546e+02
5.831900000000000546e+02
5.914099999999999682e+02
6.003300000000000409e+02
6.345000000000000000e+02
8.169400000000000546e+02
8.290199999999999818e+02
8.469700000000000273e+02
8.570299999999999727e+02
8.709200000000000728e+02
8.770299999999999727e+02
9.509200000000000728e+02
9.669800000000000182e+02
9.770399999999999636e+02
4.129999999999999893e+00
4.280000000000000249e+00
1.619000000000000128e+01
3.605000000000000426e+01
4.391000000000000369e+01
5.770000000000000284e+01
7.931000000000000227e+01
9.409000000000000341e+01
9.925000000000000000e+01
9.950000000000000000e+01
1.140499999999999972e+02
1.590000000000000000e+02
1.601500000000000057e+02
1.923000000000000114e+02
2.186400000000000148e+02
2.504399999999999977e+02
2.717099999999999795e+02
2.739700000000000273e+02
2.741899999999999977e+02
2.995799999999999841e+02
3.096399999999999864e+02
3.252200000000000273e+02
3.339700000000000273e+02
3.340300000000000296e+02
3.516100000000000136e+02
3.678000000000000114e+02
3.696700000000000159e+02
3.756000000000000227e+02
4.282900000000000205e+02
4.350799999999999841e+02
4.476800000000000068e+02
4.747800000000000296e+02
5.158600000000000136e+02
5.203999999999999773e+02
5.543700000000000045e+02
5.631200000000000045e+02
5.642699999999999818e+02
5.914600000000000364e+02
6.003300000000000409e+02
6.298600000000000136e+02
6.345099999999999909e+02
7.030900000000000318e+02
7.119099999999999682e+02
7.213600000000000136e+02
7.270199999999999818e+02
7.291599999999999682e+02
7.390399999999999636e+02
8.027200000000000273e+02
8.291299999999999955e+02
8.470199999999999818e+02
8.524400000000000546e+02
8.570900000000000318e+02
8.709800000000000182e+02
8.722400000000000091e+02
8.770399999999999636e+02
8.802000000000000455e+02
8.823400000000000318e+02
8.861000000000000227e+02
8.917899999999999636e+02
8.959400000000000546e+02
9.118400000000000318e+02
9.436900000000000546e+02
9.476399999999999864e+02
9.509700000000000273e+02
9.535399999999999636e+02
9.670099999999999909e+02
9.770800000000000409e+02
9.952699999999999818e+02
4.129999999999999893e+00
4.280000000000000249e+00
4.396999999999999886e+01
7.932999999999999829e+01
9.925000000000000000e+01
1.141099999999999994e+02
1.590800000000000125e+02
1.923300000000000125e+02
2.186800000000000068e+02
2.504600000000000080e+02
2.717099999999999795e+02
2.741999999999999886e+02
2.995900000000000318e+02
3.340000000000000000e+02
3.516299999999999955e+02
3.678199999999999932e+02
3.696899999999999977e+02
3.756000000000000227e+02
4.283799999999999955e+02
4.350799999999999841e+02
4.747800000000000296e+02
5.158600000000000136e+02
5.204500000000000455e+02
5.631299999999999955e+02
5.642799999999999727e+02
6.003300000000000409e+02
6.298600000000000136e+02
6.345199999999999818e+02
7.030900000000000318e+02
7.119300000000000637e+02
7.391000000000000227e+02
8.027599999999999909e+02
8.770600000000000591e+02
8.918400000000000318e+02
9.118500000000000227e+02
9.437200000000000273e+02
9.510700000000000500e+02
9.536000000000000227e+02
9.670600000000000591e+02
9.953500000000000227e+02
4.129999999999999893e+00
4.280000000000000249e+00
8.310000000000000497e+00
1.399000000000000021e+01
3.421000000000000085e+01
3.816000000000000369e+01
4.021999999999999886e+01
4.228999999999999915e+01
4.436999999999999744e+01
5.239000000000000057e+01
5.628000000000000114e+01
6.418000000000000682e+01
7.223000000000000398e+01
7.454000000000000625e+01
7.934000000000000341e+01
8.448000000000000398e+01
9.057000000000000739e+01
9.925000000000000000e+01
1.025799999999999983e+02
1.066400000000000006e+02
1.124600000000000080e+02
1.206400000000000006e+02
1.263700000000000045e+02
1.570200000000000102e+02
1.607100000000000080e+02
1.627899999999999920e+02
1.906899999999999977e+02
1.923700000000000045e+02
1.928700000000000045e+02
2.172100000000000080e+02
2.229000000000000057e+02
2.250800000000000125e+02
2.291599999999999966e+02
2.312800000000000011e+02
2.369500000000000171e+02
2.475500000000000114e+02
2.504800000000000182e+02
2.650300000000000296e+02
2.717099999999999795e+02
2.741999999999999886e+02
2.791000000000000227e+02
2.849200000000000159e+02
2.870000000000000000e+02
2.995699999999999932e+02
2.995900000000000318e+02
3.088700000000000045e+02
3.149599999999999795e+02
3.215600000000000023e+02
3.273400000000000318e+02
3.309700000000000273e+02
3.516500000000000341e+02
3.518199999999999932e+02
3.678500000000000227e+02
3.697099999999999795e+02
3.756000000000000227e+02
3.861299999999999955e+02
4.159600000000000364e+02
4.474100000000000250e+02
4.532900000000000205e+02
4.673299999999999841e+02
4.747800000000000296e+02
4.814200000000000159e+02
4.835400000000000205e+02
5.076299999999999955e+02
5.125600000000000591e+02
5.205000000000000000e+02
5.213799999999999955e+02
5.395399999999999636e+02
5.416499999999999773e+02
5.445900000000000318e+02
5.643000000000000682e+02
5.656399999999999864e+02
6.029400000000000546e+02
6.098500000000000227e+02
6.237699999999999818e+02
6.293500000000000227e+02
6.298600000000000136e+02
6.337400000000000091e+02
6.345299999999999727e+02
6.734800000000000182e+02
6.897799999999999727e+02
6.996499999999999773e+02
7.031000000000000227e+02
7.119600000000000364e+02
7.123500000000000227e+02
7.196699999999999591e+02
7.222100000000000364e+02
7.382799999999999727e+02
7.482699999999999818e+02
7.540299999999999727e+02
7.643700000000000045e+02
7.702300000000000182e+02
7.739300000000000637e+02
7.782500000000000000e+02
7.858600000000000136e+02
8.028100000000000591e+02
8.747699999999999818e+02
8.770700000000000500e+02
8.966399999999999864e+02
9.006700000000000728e+02
9.118600000000000136e+02
9.144800000000000182e+02
9.165800000000000409e+02
9.366599999999999682e+02
9.387400000000000091e+02
9.437500000000000000e+02
9.447300000000000182e+02
9.529400000000000546e+02
9.608200000000000500e+02
9.829600000000000364e+02
9.929099999999999682e+02
9.950500000000000682e+02
4.139999999999999680e+00
4.280000000000000249e+00
1.400000000000000000e+01
4.017000000000000171e+01
4.228000000000000114e+01
5.635000000000000142e+01
7.935999999999999943e+01
8.453000000000000114e+01
9.925000000000000000e+01
1.026099999999999994e+02
1.626899999999999977e+02
1.924300000000000068e+02
2.229500000000000171e+02
2.311299999999999955e+02
2.505100000000000193e+02
2.651000000000000227e+02
2.717099999999999795e+02
2.741999999999999886e+02
2.870400000000000205e+02
2.996000000000000227e+02
3.089100000000000250e+02
3.149800000000000182e+02
3.516700000000000159e+02
3.678899999999999864e+02
3.697300000000000182e+02
3.756000000000000227e+02
3.872400000000000091e+02
4.159800000000000182e+02
4.534100000000000250e+02
4.673299999999999841e+02
4.747800000000000296e+02
5.125800000000000409e+02
5.205499999999999545e+02
5.213799999999999955e+02
5.417400000000000091e+02
5.446399999999999864e+02
5.643200000000000500e+02
5.656499999999999773e+02
6.029400000000000546e+02
6.298600000000000136e+02
6.345399999999999636e+02
6.899199999999999591e+02
6.997200000000000273e+02
7.031000000000000227e+02
7.123700000000000045e+02
7.197100000000000364e+02
7.222899999999999636e+02
7.483000000000000682e+02
7.739900000000000091e+02
7.860000000000000000e+02
8.748100000000000591e+02
8.770900000000000318e+02
9.007000000000000455e+02
9.118700000000000045e+02
9.166599999999999682e+02
9.367599999999999909e+02
9.388500000000000227e+02
9.437899999999999636e+02
9.448100000000000591e+02
4.139999999999999680e+00
4.280000000000000249e+00
1.400999999999999979e+01
4.021000000000000085e+01
4.239000000000000057e+01
7.937999999999999545e+01
8.459000000000000341e+01
9.925000000000000000e+01
1.026400000000000006e+02
2.230000000000000000e+02
2.717200000000000273e+02
2.741999999999999886e+02
2.996100000000000136e+02
3.089599999999999795e+02
3.150099999999999909e+02
3.517099999999999795e+02
3.697699999999999818e+02
3.756100000000000136e+02
3.872500000000000000e+02
4.160099999999999909e+02
4.673299999999999841e+02
4.747800000000000296e+02
5.126100000000000136e+02
5.206499999999999773e+02
5.213799999999999955e+02
5.447000000000000455e+02
5.643500000000000227e+02
5.656699999999999591e+02
6.029500000000000455e+02
6.298600000000000136e+02
6.345600000000000591e+02
6.900600000000000591e+02
7.031100000000000136e+02
7.123899999999999864e+02
7.483300000000000409e+02
7.740600000000000591e+02
8.771000000000000227e+02
9.007300000000000182e+02
9.167400000000000091e+02
9.388899999999999864e+02
9.438799999999999955e+02
4.139999999999999680e+00
4.280000000000000249e+00
1.403000000000000114e+01
4.410999999999999943e+01
7.940000000000000568e+01
9.925000000000000000e+01
2.717200000000000273e+02
2.742099999999999795e+02
2.996200000000000045e+02
3.090400000000000205e+02
3.756100000000000136e+02
3.872599999999999909e+02
4.673299999999999841e+02
4.747800000000000296e+02
5.126599999999999682e+02
5.213799999999999955e+02
5.656900000000000546e+02
6.029600000000000364e+02
6.298600000000000136e+02
7.031200000000000045e+02
7.124199999999999591e+02
7.483700000000000045e+02
8.771399999999999864e+02
9.008000000000000682e+02
4.280000000000000249e+00
6.030000000000000249e+00
9.830000000000000071e+00
1.396000000000000085e+01
1.404000000000000092e+01
2.192999999999999972e+01
2.399000000000000199e+01
2.603000000000000114e+01
3.001999999999999957e+01
4.584000000000000341e+01
5.373000000000000398e+01
5.587000000000000455e+01
5.980000000000000426e+01
7.790000000000000568e+01
7.942000000000000171e+01
7.998000000000000398e+01
8.785000000000000853e+01
9.925000000000000000e+01
9.968000000000000682e+01
1.036500000000000057e+02
1.077600000000000051e+02
1.115300000000000011e+02
1.197199999999999989e+02
1.236400000000000006e+02
1.274900000000000091e+02
1.297500000000000000e+02
1.318799999999999955e+02
1.355900000000000034e+02
1.396800000000000068e+02
1.433900000000000148e+02
1.475699999999999932e+02
1.516100000000000136e+02
1.536599999999999966e+02
1.573199999999999932e+02
1.594900000000000091e+02
1.674500000000000171e+02
1.695200000000000102e+02
1.715999999999999943e+02
1.751899999999999977e+02
1.796100000000000136e+02
2.051200000000000045e+02
2.089699999999999989e+02
2.110300000000000011e+02
2.151100000000000136e+02
2.194699999999999989e+02
2.230500000000000114e+02
2.253600000000000136e+02
2.369600000000000080e+02
2.411599999999999966e+02
2.508700000000000045e+02
2.568199999999999932e+02
2.633999999999999773e+02
2.717200000000000273e+02
2.742099999999999795e+02
2.767900000000000205e+02
2.788899999999999864e+02
2.867200000000000273e+02
2.952900000000000205e+02
2.986000000000000227e+02
2.996399999999999864e+02
3.031299999999999955e+02
3.071899999999999977e+02
3.169000000000000341e+02
3.569499999999999886e+02
3.589900000000000091e+02
3.628700000000000045e+02
3.683299999999999841e+02
3.756100000000000136e+02
3.809900000000000091e+02
3.861899999999999977e+02
3.872800000000000296e+02
3.941600000000000250e+02
3.967200000000000273e+02
4.001899999999999977e+02
4.160600000000000023e+02
4.386899999999999977e+02
4.408199999999999932e+02
4.429399999999999977e+02
4.648600000000000136e+02
4.673299999999999841e+02
4.703600000000000136e+02
4.747800000000000296e+02
4.767599999999999909e+02
4.789000000000000341e+02
4.887400000000000091e+02
4.954900000000000091e+02
5.105600000000000023e+02
5.144199999999999591e+02
5.205099999999999909e+02
5.213799999999999955e+02
5.225800000000000409e+02
5.254800000000000182e+02
5.320600000000000591e+02
5.693799999999999955e+02
5.831900000000000546e+02
5.944400000000000546e+02
5.965199999999999818e+02
6.000700000000000500e+02
6.029600000000000364e+02
6.085000000000000000e+02
6.200500000000000682e+02
6.222300000000000182e+02
6.298600000000000136e+02
6.361100000000000136e+02
6.490399999999999636e+02
6.522699999999999818e+02
6.580600000000000591e+02
6.780700000000000500e+02
6.843600000000000136e+02
6.940800000000000409e+02
7.031299999999999955e+02
7.059400000000000546e+02
7.080600000000000591e+02
7.160199999999999818e+02
7.439900000000000091e+02
7.461100000000000136e+02
7.543700000000000045e+02
7.617899999999999636e+02
7.659800000000000182e+02
7.703400000000000318e+02
7.738999999999999773e+02
7.778200000000000500e+02
7.860800000000000409e+02
7.882400000000000091e+02
7.915000000000000000e+02
7.960199999999999818e+02
8.001900000000000546e+02
8.062599999999999909e+02
8.116100000000000136e+02
8.139300000000000637e+02
8.195099999999999909e+02
8.318200000000000500e+02
8.375299999999999727e+02
8.397400000000000091e+02
8.455299999999999727e+02
8.574800000000000182e+02
8.596000000000000227e+02
8.637599999999999909e+02
8.777400000000000091e+02
8.814900000000000091e+02
8.857200000000000273e+02
8.898500000000000227e+02
8.956200000000000045e+02
9.015500000000000682e+02
9.097000000000000455e+02
9.155500000000000682e+02
9.213300000000000409e+02
9.291800000000000637e+02
9.334400000000000546e+02
9.413200000000000500e+02
9.473100000000000591e+02
9.551000000000000227e+02
9.573400000000000318e+02
9.612599999999999909e+02
9.653000000000000682e+02
9.712799999999999727e+02
9.734700000000000273e+02
9.830000000000000000e+02
9.851599999999999682e+02
9.872100000000000364e+02
9.933700000000000045e+02
9.969700000000000273e+02
9.991000000000000227e+02
4.280000000000000249e+00
6.030000000000000249e+00
9.859999999999999432e+00
1.399000000000000021e+01
1.405000000000000071e+01
2.394999999999999929e+01
2.599000000000000199e+01
4.588000000000000256e+01
5.395000000000000284e+01
7.998999999999999488e+01
9.925000000000000000e+01
1.115700000000000074e+02
1.275799999999999983e+02
1.356599999999999966e+02
1.434500000000000171e+02
1.535300000000000011e+02
1.573700000000000045e+02
1.675000000000000000e+02
1.696100000000000136e+02
1.752400000000000091e+02
2.051400000000000148e+02
2.093799999999999955e+02
2.153600000000000136e+02
2.255000000000000000e+02
2.370600000000000023e+02
2.717200000000000273e+02
2.742099999999999795e+02
2.788899999999999864e+02
2.870000000000000000e+02
2.953100000000000023e+02
2.996500000000000341e+02
3.169599999999999795e+02
3.588799999999999955e+02
3.756100000000000136e+02
3.810199999999999818e+02
3.872900000000000205e+02
3.946899999999999977e+02
3.968700000000000045e+02
4.648700000000000045e+02
4.673299999999999841e+02
4.703799999999999955e+02
4.747800000000000296e+02
4.956800000000000068e+02
5.105600000000000023e+02
5.144600000000000364e+02
5.205600000000000591e+02
5.213799999999999955e+02
5.226399999999999864e+02
5.321399999999999864e+02
5.693899999999999864e+02
5.831900000000000546e+02
5.944700000000000273e+02
5.965800000000000409e+02
6.001900000000000546e+02
6.029700000000000273e+02
6.298600000000000136e+02
6.361699999999999591e+02
6.491200000000000045e+02
6.524300000000000637e+02
6.581100000000000136e+02
7.031299999999999955e+02
7.059800000000000182e+02
7.161900000000000546e+02
7.619099999999999682e+02
7.740399999999999636e+02
7.877500000000000000e+02
7.918000000000000682e+02
7.961100000000000136e+02
8.116200000000000045e+02
8.376299999999999955e+02
8.398200000000000500e+02
8.575399999999999636e+02
8.596800000000000637e+02
8.777599999999999909e+02
8.815800000000000409e+02
9.292000000000000455e+02
9.413899999999999864e+02
9.613600000000000136e+02
9.830299999999999727e+02
9.871000000000000227e+02
9.970199999999999818e+02
4.280000000000000249e+00
6.030000000000000249e+00
9.890000000000000568e+00
1.407000000000000028e+01
1.404000000000000092e+01
2.025000000000000000e+01
2.406000000000000227e+01
2.612999999999999901e+01
3.242000000000000171e+01
4.255000000000000426e+01
4.592000000000000171e+01
8.003000000000000114e+01
1.116099999999999994e+02
1.435500000000000114e+02
1.535800000000000125e+02
1.574000000000000057e+02
1.574099999999999966e+02
1.675800000000000125e+02
1.753000000000000114e+02
2.051599999999999966e+02
2.562500000000000000e+02
2.663000000000000114e+02
2.717300000000000182e+02
2.742099999999999795e+02
2.870500000000000114e+02
2.953299999999999841e+02
2.996800000000000068e+02
3.589300000000000068e+02
3.756100000000000136e+02
3.810900000000000318e+02
3.873199999999999932e+02
4.350799999999999841e+02
4.649000000000000341e+02
4.673400000000000318e+02
4.704100000000000250e+02
4.747800000000000296e+02
5.105600000000000023e+02
5.144900000000000091e+02
5.158600000000000136e+02
5.213799999999999955e+02
5.226299999999999955e+02
5.631100000000000136e+02
5.693899999999999864e+02
5.831900000000000546e+02
5.945500000000000682e+02
6.003300000000000409e+02
6.029800000000000182e+02
6.298600000000000136e+02
6.525700000000000500e+02
6.581800000000000637e+02
6.799800000000000182e+02
7.031399999999999864e+02
7.060199999999999818e+02
7.620700000000000500e+02
7.878000000000000682e+02
8.116399999999999864e+02
8.397100000000000364e+02
8.777899999999999636e+02
8.816800000000000637e+02
9.292200000000000273e+02
9.830700000000000500e+02
9.871499999999999773e+02
9.970800000000000409e+02
4.280000000000000249e+00
6.030000000000000249e+00
9.919999999999999929e+00
1.408000000000000007e+01
2.026000000000000156e+01
2.594999999999999929e+01
3.245000000000000284e+01
4.261999999999999744e+01
4.596999999999999886e+01
8.007999999999999829e+01
1.116899999999999977e+02
1.536400000000000148e+02
1.574600000000000080e+02
2.051800000000000068e+02
2.562699999999999818e+02
2.717300000000000182e+02
2.742300000000000182e+02
2.871000000000000227e+02
2.953400000000000318e+02
2.998600000000000136e+02
3.589700000000000273e+02
3.756200000000000045e+02
4.350799999999999841e+02
4.649499999999999886e+02
4.673400000000000318e+02
4.704499999999999886e+02
4.747800000000000296e+02
5.105600000000000023e+02
5.145199999999999818e+02
5.158600000000000136e+02
5.213799999999999955e+02
5.631100000000000136e+02
5.693999999999999773e+02
5.831900000000000546e+02
6.003300000000000409e+02
6.029900000000000091e+02
6.298600000000000136e+02
6.800000000000000000e+02
7.031699999999999591e+02
7.060700000000000500e+02
7.878500000000000227e+02
8.116499999999999773e+02
8.397400000000000091e+02
8.778300000000000409e+02
9.292500000000000000e+02
9.831499999999999773e+02
9.872300000000000182e+02
9.971399999999999864e+02
6.030000000000000249e+00
9.960000000000000853e+00
1.410999999999999943e+01
2.028000000000000114e+01
2.600000000000000000e+01
2.051899999999999977e+02
2.562900000000000205e+02
2.953600000000000136e+02
3.590099999999999909e+02
4.350799999999999841e+02
4.673400000000000318e+02
5.105600000000000023e+02
5.145700000000000500e+02
5.158600000000000136e+02
5.213799999999999955e+02
5.631200000000000045e+02
5.693999999999999773e+02
5.831900000000000546e+02
6.003300000000000409e+02
6.030099999999999909e+02
6.800299999999999727e+02
8.116700000000000728e+02
9.292899999999999636e+02
