1.753900000000000148e+02
5.617799999999999727e+02
1.664000000000000057e+01
9.498000000000000398e+01
2.409600000000000080e+02
3.665699999999999932e+02
4.781299999999999955e+02
5.264600000000000364e+02
5.398200000000000500e+02
5.438999999999999773e+02
5.544900000000000091e+02
6.291599999999999682e+02
7.243400000000000318e+02
7.414400000000000546e+02
7.611599999999999682e+02
7.709900000000000091e+02
7.796000000000000227e+02
7.934800000000000182e+02
8.336599999999999682e+02
8.503799999999999955e+02
9.371499999999999773e+02
9.755600000000000591e+02
9.857400000000000091e+02
9.310000000000000497e+00
3.268999999999999773e+01
1.785800000000000125e+02
1.890099999999999909e+02
2.468300000000000125e+02
2.532700000000000102e+02
2.923000000000000114e+02
2.980900000000000318e+02
3.003400000000000318e+02
3.869600000000000364e+02
3.961999999999999886e+02
4.213600000000000136e+02
4.420600000000000023e+02
4.817699999999999818e+02
5.419600000000000364e+02
6.219900000000000091e+02
8.677200000000000273e+02
8.867100000000000364e+02
8.902899999999999636e+02
9.418600000000000136e+02
9.500399999999999636e+02
9.683500000000000227e+02
