2.560000000000000053e+00
2.600000000000000089e+00
2.689999999999999947e+00
2.780000000000000249e+00
2.800000000000000266e+00
2.870000000000000107e+00
4.620000000000000107e+00
4.690000000000000391e+00
4.709999999999999964e+00
4.850000000000000533e+00
4.919999999999999929e+00
4.950000000000000178e+00
6.450000000000000178e+00
6.669999999999999929e+00
6.770000000000000462e+00
6.799999999999999822e+00
6.860000000000000320e+00
6.900000000000000355e+00
8.490000000000000213e+00
8.550000000000000711e+00
8.609999999999999432e+00
8.689999999999999503e+00
8.710000000000000853e+00
8.880000000000000782e+00
1.055000000000000071e+01
1.058000000000000007e+01
1.065000000000000036e+01
1.066999999999999993e+01
1.075000000000000000e+01
1.102999999999999936e+01
1.256000000000000050e+01
1.258999999999999986e+01
1.262000000000000099e+01
1.264000000000000057e+01
1.266000000000000014e+01
1.267999999999999972e+01
1.271000000000000085e+01
1.292999999999999972e+01
1.443999999999999950e+01
1.447000000000000064e+01
1.468999999999999950e+01
1.470000000000000107e+01
1.497000000000000064e+01
1.510999999999999943e+01
1.624000000000000199e+01
1.648000000000000043e+01
1.658000000000000185e+01
1.673000000000000043e+01
1.678999999999999915e+01
1.703000000000000114e+01
1.830000000000000071e+01
1.853999999999999915e+01
1.855000000000000071e+01
1.864000000000000057e+01
1.880000000000000071e+01
2.030999999999999872e+01
2.053999999999999915e+01
2.060999999999999943e+01
2.075000000000000000e+01
2.078000000000000114e+01
2.101999999999999957e+01
2.255999999999999872e+01
2.269000000000000128e+01
2.278000000000000114e+01
2.282000000000000028e+01
2.303999999999999915e+01
2.444000000000000128e+01
2.451000000000000156e+01
2.458999999999999986e+01
2.471000000000000085e+01
2.471000000000000085e+01
2.476000000000000156e+01
2.478999999999999915e+01
2.487000000000000099e+01
2.487000000000000099e+01
2.496000000000000085e+01
2.635000000000000142e+01
2.637999999999999901e+01
2.640000000000000213e+01
2.665000000000000213e+01
2.676000000000000156e+01
2.681000000000000227e+01
2.685999999999999943e+01
2.835999999999999943e+01
2.857000000000000028e+01
2.860999999999999943e+01
2.869999999999999929e+01
2.887999999999999901e+01
2.890000000000000213e+01
2.891000000000000014e+01
2.894999999999999929e+01
2.901999999999999957e+01
2.906000000000000227e+01
3.048000000000000043e+01
3.071999999999999886e+01
3.078000000000000114e+01
3.081000000000000227e+01
3.092000000000000171e+01
3.094999999999999929e+01
3.235999999999999943e+01
3.241000000000000369e+01
3.252000000000000313e+01
3.259000000000000341e+01
3.270000000000000284e+01
3.274000000000000199e+01
3.284000000000000341e+01
3.285999999999999943e+01
3.435000000000000142e+01
3.441000000000000369e+01
3.442000000000000171e+01
3.492000000000000171e+01
3.503000000000000114e+01
3.639999999999999858e+01
3.642000000000000171e+01
3.643999999999999773e+01
3.650000000000000000e+01
3.667999999999999972e+01
3.682000000000000028e+01
3.693999999999999773e+01
3.702000000000000313e+01
3.714999999999999858e+01
3.821000000000000085e+01
3.824000000000000199e+01
3.850000000000000000e+01
3.857999999999999829e+01
3.860999999999999943e+01
3.868999999999999773e+01
3.874000000000000199e+01
4.041000000000000369e+01
4.042999999999999972e+01
4.045000000000000284e+01
4.052000000000000313e+01
4.060999999999999943e+01
4.067999999999999972e+01
4.068999999999999773e+01
4.075000000000000000e+01
4.075000000000000000e+01
4.242999999999999972e+01
4.245000000000000284e+01
4.271000000000000085e+01
4.275999999999999801e+01
4.278000000000000114e+01
4.280000000000000426e+01
4.284000000000000341e+01
4.381000000000000227e+01
4.425000000000000000e+01
4.439000000000000057e+01
4.443999999999999773e+01
4.455000000000000426e+01
4.463000000000000256e+01
4.482000000000000028e+01
4.606000000000000227e+01
4.643999999999999773e+01
4.664000000000000057e+01
4.668999999999999773e+01
4.677000000000000313e+01
4.692999999999999972e+01
4.695000000000000284e+01
4.698000000000000398e+01
4.711999999999999744e+01
4.845000000000000284e+01
4.852000000000000313e+01
4.862000000000000455e+01
4.887000000000000455e+01
5.039999999999999858e+01
5.049000000000000199e+01
5.057999999999999829e+01
5.067999999999999972e+01
5.075000000000000000e+01
5.105000000000000426e+01
5.218999999999999773e+01
5.221999999999999886e+01
5.234000000000000341e+01
5.259000000000000341e+01
5.280000000000000426e+01
5.285999999999999943e+01
5.317000000000000171e+01
5.418999999999999773e+01
5.432000000000000028e+01
5.525999999999999801e+01
5.625999999999999801e+01
5.632000000000000028e+01
5.634000000000000341e+01
5.641000000000000369e+01
5.642999999999999972e+01
5.648000000000000398e+01
5.657000000000000028e+01
5.663000000000000256e+01
5.696999999999999886e+01
5.728999999999999915e+01
5.814000000000000057e+01
5.848000000000000398e+01
5.850000000000000000e+01
5.950000000000000000e+01
5.959000000000000341e+01
6.020000000000000284e+01
6.024000000000000199e+01
6.056000000000000227e+01
6.064000000000000057e+01
6.096000000000000085e+01
6.205000000000000426e+01
6.225999999999999801e+01
6.257000000000000028e+01
6.262000000000000455e+01
6.262000000000000455e+01
6.264999999999999858e+01
6.275000000000000000e+01
6.300000000000000000e+01
6.300000000000000000e+01
6.353999999999999915e+01
6.420000000000000284e+01
6.440000000000000568e+01
6.443999999999999773e+01
6.476999999999999602e+01
6.521000000000000796e+01
6.609999999999999432e+01
6.623999999999999488e+01
6.650000000000000000e+01
6.651000000000000512e+01
6.662999999999999545e+01
6.665999999999999659e+01
6.690999999999999659e+01
6.723999999999999488e+01
6.884000000000000341e+01
6.890000000000000568e+01
6.939000000000000057e+01
7.037999999999999545e+01
7.078000000000000114e+01
7.101999999999999602e+01
7.243000000000000682e+01
7.248000000000000398e+01
7.257999999999999829e+01
7.268000000000000682e+01
7.300000000000000000e+01
7.317000000000000171e+01
7.367000000000000171e+01
7.465000000000000568e+01
7.487999999999999545e+01
7.498000000000000398e+01
7.518000000000000682e+01
7.595000000000000284e+01
7.615999999999999659e+01
7.657999999999999829e+01
7.671000000000000796e+01
7.671000000000000796e+01
7.690000000000000568e+01
7.698999999999999488e+01
7.762999999999999545e+01
7.782000000000000739e+01
7.790999999999999659e+01
7.807000000000000739e+01
7.853000000000000114e+01
7.857000000000000739e+01
7.873999999999999488e+01
7.876999999999999602e+01
7.896000000000000796e+01
7.898000000000000398e+01
7.973000000000000398e+01
7.998999999999999488e+01
8.015000000000000568e+01
8.023000000000000398e+01
8.062000000000000455e+01
8.078000000000000114e+01
8.123000000000000398e+01
8.146999999999999886e+01
8.235000000000000853e+01
8.235999999999999943e+01
8.240999999999999659e+01
8.273999999999999488e+01
8.279000000000000625e+01
8.348000000000000398e+01
8.409000000000000341e+01
8.421999999999999886e+01
8.431000000000000227e+01
8.448999999999999488e+01
8.482999999999999829e+01
8.504000000000000625e+01
8.626999999999999602e+01
8.639000000000000057e+01
8.660000000000000853e+01
8.665999999999999659e+01
8.704999999999999716e+01
8.725000000000000000e+01
8.804999999999999716e+01
8.842000000000000171e+01
8.882000000000000739e+01
8.901999999999999602e+01
8.926999999999999602e+01
9.012000000000000455e+01
9.056000000000000227e+01
9.084000000000000341e+01
9.126999999999999602e+01
9.253000000000000114e+01
9.267000000000000171e+01
9.271000000000000796e+01
9.314000000000000057e+01
9.404999999999999716e+01
9.518999999999999773e+01
9.573000000000000398e+01
9.614000000000000057e+01
9.617000000000000171e+01
9.659000000000000341e+01
9.687000000000000455e+01
9.714000000000000057e+01
9.782999999999999829e+01
9.790000000000000568e+01
9.820000000000000284e+01
9.910999999999999943e+01
9.987999999999999545e+01
9.999000000000000909e+01
1.004800000000000040e+02
1.004900000000000091e+02
1.006700000000000017e+02
1.017900000000000063e+02
1.021700000000000017e+02
1.021700000000000017e+02
1.022999999999999972e+02
1.025199999999999960e+02
1.025400000000000063e+02
1.028400000000000034e+02
1.031400000000000006e+02
1.037000000000000028e+02
1.043500000000000085e+02
1.049500000000000028e+02
1.052800000000000011e+02
1.062900000000000063e+02
1.068599999999999994e+02
1.070499999999999972e+02
1.078900000000000006e+02
1.089800000000000040e+02
1.102100000000000080e+02
1.105000000000000000e+02
1.109399999999999977e+02
1.115900000000000034e+02
1.120300000000000011e+02
1.123400000000000034e+02
1.124900000000000091e+02
1.125700000000000074e+02
1.126000000000000085e+02
1.127199999999999989e+02
1.131800000000000068e+02
1.140199999999999960e+02
1.146400000000000006e+02
1.147699999999999960e+02
1.151200000000000045e+02
1.153299999999999983e+02
1.156599999999999966e+02
1.164000000000000057e+02
1.165499999999999972e+02
1.169900000000000091e+02
1.170499999999999972e+02
1.173599999999999994e+02
1.176500000000000057e+02
1.180900000000000034e+02
1.181000000000000085e+02
1.181599999999999966e+02
1.183200000000000074e+02
1.186899999999999977e+02
1.187800000000000011e+02
1.192600000000000051e+02
1.193599999999999994e+02
1.198700000000000045e+02
1.199699999999999989e+02
1.201400000000000006e+02
1.203299999999999983e+02
1.205400000000000063e+02
1.208400000000000034e+02
1.208400000000000034e+02
1.221000000000000085e+02
1.223400000000000034e+02
1.224399999999999977e+02
1.229600000000000080e+02
1.242100000000000080e+02
1.247199999999999989e+02
1.247600000000000051e+02
1.247999999999999972e+02
1.249600000000000080e+02
1.254900000000000091e+02
1.257500000000000000e+02
1.262699999999999960e+02
1.272300000000000040e+02
1.278599999999999994e+02
1.278800000000000097e+02
1.279600000000000080e+02
1.282700000000000102e+02
1.286100000000000136e+02
1.286700000000000159e+02
1.313000000000000114e+02
1.315900000000000034e+02
1.317899999999999920e+02
1.322199999999999989e+02
1.326700000000000159e+02
1.329399999999999977e+02
1.330300000000000011e+02
1.334900000000000091e+02
1.336299999999999955e+02
1.340900000000000034e+02
1.341899999999999977e+02
1.349699999999999989e+02
1.354600000000000080e+02
1.354799999999999898e+02
1.355500000000000114e+02
1.367800000000000011e+02
1.369600000000000080e+02
1.372500000000000000e+02
1.378000000000000114e+02
1.378100000000000023e+02
1.380099999999999909e+02
1.382100000000000080e+02
1.384300000000000068e+02
1.385699999999999932e+02
1.387700000000000102e+02
1.389000000000000057e+02
1.400099999999999909e+02
1.400200000000000102e+02
1.400300000000000011e+02
1.407599999999999909e+02
1.410800000000000125e+02
1.411200000000000045e+02
1.411400000000000148e+02
1.413900000000000148e+02
1.418900000000000148e+02
1.419000000000000057e+02
1.419300000000000068e+02
1.420000000000000000e+02
1.420699999999999932e+02
1.427899999999999920e+02
1.431800000000000068e+02
1.441299999999999955e+02
1.441400000000000148e+02
1.442299999999999898e+02
1.443000000000000114e+02
1.445500000000000114e+02
1.451800000000000068e+02
1.452800000000000011e+02
1.459500000000000171e+02
1.460600000000000023e+02
1.463799999999999955e+02
1.473900000000000148e+02
1.475000000000000000e+02
1.475300000000000011e+02
1.480800000000000125e+02
1.487800000000000011e+02
1.488199999999999932e+02
1.497800000000000011e+02
1.498700000000000045e+02
1.499000000000000057e+02
1.505600000000000023e+02
1.514000000000000057e+02
1.519600000000000080e+02
1.520500000000000114e+02
1.523400000000000034e+02
1.525500000000000114e+02
1.526700000000000159e+02
1.529500000000000171e+02
1.529900000000000091e+02
1.530300000000000011e+02
1.535399999999999920e+02
1.541299999999999955e+02
1.541899999999999977e+02
1.543100000000000023e+02
1.545900000000000034e+02
1.552199999999999989e+02
1.554300000000000068e+02
1.555600000000000023e+02
1.557299999999999898e+02
1.557299999999999898e+02
1.558499999999999943e+02
1.563600000000000136e+02
1.566500000000000057e+02
1.568000000000000114e+02
1.568799999999999955e+02
1.569399999999999977e+02
1.570699999999999932e+02
1.574799999999999898e+02
1.575500000000000114e+02
1.576100000000000136e+02
1.577299999999999898e+02
1.579500000000000171e+02
1.582199999999999989e+02
1.584200000000000159e+02
1.586800000000000068e+02
1.589099999999999966e+02
1.590699999999999932e+02
1.591899999999999977e+02
1.592199999999999989e+02
1.596100000000000136e+02
1.602800000000000011e+02
1.610800000000000125e+02
1.612299999999999898e+02
1.612400000000000091e+02
1.615699999999999932e+02
1.616400000000000148e+02
1.617299999999999898e+02
1.623100000000000023e+02
1.631299999999999955e+02
1.636200000000000045e+02
1.637000000000000171e+02
1.647599999999999909e+02
1.652199999999999989e+02
1.654000000000000057e+02
1.658300000000000125e+02
1.659699999999999989e+02
1.660999999999999943e+02
1.661299999999999955e+02
1.669699999999999989e+02
1.672299999999999898e+02
1.675999999999999943e+02
1.679000000000000057e+02
1.680099999999999909e+02
1.685900000000000034e+02
1.692199999999999989e+02
1.692599999999999909e+02
1.700600000000000023e+02
1.704099999999999966e+02
1.704799999999999898e+02
1.706500000000000057e+02
1.711800000000000068e+02
1.714399999999999977e+02
1.717000000000000171e+02
1.718400000000000034e+02
1.725399999999999920e+02
1.727299999999999898e+02
1.732100000000000080e+02
1.732500000000000000e+02
1.735099999999999909e+02
1.735399999999999920e+02
1.738199999999999932e+02
1.739200000000000159e+02
1.739399999999999977e+02
1.740699999999999932e+02
1.744500000000000171e+02
1.747400000000000091e+02
1.749799999999999898e+02
1.759000000000000057e+02
1.761500000000000057e+02
1.761700000000000159e+02
1.766800000000000068e+02
1.767400000000000091e+02
1.767899999999999920e+02
1.777299999999999898e+02
1.781400000000000148e+02
1.785099999999999909e+02
1.788300000000000125e+02
1.789799999999999898e+02
1.790399999999999920e+02
1.792100000000000080e+02
1.792700000000000102e+02
1.792899999999999920e+02
1.793700000000000045e+02
1.797899999999999920e+02
1.801800000000000068e+02
1.805600000000000023e+02
1.812000000000000171e+02
1.814099999999999966e+02
1.817700000000000102e+02
1.824099999999999966e+02
1.828700000000000045e+02
1.830900000000000034e+02
1.833000000000000114e+02
1.833600000000000136e+02
1.835099999999999909e+02
1.835399999999999920e+02
1.840000000000000000e+02
1.844099999999999966e+02
1.844600000000000080e+02
1.845300000000000011e+02
1.848900000000000148e+02
1.849099999999999966e+02
1.851899999999999977e+02
1.855099999999999909e+02
1.861800000000000068e+02
1.868300000000000125e+02
1.870200000000000102e+02
1.873199999999999932e+02
1.873300000000000125e+02
1.874799999999999898e+02
1.880200000000000102e+02
1.886599999999999966e+02
1.890099999999999909e+02
1.891500000000000057e+02
1.894500000000000171e+02
1.896299999999999955e+02
1.901599999999999966e+02
1.908300000000000125e+02
1.908300000000000125e+02
1.908499999999999943e+02
1.909200000000000159e+02
1.912100000000000080e+02
1.912199999999999989e+02
1.914900000000000091e+02
1.916400000000000148e+02
1.925000000000000000e+02
1.932199999999999989e+02
1.935200000000000102e+02
1.941599999999999966e+02
1.941800000000000068e+02
1.943300000000000125e+02
1.947800000000000011e+02
1.958799999999999955e+02
1.967000000000000171e+02
1.967800000000000011e+02
1.973300000000000125e+02
1.979900000000000091e+02
1.985300000000000011e+02
1.992300000000000182e+02
1.995500000000000114e+02
2.001400000000000148e+02
2.003000000000000114e+02
2.005600000000000023e+02
2.006400000000000148e+02
2.009800000000000182e+02
2.017000000000000171e+02
2.019900000000000091e+02
2.022300000000000182e+02
2.023499999999999943e+02
2.023499999999999943e+02
2.027599999999999909e+02
2.028199999999999932e+02
2.029699999999999989e+02
2.031299999999999955e+02
2.033600000000000136e+02
2.035300000000000011e+02
2.038199999999999932e+02
2.038300000000000125e+02
2.039300000000000068e+02
2.041299999999999955e+02
2.043900000000000148e+02
2.046400000000000148e+02
2.047899999999999920e+02
2.051800000000000068e+02
2.055600000000000023e+02
2.060999999999999943e+02
2.064200000000000159e+02
2.065300000000000011e+02
2.071899999999999977e+02
2.072199999999999989e+02
2.073700000000000045e+02
2.074099999999999966e+02
2.079600000000000080e+02
2.084800000000000182e+02
2.086100000000000136e+02
2.091599999999999966e+02
2.095000000000000000e+02
2.096800000000000068e+02
2.105600000000000023e+02
2.106200000000000045e+02
2.106800000000000068e+02
2.107300000000000182e+02
2.110800000000000125e+02
2.117000000000000171e+02
2.118499999999999943e+02
2.118600000000000136e+02
2.127899999999999920e+02
2.131400000000000148e+02
2.135900000000000034e+02
2.142599999999999909e+02
2.144300000000000068e+02
2.144300000000000068e+02
2.148499999999999943e+02
2.148700000000000045e+02
2.151599999999999966e+02
2.157500000000000000e+02
2.158400000000000034e+02
2.160800000000000125e+02
2.161899999999999977e+02
2.162100000000000080e+02
2.163300000000000125e+02
2.173000000000000114e+02
2.177700000000000102e+02
2.179500000000000171e+02
2.181599999999999966e+02
2.181599999999999966e+02
2.182400000000000091e+02
2.183300000000000125e+02
2.185600000000000023e+02
2.185800000000000125e+02
2.192300000000000182e+02
2.192599999999999909e+02
2.192700000000000102e+02
2.197300000000000182e+02
2.198499999999999943e+02
2.202000000000000171e+02
2.206899999999999977e+02
2.212899999999999920e+02
2.219099999999999966e+02
2.220200000000000102e+02
2.225000000000000000e+02
2.229699999999999989e+02
2.230500000000000114e+02
2.230600000000000023e+02
2.230900000000000034e+02
2.232300000000000182e+02
2.232700000000000102e+02
2.236400000000000148e+02
2.239800000000000182e+02
2.239800000000000182e+02
2.242899999999999920e+02
2.245399999999999920e+02
2.270800000000000125e+02
2.270900000000000034e+02
2.271700000000000159e+02
2.273000000000000114e+02
2.275399999999999920e+02
2.277199999999999989e+02
2.283400000000000034e+02
2.285999999999999943e+02
2.286400000000000148e+02
2.291500000000000057e+02
2.292300000000000182e+02
2.293700000000000045e+02
2.298700000000000045e+02
2.299699999999999989e+02
2.307100000000000080e+02
2.310099999999999909e+02
2.313199999999999932e+02
2.313900000000000148e+02
2.318900000000000148e+02
2.319200000000000159e+02
2.320000000000000000e+02
2.322800000000000011e+02
2.323199999999999932e+02
2.328400000000000034e+02
2.330600000000000023e+02
2.334300000000000068e+02
2.336100000000000136e+02
2.339800000000000182e+02
2.344200000000000159e+02
2.345399999999999920e+02
2.351400000000000148e+02
2.353700000000000045e+02
2.355699999999999932e+02
2.356299999999999955e+02
2.359399999999999977e+02
2.363400000000000034e+02
2.363600000000000136e+02
2.370800000000000125e+02
2.375500000000000114e+02
2.376500000000000057e+02
2.376800000000000068e+02
2.381899999999999977e+02
2.383000000000000114e+02
2.384699999999999989e+02
2.387899999999999920e+02
2.389600000000000080e+02
2.390999999999999943e+02
2.393100000000000023e+02
2.395900000000000034e+02
2.396100000000000136e+02
2.396599999999999966e+02
2.401100000000000136e+02
2.403400000000000034e+02
2.406400000000000148e+02
2.411299999999999955e+02
2.417800000000000011e+02
2.418199999999999932e+02
2.423400000000000034e+02
2.435900000000000034e+02
2.437000000000000171e+02
2.444600000000000080e+02
2.446800000000000068e+02
2.450999999999999943e+02
2.454000000000000057e+02
2.456400000000000148e+02
2.462000000000000171e+02
2.462000000000000171e+02
2.463300000000000125e+02
2.465500000000000114e+02
2.466700000000000159e+02
2.468100000000000023e+02
2.469000000000000057e+02
2.473199999999999932e+02
2.473700000000000045e+02
2.474500000000000171e+02
2.481599999999999966e+02
2.482100000000000080e+02
2.485399999999999920e+02
2.489600000000000080e+02
2.490300000000000011e+02
2.494399999999999977e+02
2.496500000000000057e+02
2.496800000000000068e+02
2.503000000000000114e+02
2.512500000000000000e+02
2.515800000000000125e+02
2.516200000000000045e+02
2.521700000000000159e+02
2.522500000000000000e+02
2.523499999999999943e+02
2.523799999999999955e+02
2.527600000000000193e+02
2.545300000000000011e+02
2.545500000000000114e+02
2.549300000000000068e+02
2.549699999999999989e+02
2.552500000000000000e+02
2.552700000000000102e+02
2.557500000000000000e+02
2.558400000000000034e+02
2.558499999999999943e+02
2.558799999999999955e+02
2.561399999999999864e+02
2.567599999999999909e+02
2.570099999999999909e+02
2.578299999999999841e+02
2.579499999999999886e+02
2.584100000000000250e+02
2.586200000000000045e+02
2.588500000000000227e+02
2.590099999999999909e+02
2.596100000000000136e+02
2.597300000000000182e+02
2.599399999999999977e+02
2.602099999999999795e+02
2.618799999999999955e+02
2.620600000000000023e+02
2.623999999999999773e+02
2.626100000000000136e+02
2.628000000000000114e+02
2.629599999999999795e+02
2.634700000000000273e+02
2.639100000000000250e+02
2.641100000000000136e+02
2.642599999999999909e+02
2.644599999999999795e+02
2.648199999999999932e+02
2.654499999999999886e+02
2.662800000000000296e+02
2.664200000000000159e+02
2.664900000000000091e+02
2.665199999999999818e+02
2.668199999999999932e+02
2.674800000000000182e+02
2.675600000000000023e+02
2.686399999999999864e+02
2.687400000000000091e+02
2.693899999999999864e+02
2.695799999999999841e+02
2.707900000000000205e+02
2.714700000000000273e+02
2.718100000000000023e+02
2.720300000000000296e+02
2.721999999999999886e+02
2.723799999999999955e+02
2.726999999999999886e+02
2.728299999999999841e+02
2.730300000000000296e+02
2.731700000000000159e+02
2.744599999999999795e+02
2.751800000000000068e+02
2.752599999999999909e+02
2.753100000000000023e+02
2.753199999999999932e+02
2.754200000000000159e+02
2.757300000000000182e+02
2.759599999999999795e+02
2.761700000000000159e+02
2.764200000000000159e+02
2.764300000000000068e+02
2.772800000000000296e+02
2.773600000000000136e+02
2.780799999999999841e+02
2.789100000000000250e+02
2.791999999999999886e+02
2.793100000000000023e+02
2.794300000000000068e+02
2.801100000000000136e+02
2.802099999999999795e+02
2.806600000000000250e+02
2.816500000000000341e+02
2.823000000000000114e+02
2.830400000000000205e+02
2.834599999999999795e+02
2.834900000000000091e+02
2.843400000000000318e+02
2.843700000000000045e+02
2.847500000000000000e+02
2.855099999999999909e+02
2.855300000000000296e+02
2.856800000000000068e+02
2.856800000000000068e+02
2.857300000000000182e+02
2.861200000000000045e+02
2.866800000000000068e+02
2.867099999999999795e+02
2.871500000000000341e+02
2.875500000000000114e+02
2.875699999999999932e+02
2.875799999999999841e+02
2.884300000000000068e+02
2.889000000000000341e+02
2.894499999999999886e+02
2.896500000000000341e+02
2.897800000000000296e+02
2.899100000000000250e+02
2.904100000000000250e+02
2.909700000000000273e+02
2.911700000000000159e+02
2.921800000000000068e+02
2.923100000000000023e+02
2.924599999999999795e+02
2.931299999999999955e+02
2.939700000000000273e+02
2.945099999999999909e+02
2.956899999999999977e+02
2.958000000000000114e+02
2.960300000000000296e+02
2.961100000000000136e+02
2.962500000000000000e+02
2.963899999999999864e+02
2.968400000000000318e+02
2.970199999999999818e+02
2.971399999999999864e+02
2.979300000000000068e+02
2.980400000000000205e+02
2.989300000000000068e+02
2.990400000000000205e+02
2.995099999999999909e+02
2.997599999999999909e+02
2.997800000000000296e+02
3.000199999999999818e+02
3.001899999999999977e+02
3.011200000000000045e+02
3.016899999999999977e+02
3.024300000000000068e+02
3.025900000000000318e+02
3.026299999999999955e+02
3.031999999999999886e+02
3.035199999999999818e+02
3.036399999999999864e+02
3.037400000000000091e+02
3.041000000000000227e+02
3.041999999999999886e+02
3.043799999999999955e+02
3.044800000000000182e+02
3.046299999999999955e+02
3.056299999999999955e+02
3.059100000000000250e+02
3.060199999999999818e+02
3.073799999999999955e+02
3.078100000000000023e+02
3.080199999999999818e+02
3.081700000000000159e+02
3.081800000000000068e+02
3.082699999999999818e+02
3.083700000000000045e+02
3.086899999999999977e+02
3.091100000000000136e+02
3.093700000000000045e+02
3.096600000000000250e+02
3.100199999999999818e+02
3.109399999999999977e+02
3.111100000000000136e+02
3.111899999999999977e+02
3.134100000000000250e+02
3.135900000000000318e+02
3.144200000000000159e+02
3.145799999999999841e+02
3.149900000000000091e+02
3.150300000000000296e+02
3.154700000000000273e+02
3.162400000000000091e+02
3.162599999999999909e+02
3.176700000000000159e+02
3.193199999999999932e+02
3.195199999999999818e+02
3.197200000000000273e+02
3.197400000000000091e+02
3.201200000000000045e+02
3.201700000000000159e+02
3.202300000000000182e+02
3.204700000000000273e+02
3.208799999999999955e+02
3.210300000000000296e+02
3.210500000000000114e+02
3.220000000000000000e+02
3.221000000000000227e+02
3.221999999999999886e+02
3.229399999999999977e+02
3.231700000000000159e+02
3.237500000000000000e+02
3.237500000000000000e+02
3.238600000000000136e+02
3.240600000000000023e+02
3.241600000000000250e+02
3.241999999999999886e+02
3.243000000000000114e+02
3.251200000000000045e+02
3.251600000000000250e+02
3.263299999999999841e+02
3.266000000000000227e+02
3.272400000000000091e+02
3.273400000000000318e+02
3.278299999999999841e+02
3.284499999999999886e+02
3.284800000000000182e+02
3.287800000000000296e+02
3.290600000000000023e+02
3.293600000000000136e+02
3.294000000000000341e+02
3.295300000000000296e+02
3.296399999999999864e+02
3.301600000000000250e+02
3.303799999999999955e+02
3.310500000000000114e+02
3.310500000000000114e+02
3.311100000000000136e+02
3.322200000000000273e+02
3.323899999999999864e+02
3.324000000000000341e+02
3.326200000000000045e+02
3.326700000000000159e+02
3.329200000000000159e+02
3.329800000000000182e+02
3.332099999999999795e+02
3.336000000000000227e+02
3.347599999999999909e+02
3.348600000000000136e+02
3.354499999999999886e+02
3.356600000000000250e+02
3.362500000000000000e+02
3.362599999999999909e+02
3.365799999999999841e+02
3.369499999999999886e+02
3.369800000000000182e+02
3.372400000000000091e+02
3.376700000000000159e+02
3.377400000000000091e+02
3.391299999999999955e+02
3.395500000000000114e+02
3.398100000000000023e+02
3.399800000000000182e+02
3.403600000000000136e+02
3.405099999999999909e+02
3.407599999999999909e+02
3.408299999999999841e+02
3.410900000000000318e+02
3.415600000000000023e+02
3.417599999999999909e+02
3.421299999999999955e+02
3.423899999999999864e+02
3.436600000000000250e+02
3.441999999999999886e+02
3.446600000000000250e+02
3.457599999999999909e+02
3.470699999999999932e+02
3.485400000000000205e+02
3.488600000000000136e+02
3.488799999999999955e+02
3.498100000000000023e+02
3.500600000000000023e+02
3.501700000000000159e+02
3.503600000000000136e+02
3.506000000000000227e+02
3.508899999999999864e+02
3.509700000000000273e+02
3.510199999999999818e+02
3.510500000000000114e+02
3.510699999999999932e+02
3.516500000000000341e+02
3.518799999999999955e+02
3.523400000000000318e+02
3.530799999999999841e+02
3.531000000000000227e+02
3.531800000000000068e+02
3.536100000000000136e+02
3.536999999999999886e+02
3.545199999999999818e+02
3.545900000000000318e+02
3.550500000000000114e+02
3.552200000000000273e+02
3.554000000000000341e+02
3.554300000000000068e+02
3.557599999999999909e+02
3.561500000000000341e+02
3.563400000000000318e+02
3.565500000000000114e+02
3.567200000000000273e+02
3.569300000000000068e+02
3.572500000000000000e+02
3.574900000000000091e+02
3.576100000000000136e+02
3.579599999999999795e+02
3.580099999999999909e+02
3.590799999999999841e+02
3.596200000000000045e+02
3.599000000000000341e+02
3.601299999999999955e+02
3.601600000000000250e+02
3.603000000000000114e+02
3.603500000000000227e+02
3.607300000000000182e+02
3.610500000000000114e+02
3.613799999999999955e+02
3.617200000000000273e+02
3.634499999999999886e+02
3.643700000000000045e+02
3.644000000000000341e+02
3.656500000000000341e+02
3.659700000000000273e+02
3.661200000000000045e+02
3.663199999999999932e+02
3.669200000000000159e+02
3.670199999999999818e+02
3.670699999999999932e+02
3.677099999999999795e+02
3.677599999999999909e+02
3.678600000000000136e+02
3.681999999999999886e+02
3.683600000000000136e+02
3.683799999999999955e+02
3.684599999999999795e+02
3.686299999999999955e+02
3.694900000000000091e+02
3.696100000000000136e+02
3.697599999999999909e+02
3.707300000000000182e+02
3.733799999999999955e+02
3.736299999999999955e+02
3.738700000000000045e+02
3.739399999999999977e+02
3.741800000000000068e+02
3.747200000000000273e+02
3.748500000000000227e+02
3.749599999999999795e+02
3.760500000000000114e+02
3.763600000000000136e+02
3.764300000000000068e+02
3.765500000000000114e+02
3.768799999999999955e+02
3.770799999999999841e+02
3.771999999999999886e+02
3.776000000000000227e+02
3.785500000000000114e+02
3.793299999999999841e+02
3.795300000000000296e+02
3.802300000000000182e+02
3.814499999999999886e+02
3.814599999999999795e+02
3.829100000000000250e+02
3.836800000000000068e+02
3.837100000000000364e+02
3.840099999999999909e+02
3.848100000000000023e+02
3.851299999999999955e+02
3.851399999999999864e+02
3.851899999999999977e+02
3.858500000000000227e+02
3.864800000000000182e+02
3.875799999999999841e+02
3.878199999999999932e+02
3.882300000000000182e+02
3.885099999999999909e+02
3.891100000000000136e+02
3.894000000000000341e+02
3.895400000000000205e+02
3.896100000000000136e+02
3.896100000000000136e+02
3.896100000000000136e+02
3.902500000000000000e+02
3.904700000000000273e+02
3.916700000000000159e+02
3.920400000000000205e+02
3.922500000000000000e+02
3.925000000000000000e+02
3.927599999999999909e+02
3.927599999999999909e+02
3.929600000000000364e+02
3.932100000000000364e+02
3.932500000000000000e+02
3.933299999999999841e+02
3.933299999999999841e+02
3.941299999999999955e+02
3.945699999999999932e+02
3.948199999999999932e+02
3.953700000000000045e+02
3.954399999999999977e+02
3.959600000000000364e+02
3.961899999999999977e+02
3.962300000000000182e+02
3.965600000000000023e+02
3.965799999999999841e+02
3.970600000000000023e+02
3.974900000000000091e+02
3.976000000000000227e+02
3.983500000000000227e+02
3.986700000000000159e+02
3.987900000000000205e+02
3.988199999999999932e+02
3.997300000000000182e+02
4.002200000000000273e+02
4.009100000000000250e+02
4.026299999999999955e+02
4.027599999999999909e+02
4.028799999999999955e+02
4.031200000000000045e+02
4.035300000000000296e+02
4.037900000000000205e+02
4.038700000000000045e+02
4.039499999999999886e+02
4.043100000000000023e+02
4.046600000000000250e+02
4.048400000000000318e+02
4.059600000000000364e+02
4.060699999999999932e+02
4.066200000000000045e+02
4.069000000000000341e+02
4.071600000000000250e+02
4.073000000000000114e+02
4.082100000000000364e+02
4.082300000000000182e+02
4.083899999999999864e+02
4.089700000000000273e+02
4.090600000000000023e+02
4.094399999999999977e+02
4.099499999999999886e+02
4.105600000000000023e+02
4.107500000000000000e+02
4.112500000000000000e+02
4.122900000000000205e+02
4.123299999999999841e+02
4.124300000000000068e+02
4.128100000000000023e+02
4.134399999999999977e+02
4.135000000000000000e+02
4.135799999999999841e+02
4.136000000000000227e+02
4.143199999999999932e+02
4.143500000000000227e+02
4.144000000000000341e+02
4.144700000000000273e+02
4.146100000000000136e+02
4.148500000000000227e+02
4.161100000000000136e+02
4.163700000000000045e+02
4.168000000000000114e+02
4.169900000000000091e+02
4.170000000000000000e+02
4.173600000000000136e+02
4.176600000000000250e+02
4.177599999999999909e+02
4.177699999999999818e+02
4.183899999999999864e+02
4.184600000000000364e+02
4.189200000000000159e+02
4.193299999999999841e+02
4.196200000000000045e+02
4.197500000000000000e+02
4.198500000000000227e+02
4.199399999999999977e+02
4.207800000000000296e+02
4.213000000000000114e+02
4.215699999999999932e+02
4.216600000000000250e+02
4.219800000000000182e+02
4.220000000000000000e+02
4.231600000000000250e+02
4.234200000000000159e+02
4.235500000000000114e+02
4.236999999999999886e+02
4.238000000000000114e+02
4.244700000000000273e+02
4.247100000000000364e+02
4.256899999999999977e+02
4.265500000000000114e+02
4.265900000000000318e+02
4.268400000000000318e+02
4.271600000000000250e+02
4.272900000000000205e+02
4.274399999999999977e+02
4.279499999999999886e+02
4.281600000000000250e+02
4.283000000000000114e+02
4.288700000000000045e+02
4.289700000000000273e+02
4.293299999999999841e+02
4.296600000000000250e+02
4.315400000000000205e+02
4.315600000000000023e+02
4.320000000000000000e+02
4.320600000000000023e+02
4.322800000000000296e+02
4.323299999999999841e+02
4.330500000000000114e+02
4.331200000000000045e+02
4.336800000000000068e+02
4.343000000000000114e+02
4.344800000000000182e+02
4.354700000000000273e+02
4.355799999999999841e+02
4.357200000000000273e+02
4.357200000000000273e+02
4.362500000000000000e+02
4.363500000000000227e+02
4.365600000000000023e+02
4.369300000000000068e+02
4.372500000000000000e+02
4.374900000000000091e+02
4.384300000000000068e+02
4.386100000000000136e+02
4.391800000000000068e+02
4.392900000000000205e+02
4.399800000000000182e+02
4.405600000000000023e+02
4.406000000000000227e+02
4.408199999999999932e+02
4.410300000000000296e+02
4.413500000000000227e+02
4.414800000000000182e+02
4.417400000000000091e+02
4.426000000000000227e+02
4.435099999999999909e+02
4.435699999999999932e+02
4.438400000000000318e+02
4.441800000000000068e+02
4.442200000000000273e+02
4.444600000000000364e+02
4.446399999999999864e+02
4.453000000000000114e+02
4.455400000000000205e+02
4.456299999999999955e+02
4.456899999999999977e+02
4.458000000000000114e+02
4.460199999999999818e+02
4.462200000000000273e+02
4.468100000000000023e+02
4.468600000000000136e+02
4.473500000000000227e+02
4.477300000000000182e+02
4.477900000000000205e+02
4.478100000000000023e+02
4.481100000000000136e+02
4.482500000000000000e+02
4.483799999999999955e+02
4.497800000000000296e+02
4.499300000000000068e+02
4.509200000000000159e+02
4.512800000000000296e+02
4.517400000000000091e+02
4.518199999999999932e+02
4.518600000000000136e+02
4.518600000000000136e+02
4.520699999999999932e+02
4.526500000000000341e+02
4.526999999999999886e+02
4.530400000000000205e+02
4.532100000000000364e+02
4.535199999999999818e+02
4.540199999999999818e+02
4.544000000000000341e+02
4.557800000000000296e+02
4.560600000000000023e+02
4.569800000000000182e+02
4.602900000000000205e+02
4.607400000000000091e+02
4.611800000000000068e+02
4.617200000000000273e+02
4.617200000000000273e+02
4.618500000000000227e+02
4.621100000000000136e+02
4.623000000000000114e+02
4.626500000000000341e+02
4.631700000000000159e+02
4.633400000000000318e+02
4.635699999999999932e+02
4.638700000000000045e+02
4.639900000000000091e+02
4.641700000000000159e+02
4.648299999999999841e+02
4.653600000000000136e+02
4.669600000000000364e+02
4.671399999999999864e+02
4.682800000000000296e+02
4.684600000000000364e+02
4.688600000000000136e+02
4.689300000000000068e+02
4.690500000000000114e+02
4.698600000000000136e+02
4.701800000000000068e+02
4.708100000000000023e+02
4.712200000000000273e+02
4.715300000000000296e+02
4.719800000000000182e+02
4.727400000000000091e+02
4.730199999999999818e+02
4.731800000000000068e+02
4.732400000000000091e+02
4.732699999999999818e+02
4.737599999999999909e+02
4.740199999999999818e+02
4.747800000000000296e+02
4.748899999999999864e+02
4.751500000000000341e+02
4.762699999999999818e+02
4.764000000000000341e+02
4.765000000000000000e+02
4.765900000000000318e+02
4.769200000000000159e+02
4.771899999999999977e+02
4.772800000000000296e+02
4.783000000000000114e+02
4.790600000000000023e+02
4.791299999999999955e+02
4.799100000000000250e+02
4.813600000000000136e+02
4.818500000000000227e+02
4.820000000000000000e+02
4.822400000000000091e+02
4.823000000000000114e+02
4.823299999999999841e+02
4.827400000000000091e+02
4.830300000000000296e+02
4.831600000000000250e+02
4.834300000000000068e+02
4.842699999999999818e+02
4.844200000000000159e+02
4.845500000000000114e+02
4.847900000000000205e+02
4.849499999999999886e+02
4.852699999999999818e+02
4.853100000000000023e+02
4.859700000000000273e+02
4.860400000000000205e+02
4.863700000000000045e+02
4.865000000000000000e+02
4.868700000000000045e+02
4.871999999999999886e+02
4.873199999999999932e+02
4.873400000000000318e+02
4.873700000000000045e+02
4.875099999999999909e+02
4.875400000000000205e+02
4.880300000000000296e+02
4.881500000000000341e+02
4.881600000000000250e+02
4.891700000000000159e+02
4.896000000000000227e+02
4.899600000000000364e+02
4.901700000000000159e+02
4.902100000000000364e+02
4.902300000000000182e+02
4.903899999999999864e+02
4.905000000000000000e+02
4.912800000000000296e+02
4.920099999999999909e+02
4.920600000000000023e+02
4.920900000000000318e+02
4.922900000000000205e+02
4.929399999999999977e+02
4.931000000000000227e+02
4.939900000000000091e+02
4.940200000000000387e+02
4.942100000000000364e+02
4.943199999999999932e+02
4.944200000000000159e+02
4.947300000000000182e+02
4.949000000000000341e+02
4.949000000000000341e+02
4.950000000000000000e+02
4.952300000000000182e+02
4.961700000000000159e+02
4.963000000000000114e+02
4.963199999999999932e+02
4.963799999999999955e+02
4.970300000000000296e+02
4.970500000000000114e+02
4.972200000000000273e+02
4.982200000000000273e+02
4.983199999999999932e+02
4.984200000000000159e+02
4.991600000000000250e+02
5.000300000000000296e+02
5.002700000000000387e+02
5.008799999999999955e+02
5.012100000000000364e+02
5.013000000000000114e+02
5.013600000000000136e+02
5.021200000000000045e+02
5.033100000000000023e+02
5.041100000000000136e+02
5.041700000000000159e+02
5.049399999999999977e+02
5.050300000000000296e+02
5.059000000000000341e+02
5.059900000000000091e+02
5.067200000000000273e+02
5.070099999999999909e+02
5.071800000000000068e+02
5.074000000000000341e+02
5.079399999999999977e+02
5.091899999999999977e+02
5.100000000000000000e+02
5.101899999999999977e+02
5.104100000000000250e+02
5.108199999999999932e+02
5.119800000000000182e+02
5.121599999999999682e+02
5.131699999999999591e+02
5.131800000000000637e+02
5.140700000000000500e+02
5.147500000000000000e+02
5.149700000000000273e+02
5.150000000000000000e+02
5.152999999999999545e+02
5.159300000000000637e+02
5.161200000000000045e+02
5.161699999999999591e+02
5.170700000000000500e+02
5.172000000000000455e+02
5.174800000000000182e+02
5.182400000000000091e+02
5.183100000000000591e+02
5.190299999999999727e+02
5.191399999999999864e+02
5.192300000000000182e+02
5.192699999999999818e+02
5.199300000000000637e+02
5.202000000000000455e+02
5.208500000000000227e+02
5.208999999999999773e+02
5.211299999999999955e+02
5.211800000000000637e+02
5.213400000000000318e+02
5.221200000000000045e+02
5.222500000000000000e+02
5.229099999999999682e+02
5.229700000000000273e+02
5.232200000000000273e+02
5.233600000000000136e+02
5.240700000000000500e+02
5.242300000000000182e+02
5.248200000000000500e+02
5.251100000000000136e+02
5.252400000000000091e+02
5.252799999999999727e+02
5.262100000000000364e+02
5.262999999999999545e+02
5.270199999999999818e+02
5.281699999999999591e+02
5.282899999999999636e+02
5.283100000000000591e+02
5.283300000000000409e+02
5.283899999999999864e+02
5.291800000000000637e+02
5.295299999999999727e+02
5.297500000000000000e+02
5.298100000000000591e+02
5.298300000000000409e+02
5.302100000000000364e+02
5.307400000000000091e+02
5.312000000000000455e+02
5.318999999999999773e+02
5.319199999999999591e+02
5.330499999999999545e+02
5.332000000000000455e+02
5.333500000000000227e+02
5.340700000000000500e+02
5.342699999999999818e+02
5.349800000000000182e+02
5.352200000000000273e+02
5.360000000000000000e+02
5.364199999999999591e+02
5.365800000000000409e+02
5.367899999999999636e+02
5.369700000000000273e+02
5.371000000000000227e+02
5.374900000000000091e+02
5.378899999999999864e+02
5.379700000000000273e+02
5.380600000000000591e+02
5.382999999999999545e+02
5.391499999999999773e+02
5.391900000000000546e+02
5.393100000000000591e+02
5.398700000000000045e+02
5.401000000000000227e+02
5.402500000000000000e+02
5.403300000000000409e+02
5.406800000000000637e+02
5.413600000000000136e+02
5.417599999999999909e+02
5.421000000000000227e+02
5.432000000000000455e+02
5.433500000000000227e+02
5.434700000000000273e+02
5.452500000000000000e+02
5.453200000000000500e+02
5.464400000000000546e+02
5.468799999999999955e+02
5.470500000000000682e+02
5.471000000000000227e+02
5.471200000000000045e+02
5.474500000000000455e+02
5.476100000000000136e+02
5.481299999999999955e+02
5.483000000000000682e+02
5.487300000000000182e+02
5.490099999999999909e+02
5.495000000000000000e+02
5.497100000000000364e+02
5.504300000000000637e+02
5.509700000000000273e+02
5.511100000000000136e+02
5.511499999999999773e+02
5.512500000000000000e+02
5.513799999999999955e+02
5.517599999999999909e+02
5.521599999999999682e+02
5.526299999999999955e+02
5.528300000000000409e+02
5.539099999999999682e+02
5.539300000000000637e+02
5.539400000000000546e+02
5.543899999999999864e+02
5.545600000000000591e+02
5.545900000000000318e+02
5.555099999999999909e+02
5.558500000000000227e+02
5.564300000000000637e+02
5.568300000000000409e+02
5.574400000000000546e+02
5.580500000000000682e+02
5.582599999999999909e+02
5.583100000000000591e+02
5.587100000000000364e+02
5.588200000000000500e+02
5.590700000000000500e+02
5.592100000000000364e+02
5.610700000000000500e+02
5.614900000000000091e+02
5.615900000000000318e+02
5.615900000000000318e+02
5.616000000000000227e+02
5.616100000000000136e+02
5.618899999999999864e+02
5.619800000000000182e+02
5.628600000000000136e+02
5.631900000000000546e+02
5.632400000000000091e+02
5.635199999999999818e+02
5.640199999999999818e+02
5.642899999999999636e+02
5.651000000000000227e+02
5.651100000000000136e+02
5.652200000000000273e+02
5.656499999999999773e+02
5.657599999999999909e+02
5.659600000000000364e+02
5.661299999999999955e+02
5.665500000000000682e+02
5.667599999999999909e+02
5.670500000000000682e+02
5.671800000000000637e+02
5.680000000000000000e+02
5.682799999999999727e+02
5.685099999999999909e+02
5.686100000000000136e+02
5.692500000000000000e+02
5.699300000000000637e+02
5.702899999999999636e+02
5.706200000000000045e+02
5.710099999999999909e+02
5.718899999999999864e+02
5.726599999999999682e+02
5.733100000000000591e+02
5.735000000000000000e+02
5.735299999999999727e+02
5.739199999999999591e+02
5.744700000000000273e+02
5.753700000000000045e+02
5.754400000000000546e+02
5.762200000000000273e+02
5.770299999999999727e+02
5.774099999999999682e+02
5.782799999999999727e+02
5.785299999999999727e+02
5.790199999999999818e+02
5.794300000000000637e+02
5.795399999999999636e+02
5.803600000000000136e+02
5.804900000000000091e+02
5.811599999999999682e+02
5.811800000000000637e+02
5.812400000000000091e+02
5.818000000000000682e+02
5.818300000000000409e+02
5.820199999999999818e+02
5.826299999999999955e+02
5.827799999999999727e+02
5.833799999999999955e+02
5.845900000000000318e+02
5.850299999999999727e+02
5.853600000000000136e+02
5.857400000000000091e+02
5.861599999999999682e+02
5.862200000000000273e+02
5.865199999999999818e+02
5.868000000000000682e+02
5.870800000000000409e+02
5.871599999999999682e+02
5.871900000000000546e+02
5.874099999999999682e+02
5.874300000000000637e+02
5.874500000000000455e+02
5.878000000000000682e+02
5.879400000000000546e+02
5.887100000000000364e+02
5.894900000000000091e+02
5.899900000000000091e+02
5.901000000000000227e+02
5.905700000000000500e+02
5.907599999999999909e+02
5.908600000000000136e+02
5.918999999999999773e+02
5.923500000000000227e+02
5.925600000000000591e+02
5.929199999999999591e+02
5.933300000000000409e+02
5.937000000000000455e+02
5.944300000000000637e+02
5.949800000000000182e+02
5.958200000000000500e+02
5.964900000000000091e+02
5.975399999999999636e+02
5.978999999999999773e+02
5.979500000000000455e+02
5.981800000000000637e+02
5.986800000000000637e+02
5.991100000000000136e+02
5.994900000000000091e+02
5.999800000000000182e+02
6.000399999999999636e+02
6.005099999999999909e+02
6.005800000000000409e+02
6.009800000000000182e+02
6.014400000000000546e+02
6.014900000000000091e+02
6.015199999999999818e+02
6.015299999999999727e+02
6.018799999999999955e+02
6.022899999999999636e+02
6.028100000000000591e+02
6.030700000000000500e+02
6.037300000000000182e+02
6.040099999999999909e+02
6.041200000000000045e+02
6.044700000000000273e+02
6.047100000000000364e+02
6.047699999999999818e+02
6.050900000000000318e+02
6.053700000000000045e+02
6.058999999999999773e+02
6.060900000000000318e+02
6.061900000000000546e+02
6.064400000000000546e+02
6.064600000000000364e+02
6.068400000000000318e+02
6.069600000000000364e+02
6.082100000000000364e+02
6.090900000000000318e+02
6.091000000000000227e+02
6.094800000000000182e+02
6.095600000000000591e+02
6.096200000000000045e+02
6.104600000000000364e+02
6.111000000000000227e+02
6.125299999999999727e+02
6.129900000000000091e+02
6.130500000000000682e+02
6.138899999999999864e+02
6.142400000000000091e+02
6.144900000000000091e+02
6.153300000000000409e+02
6.160500000000000682e+02
6.163200000000000500e+02
6.164500000000000455e+02
6.166699999999999591e+02
6.169900000000000091e+02
6.174199999999999591e+02
6.184300000000000637e+02
6.186800000000000637e+02
6.194400000000000546e+02
6.197100000000000364e+02
6.200700000000000500e+02
6.214900000000000091e+02
6.219500000000000455e+02
6.221000000000000227e+02
6.222699999999999818e+02
6.222899999999999636e+02
6.223799999999999955e+02
6.234099999999999682e+02
6.235099999999999909e+02
6.237000000000000455e+02
6.238799999999999955e+02
6.242000000000000455e+02
6.243999999999999773e+02
6.248300000000000409e+02
6.250600000000000591e+02
6.258400000000000318e+02
6.262699999999999818e+02
6.267200000000000273e+02
6.270500000000000682e+02
6.270600000000000591e+02
6.271499999999999773e+02
6.273799999999999955e+02
6.279099999999999682e+02
6.283000000000000682e+02
6.283200000000000500e+02
6.288200000000000500e+02
6.290399999999999636e+02
6.292100000000000364e+02
6.293000000000000682e+02
6.296000000000000227e+02
6.299199999999999591e+02
6.304400000000000546e+02
6.305600000000000591e+02
6.308500000000000227e+02
6.309600000000000364e+02
6.323600000000000136e+02
6.329099999999999682e+02
6.331399999999999864e+02
6.344400000000000546e+02
6.345500000000000682e+02
6.347200000000000273e+02
6.350000000000000000e+02
6.353000000000000682e+02
6.356699999999999591e+02
6.358999999999999773e+02
6.367000000000000455e+02
6.367599999999999909e+02
6.368200000000000500e+02
6.368700000000000045e+02
6.377300000000000182e+02
6.379099999999999682e+02
6.383300000000000409e+02
6.390700000000000500e+02
6.392400000000000091e+02
6.393799999999999955e+02
6.397799999999999727e+02
6.399700000000000273e+02
6.407300000000000182e+02
6.416299999999999955e+02
6.421399999999999864e+02
6.427699999999999818e+02
6.429400000000000546e+02
6.430199999999999818e+02
6.437500000000000000e+02
6.438400000000000318e+02
6.438600000000000136e+02
6.440299999999999727e+02
6.445700000000000500e+02
6.448300000000000409e+02
6.450800000000000409e+02
6.452400000000000091e+02
6.453300000000000409e+02
6.459600000000000364e+02
6.475000000000000000e+02
6.476200000000000045e+02
6.477200000000000273e+02
6.478500000000000227e+02
6.486200000000000045e+02
6.486299999999999955e+02
6.486900000000000546e+02
6.492200000000000273e+02
6.497300000000000182e+02
6.498400000000000318e+02
6.500399999999999636e+02
6.506900000000000546e+02
6.512300000000000182e+02
6.514400000000000546e+02
6.515600000000000591e+02
6.533799999999999955e+02
6.540099999999999909e+02
6.549199999999999591e+02
6.555099999999999909e+02
6.557400000000000091e+02
6.557699999999999818e+02
6.567400000000000091e+02
6.570700000000000500e+02
6.571900000000000546e+02
6.573300000000000409e+02
6.580500000000000682e+02
6.583200000000000500e+02
6.586499999999999773e+02
6.586900000000000546e+02
6.588999999999999773e+02
6.600099999999999909e+02
6.600299999999999727e+02
6.611599999999999682e+02
6.613400000000000318e+02
6.616699999999999591e+02
6.617599999999999909e+02
6.619199999999999591e+02
6.621900000000000546e+02
6.634199999999999591e+02
6.638100000000000591e+02
6.640700000000000500e+02
6.652599999999999909e+02
6.658500000000000227e+02
6.660199999999999818e+02
6.667100000000000364e+02
6.674900000000000091e+02
6.679199999999999591e+02
6.685199999999999818e+02
6.685199999999999818e+02
6.686200000000000045e+02
6.686299999999999955e+02
6.692799999999999727e+02
6.699800000000000182e+02
6.712799999999999727e+02
6.714099999999999682e+02
6.717500000000000000e+02
6.719199999999999591e+02
6.724400000000000546e+02
6.726499999999999773e+02
6.727899999999999636e+02
6.731800000000000637e+02
6.731800000000000637e+02
6.737899999999999636e+02
6.738100000000000591e+02
6.739400000000000546e+02
6.742300000000000182e+02
6.745900000000000318e+02
6.748300000000000409e+02
6.752200000000000273e+02
6.754300000000000637e+02
6.759400000000000546e+02
6.759800000000000182e+02
6.760600000000000591e+02
6.764600000000000364e+02
6.766299999999999955e+02
6.774600000000000364e+02
6.778999999999999773e+02
6.780800000000000409e+02
6.785399999999999636e+02
6.791599999999999682e+02
6.793300000000000409e+02
6.798000000000000682e+02
6.798300000000000409e+02
6.800800000000000409e+02
6.806299999999999955e+02
6.806800000000000637e+02
6.813899999999999864e+02
6.826299999999999955e+02
6.827599999999999909e+02
6.833000000000000682e+02
6.848799999999999955e+02
6.851200000000000045e+02
6.852599999999999909e+02
6.857100000000000364e+02
6.860000000000000000e+02
6.862500000000000000e+02
6.866100000000000136e+02
6.874600000000000364e+02
6.879500000000000455e+02
6.883899999999999864e+02
6.888500000000000227e+02
6.889300000000000637e+02
6.894800000000000182e+02
6.899300000000000637e+02
6.901599999999999682e+02
6.906399999999999864e+02
6.907100000000000364e+02
6.907300000000000182e+02
6.908899999999999864e+02
6.911800000000000637e+02
6.914500000000000455e+02
6.914900000000000091e+02
6.916800000000000637e+02
6.926299999999999955e+02
6.927100000000000364e+02
6.938200000000000500e+02
6.951299999999999955e+02
6.954300000000000637e+02
6.956399999999999864e+02
6.961900000000000546e+02
6.964900000000000091e+02
6.965800000000000409e+02
6.966499999999999773e+02
6.979500000000000455e+02
6.982599999999999909e+02
6.988500000000000227e+02
6.988600000000000136e+02
6.990700000000000500e+02
6.991200000000000045e+02
6.992300000000000182e+02
7.000600000000000591e+02
7.001900000000000546e+02
7.002699999999999818e+02
7.005199999999999818e+02
7.006100000000000136e+02
7.011900000000000546e+02
7.012400000000000091e+02
7.015199999999999818e+02
7.015600000000000591e+02
7.021800000000000637e+02
7.027000000000000455e+02
7.034400000000000546e+02
7.035199999999999818e+02
7.039800000000000182e+02
7.041699999999999591e+02
7.046200000000000045e+02
7.048100000000000591e+02
7.049900000000000091e+02
7.052500000000000000e+02
7.054600000000000364e+02
7.062200000000000273e+02
7.072100000000000364e+02
7.077799999999999727e+02
7.077899999999999636e+02
7.078100000000000591e+02
7.078200000000000500e+02
7.092799999999999727e+02
7.093999999999999773e+02
7.104600000000000364e+02
7.105099999999999909e+02
7.107400000000000091e+02
7.108500000000000227e+02
7.108700000000000045e+02
7.118600000000000136e+02
7.120500000000000682e+02
7.125500000000000682e+02
7.127699999999999818e+02
7.132200000000000273e+02
7.135600000000000591e+02
7.139700000000000273e+02
7.140700000000000500e+02
7.147599999999999909e+02
7.148000000000000682e+02
7.156200000000000045e+02
7.161000000000000227e+02
7.162100000000000364e+02
7.163899999999999864e+02
7.168700000000000045e+02
7.170800000000000409e+02
7.172200000000000273e+02
7.174300000000000637e+02
7.178400000000000318e+02
7.179900000000000091e+02
7.184400000000000546e+02
7.187400000000000091e+02
7.190900000000000318e+02
7.194700000000000273e+02
7.195500000000000682e+02
7.200700000000000500e+02
7.207899999999999636e+02
7.217500000000000000e+02
7.219900000000000091e+02
7.226200000000000045e+02
7.230299999999999727e+02
7.232300000000000182e+02
7.232799999999999727e+02
7.234300000000000637e+02
7.236699999999999591e+02
7.242400000000000091e+02
7.251699999999999591e+02
7.253799999999999955e+02
7.255099999999999909e+02
7.258799999999999955e+02
7.260800000000000409e+02
7.267400000000000091e+02
7.268100000000000591e+02
7.273700000000000045e+02
7.273999999999999773e+02
7.276499999999999773e+02
7.276699999999999591e+02
7.279600000000000364e+02
7.280299999999999727e+02
7.281200000000000045e+02
7.281800000000000637e+02
7.286399999999999864e+02
7.286800000000000637e+02
7.293899999999999864e+02
7.295299999999999727e+02
7.297799999999999727e+02
7.301499999999999773e+02
7.303899999999999864e+02
7.303999999999999773e+02
7.316800000000000637e+02
7.321900000000000546e+02
7.323700000000000045e+02
7.330800000000000409e+02
7.342400000000000091e+02
7.343400000000000318e+02
7.344300000000000637e+02
7.346299999999999955e+02
7.346699999999999591e+02
7.348899999999999864e+02
7.350700000000000500e+02
7.351399999999999864e+02
7.354300000000000637e+02
7.359400000000000546e+02
7.362799999999999727e+02
7.365700000000000500e+02
7.367899999999999636e+02
7.368700000000000045e+02
7.372100000000000364e+02
7.374600000000000364e+02
7.375700000000000500e+02
7.375700000000000500e+02
7.389099999999999682e+02
7.392400000000000091e+02
7.396000000000000227e+02
7.396399999999999864e+02
7.398999999999999773e+02
7.405600000000000591e+02
7.410299999999999727e+02
7.413400000000000318e+02
7.416900000000000546e+02
7.420800000000000409e+02
7.428000000000000682e+02
7.431299999999999955e+02
7.434500000000000455e+02
7.437000000000000455e+02
7.439600000000000364e+02
7.447000000000000455e+02
7.447699999999999818e+02
7.449199999999999591e+02
7.452500000000000000e+02
7.453000000000000682e+02
7.453600000000000136e+02
7.457000000000000455e+02
7.457200000000000273e+02
7.457899999999999636e+02
7.460199999999999818e+02
7.462599999999999909e+02
7.468200000000000500e+02
7.474199999999999591e+02
7.474600000000000364e+02
7.476299999999999955e+02
7.480900000000000318e+02
7.487400000000000091e+02
7.488000000000000682e+02
7.490199999999999818e+02
7.492300000000000182e+02
7.494800000000000182e+02
7.499300000000000637e+02
7.500000000000000000e+02
7.502699999999999818e+02
7.505500000000000682e+02
7.511800000000000637e+02
7.513700000000000045e+02
7.514300000000000637e+02
7.515000000000000000e+02
7.521699999999999591e+02
7.523000000000000682e+02
7.523799999999999955e+02
7.526200000000000045e+02
7.527899999999999636e+02
7.529900000000000091e+02
7.535299999999999727e+02
7.538100000000000591e+02
7.542400000000000091e+02
7.562599999999999909e+02
7.563899999999999864e+02
7.572799999999999727e+02
7.573899999999999864e+02
7.574500000000000455e+02
7.576399999999999864e+02
7.577500000000000000e+02
7.579400000000000546e+02
7.586699999999999591e+02
7.588000000000000682e+02
7.590000000000000000e+02
7.592699999999999818e+02
7.603200000000000500e+02
7.605299999999999727e+02
7.608799999999999955e+02
7.619099999999999682e+02
7.624199999999999591e+02
7.625900000000000318e+02
7.627699999999999818e+02
7.628300000000000409e+02
7.632599999999999909e+02
7.635399999999999636e+02
7.638400000000000318e+02
7.645199999999999818e+02
7.648500000000000227e+02
7.651499999999999773e+02
7.653500000000000227e+02
7.656100000000000136e+02
7.664500000000000455e+02
7.673400000000000318e+02
7.675299999999999727e+02
7.676399999999999864e+02
7.683300000000000409e+02
7.687000000000000455e+02
7.687500000000000000e+02
7.691900000000000546e+02
7.695500000000000682e+02
7.703899999999999864e+02
7.704300000000000637e+02
7.705500000000000682e+02
7.712799999999999727e+02
7.713700000000000045e+02
7.716700000000000728e+02
7.718700000000000045e+02
7.725399999999999636e+02
7.726299999999999955e+02
7.729099999999999682e+02
7.733700000000000045e+02
7.737300000000000182e+02
7.738999999999999773e+02
7.738999999999999773e+02
7.743999999999999773e+02
7.748799999999999955e+02
7.750399999999999636e+02
7.752599999999999909e+02
7.752899999999999636e+02
7.762300000000000182e+02
7.762599999999999909e+02
7.770900000000000318e+02
7.773300000000000409e+02
7.775099999999999909e+02
7.776299999999999955e+02
7.780700000000000500e+02
7.784099999999999682e+02
7.784600000000000364e+02
7.790600000000000591e+02
7.795099999999999909e+02
7.796900000000000546e+02
7.800900000000000318e+02
7.801000000000000227e+02
7.804600000000000364e+02
7.807300000000000182e+02
7.810000000000000000e+02
7.816000000000000227e+02
7.816700000000000728e+02
7.821200000000000045e+02
7.821299999999999955e+02
7.830900000000000318e+02
7.841000000000000227e+02
7.841499999999999773e+02
7.844500000000000455e+02
7.844500000000000455e+02
7.844600000000000364e+02
7.846000000000000227e+02
7.847100000000000364e+02
7.852599999999999909e+02
7.858200000000000500e+02
7.861100000000000136e+02
7.863899999999999864e+02
7.864800000000000182e+02
7.864800000000000182e+02
7.867899999999999636e+02
7.871900000000000546e+02
7.876900000000000546e+02
7.889900000000000091e+02
7.894600000000000364e+02
7.900299999999999727e+02
7.902200000000000273e+02
7.902599999999999909e+02
7.905099999999999909e+02
7.913500000000000227e+02
7.915000000000000000e+02
7.918400000000000318e+02
7.920600000000000591e+02
7.934700000000000273e+02
7.936800000000000637e+02
7.939200000000000728e+02
7.942699999999999818e+02
7.943300000000000409e+02
7.944800000000000182e+02
7.945600000000000591e+02
7.946700000000000728e+02
7.952000000000000455e+02
7.954200000000000728e+02
7.964800000000000182e+02
7.969099999999999682e+02
7.976100000000000136e+02
7.976499999999999773e+02
7.976599999999999682e+02
7.984900000000000091e+02
7.987799999999999727e+02
7.989200000000000728e+02
7.991399999999999864e+02
7.991700000000000728e+02
7.998799999999999955e+02
7.999200000000000728e+02
7.999600000000000364e+02
8.000399999999999636e+02
8.003300000000000409e+02
8.009900000000000091e+02
8.012300000000000182e+02
8.012799999999999727e+02
8.012799999999999727e+02
8.016399999999999864e+02
8.023999999999999773e+02
8.025099999999999909e+02
8.029099999999999682e+02
8.036599999999999682e+02
8.038300000000000409e+02
8.043899999999999864e+02
8.046100000000000136e+02
8.047799999999999727e+02
8.052300000000000182e+02
8.056399999999999864e+02
8.059400000000000546e+02
8.061800000000000637e+02
8.062899999999999636e+02
8.063799999999999955e+02
8.069099999999999682e+02
8.070000000000000000e+02
8.081100000000000136e+02
8.081499999999999773e+02
8.091700000000000728e+02
8.095099999999999909e+02
8.101200000000000045e+02
8.102200000000000273e+02
8.103799999999999955e+02
8.110800000000000409e+02
8.112000000000000455e+02
8.114300000000000637e+02
8.115600000000000591e+02
8.118799999999999955e+02
8.126000000000000227e+02
8.131499999999999773e+02
8.132300000000000182e+02
8.143000000000000682e+02
8.152200000000000273e+02
8.153100000000000591e+02
8.153600000000000136e+02
8.155299999999999727e+02
8.163400000000000318e+02
8.177699999999999818e+02
8.180500000000000682e+02
8.185500000000000682e+02
8.187699999999999818e+02
8.188200000000000500e+02
8.191000000000000227e+02
8.204099999999999682e+02
8.211000000000000227e+02
8.212000000000000455e+02
8.213899999999999864e+02
8.214800000000000182e+02
8.216299999999999955e+02
8.219200000000000728e+02
8.222500000000000000e+02
8.237100000000000364e+02
8.239400000000000546e+02
8.265299999999999727e+02
8.266299999999999955e+02
8.267699999999999818e+02
8.270800000000000409e+02
8.274700000000000273e+02
8.275500000000000682e+02
8.278600000000000136e+02
8.282300000000000182e+02
8.284600000000000364e+02
8.286299999999999955e+02
8.291299999999999955e+02
8.292100000000000364e+02
8.293300000000000409e+02
8.303500000000000227e+02
8.304600000000000364e+02
8.305800000000000409e+02
8.315700000000000500e+02
8.317500000000000000e+02
8.318300000000000409e+02
8.326100000000000136e+02
8.326700000000000728e+02
8.337500000000000000e+02
8.347100000000000364e+02
8.347100000000000364e+02
8.352500000000000000e+02
8.353899999999999864e+02
8.355500000000000682e+02
8.356700000000000728e+02
8.358200000000000500e+02
8.359600000000000364e+02
8.361200000000000045e+02
8.361700000000000728e+02
8.362100000000000364e+02
8.367899999999999636e+02
8.371100000000000136e+02
8.378500000000000227e+02
8.381499999999999773e+02
8.382400000000000091e+02
8.383899999999999864e+02
8.384700000000000273e+02
8.398600000000000136e+02
8.399200000000000728e+02
8.400600000000000591e+02
8.402799999999999727e+02
8.410900000000000318e+02
8.415099999999999909e+02
8.415099999999999909e+02
8.415800000000000409e+02
8.419400000000000546e+02
8.419700000000000273e+02
8.423400000000000318e+02
8.424800000000000182e+02
8.432500000000000000e+02
8.436800000000000637e+02
8.439800000000000182e+02
8.440099999999999909e+02
8.440600000000000591e+02
8.446100000000000136e+02
8.448600000000000136e+02
8.451499999999999773e+02
8.455900000000000318e+02
8.462300000000000182e+02
8.463200000000000500e+02
8.466200000000000045e+02
8.472799999999999727e+02
8.473999999999999773e+02
8.475700000000000500e+02
8.485000000000000000e+02
8.494500000000000455e+02
8.499900000000000091e+02
8.507500000000000000e+02
8.508300000000000409e+02
8.509200000000000728e+02
8.512100000000000364e+02
8.512200000000000273e+02
8.517500000000000000e+02
8.522799999999999727e+02
8.523200000000000500e+02
8.524600000000000364e+02
8.531700000000000728e+02
8.540600000000000591e+02
8.542400000000000091e+02
8.546399999999999864e+02
8.547200000000000273e+02
8.548500000000000227e+02
8.550399999999999636e+02
8.550700000000000500e+02
8.555399999999999636e+02
8.561499999999999773e+02
8.566700000000000728e+02
8.571399999999999864e+02
8.578000000000000682e+02
8.579500000000000455e+02
8.582699999999999818e+02
8.583300000000000409e+02
8.584900000000000091e+02
8.587300000000000182e+02
8.587400000000000091e+02
8.595199999999999818e+02
8.596299999999999955e+02
8.598500000000000227e+02
8.601000000000000227e+02
8.603000000000000682e+02
8.604500000000000455e+02
8.608799999999999955e+02
8.610399999999999636e+02
8.610900000000000318e+02
8.616499999999999773e+02
8.619099999999999682e+02
8.620099999999999909e+02
8.626700000000000728e+02
8.627899999999999636e+02
8.628500000000000227e+02
8.639300000000000637e+02
8.640000000000000000e+02
8.646299999999999955e+02
8.647400000000000091e+02
8.651399999999999864e+02
8.652200000000000273e+02
8.653999999999999773e+02
8.657200000000000273e+02
8.657400000000000091e+02
8.665600000000000591e+02
8.669099999999999682e+02
8.671200000000000045e+02
8.671800000000000637e+02
8.673999999999999773e+02
8.674500000000000455e+02
8.676100000000000136e+02
8.682599999999999909e+02
8.693700000000000045e+02
8.694600000000000364e+02
8.696399999999999864e+02
8.705900000000000318e+02
8.706499999999999773e+02
8.708000000000000682e+02
8.722599999999999909e+02
8.722899999999999636e+02
8.733500000000000227e+02
8.755900000000000318e+02
8.757000000000000455e+02
8.762799999999999727e+02
8.764300000000000637e+02
8.778200000000000500e+02
8.783300000000000409e+02
8.786900000000000546e+02
8.789500000000000455e+02
8.789900000000000091e+02
8.794400000000000546e+02
8.798100000000000591e+02
8.798700000000000045e+02
8.802599999999999909e+02
8.809200000000000728e+02
8.817799999999999727e+02
8.818400000000000318e+02
8.818700000000000045e+02
8.821399999999999864e+02
8.825099999999999909e+02
8.837000000000000455e+02
8.843000000000000682e+02
8.843100000000000591e+02
8.846700000000000728e+02
8.854700000000000273e+02
8.855199999999999818e+02
8.857000000000000455e+02
8.857599999999999909e+02
8.867500000000000000e+02
8.871299999999999955e+02
8.873600000000000136e+02
8.876000000000000227e+02
8.879500000000000455e+02
8.881499999999999773e+02
8.883400000000000318e+02
8.883700000000000045e+02
8.892400000000000091e+02
8.897000000000000455e+02
8.903300000000000409e+02
8.907200000000000273e+02
8.908300000000000409e+02
8.910900000000000318e+02
8.913600000000000136e+02
8.917400000000000091e+02
8.920399999999999636e+02
8.927300000000000182e+02
8.928799999999999955e+02
8.930099999999999909e+02
8.930299999999999727e+02
8.930800000000000409e+02
8.931200000000000045e+02
8.935900000000000318e+02
8.936800000000000637e+02
8.940900000000000318e+02
8.942799999999999727e+02
8.943500000000000227e+02
8.944300000000000637e+02
8.944400000000000546e+02
8.950500000000000682e+02
8.952200000000000273e+02
8.953500000000000227e+02
8.956599999999999682e+02
8.958100000000000591e+02
8.963700000000000045e+02
8.970099999999999909e+02
8.974800000000000182e+02
8.979099999999999682e+02
8.987000000000000455e+02
8.992300000000000182e+02
8.992400000000000091e+02
8.995099999999999909e+02
8.996000000000000227e+02
8.997300000000000182e+02
8.998799999999999955e+02
9.000399999999999636e+02
9.003300000000000409e+02
9.007500000000000000e+02
9.008999999999999773e+02
9.011900000000000546e+02
9.019200000000000728e+02
9.025600000000000591e+02
9.035800000000000409e+02
9.036200000000000045e+02
9.038700000000000045e+02
9.040900000000000318e+02
9.044600000000000364e+02
9.054500000000000455e+02
9.056399999999999864e+02
9.058600000000000136e+02
9.060199999999999818e+02
9.069700000000000273e+02
9.070600000000000591e+02
9.071599999999999682e+02
9.074800000000000182e+02
9.079900000000000091e+02
9.080800000000000409e+02
9.081299999999999955e+02
9.082500000000000000e+02
9.088899999999999864e+02
9.089300000000000637e+02
9.091599999999999682e+02
9.099400000000000546e+02
9.099900000000000091e+02
9.105500000000000682e+02
9.109300000000000637e+02
9.112400000000000091e+02
9.116700000000000728e+02
9.116900000000000546e+02
9.118000000000000682e+02
9.125800000000000409e+02
9.132799999999999727e+02
9.133400000000000318e+02
9.135399999999999636e+02
9.137000000000000455e+02
9.137599999999999909e+02
9.141100000000000136e+02
9.141599999999999682e+02
9.146599999999999682e+02
9.153200000000000500e+02
9.154099999999999682e+02
9.155700000000000500e+02
9.157300000000000182e+02
9.157400000000000091e+02
9.158500000000000227e+02
9.162000000000000455e+02
9.162100000000000364e+02
9.167400000000000091e+02
9.168899999999999864e+02
9.174400000000000546e+02
9.183700000000000045e+02
9.188100000000000591e+02
9.193200000000000500e+02
9.196800000000000637e+02
9.197000000000000455e+02
9.198000000000000682e+02
9.198200000000000500e+02
9.201000000000000227e+02
9.206299999999999955e+02
9.214400000000000546e+02
9.216599999999999682e+02
9.217599999999999909e+02
9.217799999999999727e+02
9.218200000000000500e+02
9.220299999999999727e+02
9.220600000000000591e+02
9.231800000000000637e+02
9.233100000000000591e+02
9.239400000000000546e+02
9.241200000000000045e+02
9.252400000000000091e+02
9.253000000000000682e+02
9.253600000000000136e+02
9.254900000000000091e+02
9.260199999999999818e+02
9.260700000000000500e+02
9.273700000000000045e+02
9.276299999999999955e+02
9.277300000000000182e+02
9.278799999999999955e+02
9.281700000000000728e+02
9.282500000000000000e+02
9.285800000000000409e+02
9.290500000000000682e+02
9.293500000000000227e+02
9.293700000000000045e+02
9.297599999999999909e+02
9.301599999999999682e+02
9.302200000000000273e+02
9.305900000000000318e+02
9.307200000000000273e+02
9.315199999999999818e+02
9.318400000000000318e+02
9.321700000000000728e+02
9.332000000000000455e+02
9.333600000000000136e+02
9.335600000000000591e+02
9.338200000000000500e+02
9.338600000000000136e+02
9.339300000000000637e+02
9.349700000000000273e+02
9.350299999999999727e+02
9.353000000000000682e+02
9.355900000000000318e+02
9.358500000000000227e+02
9.360099999999999909e+02
9.360700000000000500e+02
9.361299999999999955e+02
9.373400000000000318e+02
9.373600000000000136e+02
9.375600000000000591e+02
9.376499999999999773e+02
9.376900000000000546e+02
9.381000000000000227e+02
9.381499999999999773e+02
9.381499999999999773e+02
9.381900000000000546e+02
9.384099999999999682e+02
9.394099999999999682e+02
9.394500000000000455e+02
9.396399999999999864e+02
9.397400000000000091e+02
9.398899999999999864e+02
9.402400000000000091e+02
9.413700000000000045e+02
9.415199999999999818e+02
9.419099999999999682e+02
9.422200000000000273e+02
9.431700000000000728e+02
9.432200000000000273e+02
9.434400000000000546e+02
9.435600000000000591e+02
9.436700000000000728e+02
9.440600000000000591e+02
9.441000000000000227e+02
9.443400000000000318e+02
9.457400000000000091e+02
9.457799999999999727e+02
9.458799999999999955e+02
9.473100000000000591e+02
9.480199999999999818e+02
9.480299999999999727e+02
9.492799999999999727e+02
9.494400000000000546e+02
9.494500000000000455e+02
9.495000000000000000e+02
9.495399999999999636e+02
9.497599999999999909e+02
9.500900000000000318e+02
9.503400000000000318e+02
9.505600000000000591e+02
9.509400000000000546e+02
9.510500000000000682e+02
9.510600000000000591e+02
9.513899999999999864e+02
9.514700000000000273e+02
9.517899999999999636e+02
9.520099999999999909e+02
9.520199999999999818e+02
9.521100000000000136e+02
9.526499999999999773e+02
9.533000000000000682e+02
9.534500000000000455e+02
9.535000000000000000e+02
9.535500000000000682e+02
9.535500000000000682e+02
9.536299999999999955e+02
9.538400000000000318e+02
9.551299999999999955e+02
9.552000000000000455e+02
9.553100000000000591e+02
9.555800000000000409e+02
9.556700000000000728e+02
9.557599999999999909e+02
9.559500000000000455e+02
9.559800000000000182e+02
9.561100000000000136e+02
9.561700000000000728e+02
9.564900000000000091e+02
9.573500000000000227e+02
9.575199999999999818e+02
9.575500000000000682e+02
9.578700000000000045e+02
9.594600000000000364e+02
9.596200000000000045e+02
9.596900000000000546e+02
9.597699999999999818e+02
9.597699999999999818e+02
9.614200000000000728e+02
9.615800000000000409e+02
9.617599999999999909e+02
9.618000000000000682e+02
9.620099999999999909e+02
9.622000000000000455e+02
9.623200000000000500e+02
9.631399999999999864e+02
9.633700000000000045e+02
9.636299999999999955e+02
9.638400000000000318e+02
9.640900000000000318e+02
9.651599999999999682e+02
9.652100000000000364e+02
9.655900000000000318e+02
9.656900000000000546e+02
9.657500000000000000e+02
9.663500000000000227e+02
9.673200000000000500e+02
9.674600000000000364e+02
9.676299999999999955e+02
9.676599999999999682e+02
9.678400000000000318e+02
9.679500000000000455e+02
9.680500000000000682e+02
9.683899999999999864e+02
9.690299999999999727e+02
9.692300000000000182e+02
9.694300000000000637e+02
9.697100000000000364e+02
9.698899999999999864e+02
9.699700000000000273e+02
9.700700000000000500e+02
9.719099999999999682e+02
9.719700000000000273e+02
9.720000000000000000e+02
9.722699999999999818e+02
9.733400000000000318e+02
9.736100000000000136e+02
9.752899999999999636e+02
9.755700000000000500e+02
9.756499999999999773e+02
9.757400000000000091e+02
9.757899999999999636e+02
9.777300000000000182e+02
9.780000000000000000e+02
9.791100000000000136e+02
9.791800000000000637e+02
9.793300000000000409e+02
9.793700000000000045e+02
9.794200000000000728e+02
9.795500000000000682e+02
9.795500000000000682e+02
9.796700000000000728e+02
9.797200000000000273e+02
9.797200000000000273e+02
9.798200000000000500e+02
9.801499999999999773e+02
9.802200000000000273e+02
9.814700000000000273e+02
9.816700000000000728e+02
9.817200000000000273e+02
9.817599999999999909e+02
9.817699999999999818e+02
9.834300000000000637e+02
9.834700000000000273e+02
9.835099999999999909e+02
9.836299999999999955e+02
9.837100000000000364e+02
9.837400000000000091e+02
9.838000000000000682e+02
9.838600000000000136e+02
9.839500000000000455e+02
9.855700000000000500e+02
9.856399999999999864e+02
9.856399999999999864e+02
9.857699999999999818e+02
9.858100000000000591e+02
9.874700000000000273e+02
9.878300000000000409e+02
9.893700000000000045e+02
9.894700000000000273e+02
9.894800000000000182e+02
9.898999999999999773e+02
9.900199999999999818e+02
9.913300000000000409e+02
9.913899999999999864e+02
9.913899999999999864e+02
9.914700000000000273e+02
9.917100000000000364e+02
9.919800000000000182e+02
9.933200000000000500e+02
9.934300000000000637e+02
9.934800000000000182e+02
9.935199999999999818e+02
9.936399999999999864e+02
9.936399999999999864e+02
9.937900000000000773e+02
9.938500000000000227e+02
9.956800000000000637e+02
9.958100000000000591e+02
9.958200000000000500e+02
9.959200000000000728e+02
9.959300000000000637e+02
9.975000000000000000e+02
9.975000000000000000e+02
9.976499999999999773e+02
9.976800000000000637e+02
9.977000000000000455e+02
9.994099999999999682e+02
9.994600000000000364e+02
9.995000000000000000e+02
9.995600000000000591e+02
9.996399999999999864e+02
9.996599999999999682e+02
9.996700000000000728e+02
9.997599999999999909e+02
9.998000000000000682e+02
