2.540000000000000036e+00
3.160000000000000142e+00
3.189999999999999947e+00
3.370000000000000107e+00
3.510000000000000231e+00
3.550000000000000266e+00
3.609999999999999876e+00
3.830000000000000071e+00
4.610000000000000320e+00
6.080000000000000071e+00
6.679999999999999716e+00
7.179999999999999716e+00
7.270000000000000462e+00
9.679999999999999716e+00
1.164000000000000057e+01
1.175999999999999979e+01
1.185999999999999943e+01
1.340000000000000036e+01
1.535999999999999943e+01
1.550999999999999979e+01
1.556000000000000050e+01
1.628999999999999915e+01
1.714000000000000057e+01
1.773000000000000043e+01
1.783999999999999986e+01
1.803999999999999915e+01
1.851999999999999957e+01
1.853999999999999915e+01
1.971999999999999886e+01
1.985000000000000142e+01
1.994999999999999929e+01
2.071999999999999886e+01
2.271000000000000085e+01
2.280000000000000071e+01
2.392000000000000171e+01
2.433000000000000185e+01
2.449000000000000199e+01
2.460999999999999943e+01
2.767000000000000171e+01
2.844000000000000128e+01
2.853999999999999915e+01
2.865000000000000213e+01
2.915000000000000213e+01
2.942000000000000171e+01
3.069999999999999929e+01
3.160000000000000142e+01
3.187000000000000099e+01
3.246999999999999886e+01
3.399000000000000199e+01
3.460999999999999943e+01
3.627000000000000313e+01
3.685999999999999943e+01
3.771999999999999886e+01
3.863000000000000256e+01
4.039999999999999858e+01
4.049000000000000199e+01
4.078999999999999915e+01
4.339999999999999858e+01
4.341000000000000369e+01
4.359000000000000341e+01
4.414000000000000057e+01
4.421000000000000085e+01
4.589999999999999858e+01
4.663000000000000256e+01
4.711999999999999744e+01
4.766000000000000369e+01
4.810000000000000142e+01
4.957999999999999829e+01
4.962000000000000455e+01
4.987000000000000455e+01
5.012000000000000455e+01
5.099000000000000199e+01
5.214000000000000057e+01
5.381000000000000227e+01
5.384000000000000341e+01
5.395000000000000284e+01
5.555000000000000426e+01
5.595000000000000284e+01
5.596000000000000085e+01
5.628000000000000114e+01
5.756000000000000227e+01
5.953000000000000114e+01
6.046000000000000085e+01
6.091000000000000369e+01
6.112000000000000455e+01
6.142999999999999972e+01
6.273000000000000398e+01
6.404999999999999716e+01
6.456000000000000227e+01
6.537000000000000455e+01
6.651000000000000512e+01
6.798000000000000398e+01
6.800000000000000000e+01
6.914000000000000057e+01
6.937999999999999545e+01
7.067000000000000171e+01
7.068999999999999773e+01
7.085000000000000853e+01
7.125000000000000000e+01
7.165000000000000568e+01
7.235000000000000853e+01
7.323000000000000398e+01
7.354999999999999716e+01
7.371000000000000796e+01
7.462999999999999545e+01
7.507000000000000739e+01
7.510000000000000853e+01
7.660999999999999943e+01
7.670000000000000284e+01
7.690999999999999659e+01
7.707999999999999829e+01
7.751999999999999602e+01
7.853000000000000114e+01
7.884000000000000341e+01
7.923000000000000398e+01
7.967000000000000171e+01
8.007000000000000739e+01
8.028000000000000114e+01
8.118999999999999773e+01
8.157000000000000739e+01
8.218000000000000682e+01
8.310000000000000853e+01
8.421999999999999886e+01
8.439000000000000057e+01
8.482000000000000739e+01
8.626000000000000512e+01
8.748999999999999488e+01
8.757999999999999829e+01
9.131000000000000227e+01
9.167000000000000171e+01
9.170000000000000284e+01
9.181000000000000227e+01
9.543000000000000682e+01
9.735999999999999943e+01
9.746999999999999886e+01
9.779000000000000625e+01
9.870000000000000284e+01
9.876999999999999602e+01
9.979999999999999716e+01
1.000300000000000011e+02
1.001500000000000057e+02
1.025300000000000011e+02
1.043299999999999983e+02
1.043599999999999994e+02
1.044900000000000091e+02
1.046800000000000068e+02
1.050499999999999972e+02
1.068700000000000045e+02
1.078700000000000045e+02
1.079099999999999966e+02
1.081899999999999977e+02
1.082800000000000011e+02
1.086899999999999977e+02
1.103299999999999983e+02
1.107000000000000028e+02
1.119399999999999977e+02
1.136000000000000085e+02
1.148799999999999955e+02
1.156200000000000045e+02
1.157400000000000091e+02
1.158299999999999983e+02
1.161500000000000057e+02
1.186700000000000017e+02
1.190300000000000011e+02
1.226700000000000017e+02
1.247300000000000040e+02
1.254000000000000057e+02
1.261899999999999977e+02
1.275799999999999983e+02
1.287700000000000102e+02
1.302199999999999989e+02
1.305099999999999909e+02
1.306100000000000136e+02
1.310000000000000000e+02
1.315999999999999943e+02
1.318700000000000045e+02
1.325699999999999932e+02
1.331899999999999977e+02
1.349300000000000068e+02
1.351400000000000148e+02
1.352599999999999909e+02
1.358199999999999932e+02
1.365300000000000011e+02
1.384099999999999966e+02
1.397400000000000091e+02
1.400200000000000102e+02
1.422599999999999909e+02
1.425800000000000125e+02
1.439300000000000068e+02
1.443900000000000148e+02
1.445200000000000102e+02
1.447100000000000080e+02
1.449200000000000159e+02
1.460000000000000000e+02
1.467899999999999920e+02
1.474300000000000068e+02
1.479300000000000068e+02
1.501800000000000068e+02
1.502800000000000011e+02
1.508600000000000136e+02
1.510900000000000034e+02
1.530699999999999932e+02
1.533700000000000045e+02
1.549200000000000159e+02
1.589300000000000068e+02
1.594000000000000057e+02
1.597700000000000102e+02
1.598700000000000045e+02
1.606100000000000136e+02
1.615500000000000114e+02
1.618700000000000045e+02
1.639000000000000057e+02
1.639900000000000091e+02
1.657500000000000000e+02
1.674500000000000171e+02
1.683300000000000125e+02
1.683900000000000148e+02
1.694799999999999898e+02
1.700699999999999932e+02
1.732199999999999989e+02
1.733499999999999943e+02
1.734500000000000171e+02
1.751299999999999955e+02
1.764000000000000057e+02
1.770099999999999909e+02
1.798400000000000034e+02
1.813400000000000034e+02
1.816599999999999966e+02
1.838000000000000114e+02
1.840800000000000125e+02
1.846700000000000159e+02
1.857100000000000080e+02
1.860699999999999932e+02
1.863600000000000136e+02
1.865300000000000011e+02
1.866100000000000136e+02
1.876100000000000136e+02
1.879699999999999989e+02
1.903100000000000023e+02
1.908600000000000136e+02
1.912000000000000171e+02
1.915099999999999909e+02
1.917599999999999909e+02
1.917899999999999920e+02
1.920099999999999909e+02
1.936299999999999955e+02
1.949200000000000159e+02
1.953100000000000023e+02
1.953199999999999932e+02
1.984000000000000057e+02
1.994900000000000091e+02
2.019399999999999977e+02
2.058100000000000023e+02
2.059800000000000182e+02
2.059900000000000091e+02
2.060300000000000011e+02
2.072199999999999989e+02
2.072300000000000182e+02
2.075099999999999909e+02
2.077599999999999909e+02
2.082899999999999920e+02
2.091599999999999966e+02
2.092000000000000171e+02
2.093600000000000136e+02
2.096100000000000136e+02
2.105800000000000125e+02
2.107100000000000080e+02
2.145300000000000011e+02
2.186299999999999955e+02
2.190699999999999932e+02
2.191800000000000068e+02
2.196299999999999955e+02
2.200500000000000114e+02
2.210600000000000023e+02
2.216299999999999955e+02
2.216299999999999955e+02
2.219800000000000182e+02
2.221100000000000136e+02
2.238700000000000045e+02
2.242100000000000080e+02
2.243199999999999932e+02
2.244200000000000159e+02
2.255399999999999920e+02
2.267500000000000000e+02
2.270399999999999920e+02
2.275099999999999909e+02
2.296400000000000148e+02
2.306899999999999977e+02
2.314000000000000057e+02
2.329200000000000159e+02
2.354099999999999966e+02
2.361800000000000068e+02
2.362300000000000182e+02
2.366599999999999966e+02
2.377100000000000080e+02
2.383499999999999943e+02
2.385099999999999909e+02
2.387899999999999920e+02
2.394900000000000091e+02
2.401100000000000136e+02
2.406700000000000159e+02
2.407400000000000091e+02
2.424200000000000159e+02
2.435300000000000011e+02
2.442100000000000080e+02
2.444699999999999989e+02
2.445600000000000023e+02
2.455800000000000125e+02
2.462100000000000080e+02
2.495000000000000000e+02
2.495399999999999920e+02
2.498799999999999955e+02
2.501299999999999955e+02
2.523700000000000045e+02
2.536200000000000045e+02
2.571700000000000159e+02
2.573899999999999864e+02
2.574800000000000182e+02
2.600600000000000023e+02
2.606200000000000045e+02
2.635400000000000205e+02
2.640099999999999909e+02
2.645500000000000114e+02
2.654300000000000068e+02
2.655099999999999909e+02
2.657200000000000273e+02
2.679800000000000182e+02
2.689300000000000068e+02
2.710500000000000114e+02
2.716399999999999864e+02
2.719900000000000091e+02
2.723999999999999773e+02
2.728100000000000023e+02
2.736000000000000227e+02
2.747900000000000205e+02
2.749300000000000068e+02
2.750900000000000318e+02
2.753299999999999841e+02
2.756500000000000341e+02
2.761399999999999864e+02
2.776200000000000045e+02
2.782800000000000296e+02
2.788500000000000227e+02
2.792599999999999909e+02
2.792599999999999909e+02
2.799800000000000182e+02
2.827900000000000205e+02
2.829599999999999795e+02
2.830099999999999909e+02
2.833000000000000114e+02
2.833299999999999841e+02
2.835000000000000000e+02
2.837099999999999795e+02
2.841000000000000227e+02
2.854599999999999795e+02
2.860300000000000296e+02
2.860600000000000023e+02
2.872300000000000182e+02
2.878600000000000136e+02
2.886999999999999886e+02
2.889200000000000159e+02
2.894599999999999795e+02
2.912800000000000296e+02
2.914000000000000341e+02
2.923799999999999955e+02
2.935600000000000023e+02
2.949000000000000341e+02
2.955300000000000296e+02
2.967099999999999795e+02
2.979200000000000159e+02
2.995400000000000205e+02
3.026700000000000159e+02
3.028400000000000318e+02
3.031700000000000159e+02
3.033199999999999932e+02
3.044499999999999886e+02
3.047400000000000091e+02
3.048600000000000136e+02
3.062200000000000273e+02
3.064300000000000068e+02
3.065000000000000000e+02
3.074700000000000273e+02
3.099100000000000250e+02
3.105300000000000296e+02
3.112900000000000205e+02
3.113700000000000045e+02
3.119200000000000159e+02
3.120300000000000296e+02
3.125199999999999818e+02
3.130699999999999932e+02
3.139399999999999977e+02
3.140000000000000000e+02
3.152500000000000000e+02
3.152900000000000205e+02
3.169200000000000159e+02
3.177800000000000296e+02
3.178400000000000318e+02
3.181000000000000227e+02
3.184200000000000159e+02
3.187500000000000000e+02
3.204700000000000273e+02
3.206700000000000159e+02
3.212800000000000296e+02
3.214700000000000273e+02
3.220099999999999909e+02
3.228700000000000045e+02
3.229800000000000182e+02
3.231200000000000045e+02
3.232699999999999818e+02
3.234900000000000091e+02
3.265400000000000205e+02
3.281999999999999886e+02
3.286200000000000045e+02
3.290199999999999818e+02
3.297699999999999818e+02
3.304300000000000068e+02
3.305300000000000296e+02
3.309300000000000068e+02
3.326399999999999864e+02
3.328199999999999932e+02
3.329100000000000250e+02
3.330099999999999909e+02
3.331299999999999955e+02
3.334700000000000273e+02
3.359200000000000159e+02
3.364399999999999977e+02
3.365699999999999932e+02
3.369900000000000091e+02
3.371899999999999977e+02
3.384700000000000273e+02
3.386200000000000045e+02
3.389200000000000159e+02
3.401700000000000159e+02
3.410600000000000023e+02
3.411800000000000068e+02
3.412599999999999909e+02
3.420400000000000205e+02
3.422099999999999795e+02
3.428100000000000023e+02
3.434300000000000068e+02
3.439900000000000091e+02
3.444700000000000273e+02
3.444900000000000091e+02
3.454000000000000341e+02
3.457300000000000182e+02
3.461700000000000159e+02
3.478600000000000136e+02
3.479399999999999977e+02
3.482300000000000182e+02
3.488500000000000227e+02
3.503500000000000227e+02
3.507699999999999818e+02
3.516700000000000159e+02
3.526299999999999955e+02
3.535400000000000205e+02
3.540099999999999909e+02
3.545000000000000000e+02
3.550600000000000023e+02
3.551999999999999886e+02
3.560799999999999841e+02
3.566600000000000250e+02
3.567200000000000273e+02
3.589399999999999977e+02
3.592699999999999818e+02
3.605799999999999841e+02
3.607500000000000000e+02
3.609399999999999977e+02
3.613400000000000318e+02
3.621399999999999864e+02
3.622699999999999818e+02
3.630300000000000296e+02
3.630400000000000205e+02
3.652500000000000000e+02
3.666800000000000068e+02
3.678799999999999955e+02
3.681200000000000045e+02
3.683799999999999955e+02
3.687699999999999818e+02
3.694700000000000273e+02
3.695799999999999841e+02
3.700400000000000205e+02
3.704300000000000068e+02
3.705900000000000318e+02
3.709000000000000341e+02
3.726100000000000136e+02
3.729000000000000341e+02
3.729300000000000068e+02
3.750699999999999932e+02
3.752699999999999818e+02
3.761600000000000250e+02
3.771000000000000227e+02
3.773700000000000045e+02
3.776800000000000068e+02
3.777300000000000182e+02
3.778000000000000114e+02
3.805400000000000205e+02
3.815400000000000205e+02
3.823299999999999841e+02
3.824600000000000364e+02
3.828000000000000114e+02
3.833199999999999932e+02
3.836200000000000045e+02
3.846100000000000136e+02
3.858500000000000227e+02
3.860400000000000205e+02
3.865500000000000114e+02
3.866500000000000341e+02
3.893400000000000318e+02
3.920300000000000296e+02
3.926000000000000227e+02
3.935400000000000205e+02
3.942900000000000205e+02
3.943000000000000114e+02
3.957400000000000091e+02
3.957699999999999818e+02
3.960600000000000023e+02
3.968199999999999932e+02
3.988799999999999955e+02
3.992300000000000182e+02
4.003100000000000023e+02
4.004100000000000250e+02
4.016200000000000045e+02
4.021800000000000068e+02
4.028400000000000318e+02
4.037599999999999909e+02
4.039900000000000091e+02
4.040099999999999909e+02
4.040600000000000023e+02
4.068299999999999841e+02
4.073799999999999955e+02
4.081000000000000227e+02
4.082300000000000182e+02
4.095000000000000000e+02
4.105500000000000114e+02
4.106299999999999955e+02
4.110000000000000000e+02
4.111000000000000227e+02
4.115199999999999818e+02
4.136500000000000341e+02
4.140199999999999818e+02
4.160500000000000114e+02
4.172100000000000364e+02
4.175400000000000205e+02
4.180500000000000114e+02
4.185699999999999932e+02
4.212900000000000205e+02
4.218299999999999841e+02
4.218700000000000045e+02
4.230799999999999841e+02
4.234399999999999977e+02
4.240799999999999841e+02
4.241999999999999886e+02
4.260400000000000205e+02
4.265000000000000000e+02
4.269000000000000341e+02
4.284800000000000182e+02
4.284900000000000091e+02
4.286200000000000045e+02
4.302400000000000091e+02
4.316700000000000159e+02
4.322900000000000205e+02
4.334200000000000159e+02
4.346299999999999955e+02
4.350699999999999932e+02
4.368500000000000227e+02
4.369200000000000159e+02
4.375099999999999909e+02
4.384200000000000159e+02
4.393000000000000114e+02
4.395900000000000318e+02
4.397400000000000091e+02
4.408899999999999864e+02
4.410400000000000205e+02
4.411000000000000227e+02
4.421800000000000068e+02
4.434700000000000273e+02
4.437400000000000091e+02
4.445699999999999932e+02
4.470799999999999841e+02
4.506600000000000250e+02
4.506899999999999977e+02
4.529399999999999977e+02
4.533799999999999955e+02
4.536399999999999864e+02
4.561600000000000250e+02
4.603000000000000114e+02
4.607900000000000205e+02
4.613100000000000023e+02
4.626100000000000136e+02
4.626999999999999886e+02
4.635500000000000114e+02
4.649000000000000341e+02
4.651600000000000250e+02
4.656200000000000045e+02
4.664399999999999977e+02
4.675400000000000205e+02
4.710799999999999841e+02
4.721000000000000227e+02
4.724300000000000068e+02
4.725000000000000000e+02
4.732800000000000296e+02
4.739300000000000068e+02
4.747599999999999909e+02
4.750699999999999932e+02
4.757800000000000296e+02
4.768500000000000227e+02
4.772500000000000000e+02
4.781000000000000227e+02
4.781100000000000136e+02
4.793899999999999864e+02
4.800500000000000114e+02
4.803000000000000114e+02
4.812800000000000296e+02
4.815799999999999841e+02
4.824300000000000068e+02
4.827100000000000364e+02
4.832200000000000273e+02
4.835199999999999818e+02
4.854700000000000273e+02
4.877400000000000091e+02
4.877800000000000296e+02
4.892200000000000273e+02
4.914600000000000364e+02
4.915000000000000000e+02
4.918199999999999932e+02
4.937300000000000182e+02
4.942400000000000091e+02
4.947100000000000364e+02
4.950200000000000387e+02
4.951399999999999864e+02
4.954499999999999886e+02
4.955000000000000000e+02
4.957500000000000000e+02
4.973199999999999932e+02
4.973299999999999841e+02
4.975699999999999932e+02
4.989200000000000159e+02
4.997500000000000000e+02
4.997700000000000387e+02
4.998500000000000227e+02
5.000000000000000000e+02
5.007400000000000091e+02
5.008299999999999841e+02
5.014000000000000341e+02
5.022599999999999909e+02
5.065900000000000318e+02
5.067500000000000000e+02
5.074800000000000182e+02
5.075500000000000114e+02
5.076200000000000045e+02
5.079600000000000364e+02
5.084100000000000250e+02
5.094100000000000250e+02
5.096500000000000341e+02
5.105600000000000023e+02
5.115099999999999909e+02
5.125000000000000000e+02
5.129400000000000546e+02
5.132999999999999545e+02
5.137899999999999636e+02
5.177400000000000091e+02
5.184300000000000637e+02
5.187599999999999909e+02
5.195099999999999909e+02
5.206399999999999864e+02
5.209500000000000455e+02
5.212999999999999545e+02
5.221000000000000227e+02
5.221800000000000637e+02
5.227100000000000364e+02
5.252000000000000455e+02
5.262599999999999909e+02
5.271699999999999591e+02
5.285499999999999545e+02
5.290000000000000000e+02
5.302000000000000455e+02
5.305099999999999909e+02
5.310600000000000591e+02
5.318799999999999955e+02
5.321699999999999591e+02
5.340900000000000318e+02
5.342899999999999636e+02
5.349300000000000637e+02
5.350900000000000318e+02
5.372799999999999727e+02
5.375800000000000409e+02
5.382500000000000000e+02
5.383400000000000318e+02
5.396200000000000045e+02
5.403500000000000227e+02
5.416900000000000546e+02
5.418700000000000045e+02
5.429800000000000182e+02
5.440099999999999909e+02
5.442400000000000091e+02
5.458300000000000409e+02
5.464900000000000091e+02
5.467300000000000182e+02
5.469199999999999591e+02
5.473200000000000500e+02
5.478999999999999773e+02
5.479199999999999591e+02
5.496399999999999864e+02
5.509199999999999591e+02
5.515800000000000409e+02
5.516200000000000045e+02
5.522899999999999636e+02
5.538100000000000591e+02
5.545000000000000000e+02
5.551200000000000045e+02
5.561299999999999955e+02
5.571800000000000637e+02
5.572000000000000455e+02
5.574400000000000546e+02
5.581000000000000227e+02
5.582000000000000455e+02
5.589900000000000091e+02
5.595500000000000682e+02
5.597799999999999727e+02
5.609400000000000546e+02
5.611299999999999955e+02
5.611900000000000546e+02
5.625299999999999727e+02
5.625399999999999636e+02
5.648200000000000500e+02
5.658100000000000591e+02
5.659500000000000455e+02
5.677500000000000000e+02
5.679300000000000637e+02
5.687000000000000455e+02
5.693700000000000045e+02
5.701299999999999955e+02
5.706699999999999591e+02
5.754300000000000637e+02
5.756800000000000637e+02
5.760700000000000500e+02
5.793100000000000591e+02
5.794800000000000182e+02
5.799700000000000273e+02
5.800600000000000591e+02
5.804400000000000546e+02
5.815500000000000682e+02
5.832400000000000091e+02
5.846000000000000227e+02
5.850199999999999818e+02
5.853000000000000682e+02
5.858200000000000500e+02
5.870800000000000409e+02
5.881599999999999682e+02
5.890500000000000682e+02
5.891299999999999955e+02
5.894300000000000637e+02
5.895399999999999636e+02
5.905199999999999818e+02
5.910600000000000591e+02
5.931299999999999955e+02
5.943999999999999773e+02
5.950800000000000409e+02
5.955399999999999636e+02
5.955700000000000500e+02
5.956200000000000045e+02
5.965500000000000682e+02
5.967200000000000273e+02
5.975600000000000591e+02
5.989300000000000637e+02
5.994900000000000091e+02
6.014199999999999591e+02
6.026200000000000045e+02
6.029800000000000182e+02
6.036499999999999773e+02
6.047100000000000364e+02
6.047599999999999909e+02
6.048600000000000136e+02
6.066499999999999773e+02
6.067699999999999818e+02
6.080500000000000682e+02
6.080700000000000500e+02
6.091000000000000227e+02
6.092699999999999818e+02
6.096499999999999773e+02
6.103799999999999955e+02
6.115800000000000409e+02
6.130900000000000318e+02
6.132699999999999818e+02
6.139400000000000546e+02
6.148600000000000136e+02
6.150800000000000409e+02
6.153799999999999955e+02
6.167000000000000455e+02
6.169300000000000637e+02
6.169700000000000273e+02
6.187300000000000182e+02
6.204800000000000182e+02
6.210600000000000591e+02
6.219300000000000637e+02
6.233500000000000227e+02
6.237100000000000364e+02
6.240199999999999818e+02
6.245600000000000591e+02
6.261000000000000227e+02
6.281399999999999864e+02
6.295900000000000318e+02
6.301800000000000637e+02
6.309900000000000091e+02
6.312699999999999818e+02
6.322200000000000273e+02
6.323400000000000318e+02
6.323999999999999773e+02
6.327400000000000091e+02
6.338500000000000227e+02
6.339500000000000455e+02
6.341299999999999955e+02
6.345800000000000409e+02
6.352500000000000000e+02
6.355000000000000000e+02
6.358300000000000409e+02
6.377799999999999727e+02
6.378600000000000136e+02
6.381900000000000546e+02
6.383600000000000136e+02
6.417000000000000455e+02
6.417699999999999818e+02
6.418999999999999773e+02
6.419700000000000273e+02
6.438899999999999864e+02
6.447699999999999818e+02
6.447799999999999727e+02
6.470000000000000000e+02
6.475900000000000318e+02
6.480600000000000591e+02
6.486200000000000045e+02
6.492899999999999636e+02
6.494199999999999591e+02
6.500600000000000591e+02
6.502699999999999818e+02
6.507500000000000000e+02
6.510299999999999727e+02
6.525399999999999636e+02
6.540299999999999727e+02
6.550700000000000500e+02
6.552699999999999818e+02
6.568200000000000500e+02
6.569700000000000273e+02
6.577899999999999636e+02
6.578999999999999773e+02
6.588799999999999955e+02
6.596200000000000045e+02
6.599099999999999682e+02
6.608400000000000318e+02
6.618700000000000045e+02
6.633500000000000227e+02
6.637100000000000364e+02
6.646900000000000546e+02
6.648200000000000500e+02
6.660500000000000682e+02
6.666100000000000136e+02
6.668999999999999773e+02
6.669300000000000637e+02
6.670299999999999727e+02
6.692500000000000000e+02
6.703100000000000591e+02
6.724700000000000273e+02
6.731399999999999864e+02
6.731699999999999591e+02
6.743000000000000682e+02
6.756499999999999773e+02
6.767200000000000273e+02
6.770000000000000000e+02
6.775099999999999909e+02
6.780399999999999636e+02
6.784099999999999682e+02
6.796000000000000227e+02
6.803500000000000227e+02
6.806399999999999864e+02
6.812400000000000091e+02
6.813200000000000500e+02
6.841100000000000136e+02
6.846399999999999864e+02
6.850399999999999636e+02
6.873400000000000318e+02
6.876800000000000637e+02
6.891299999999999955e+02
6.893999999999999773e+02
6.895099999999999909e+02
6.898999999999999773e+02
6.901800000000000637e+02
6.907000000000000455e+02
6.919400000000000546e+02
6.925900000000000318e+02
6.927000000000000455e+02
6.927400000000000091e+02
6.928400000000000318e+02
6.941399999999999864e+02
6.960900000000000318e+02
6.964600000000000364e+02
6.965700000000000500e+02
7.009500000000000455e+02
7.011399999999999864e+02
7.016200000000000045e+02
7.023899999999999864e+02
7.027100000000000364e+02
7.063400000000000318e+02
7.063700000000000045e+02
7.067500000000000000e+02
7.068500000000000227e+02
7.071699999999999591e+02
7.082300000000000182e+02
7.091200000000000045e+02
7.100399999999999636e+02
7.100700000000000500e+02
7.101900000000000546e+02
7.103700000000000045e+02
7.110399999999999636e+02
7.113799999999999955e+02
7.117699999999999818e+02
7.119099999999999682e+02
7.145199999999999818e+02
7.150800000000000409e+02
7.151900000000000546e+02
7.155900000000000318e+02
7.156200000000000045e+02
7.158300000000000409e+02
7.174700000000000273e+02
7.176299999999999955e+02
7.187500000000000000e+02
7.188100000000000591e+02
7.203899999999999864e+02
7.238700000000000045e+02
7.259500000000000455e+02
7.264099999999999682e+02
7.265900000000000318e+02
7.281200000000000045e+02
7.281399999999999864e+02
7.295000000000000000e+02
7.295099999999999909e+02
7.297000000000000455e+02
7.297200000000000273e+02
7.303200000000000500e+02
7.304400000000000546e+02
7.327400000000000091e+02
7.328600000000000136e+02
7.333799999999999955e+02
7.341599999999999682e+02
7.366399999999999864e+02
7.375500000000000682e+02
7.381200000000000045e+02
7.405900000000000318e+02
7.421000000000000227e+02
7.421399999999999864e+02
7.423400000000000318e+02
7.431000000000000227e+02
7.435800000000000409e+02
7.446499999999999773e+02
7.449600000000000364e+02
7.453799999999999955e+02
7.468000000000000682e+02
7.469300000000000637e+02
7.489099999999999682e+02
7.492699999999999818e+02
7.495099999999999909e+02
7.500800000000000409e+02
7.501900000000000546e+02
7.510000000000000000e+02
7.511200000000000045e+02
7.513200000000000500e+02
7.517500000000000000e+02
7.525099999999999909e+02
7.529199999999999591e+02
7.533700000000000045e+02
7.535600000000000591e+02
7.541299999999999955e+02
7.553100000000000591e+02
7.556399999999999864e+02
7.558999999999999773e+02
7.569700000000000273e+02
7.569800000000000182e+02
7.578400000000000318e+02
7.587500000000000000e+02
7.591399999999999864e+02
7.608400000000000318e+02
7.612400000000000091e+02
7.614300000000000637e+02
7.627000000000000455e+02
7.644500000000000455e+02
7.645800000000000409e+02
7.655399999999999636e+02
7.666000000000000227e+02
7.673999999999999773e+02
7.682300000000000182e+02
7.693400000000000318e+02
7.695299999999999727e+02
7.699900000000000091e+02
7.703000000000000682e+02
7.710000000000000000e+02
7.718400000000000318e+02
7.726200000000000045e+02
7.733700000000000045e+02
7.743700000000000045e+02
7.753500000000000227e+02
7.763999999999999773e+02
7.766800000000000637e+02
7.782500000000000000e+02
7.783799999999999955e+02
7.791499999999999773e+02
7.798300000000000409e+02
7.800299999999999727e+02
7.811399999999999864e+02
7.816399999999999864e+02
7.817000000000000455e+02
7.841000000000000227e+02
7.842799999999999727e+02
7.847599999999999909e+02
7.850399999999999636e+02
7.851499999999999773e+02
7.862699999999999818e+02
7.863700000000000045e+02
7.864600000000000364e+02
7.865299999999999727e+02
7.867300000000000182e+02
7.874300000000000637e+02
7.874500000000000455e+02
7.874900000000000091e+02
7.895399999999999636e+02
7.901100000000000136e+02
7.903799999999999955e+02
7.905800000000000409e+02
7.907300000000000182e+02
7.911200000000000045e+02
7.922300000000000182e+02
7.923300000000000409e+02
7.925700000000000500e+02
7.937899999999999636e+02
7.939600000000000364e+02
7.955399999999999636e+02
7.955399999999999636e+02
7.965900000000000318e+02
7.977799999999999727e+02
7.986000000000000227e+02
7.989200000000000728e+02
7.990199999999999818e+02
8.013500000000000227e+02
8.020000000000000000e+02
8.026299999999999955e+02
8.031100000000000136e+02
8.032500000000000000e+02
8.040099999999999909e+02
8.057899999999999636e+02
8.072100000000000364e+02
8.088200000000000500e+02
8.091499999999999773e+02
8.092500000000000000e+02
8.106900000000000546e+02
8.124099999999999682e+02
8.146499999999999773e+02
8.155500000000000682e+02
8.166299999999999955e+02
8.174400000000000546e+02
8.181399999999999864e+02
8.210700000000000500e+02
8.222699999999999818e+02
8.246700000000000728e+02
8.260000000000000000e+02
8.284900000000000091e+02
8.292100000000000364e+02
8.298600000000000136e+02
8.307899999999999636e+02
8.313400000000000318e+02
8.315500000000000682e+02
8.317200000000000273e+02
8.317599999999999909e+02
8.326000000000000227e+02
8.330800000000000409e+02
8.332500000000000000e+02
8.352899999999999636e+02
8.358799999999999955e+02
8.364600000000000364e+02
8.366200000000000045e+02
8.369400000000000546e+02
8.408600000000000136e+02
8.410600000000000591e+02
8.426599999999999682e+02
8.427000000000000455e+02
8.435700000000000500e+02
8.437699999999999818e+02
8.445000000000000000e+02
8.450399999999999636e+02
8.452200000000000273e+02
8.458400000000000318e+02
8.464600000000000364e+02
8.470099999999999909e+02
8.474099999999999682e+02
8.487899999999999636e+02
8.488799999999999955e+02
8.496800000000000637e+02
8.497500000000000000e+02
8.497899999999999636e+02
8.514800000000000182e+02
8.515099999999999909e+02
8.522699999999999818e+02
8.534900000000000091e+02
8.553799999999999955e+02
8.564600000000000364e+02
8.570600000000000591e+02
8.580700000000000500e+02
8.587100000000000364e+02
8.594099999999999682e+02
8.596499999999999773e+02
8.624600000000000364e+02
8.627899999999999636e+02
8.637500000000000000e+02
8.638100000000000591e+02
8.642699999999999818e+02
8.660000000000000000e+02
8.668600000000000136e+02
8.672599999999999909e+02
8.687699999999999818e+02
8.693600000000000136e+02
8.698799999999999955e+02
8.710800000000000409e+02
8.716700000000000728e+02
8.730199999999999818e+02
8.736100000000000136e+02
8.762599999999999909e+02
8.764900000000000091e+02
8.769700000000000273e+02
8.770800000000000409e+02
8.774600000000000364e+02
8.785399999999999636e+02
8.785500000000000682e+02
8.789600000000000364e+02
8.796200000000000045e+02
8.805500000000000682e+02
8.805900000000000318e+02
8.842100000000000364e+02
8.870299999999999727e+02
8.876100000000000136e+02
8.891100000000000136e+02
8.896499999999999773e+02
8.903799999999999955e+02
8.907100000000000364e+02
8.911499999999999773e+02
8.914900000000000091e+02
8.917500000000000000e+02
8.924700000000000273e+02
8.925000000000000000e+02
8.949300000000000637e+02
8.952400000000000091e+02
8.955099999999999909e+02
8.957500000000000000e+02
8.959900000000000091e+02
8.961299999999999955e+02
8.962799999999999727e+02
8.963700000000000045e+02
8.966399999999999864e+02
8.973899999999999864e+02
8.980600000000000591e+02
8.984500000000000455e+02
8.988500000000000227e+02
8.998200000000000500e+02
9.014099999999999682e+02
9.015700000000000500e+02
9.028600000000000136e+02
9.031200000000000045e+02
9.049600000000000364e+02
9.050299999999999727e+02
9.051000000000000227e+02
9.058000000000000682e+02
9.062799999999999727e+02
9.071800000000000637e+02
9.074600000000000364e+02
9.079500000000000455e+02
9.085900000000000318e+02
9.106299999999999955e+02
9.108300000000000409e+02
9.115500000000000682e+02
9.117000000000000455e+02
9.125900000000000318e+02
9.163300000000000409e+02
9.177000000000000455e+02
9.188000000000000682e+02
9.223500000000000227e+02
9.231200000000000045e+02
9.231800000000000637e+02
9.240600000000000591e+02
9.252300000000000182e+02
9.261200000000000045e+02
9.276599999999999682e+02
9.282599999999999909e+02
9.295199999999999818e+02
9.301100000000000136e+02
9.304500000000000455e+02
9.308600000000000136e+02
9.308899999999999864e+02
9.313400000000000318e+02
9.315399999999999636e+02
9.329200000000000728e+02
9.348400000000000318e+02
9.352000000000000455e+02
9.355199999999999818e+02
9.375800000000000409e+02
9.383100000000000591e+02
9.383400000000000318e+02
9.394900000000000091e+02
9.397200000000000273e+02
9.397899999999999636e+02
9.418700000000000045e+02
9.419300000000000637e+02
9.420900000000000318e+02
9.422100000000000364e+02
9.441399999999999864e+02
9.453000000000000682e+02
9.455600000000000591e+02
9.455800000000000409e+02
9.456200000000000045e+02
9.476900000000000546e+02
9.487000000000000455e+02
9.492300000000000182e+02
9.494300000000000637e+02
9.498200000000000500e+02
9.518000000000000682e+02
9.519800000000000182e+02
9.521299999999999955e+02
9.523700000000000045e+02
9.537799999999999727e+02
9.538000000000000682e+02
9.551399999999999864e+02
9.552899999999999636e+02
9.555199999999999818e+02
9.559800000000000182e+02
9.575500000000000682e+02
9.580500000000000682e+02
9.595000000000000000e+02
9.600600000000000591e+02
9.609200000000000728e+02
9.618799999999999955e+02
9.625000000000000000e+02
9.632599999999999909e+02
9.639099999999999682e+02
9.643200000000000500e+02
9.644200000000000728e+02
9.644300000000000637e+02
9.654400000000000546e+02
9.656499999999999773e+02
9.657200000000000273e+02
9.667599999999999909e+02
9.685199999999999818e+02
9.687100000000000364e+02
9.696900000000000546e+02
9.700299999999999727e+02
9.737000000000000455e+02
9.758700000000000045e+02
9.759099999999999682e+02
9.764800000000000182e+02
9.773100000000000591e+02
9.789600000000000364e+02
9.790900000000000318e+02
9.808400000000000318e+02
9.810600000000000591e+02
9.819500000000000455e+02
9.820500000000000682e+02
9.821900000000000546e+02
9.822100000000000364e+02
9.832100000000000364e+02
9.840700000000000500e+02
9.861900000000000546e+02
9.869700000000000273e+02
9.870500000000000682e+02
9.872100000000000364e+02
9.905600000000000591e+02
9.923500000000000227e+02
9.923999999999999773e+02
9.926200000000000045e+02
9.928500000000000227e+02
9.950500000000000682e+02
9.962100000000000364e+02
9.962100000000000364e+02
9.975500000000000682e+02
9.977000000000000455e+02
9.988799999999999955e+02
9.990800000000000409e+02
