1.564000000000000057e+01
1.136500000000000057e+02
2.172300000000000182e+02
2.596499999999999773e+02
2.639900000000000091e+02
2.707300000000000182e+02
3.128199999999999932e+02
3.171299999999999955e+02
3.664900000000000091e+02
4.118000000000000114e+02
4.143100000000000023e+02
5.147599999999999909e+02
5.600299999999999727e+02
5.656699999999999591e+02
6.155399999999999636e+02
6.587899999999999636e+02
6.649099999999999682e+02
7.110800000000000409e+02
7.612699999999999818e+02
8.187799999999999727e+02
8.594300000000000637e+02
9.113700000000000045e+02
9.593400000000000318e+02
9.628000000000000682e+02
2.597099999999999795e+02
3.138600000000000136e+02
5.150199999999999818e+02
6.588200000000000500e+02
6.651100000000000136e+02
8.189600000000000364e+02
8.596800000000000637e+02
9.115600000000000591e+02
2.598299999999999841e+02
3.139900000000000091e+02
6.588500000000000227e+02
9.116900000000000546e+02
6.591100000000000136e+02
1.182000000000000028e+01
1.466999999999999993e+01
1.685999999999999943e+01
2.066000000000000014e+01
6.107999999999999829e+01
6.496000000000000796e+01
6.785999999999999943e+01
7.279999999999999716e+01
1.155600000000000023e+02
1.181899999999999977e+02
1.651599999999999966e+02
1.680200000000000102e+02
1.704699999999999989e+02
2.112500000000000000e+02
2.138600000000000136e+02
2.173700000000000045e+02
2.647200000000000273e+02
2.682200000000000273e+02
2.720799999999999841e+02
3.099200000000000159e+02
3.122300000000000182e+02
3.152900000000000205e+02
3.179700000000000273e+02
3.621100000000000136e+02
3.650199999999999818e+02
3.676200000000000045e+02
3.730300000000000296e+02
4.132100000000000364e+02
4.155300000000000296e+02
4.188899999999999864e+02
4.619499999999999886e+02
4.645600000000000023e+02
4.671299999999999955e+02
4.711000000000000227e+02
5.133700000000000045e+02
5.200900000000000318e+02
5.609400000000000546e+02
5.658799999999999955e+02
6.108400000000000318e+02
6.137400000000000091e+02
6.172599999999999909e+02
6.200900000000000318e+02
6.636599999999999682e+02
6.662500000000000000e+02
7.113300000000000409e+02
7.137699999999999818e+02
7.165399999999999636e+02
7.195700000000000500e+02
7.219500000000000455e+02
7.617599999999999909e+02
7.650000000000000000e+02
7.672400000000000091e+02
8.106100000000000136e+02
8.129200000000000728e+02
8.168899999999999864e+02
8.629200000000000728e+02
8.653200000000000500e+02
8.674900000000000091e+02
9.152400000000000091e+02
9.174700000000000273e+02
9.210500000000000682e+02
9.610399999999999636e+02
9.634500000000000455e+02
9.672599999999999909e+02
9.696800000000000637e+02
1.274000000000000021e+01
1.660000000000000142e+01
6.540000000000000568e+01
1.158900000000000006e+02
1.182500000000000000e+02
1.654099999999999966e+02
1.681299999999999955e+02
1.706400000000000148e+02
2.113600000000000136e+02
2.140300000000000011e+02
2.182500000000000000e+02
2.649499999999999886e+02
3.130900000000000318e+02
3.153299999999999841e+02
3.656600000000000250e+02
4.135600000000000023e+02
4.158000000000000114e+02
4.192200000000000273e+02
4.626000000000000227e+02
4.649900000000000091e+02
4.672300000000000182e+02
4.717699999999999818e+02
5.136200000000000045e+02
5.611599999999999682e+02
5.661499999999999773e+02
6.138999999999999773e+02
6.174700000000000273e+02
6.644099999999999682e+02
7.114199999999999591e+02
7.138600000000000136e+02
7.168000000000000682e+02
7.198200000000000500e+02
7.672899999999999636e+02
8.130299999999999727e+02
8.174900000000000091e+02
8.674700000000000273e+02
9.170099999999999909e+02
9.611399999999999864e+02
9.635700000000000500e+02
1.164099999999999966e+02
2.116700000000000159e+02
2.142800000000000011e+02
3.132300000000000182e+02
3.154399999999999977e+02
4.160099999999999909e+02
4.651800000000000068e+02
4.675300000000000296e+02
5.617200000000000273e+02
5.663700000000000045e+02
6.176200000000000045e+02
7.115600000000000591e+02
7.140000000000000000e+02
8.131200000000000045e+02
8.676299999999999955e+02
9.175800000000000409e+02
9.612400000000000091e+02
4.164700000000000273e+02
