5.759999999999999787e+00
1.649000000000000199e+01
2.535999999999999943e+01
3.542000000000000171e+01
4.480000000000000426e+01
5.571999999999999886e+01
6.562999999999999545e+01
7.514000000000000057e+01
8.518999999999999773e+01
8.750000000000000000e+01
9.476000000000000512e+01
1.058200000000000074e+02
1.146000000000000085e+02
1.241500000000000057e+02
1.262400000000000091e+02
1.349799999999999898e+02
1.444200000000000159e+02
1.539300000000000068e+02
1.742199999999999989e+02
1.842000000000000171e+02
1.862800000000000011e+02
1.940900000000000034e+02
2.041299999999999955e+02
2.144699999999999989e+02
2.245200000000000102e+02
2.340000000000000000e+02
2.455800000000000125e+02
2.557700000000000102e+02
2.637099999999999795e+02
2.735699999999999932e+02
2.838500000000000227e+02
2.934900000000000091e+02
2.956000000000000227e+02
3.023500000000000227e+02
3.045199999999999818e+02
3.137300000000000182e+02
3.235600000000000023e+02
3.335300000000000296e+02
3.438899999999999864e+02
3.532300000000000182e+02
3.552800000000000296e+02
3.632699999999999818e+02
3.827300000000000182e+02
3.848700000000000045e+02
3.933299999999999841e+02
4.028000000000000114e+02
4.126899999999999977e+02
4.250500000000000114e+02
4.324499999999999886e+02
4.345500000000000114e+02
4.427800000000000296e+02
4.526700000000000159e+02
4.629900000000000091e+02
4.716700000000000159e+02
4.739900000000000091e+02
4.842500000000000000e+02
4.925500000000000114e+02
4.946100000000000136e+02
5.116399999999999864e+02
5.137799999999999727e+02
5.223600000000000136e+02
5.323899999999999864e+02
5.427300000000000182e+02
5.516000000000000227e+02
5.731399999999999864e+02
5.814500000000000455e+02
5.842300000000000182e+02
5.918000000000000682e+02
6.031000000000000227e+02
6.112400000000000091e+02
6.132799999999999727e+02
6.213999999999999773e+02
6.331299999999999955e+02
6.508000000000000682e+02
6.535700000000000500e+02
6.711299999999999955e+02
6.913500000000000227e+02
6.994900000000000091e+02
7.028500000000000227e+02
7.103999999999999773e+02
7.315000000000000000e+02
7.337000000000000455e+02
7.414600000000000364e+02
7.603899999999999864e+02
7.698300000000000409e+02
7.733300000000000409e+02
7.803500000000000227e+02
7.907000000000000455e+02
8.021499999999999773e+02
8.088999999999999773e+02
8.125000000000000000e+02
8.209099999999999682e+02
8.294500000000000455e+02
8.327300000000000182e+02
8.401000000000000227e+02
8.425900000000000318e+02
8.506599999999999682e+02
8.609800000000000182e+02
8.709900000000000091e+02
8.792300000000000182e+02
8.814200000000000728e+02
8.891399999999999864e+02
8.999500000000000455e+02
9.091200000000000045e+02
9.184700000000000273e+02
9.206599999999999682e+02
9.322799999999999727e+02
9.416800000000000637e+02
9.483700000000000045e+02
9.581399999999999864e+02
9.612100000000000364e+02
9.677500000000000000e+02
9.698700000000000045e+02
9.887900000000000773e+02
9.985000000000000000e+02
6.589999999999999858e+00
1.501999999999999957e+01
2.699000000000000199e+01
5.484000000000000341e+01
6.548999999999999488e+01
1.060600000000000023e+02
1.153900000000000006e+02
1.446700000000000159e+02
1.637800000000000011e+02
2.152300000000000182e+02
2.428100000000000023e+02
2.532899999999999920e+02
2.648000000000000114e+02
3.133799999999999955e+02
3.228899999999999864e+02
3.434399999999999977e+02
3.636000000000000227e+02
3.727200000000000273e+02
3.831299999999999955e+02
3.916999999999999886e+02
4.017699999999999818e+02
4.116500000000000341e+02
4.822200000000000273e+02
5.004200000000000159e+02
5.106700000000000159e+02
5.209800000000000182e+02
5.615000000000000000e+02
5.888400000000000318e+02
6.007500000000000000e+02
6.195500000000000682e+02
6.300199999999999818e+02
6.382500000000000000e+02
6.497300000000000182e+02
6.594600000000000364e+02
6.707100000000000364e+02
6.880299999999999727e+02
6.984099999999999682e+02
7.088200000000000500e+02
7.289700000000000273e+02
7.780000000000000000e+02
8.095700000000000500e+02
8.189600000000000364e+02
8.265500000000000682e+02
8.667200000000000273e+02
8.890199999999999818e+02
8.947400000000000091e+02
9.272200000000000273e+02
9.665099999999999909e+02
9.875500000000000682e+02
9.592000000000000171e+01
3.525199999999999818e+02
3.609399999999999977e+02
8.640299999999999727e+02
2.566000000000000014e+01
1.167699999999999960e+02
2.586100000000000136e+02
2.874100000000000250e+02
3.109900000000000091e+02
3.293700000000000045e+02
3.383700000000000045e+02
4.104200000000000159e+02
4.496800000000000068e+02
4.605699999999999932e+02
5.309500000000000455e+02
5.417799999999999727e+02
5.504600000000000364e+02
5.596399999999999864e+02
5.713200000000000500e+02
6.015800000000000409e+02
6.218200000000000500e+02
6.331100000000000136e+02
6.513899999999999864e+02
6.717500000000000000e+02
6.931000000000000227e+02
7.006499999999999773e+02
7.411499999999999773e+02
7.525099999999999909e+02
7.627300000000000182e+02
7.835299999999999727e+02
9.528700000000000045e+02
9.861299999999999955e+02
6.570000000000000284e+00
1.584999999999999964e+01
2.592999999999999972e+01
3.503000000000000114e+01
4.575999999999999801e+01
5.707999999999999829e+01
6.607000000000000739e+01
8.490999999999999659e+01
9.665000000000000568e+01
1.058400000000000034e+02
1.262600000000000051e+02
1.364600000000000080e+02
1.461400000000000148e+02
1.482599999999999909e+02
1.572500000000000000e+02
1.768600000000000136e+02
1.875099999999999909e+02
2.072800000000000011e+02
2.171299999999999955e+02
2.267000000000000171e+02
2.364800000000000182e+02
2.464699999999999989e+02
2.568999999999999773e+02
2.671800000000000068e+02
2.776700000000000159e+02
2.878100000000000023e+02
2.972599999999999909e+02
3.273400000000000318e+02
3.294599999999999795e+02
3.366399999999999864e+02
3.483299999999999841e+02
3.575400000000000205e+02
3.675400000000000205e+02
3.769599999999999795e+02
4.082699999999999818e+02
4.171999999999999886e+02
4.192900000000000205e+02
4.276600000000000250e+02
4.470099999999999909e+02
4.490900000000000318e+02
4.579100000000000250e+02
4.681500000000000341e+02
4.777900000000000205e+02
4.886999999999999886e+02
5.082200000000000273e+02
5.192500000000000000e+02
5.372100000000000364e+02
5.491599999999999682e+02
5.579300000000000637e+02
5.687100000000000364e+02
5.707599999999999909e+02
5.795500000000000682e+02
5.889900000000000091e+02
5.984300000000000637e+02
6.189800000000000182e+02
6.287699999999999818e+02
6.388300000000000409e+02
6.410099999999999909e+02
6.573500000000000227e+02
6.605000000000000000e+02
6.701499999999999773e+02
6.778799999999999955e+02
6.799600000000000364e+02
6.890299999999999727e+02
6.982200000000000273e+02
7.091399999999999864e+02
7.116900000000000546e+02
7.197000000000000455e+02
7.295600000000000591e+02
7.393500000000000227e+02
7.498500000000000227e+02
7.606200000000000045e+02
7.720099999999999909e+02
7.790600000000000591e+02
7.891200000000000045e+02
7.986399999999999864e+02
8.015199999999999818e+02
8.105399999999999636e+02
8.192899999999999636e+02
8.222000000000000455e+02
8.298300000000000409e+02
8.395299999999999727e+02
8.416100000000000136e+02
8.497200000000000273e+02
8.702400000000000091e+02
8.793200000000000500e+02
8.897000000000000455e+02
8.917899999999999636e+02
9.114099999999999682e+02
9.203000000000000682e+02
9.299400000000000546e+02
9.328999999999999773e+02
9.400399999999999636e+02
9.433600000000000136e+02
9.599800000000000182e+02
9.695900000000000318e+02
9.804600000000000364e+02
9.829300000000000637e+02
9.899900000000000091e+02
5.209999999999999964e+00
7.290000000000000036e+00
1.564000000000000057e+01
2.523000000000000043e+01
2.748000000000000043e+01
3.552000000000000313e+01
3.775000000000000000e+01
4.585000000000000142e+01
5.499000000000000199e+01
5.706000000000000227e+01
6.560999999999999943e+01
7.515999999999999659e+01
8.593999999999999773e+01
9.596000000000000796e+01
1.050499999999999972e+02
1.072199999999999989e+02
1.160600000000000023e+02
1.257500000000000000e+02
1.351800000000000068e+02
1.458799999999999955e+02
1.553900000000000148e+02
1.581100000000000136e+02
1.654300000000000068e+02
1.752800000000000011e+02
1.857800000000000011e+02
1.952700000000000102e+02
2.060200000000000102e+02
2.156599999999999966e+02
2.270500000000000114e+02
2.360399999999999920e+02
2.453000000000000114e+02
2.557700000000000102e+02
2.579200000000000159e+02
2.652400000000000091e+02
2.753700000000000045e+02
2.858299999999999841e+02
2.962099999999999795e+02
3.059300000000000068e+02
3.157099999999999795e+02
3.272699999999999818e+02
3.356899999999999977e+02
3.382099999999999795e+02
3.450799999999999841e+02
3.471899999999999977e+02
3.564700000000000273e+02
3.647800000000000296e+02
3.668799999999999955e+02
3.767699999999999818e+02
3.857699999999999818e+02
3.966800000000000068e+02
4.059200000000000159e+02
4.084900000000000091e+02
4.155600000000000023e+02
4.258400000000000318e+02
4.279600000000000364e+02
4.355699999999999932e+02
4.392599999999999909e+02
4.470000000000000000e+02
4.559600000000000364e+02
4.581000000000000227e+02
4.649000000000000341e+02
4.677300000000000182e+02
4.753500000000000227e+02
4.776399999999999864e+02
4.866200000000000045e+02
4.963400000000000318e+02
5.058299999999999841e+02
5.161699999999999591e+02
5.249199999999999591e+02
5.269700000000000273e+02
5.375199999999999818e+02
5.466100000000000136e+02
5.558000000000000682e+02
5.658999999999999773e+02
5.776100000000000136e+02
5.860199999999999818e+02
5.881299999999999955e+02
5.965900000000000318e+02
6.064300000000000637e+02
6.153799999999999955e+02
6.174199999999999591e+02
6.352400000000000091e+02
6.373200000000000500e+02
6.458600000000000136e+02
6.553300000000000409e+02
6.662000000000000455e+02
6.692500000000000000e+02
6.765399999999999636e+02
6.856800000000000637e+02
6.958600000000000136e+02
7.061200000000000045e+02
7.093999999999999773e+02
7.166100000000000136e+02
7.259099999999999682e+02
7.356200000000000045e+02
7.452100000000000364e+02
7.476399999999999864e+02
7.572500000000000000e+02
7.656100000000000136e+02
7.676499999999999773e+02
7.768999999999999773e+02
7.790000000000000000e+02
7.861599999999999682e+02
7.882699999999999818e+02
7.961700000000000728e+02
8.064099999999999682e+02
8.169700000000000273e+02
8.252200000000000273e+02
8.275000000000000000e+02
8.365700000000000500e+02
8.460099999999999909e+02
8.567400000000000091e+02
8.676700000000000728e+02
8.761700000000000728e+02
8.788899999999999864e+02
8.877200000000000273e+02
8.966200000000000045e+02
9.064600000000000364e+02
9.166599999999999682e+02
9.272699999999999818e+02
9.369300000000000637e+02
9.390199999999999818e+02
9.475299999999999727e+02
9.560900000000000318e+02
9.660800000000000409e+02
9.683999999999999773e+02
9.758100000000000591e+02
9.781499999999999773e+02
9.865299999999999727e+02
9.967699999999999818e+02
6.140000000000000568e+00
1.510999999999999943e+01
2.482000000000000028e+01
2.708000000000000185e+01
3.557999999999999829e+01
4.546000000000000085e+01
5.492999999999999972e+01
5.702000000000000313e+01
6.601000000000000512e+01
7.448000000000000398e+01
8.579999999999999716e+01
9.498000000000000398e+01
1.048900000000000006e+02
1.145100000000000051e+02
1.166500000000000057e+02
1.253500000000000085e+02
1.349200000000000159e+02
1.442899999999999920e+02
1.463700000000000045e+02
1.555999999999999943e+02
1.667199999999999989e+02
1.750600000000000023e+02
1.849900000000000091e+02
1.948199999999999932e+02
1.971500000000000057e+02
2.049399999999999977e+02
2.147000000000000171e+02
2.253100000000000023e+02
2.348300000000000125e+02
2.441599999999999966e+02
2.462400000000000091e+02
2.550500000000000114e+02
2.644499999999999886e+02
2.747400000000000091e+02
2.841100000000000136e+02
2.944000000000000341e+02
2.965099999999999909e+02
3.045400000000000205e+02
3.067800000000000296e+02
3.144900000000000091e+02
3.243500000000000227e+02
3.346700000000000159e+02
3.444700000000000273e+02
3.465699999999999932e+02
3.542800000000000296e+02
3.563600000000000136e+02
3.645600000000000023e+02
3.738700000000000045e+02
3.841600000000000250e+02
3.937300000000000182e+02
3.963700000000000045e+02
4.041999999999999886e+02
4.134399999999999977e+02
4.154900000000000091e+02
4.238100000000000023e+02
4.259800000000000182e+02
4.343400000000000318e+02
4.365099999999999909e+02
4.447599999999999909e+02
4.535600000000000023e+02
4.562900000000000205e+02
4.646399999999999864e+02
4.667300000000000182e+02
4.747500000000000000e+02
4.834600000000000364e+02
4.946100000000000136e+02
5.037700000000000387e+02
5.141399999999999864e+02
5.162699999999999818e+02
5.237699999999999818e+02
5.258400000000000318e+02
5.334800000000000182e+02
5.445600000000000591e+02
5.534199999999999591e+02
5.641599999999999682e+02
5.742300000000000182e+02
5.840199999999999818e+02
5.946699999999999591e+02
6.034500000000000455e+02
6.133000000000000682e+02
6.236599999999999682e+02
6.257100000000000364e+02
6.331399999999999864e+02
6.352400000000000091e+02
6.430000000000000000e+02
6.451000000000000227e+02
6.535600000000000591e+02
6.556699999999999591e+02
6.633300000000000409e+02
6.726299999999999955e+02
6.756000000000000227e+02
6.837300000000000182e+02
6.858500000000000227e+02
6.928100000000000591e+02
6.949300000000000637e+02
7.038799999999999955e+02
7.132899999999999636e+02
7.153799999999999955e+02
7.231499999999999773e+02
7.252699999999999818e+02
7.355099999999999909e+02
7.432000000000000455e+02
7.531499999999999773e+02
7.552400000000000091e+02
7.641800000000000637e+02
7.728600000000000136e+02
7.829200000000000728e+02
7.850000000000000000e+02
7.919500000000000455e+02
7.943600000000000136e+02
8.027899999999999636e+02
8.055500000000000682e+02
8.129400000000000546e+02
8.149900000000000091e+02
8.224600000000000364e+02
8.245700000000000500e+02
8.329300000000000637e+02
8.349700000000000273e+02
8.435199999999999818e+02
8.529500000000000455e+02
8.550600000000000591e+02
8.646100000000000136e+02
8.733400000000000318e+02
8.834500000000000455e+02
8.859900000000000091e+02
8.926499999999999773e+02
8.952599999999999909e+02
9.048600000000000136e+02
9.119800000000000182e+02
9.140299999999999727e+02
9.220000000000000000e+02
9.243400000000000318e+02
9.323000000000000682e+02
9.345399999999999636e+02
9.425700000000000500e+02
9.446599999999999682e+02
9.515399999999999636e+02
9.535900000000000318e+02
9.621800000000000637e+02
9.649500000000000455e+02
9.739700000000000273e+02
9.832900000000000773e+02
9.917000000000000455e+02
9.938999999999999773e+02
