3.640000000000000124e+00
3.689999999999999947e+00
3.890000000000000124e+00
4.410000000000000142e+00
4.490000000000000213e+00
5.730000000000000426e+00
5.969999999999999751e+00
6.270000000000000462e+00
6.520000000000000462e+00
6.600000000000000533e+00
6.640000000000000568e+00
7.919999999999999929e+00
8.120000000000000995e+00
8.740000000000000213e+00
2.033000000000000185e+01
2.076000000000000156e+01
2.076999999999999957e+01
2.103999999999999915e+01
2.117000000000000171e+01
2.169999999999999929e+01
2.191000000000000014e+01
2.244000000000000128e+01
2.280999999999999872e+01
2.282000000000000028e+01
2.314000000000000057e+01
2.366000000000000014e+01
2.400000000000000000e+01
2.451999999999999957e+01
2.481000000000000227e+01
2.490000000000000213e+01
2.496999999999999886e+01
3.680000000000000426e+01
3.689000000000000057e+01
3.756000000000000227e+01
3.781000000000000227e+01
3.806000000000000227e+01
3.827000000000000313e+01
3.896000000000000085e+01
3.900000000000000000e+01
3.963000000000000256e+01
3.988000000000000256e+01
4.093999999999999773e+01
4.107000000000000028e+01
4.110000000000000142e+01
4.182000000000000028e+01
4.192000000000000171e+01
4.193999999999999773e+01
5.316000000000000369e+01
5.371000000000000085e+01
5.430000000000000426e+01
5.448000000000000398e+01
5.524000000000000199e+01
5.530000000000000426e+01
5.578000000000000114e+01
5.609000000000000341e+01
5.650000000000000000e+01
5.659000000000000341e+01
5.707999999999999829e+01
5.759000000000000341e+01
5.785999999999999943e+01
5.859000000000000341e+01
7.029000000000000625e+01
7.048999999999999488e+01
7.051000000000000512e+01
7.087000000000000455e+01
7.196000000000000796e+01
7.235000000000000853e+01
7.254999999999999716e+01
7.262999999999999545e+01
7.293999999999999773e+01
7.379999999999999716e+01
7.407999999999999829e+01
7.467000000000000171e+01
7.475000000000000000e+01
7.500000000000000000e+01
8.662000000000000455e+01
8.754999999999999716e+01
8.768999999999999773e+01
8.796999999999999886e+01
8.825000000000000000e+01
8.840000000000000568e+01
8.870000000000000284e+01
8.965999999999999659e+01
9.010000000000000853e+01
9.037000000000000455e+01
9.053000000000000114e+01
9.068000000000000682e+01
9.079999999999999716e+01
9.198999999999999488e+01
1.032999999999999972e+02
1.034000000000000057e+02
1.035100000000000051e+02
1.036599999999999966e+02
1.049900000000000091e+02
1.053599999999999994e+02
1.056000000000000085e+02
1.057199999999999989e+02
1.061700000000000017e+02
1.068799999999999955e+02
1.071099999999999994e+02
1.074099999999999966e+02
1.076700000000000017e+02
1.082600000000000051e+02
1.198200000000000074e+02
1.203599999999999994e+02
1.204099999999999966e+02
1.207400000000000091e+02
1.218100000000000023e+02
1.219500000000000028e+02
1.224000000000000057e+02
1.225300000000000011e+02
1.228299999999999983e+02
1.234399999999999977e+02
1.244900000000000091e+02
1.247600000000000051e+02
1.249699999999999989e+02
1.255700000000000074e+02
1.258599999999999994e+02
1.358700000000000045e+02
1.364099999999999966e+02
1.368499999999999943e+02
1.373100000000000023e+02
1.374000000000000057e+02
1.376899999999999977e+02
1.381200000000000045e+02
1.385099999999999909e+02
1.389399999999999977e+02
1.394799999999999898e+02
1.397500000000000000e+02
1.405699999999999932e+02
1.410200000000000102e+02
1.415399999999999920e+02
1.432400000000000091e+02
1.433100000000000023e+02
1.537299999999999898e+02
1.538600000000000136e+02
1.539300000000000068e+02
1.550699999999999932e+02
1.556200000000000045e+02
1.557800000000000011e+02
1.559300000000000068e+02
1.561700000000000159e+02
1.571700000000000159e+02
1.578400000000000034e+02
1.579799999999999898e+02
1.583600000000000136e+02
1.593400000000000034e+02
1.693199999999999932e+02
1.697199999999999989e+02
1.698799999999999955e+02
1.700099999999999909e+02
1.705900000000000034e+02
1.718499999999999943e+02
1.720600000000000023e+02
1.721200000000000045e+02
1.727599999999999909e+02
1.729200000000000159e+02
1.729900000000000091e+02
1.738700000000000045e+02
1.739300000000000068e+02
1.743199999999999932e+02
1.743499999999999943e+02
1.748100000000000023e+02
1.760999999999999943e+02
1.857599999999999909e+02
1.860600000000000023e+02
1.864099999999999966e+02
1.868100000000000023e+02
1.879399999999999977e+02
1.881200000000000045e+02
1.881800000000000068e+02
1.885800000000000125e+02
1.888799999999999955e+02
1.893000000000000114e+02
1.902100000000000080e+02
1.902599999999999909e+02
1.909300000000000068e+02
1.923799999999999955e+02
1.928600000000000136e+02
2.026800000000000068e+02
2.027400000000000091e+02
2.034200000000000159e+02
2.047000000000000171e+02
2.047300000000000182e+02
2.049300000000000068e+02
2.049300000000000068e+02
2.055399999999999920e+02
2.059000000000000057e+02
2.067899999999999920e+02
2.069399999999999977e+02
2.069800000000000182e+02
2.071200000000000045e+02
2.076200000000000045e+02
2.082700000000000102e+02
2.094200000000000159e+02
2.194399999999999977e+02
2.194900000000000091e+02
2.202400000000000091e+02
2.215699999999999932e+02
2.215699999999999932e+02
2.223499999999999943e+02
2.225300000000000011e+02
2.227000000000000171e+02
2.236500000000000057e+02
2.237700000000000102e+02
2.244000000000000057e+02
2.253900000000000148e+02
2.257100000000000080e+02
2.265200000000000102e+02
2.364000000000000057e+02
2.366700000000000159e+02
2.368199999999999932e+02
2.371599999999999966e+02
2.376200000000000045e+02
2.386299999999999955e+02
2.387500000000000000e+02
2.390800000000000125e+02
2.392599999999999909e+02
2.397199999999999989e+02
2.404099999999999966e+02
2.408100000000000023e+02
2.413499999999999943e+02
2.418000000000000114e+02
2.428400000000000034e+02
2.440000000000000000e+02
2.524800000000000182e+02
2.532100000000000080e+02
2.532700000000000102e+02
2.541599999999999966e+02
2.548799999999999955e+02
2.551200000000000045e+02
2.553300000000000125e+02
2.557500000000000000e+02
2.562099999999999795e+02
2.575000000000000000e+02
2.578400000000000318e+02
2.580099999999999909e+02
2.586100000000000136e+02
2.599399999999999977e+02
2.602699999999999818e+02
2.682699999999999818e+02
2.695799999999999841e+02
2.702400000000000091e+02
2.703799999999999955e+02
2.707300000000000182e+02
2.716200000000000045e+02
2.716499999999999773e+02
2.725000000000000000e+02
2.728700000000000045e+02
2.736899999999999977e+02
2.737599999999999909e+02
2.739399999999999977e+02
2.750000000000000000e+02
2.753899999999999864e+02
2.757699999999999818e+02
2.767200000000000273e+02
2.856700000000000159e+02
2.860500000000000114e+02
2.865900000000000318e+02
2.866399999999999864e+02
2.881600000000000250e+02
2.886899999999999977e+02
2.886999999999999886e+02
2.888100000000000023e+02
2.905000000000000000e+02
2.907599999999999909e+02
2.908899999999999864e+02
2.911999999999999886e+02
2.919000000000000341e+02
2.926200000000000045e+02
3.019599999999999795e+02
3.021000000000000227e+02
3.022200000000000273e+02
3.037400000000000091e+02
3.040699999999999932e+02
3.043600000000000136e+02
3.047300000000000182e+02
3.058000000000000114e+02
3.060300000000000296e+02
3.064599999999999795e+02
3.065400000000000205e+02
3.068299999999999841e+02
3.078700000000000045e+02
3.085099999999999909e+02
3.089700000000000273e+02
3.185300000000000296e+02
3.187599999999999909e+02
3.199000000000000341e+02
3.203000000000000114e+02
3.208600000000000136e+02
3.210500000000000114e+02
3.224300000000000068e+02
3.224599999999999795e+02
3.229200000000000159e+02
3.245600000000000023e+02
3.246100000000000136e+02
3.251700000000000159e+02
3.255199999999999818e+02
3.258199999999999932e+02
3.266999999999999886e+02
3.278100000000000023e+02
3.343299999999999841e+02
3.350199999999999818e+02
3.361600000000000250e+02
3.366200000000000045e+02
3.367300000000000182e+02
3.375000000000000000e+02
3.383700000000000045e+02
3.388100000000000023e+02
3.388199999999999932e+02
3.393199999999999932e+02
3.399599999999999795e+02
3.405799999999999841e+02
3.408500000000000227e+02
3.414000000000000341e+02
3.420600000000000023e+02
3.435099999999999909e+02
3.442599999999999909e+02
3.510199999999999818e+02
3.521299999999999955e+02
3.524700000000000273e+02
3.531200000000000045e+02
3.541600000000000250e+02
3.544700000000000273e+02
3.554800000000000182e+02
3.560900000000000318e+02
3.562200000000000273e+02
3.565400000000000205e+02
3.578400000000000318e+02
3.581999999999999886e+02
3.586999999999999886e+02
3.599200000000000159e+02
3.608500000000000227e+02
3.679100000000000250e+02
3.689900000000000091e+02
3.699800000000000182e+02
3.706600000000000250e+02
3.707099999999999795e+02
3.710799999999999841e+02
3.714499999999999886e+02
3.726999999999999886e+02
3.727400000000000091e+02
3.731700000000000159e+02
3.734900000000000091e+02
3.735400000000000205e+02
3.747599999999999909e+02
3.756299999999999955e+02
3.757800000000000296e+02
3.833500000000000227e+02
3.843600000000000136e+02
3.848500000000000227e+02
3.859200000000000159e+02
3.869800000000000182e+02
3.873600000000000136e+02
3.880400000000000205e+02
3.892699999999999818e+02
3.894200000000000159e+02
3.896000000000000227e+02
3.901100000000000136e+02
3.913700000000000045e+02
3.915400000000000205e+02
3.915699999999999932e+02
3.934700000000000273e+02
3.942400000000000091e+02
3.999800000000000182e+02
4.007699999999999818e+02
4.019800000000000182e+02
4.029100000000000250e+02
4.036299999999999955e+02
4.040699999999999932e+02
4.050500000000000114e+02
4.056999999999999886e+02
4.058899999999999864e+02
4.061299999999999955e+02
4.077599999999999909e+02
4.079600000000000364e+02
4.089200000000000159e+02
4.100300000000000296e+02
4.111500000000000341e+02
4.184600000000000364e+02
4.184900000000000091e+02
4.191999999999999886e+02
4.203700000000000045e+02
4.205799999999999841e+02
4.212500000000000000e+02
4.224399999999999977e+02
4.224800000000000182e+02
4.233199999999999932e+02
4.241500000000000341e+02
4.245199999999999818e+02
4.246000000000000227e+02
4.262900000000000205e+02
4.267300000000000182e+02
4.349800000000000182e+02
4.351399999999999864e+02
4.362400000000000091e+02
4.373700000000000045e+02
4.376399999999999864e+02
4.382900000000000205e+02
4.392800000000000296e+02
4.396899999999999977e+02
4.396999999999999886e+02
4.404499999999999886e+02
4.406800000000000068e+02
4.413500000000000227e+02
4.417599999999999909e+02
4.427599999999999909e+02
4.434499999999999886e+02
4.455799999999999841e+02
4.502599999999999909e+02
4.517800000000000296e+02
4.530000000000000000e+02
4.532200000000000273e+02
4.538899999999999864e+02
4.551999999999999886e+02
4.552900000000000205e+02
4.559600000000000364e+02
4.572599999999999909e+02
4.573799999999999955e+02
4.593100000000000023e+02
4.600300000000000296e+02
4.631700000000000159e+02
4.663199999999999932e+02
4.689600000000000364e+02
4.690199999999999818e+02
4.692300000000000182e+02
4.702300000000000182e+02
4.710500000000000114e+02
4.713600000000000136e+02
4.723400000000000318e+02
4.728400000000000318e+02
4.731200000000000045e+02
4.744000000000000341e+02
4.749399999999999977e+02
4.762900000000000205e+02
4.770500000000000114e+02
4.839499999999999886e+02
4.860199999999999818e+02
4.868500000000000227e+02
4.869100000000000250e+02
4.869700000000000273e+02
4.880799999999999841e+02
4.890400000000000205e+02
4.891000000000000227e+02
4.901800000000000068e+02
4.911200000000000045e+02
4.911700000000000159e+02
4.912300000000000182e+02
4.934600000000000364e+02
4.952300000000000182e+02
4.959100000000000250e+02
5.001399999999999864e+02
5.001399999999999864e+02
5.012599999999999909e+02
5.022800000000000296e+02
5.032700000000000387e+02
5.033100000000000023e+02
5.053799999999999955e+02
5.054000000000000341e+02
5.056800000000000068e+02
5.075500000000000114e+02
5.075600000000000023e+02
5.078400000000000318e+02
5.083500000000000227e+02
5.097599999999999909e+02
5.099100000000000250e+02
5.106800000000000068e+02
5.161200000000000045e+02
5.167999999999999545e+02
5.189600000000000364e+02
5.191200000000000045e+02
5.206699999999999591e+02
5.210800000000000409e+02
5.214600000000000364e+02
5.227899999999999636e+02
5.231100000000000136e+02
5.231499999999999773e+02
5.250099999999999909e+02
5.251100000000000136e+02
5.251900000000000546e+02
5.274099999999999682e+02
5.282500000000000000e+02
5.341900000000000546e+02
5.352300000000000182e+02
5.362699999999999818e+02
5.371900000000000546e+02
5.373200000000000500e+02
5.387999999999999545e+02
5.392500000000000000e+02
5.395900000000000318e+02
5.396900000000000546e+02
5.413100000000000591e+02
5.417799999999999727e+02
5.430900000000000318e+02
5.438700000000000045e+02
5.452699999999999818e+02
5.489199999999999591e+02
5.504800000000000182e+02
5.525199999999999818e+02
5.527100000000000364e+02
5.542799999999999727e+02
5.547100000000000364e+02
5.561699999999999591e+02
5.563799999999999955e+02
5.567799999999999727e+02
5.583100000000000591e+02
5.584700000000000273e+02
5.597899999999999636e+02
5.604900000000000091e+02
5.620900000000000318e+02
5.668300000000000409e+02
5.681100000000000136e+02
5.682699999999999818e+02
5.689700000000000273e+02
5.704600000000000364e+02
5.710900000000000318e+02
5.711200000000000045e+02
5.725500000000000682e+02
5.729600000000000364e+02
5.732300000000000182e+02
5.750600000000000591e+02
5.762500000000000000e+02
5.772000000000000455e+02
5.786599999999999682e+02
5.820399999999999636e+02
5.829099999999999682e+02
5.850000000000000000e+02
5.851599999999999682e+02
5.872400000000000091e+02
5.875199999999999818e+02
5.877300000000000182e+02
5.893000000000000682e+02
5.894400000000000546e+02
5.899900000000000091e+02
5.916900000000000546e+02
5.920700000000000500e+02
5.937699999999999818e+02
5.940299999999999727e+02
5.962599999999999909e+02
5.992799999999999727e+02
6.013899999999999864e+02
6.023500000000000227e+02
6.035800000000000409e+02
6.044199999999999591e+02
6.048500000000000227e+02
6.065000000000000000e+02
6.066000000000000227e+02
6.069099999999999682e+02
6.087100000000000364e+02
6.090099999999999909e+02
6.105000000000000000e+02
6.108300000000000409e+02
6.151100000000000136e+02
6.167799999999999727e+02
6.175199999999999818e+02
6.179199999999999591e+02
6.188600000000000136e+02
6.199700000000000273e+02
6.210099999999999909e+02
6.221699999999999591e+02
6.230900000000000318e+02
6.232100000000000364e+02
6.252500000000000000e+02
6.252599999999999909e+02
6.253899999999999864e+02
6.275000000000000000e+02
6.276100000000000136e+02
6.296800000000000637e+02
6.321200000000000045e+02
6.327200000000000273e+02
6.344600000000000364e+02
6.348600000000000136e+02
6.366000000000000227e+02
6.369600000000000364e+02
6.386800000000000637e+02
6.390500000000000682e+02
6.401299999999999955e+02
6.412100000000000364e+02
6.422400000000000091e+02
6.423000000000000682e+02
6.445000000000000000e+02
6.473899999999999864e+02
6.496100000000000136e+02
6.499800000000000182e+02
6.511499999999999773e+02
6.520900000000000318e+02
6.532400000000000091e+02
6.541699999999999591e+02
6.553200000000000500e+02
6.562200000000000273e+02
6.566000000000000227e+02
6.582899999999999636e+02
6.586699999999999591e+02
6.608600000000000136e+02
6.608799999999999955e+02
6.635500000000000682e+02
6.643799999999999955e+02
6.647599999999999909e+02
6.657599999999999909e+02
6.675399999999999636e+02
6.678300000000000409e+02
6.697100000000000364e+02
6.701499999999999773e+02
6.717599999999999909e+02
6.722599999999999909e+02
6.729199999999999591e+02
6.743300000000000409e+02
6.750099999999999909e+02
6.767000000000000455e+02
6.771299999999999955e+02
6.832400000000000091e+02
6.839800000000000182e+02
6.860800000000000409e+02
6.861800000000000637e+02
6.875600000000000591e+02
6.881800000000000637e+02
6.885099999999999909e+02
6.901399999999999864e+02
6.907100000000000364e+02
6.922599999999999909e+02
6.932300000000000182e+02
6.941599999999999682e+02
6.947899999999999636e+02
6.962500000000000000e+02
6.964700000000000273e+02
6.973000000000000682e+02
6.988100000000000591e+02
6.992699999999999818e+02
6.994600000000000364e+02
7.011100000000000136e+02
7.014099999999999682e+02
7.031699999999999591e+02
7.036900000000000546e+02
7.039700000000000273e+02
7.052500000000000000e+02
7.060099999999999909e+02
7.073999999999999773e+02
7.081000000000000227e+02
7.095000000000000000e+02
7.100700000000000500e+02
7.116200000000000045e+02
7.124099999999999682e+02
7.135000000000000000e+02
7.150500000000000682e+02
7.156399999999999864e+02
7.177699999999999818e+02
7.180299999999999727e+02
7.197599999999999909e+02
7.201100000000000136e+02
7.220800000000000409e+02
7.222899999999999636e+02
7.229900000000000091e+02
7.241299999999999955e+02
7.251399999999999864e+02
7.272300000000000182e+02
7.272899999999999636e+02
7.294500000000000455e+02
7.323300000000000409e+02
7.338899999999999864e+02
7.344300000000000637e+02
7.360199999999999818e+02
7.365500000000000682e+02
7.371000000000000227e+02
7.380800000000000409e+02
7.392200000000000273e+02
7.402599999999999909e+02
7.413200000000000500e+02
7.423899999999999864e+02
7.438400000000000318e+02
7.444900000000000091e+02
7.460800000000000409e+02
7.466599999999999682e+02
7.497300000000000182e+02
7.504900000000000091e+02
7.518500000000000227e+02
7.525900000000000318e+02
7.540500000000000682e+02
7.547200000000000273e+02
7.561299999999999955e+02
7.574700000000000273e+02
7.585900000000000318e+02
7.597200000000000273e+02
7.610700000000000500e+02
7.632799999999999727e+02
7.650399999999999636e+02
7.662100000000000364e+02
7.671200000000000045e+02
7.676000000000000227e+02
7.692500000000000000e+02
7.697400000000000091e+02
7.705000000000000000e+02
7.718400000000000318e+02
7.725600000000000591e+02
7.744200000000000728e+02
7.746700000000000728e+02
7.766100000000000136e+02
7.768100000000000591e+02
7.795000000000000000e+02
7.800600000000000591e+02
7.813400000000000318e+02
7.823799999999999955e+02
7.836800000000000637e+02
7.839300000000000637e+02
7.858600000000000136e+02
7.859700000000000273e+02
7.876399999999999864e+02
7.880600000000000591e+02
7.893899999999999864e+02
7.897000000000000455e+02
7.915000000000000000e+02
7.917599999999999909e+02
7.937000000000000455e+02
7.937000000000000455e+02
7.965500000000000682e+02
7.982400000000000091e+02
8.003400000000000318e+02
8.010900000000000318e+02
8.024500000000000455e+02
8.031399999999999864e+02
8.037300000000000182e+02
8.052799999999999727e+02
8.057699999999999818e+02
8.069400000000000546e+02
8.078600000000000136e+02
8.091000000000000227e+02
8.104099999999999682e+02
8.111499999999999773e+02
8.114900000000000091e+02
8.127300000000000182e+02
8.139200000000000728e+02
8.151399999999999864e+02
8.181499999999999773e+02
8.183000000000000682e+02
8.204600000000000364e+02
8.205700000000000500e+02
8.226399999999999864e+02
8.227899999999999636e+02
8.242200000000000273e+02
8.247300000000000182e+02
8.263100000000000591e+02
8.284600000000000364e+02
8.285700000000000500e+02
8.295199999999999818e+02
8.311700000000000728e+02
8.316800000000000637e+02
8.334900000000000091e+02
8.338400000000000318e+02
8.355399999999999636e+02
8.364900000000000091e+02
8.376299999999999955e+02
8.385399999999999636e+02
8.398400000000000318e+02
8.406000000000000227e+02
8.412300000000000182e+02
8.433799999999999955e+02
8.445299999999999727e+02
8.460500000000000682e+02
8.470800000000000409e+02
8.479800000000000182e+02
8.500600000000000591e+02
8.505399999999999636e+02
8.526299999999999955e+02
8.542799999999999727e+02
8.548200000000000500e+02
8.563400000000000318e+02
8.582300000000000182e+02
8.584200000000000728e+02
8.604400000000000546e+02
8.611299999999999955e+02
8.614400000000000546e+02
8.626299999999999955e+02
8.641299999999999955e+02
8.648799999999999955e+02
8.648999999999999773e+02
8.669900000000000091e+02
8.670299999999999727e+02
8.691399999999999864e+02
8.712200000000000273e+02
8.712699999999999818e+02
8.733799999999999955e+02
8.745700000000000500e+02
8.756299999999999955e+02
8.766299999999999955e+02
8.768899999999999864e+02
8.780700000000000500e+02
8.790700000000000500e+02
8.801900000000000546e+02
8.812100000000000364e+02
8.818700000000000045e+02
8.839800000000000182e+02
8.842599999999999909e+02
8.855399999999999636e+02
8.863400000000000318e+02
8.870800000000000409e+02
8.884600000000000364e+02
8.891800000000000637e+02
8.912000000000000455e+02
8.912400000000000091e+02
8.932599999999999909e+02
8.953999999999999773e+02
8.956800000000000637e+02
8.957599999999999909e+02
8.981900000000000546e+02
8.985600000000000591e+02
9.003999999999999773e+02
9.009200000000000728e+02
9.024900000000000091e+02
9.035900000000000318e+02
9.046000000000000227e+02
9.057500000000000000e+02
9.076900000000000546e+02
9.078999999999999773e+02
9.097500000000000000e+02
9.114200000000000728e+02
9.122899999999999636e+02
9.135600000000000591e+02
9.141200000000000045e+02
9.144900000000000091e+02
9.163799999999999955e+02
9.167300000000000182e+02
9.188000000000000682e+02
9.197100000000000364e+02
9.209500000000000455e+02
9.219800000000000182e+02
9.240500000000000682e+02
9.241499999999999773e+02
9.263000000000000682e+02
9.276700000000000728e+02
9.283999999999999773e+02
9.291800000000000637e+02
9.297799999999999727e+02
9.306100000000000136e+02
9.306800000000000637e+02
9.319800000000000182e+02
9.329099999999999682e+02
9.329700000000000273e+02
9.350800000000000409e+02
9.364300000000000637e+02
9.372000000000000455e+02
9.384900000000000091e+02
9.400900000000000318e+02
9.405900000000000318e+02
9.423999999999999773e+02
9.445900000000000318e+02
9.453300000000000409e+02
9.456100000000000136e+02
9.475800000000000409e+02
9.476900000000000546e+02
9.497100000000000364e+02
9.504800000000000182e+02
9.526000000000000227e+02
9.537500000000000000e+02
9.558200000000000500e+02
9.575099999999999909e+02
9.579099999999999682e+02
9.597500000000000000e+02
9.618500000000000227e+02
9.619700000000000273e+02
9.629500000000000455e+02
9.639800000000000182e+02
9.651399999999999864e+02
9.661800000000000637e+02
9.669300000000000637e+02
9.672300000000000182e+02
9.690500000000000682e+02
9.712100000000000364e+02
9.719600000000000364e+02
9.748100000000000591e+02
9.748400000000000318e+02
9.769099999999999682e+02
9.772000000000000455e+02
9.791200000000000045e+02
9.791900000000000546e+02
9.798000000000000682e+02
9.819099999999999682e+02
9.823999999999999773e+02
9.833899999999999864e+02
9.840800000000000409e+02
9.854600000000000364e+02
9.872599999999999909e+02
9.875700000000000500e+02
9.893000000000000682e+02
9.908799999999999955e+02
9.913700000000000045e+02
9.929400000000000546e+02
9.948100000000000591e+02
9.949900000000000091e+02
9.959099999999999682e+02
9.963600000000000136e+02
9.986499999999999773e+02
9.990400000000000773e+02
