1.640600000000000023e+02
5.611800000000000637e+02
6.620000000000000000e+02
7.614800000000000182e+02
8.598999999999999773e+02
9.120700000000000500e+02
1.141999999999999993e+01
1.542999999999999972e+01
1.857000000000000028e+01
6.535999999999999943e+01
1.157600000000000051e+02
1.184800000000000040e+02
1.680600000000000023e+02
1.715399999999999920e+02
2.115800000000000125e+02
2.142500000000000000e+02
2.177100000000000080e+02
2.648999999999999773e+02
3.125799999999999841e+02
3.154200000000000159e+02
3.629499999999999886e+02
3.656299999999999955e+02
3.705600000000000023e+02
4.137300000000000182e+02
4.160099999999999909e+02
4.192900000000000205e+02
4.645500000000000114e+02
4.673299999999999841e+02
4.718700000000000045e+02
5.133799999999999955e+02
5.204700000000000273e+02
5.617400000000000091e+02
5.645700000000000500e+02
5.674400000000000546e+02
6.174300000000000637e+02
6.212899999999999636e+02
6.644400000000000546e+02
6.682100000000000364e+02
7.115000000000000000e+02
7.140600000000000591e+02
7.169800000000000182e+02
7.200299999999999727e+02
7.652899999999999636e+02
7.676299999999999955e+02
8.131000000000000227e+02
8.178200000000000500e+02
8.631800000000000637e+02
8.662500000000000000e+02
9.168799999999999955e+02
9.613799999999999955e+02
9.639600000000000364e+02
9.678200000000000500e+02
9.706200000000000045e+02
1.685000000000000142e+01
6.607999999999999829e+01
1.160199999999999960e+02
1.717800000000000011e+02
2.116700000000000159e+02
2.157300000000000182e+02
2.185500000000000114e+02
3.131600000000000250e+02
3.154900000000000091e+02
3.631899999999999977e+02
3.658500000000000227e+02
4.159399999999999977e+02
4.675300000000000296e+02
5.136299999999999955e+02
5.665800000000000409e+02
6.177200000000000273e+02
6.683799999999999955e+02
7.115800000000000409e+02
7.172799999999999727e+02
8.132500000000000000e+02
9.173400000000000318e+02
9.615900000000000318e+02
9.646700000000000728e+02
1.164300000000000068e+02
2.117899999999999920e+02
3.133199999999999932e+02
3.156299999999999955e+02
4.167900000000000205e+02
5.677699999999999818e+02
9.177400000000000091e+02
