3.260000000000000231e+00
3.459999999999999964e+00
3.570000000000000284e+00
3.970000000000000195e+00
4.160000000000000142e+00
4.389999999999999680e+00
4.509999999999999787e+00
4.790000000000000036e+00
4.860000000000000320e+00
4.870000000000000107e+00
4.950000000000000178e+00
5.379999999999999893e+00
5.520000000000000462e+00
5.549999999999999822e+00
5.669999999999999929e+00
5.730000000000000426e+00
5.820000000000000284e+00
5.910000000000000142e+00
5.969999999999999751e+00
6.040000000000000036e+00
6.200000000000000178e+00
6.270000000000000462e+00
6.270000000000000462e+00
6.530000000000000249e+00
6.600000000000000533e+00
6.679999999999999716e+00
6.790000000000000036e+00
6.830000000000000071e+00
6.890000000000000568e+00
7.000000000000000000e+00
7.030000000000000249e+00
7.299999999999999822e+00
7.339999999999999858e+00
7.469999999999999751e+00
7.589999999999999858e+00
7.640000000000000568e+00
7.690000000000000391e+00
7.940000000000000391e+00
7.990000000000000213e+00
8.740000000000000213e+00
8.830000000000000071e+00
1.939000000000000057e+01
1.980000000000000071e+01
2.019000000000000128e+01
2.062000000000000099e+01
2.074000000000000199e+01
2.076999999999999957e+01
2.080000000000000071e+01
2.112000000000000099e+01
2.117999999999999972e+01
2.128999999999999915e+01
2.135000000000000142e+01
2.144999999999999929e+01
2.160000000000000142e+01
2.162999999999999901e+01
2.162999999999999901e+01
2.167000000000000171e+01
2.169999999999999929e+01
2.241000000000000014e+01
2.249000000000000199e+01
2.264000000000000057e+01
2.264000000000000057e+01
2.265000000000000213e+01
2.269999999999999929e+01
2.283000000000000185e+01
2.294000000000000128e+01
2.296000000000000085e+01
2.305999999999999872e+01
2.312000000000000099e+01
2.315000000000000213e+01
2.319999999999999929e+01
2.321999999999999886e+01
2.333999999999999986e+01
2.357000000000000028e+01
2.357000000000000028e+01
2.367999999999999972e+01
2.376000000000000156e+01
2.400000000000000000e+01
2.410999999999999943e+01
2.421000000000000085e+01
2.442999999999999972e+01
2.448000000000000043e+01
2.469000000000000128e+01
2.498000000000000043e+01
2.521999999999999886e+01
2.578999999999999915e+01
2.708000000000000185e+01
3.578999999999999915e+01
3.635000000000000142e+01
3.636999999999999744e+01
3.678999999999999915e+01
3.730000000000000426e+01
3.732999999999999829e+01
3.745000000000000284e+01
3.761999999999999744e+01
3.773000000000000398e+01
3.784000000000000341e+01
3.802000000000000313e+01
3.806000000000000227e+01
3.820000000000000284e+01
3.821000000000000085e+01
3.830000000000000426e+01
3.839999999999999858e+01
3.859000000000000341e+01
3.867999999999999972e+01
3.889000000000000057e+01
3.889999999999999858e+01
3.914999999999999858e+01
3.917999999999999972e+01
3.927000000000000313e+01
3.935999999999999943e+01
3.941000000000000369e+01
3.948000000000000398e+01
3.953999999999999915e+01
3.991000000000000369e+01
3.995000000000000284e+01
4.028000000000000114e+01
4.030000000000000426e+01
4.036999999999999744e+01
4.041000000000000369e+01
4.042999999999999972e+01
4.061999999999999744e+01
4.064999999999999858e+01
4.067999999999999972e+01
4.096000000000000085e+01
4.118999999999999773e+01
4.132000000000000028e+01
4.150000000000000000e+01
4.203999999999999915e+01
4.214999999999999858e+01
4.270000000000000284e+01
4.359000000000000341e+01
5.291000000000000369e+01
5.316000000000000369e+01
5.343999999999999773e+01
5.367999999999999972e+01
5.377000000000000313e+01
5.384000000000000341e+01
5.441000000000000369e+01
5.442000000000000171e+01
5.459000000000000341e+01
5.466000000000000369e+01
5.466000000000000369e+01
5.514999999999999858e+01
5.532000000000000028e+01
5.549000000000000199e+01
5.553999999999999915e+01
5.563000000000000256e+01
5.571999999999999886e+01
5.577000000000000313e+01
5.584000000000000341e+01
5.592000000000000171e+01
5.593999999999999773e+01
5.607000000000000028e+01
5.610000000000000142e+01
5.614999999999999858e+01
5.655000000000000426e+01
5.667000000000000171e+01
5.667999999999999972e+01
5.670000000000000284e+01
5.692000000000000171e+01
5.713000000000000256e+01
5.742000000000000171e+01
5.743999999999999773e+01
5.759000000000000341e+01
5.787000000000000455e+01
5.810999999999999943e+01
5.827000000000000313e+01
5.852000000000000313e+01
5.866000000000000369e+01
5.892000000000000171e+01
7.028000000000000114e+01
7.046999999999999886e+01
7.050000000000000000e+01
7.068000000000000682e+01
7.096999999999999886e+01
7.115000000000000568e+01
7.120000000000000284e+01
7.121999999999999886e+01
7.132000000000000739e+01
7.137000000000000455e+01
7.176999999999999602e+01
7.184000000000000341e+01
7.196999999999999886e+01
7.218999999999999773e+01
7.220000000000000284e+01
7.231000000000000227e+01
7.232000000000000739e+01
7.232000000000000739e+01
7.235999999999999943e+01
7.243999999999999773e+01
7.253000000000000114e+01
7.271999999999999886e+01
7.275000000000000000e+01
7.307999999999999829e+01
7.320000000000000284e+01
7.326000000000000512e+01
7.326000000000000512e+01
7.334000000000000341e+01
7.373000000000000398e+01
7.379000000000000625e+01
7.420000000000000284e+01
7.423000000000000398e+01
7.429999999999999716e+01
7.437000000000000455e+01
7.443000000000000682e+01
7.465999999999999659e+01
7.482000000000000739e+01
7.490999999999999659e+01
7.514000000000000057e+01
7.518999999999999773e+01
7.557000000000000739e+01
8.640999999999999659e+01
8.654000000000000625e+01
8.689000000000000057e+01
8.689000000000000057e+01
8.698999999999999488e+01
8.754999999999999716e+01
8.762999999999999545e+01
8.768000000000000682e+01
8.782999999999999829e+01
8.793000000000000682e+01
8.835000000000000853e+01
8.843000000000000682e+01
8.850000000000000000e+01
8.857000000000000739e+01
8.868999999999999773e+01
8.871999999999999886e+01
8.873000000000000398e+01
8.893000000000000682e+01
8.901999999999999602e+01
8.903000000000000114e+01
8.907999999999999829e+01
8.914000000000000057e+01
8.921000000000000796e+01
8.923999999999999488e+01
8.937999999999999545e+01
8.939000000000000057e+01
8.950000000000000000e+01
8.954999999999999716e+01
8.971000000000000796e+01
9.001999999999999602e+01
9.012999999999999545e+01
9.071000000000000796e+01
9.075000000000000000e+01
9.112999999999999545e+01
9.118000000000000682e+01
9.146999999999999886e+01
9.173999999999999488e+01
9.179000000000000625e+01
9.206000000000000227e+01
1.030400000000000063e+02
1.031899999999999977e+02
1.035799999999999983e+02
1.036700000000000017e+02
1.037100000000000080e+02
1.037400000000000091e+02
1.039699999999999989e+02
1.044300000000000068e+02
1.044699999999999989e+02
1.045300000000000011e+02
1.046099999999999994e+02
1.046299999999999955e+02
1.046299999999999955e+02
1.046400000000000006e+02
1.046800000000000068e+02
1.047900000000000063e+02
1.049800000000000040e+02
1.051899999999999977e+02
1.051899999999999977e+02
1.056200000000000045e+02
1.057699999999999960e+02
1.058200000000000074e+02
1.062699999999999960e+02
1.064399999999999977e+02
1.064699999999999989e+02
1.067400000000000091e+02
1.067999999999999972e+02
1.068700000000000045e+02
1.069000000000000057e+02
1.070799999999999983e+02
1.071299999999999955e+02
1.072400000000000091e+02
1.072699999999999960e+02
1.073100000000000023e+02
1.074300000000000068e+02
1.074300000000000068e+02
1.074399999999999977e+02
1.075600000000000023e+02
1.076299999999999955e+02
1.078500000000000085e+02
1.078500000000000085e+02
1.079200000000000017e+02
1.079500000000000028e+02
1.080700000000000074e+02
1.085300000000000011e+02
1.086700000000000017e+02
1.195900000000000034e+02
1.201299999999999955e+02
1.203200000000000074e+02
1.203200000000000074e+02
1.203599999999999994e+02
1.205300000000000011e+02
1.205499999999999972e+02
1.206099999999999994e+02
1.207900000000000063e+02
1.210900000000000034e+02
1.214200000000000017e+02
1.214600000000000080e+02
1.217100000000000080e+02
1.217300000000000040e+02
1.217699999999999960e+02
1.219699999999999989e+02
1.220100000000000051e+02
1.222699999999999960e+02
1.223200000000000074e+02
1.225100000000000051e+02
1.225700000000000074e+02
1.225799999999999983e+02
1.226099999999999994e+02
1.228500000000000085e+02
1.228799999999999955e+02
1.229200000000000017e+02
1.231899999999999977e+02
1.232999999999999972e+02
1.234699999999999989e+02
1.235199999999999960e+02
1.236599999999999966e+02
1.243599999999999994e+02
1.245900000000000034e+02
1.246099999999999994e+02
1.247100000000000080e+02
1.248299999999999983e+02
1.248299999999999983e+02
1.249099999999999966e+02
1.257600000000000051e+02
1.261800000000000068e+02
1.267600000000000051e+02
1.358199999999999932e+02
1.362700000000000102e+02
1.364600000000000080e+02
1.364799999999999898e+02
1.368499999999999943e+02
1.370000000000000000e+02
1.370200000000000102e+02
1.371100000000000136e+02
1.371299999999999955e+02
1.372800000000000011e+02
1.372800000000000011e+02
1.374500000000000171e+02
1.377400000000000091e+02
1.377800000000000011e+02
1.378600000000000136e+02
1.379799999999999898e+02
1.389000000000000057e+02
1.391700000000000159e+02
1.392400000000000091e+02
1.392700000000000102e+02
1.395000000000000000e+02
1.395099999999999909e+02
1.395500000000000114e+02
1.396200000000000045e+02
1.396299999999999955e+02
1.400699999999999932e+02
1.401700000000000159e+02
1.402500000000000000e+02
1.403199999999999932e+02
1.403300000000000125e+02
1.403499999999999943e+02
1.404000000000000057e+02
1.406299999999999955e+02
1.408799999999999955e+02
1.412899999999999920e+02
1.415399999999999920e+02
1.416100000000000136e+02
1.419399999999999977e+02
1.419799999999999898e+02
1.431400000000000148e+02
1.536599999999999966e+02
1.537899999999999920e+02
1.538300000000000125e+02
1.538900000000000148e+02
1.540800000000000125e+02
1.540800000000000125e+02
1.546500000000000057e+02
1.547100000000000080e+02
1.547400000000000091e+02
1.548199999999999932e+02
1.548600000000000136e+02
1.551800000000000068e+02
1.552000000000000171e+02
1.553499999999999943e+02
1.555500000000000114e+02
1.558499999999999943e+02
1.559300000000000068e+02
1.559600000000000080e+02
1.560200000000000102e+02
1.561599999999999966e+02
1.562199999999999989e+02
1.562299999999999898e+02
1.562400000000000091e+02
1.562700000000000102e+02
1.565699999999999932e+02
1.567800000000000011e+02
1.568300000000000125e+02
1.570099999999999909e+02
1.575600000000000023e+02
1.576599999999999966e+02
1.576800000000000068e+02
1.577800000000000011e+02
1.578799999999999955e+02
1.579200000000000159e+02
1.580500000000000114e+02
1.582100000000000080e+02
1.583900000000000148e+02
1.586700000000000159e+02
1.586899999999999977e+02
1.588000000000000114e+02
1.590099999999999909e+02
1.594099999999999966e+02
1.600099999999999909e+02
1.691899999999999977e+02
1.693000000000000114e+02
1.695999999999999943e+02
1.699600000000000080e+02
1.703100000000000023e+02
1.703199999999999932e+02
1.705699999999999932e+02
1.707500000000000000e+02
1.708000000000000114e+02
1.710300000000000011e+02
1.711500000000000057e+02
1.711800000000000068e+02
1.715300000000000011e+02
1.717199999999999989e+02
1.719900000000000091e+02
1.725600000000000023e+02
1.726400000000000148e+02
1.726599999999999966e+02
1.727400000000000091e+02
1.727599999999999909e+02
1.728600000000000136e+02
1.728600000000000136e+02
1.728900000000000148e+02
1.729000000000000057e+02
1.729399999999999977e+02
1.730999999999999943e+02
1.733100000000000023e+02
1.735200000000000102e+02
1.735600000000000023e+02
1.737199999999999989e+02
1.737400000000000091e+02
1.740200000000000102e+02
1.741800000000000068e+02
1.744600000000000080e+02
1.745000000000000000e+02
1.745399999999999920e+02
1.746899999999999977e+02
1.747299999999999898e+02
1.748400000000000034e+02
1.749000000000000057e+02
1.749000000000000057e+02
1.750399999999999920e+02
1.752800000000000011e+02
1.760600000000000023e+02
1.767800000000000011e+02
1.770999999999999943e+02
1.857700000000000102e+02
1.858499999999999943e+02
1.858700000000000045e+02
1.864699999999999989e+02
1.867599999999999909e+02
1.867700000000000102e+02
1.869900000000000091e+02
1.877100000000000080e+02
1.878100000000000023e+02
1.879000000000000057e+02
1.879699999999999989e+02
1.881700000000000159e+02
1.885000000000000000e+02
1.885000000000000000e+02
1.885800000000000125e+02
1.886500000000000057e+02
1.886899999999999977e+02
1.888100000000000023e+02
1.888199999999999932e+02
1.890600000000000023e+02
1.891299999999999955e+02
1.891500000000000057e+02
1.893100000000000023e+02
1.893300000000000125e+02
1.894099999999999966e+02
1.899200000000000159e+02
1.899799999999999898e+02
1.900000000000000000e+02
1.901800000000000068e+02
1.902000000000000171e+02
1.903900000000000148e+02
1.905200000000000102e+02
1.905900000000000034e+02
1.907800000000000011e+02
1.908499999999999943e+02
1.908700000000000045e+02
1.911100000000000136e+02
1.913400000000000034e+02
1.918900000000000148e+02
1.922700000000000102e+02
1.925200000000000102e+02
1.937100000000000080e+02
2.024000000000000057e+02
2.027599999999999909e+02
2.027800000000000011e+02
2.029200000000000159e+02
2.034800000000000182e+02
2.039200000000000159e+02
2.039399999999999977e+02
2.039800000000000182e+02
2.040399999999999920e+02
2.041700000000000159e+02
2.042599999999999909e+02
2.043199999999999932e+02
2.045300000000000011e+02
2.046100000000000136e+02
2.048000000000000114e+02
2.048799999999999955e+02
2.049900000000000091e+02
2.055200000000000102e+02
2.059000000000000057e+02
2.059399999999999977e+02
2.059600000000000080e+02
2.059600000000000080e+02
2.059900000000000091e+02
2.060500000000000114e+02
2.060699999999999932e+02
2.061500000000000057e+02
2.063000000000000114e+02
2.064800000000000182e+02
2.064900000000000091e+02
2.065000000000000000e+02
2.065600000000000023e+02
2.066299999999999955e+02
2.067100000000000080e+02
2.067199999999999989e+02
2.068300000000000125e+02
2.069300000000000068e+02
2.069699999999999989e+02
2.070999999999999943e+02
2.076400000000000148e+02
2.079399999999999977e+02
2.080500000000000114e+02
2.083600000000000136e+02
2.084800000000000182e+02
2.089399999999999977e+02
2.094000000000000057e+02
2.194600000000000080e+02
2.197400000000000091e+02
2.199500000000000171e+02
2.200000000000000000e+02
2.202100000000000080e+02
2.202400000000000091e+02
2.203000000000000114e+02
2.203499999999999943e+02
2.205000000000000000e+02
2.207400000000000091e+02
2.207599999999999909e+02
2.209000000000000057e+02
2.210900000000000034e+02
2.211599999999999966e+02
2.215099999999999909e+02
2.215800000000000125e+02
2.215999999999999943e+02
2.222700000000000102e+02
2.223400000000000034e+02
2.224300000000000068e+02
2.225399999999999920e+02
2.225500000000000114e+02
2.225699999999999932e+02
2.228300000000000125e+02
2.232000000000000171e+02
2.232599999999999909e+02
2.235900000000000034e+02
2.236200000000000045e+02
2.236400000000000148e+02
2.239000000000000057e+02
2.239099999999999966e+02
2.240999999999999943e+02
2.244099999999999966e+02
2.245800000000000125e+02
2.247500000000000000e+02
2.248199999999999932e+02
2.255600000000000023e+02
2.256599999999999966e+02
2.261599999999999966e+02
2.261800000000000068e+02
2.262400000000000091e+02
2.325000000000000000e+02
2.346299999999999955e+02
2.361200000000000045e+02
2.366500000000000057e+02
2.366800000000000068e+02
2.367800000000000011e+02
2.370600000000000023e+02
2.371200000000000045e+02
2.371400000000000148e+02
2.372000000000000171e+02
2.372700000000000102e+02
2.374399999999999977e+02
2.375099999999999909e+02
2.377400000000000091e+02
2.380999999999999943e+02
2.382300000000000182e+02
2.383400000000000034e+02
2.383600000000000136e+02
2.388300000000000125e+02
2.389399999999999977e+02
2.390099999999999909e+02
2.390399999999999920e+02
2.391100000000000136e+02
2.393199999999999932e+02
2.393799999999999955e+02
2.396400000000000148e+02
2.396599999999999966e+02
2.399099999999999966e+02
2.400000000000000000e+02
2.402500000000000000e+02
2.402500000000000000e+02
2.403900000000000148e+02
2.408100000000000023e+02
2.408600000000000136e+02
2.410900000000000034e+02
2.415300000000000011e+02
2.418600000000000136e+02
2.419500000000000171e+02
2.422800000000000011e+02
2.425399999999999920e+02
2.431200000000000045e+02
2.435300000000000011e+02
2.438499999999999943e+02
2.440699999999999932e+02
2.520500000000000114e+02
2.523499999999999943e+02
2.524699999999999989e+02
2.530699999999999932e+02
2.532700000000000102e+02
2.534600000000000080e+02
2.536899999999999977e+02
2.538900000000000148e+02
2.541400000000000148e+02
2.546299999999999955e+02
2.549300000000000068e+02
2.549500000000000171e+02
2.550200000000000102e+02
2.550900000000000034e+02
2.552100000000000080e+02
2.552800000000000011e+02
2.553000000000000114e+02
2.556200000000000045e+02
2.556700000000000159e+02
2.557199999999999989e+02
2.558400000000000034e+02
2.561000000000000227e+02
2.561000000000000227e+02
2.563100000000000023e+02
2.563500000000000227e+02
2.565600000000000023e+02
2.566399999999999864e+02
2.566499999999999773e+02
2.568199999999999932e+02
2.569499999999999886e+02
2.569700000000000273e+02
2.571999999999999886e+02
2.573299999999999841e+02
2.573600000000000136e+02
2.579100000000000250e+02
2.587099999999999795e+02
2.590300000000000296e+02
2.590699999999999932e+02
2.591100000000000136e+02
2.591700000000000159e+02
2.596899999999999977e+02
2.607800000000000296e+02
2.681499999999999773e+02
2.694900000000000091e+02
2.695799999999999841e+02
2.696000000000000227e+02
2.700300000000000296e+02
2.701600000000000250e+02
2.701800000000000068e+02
2.704900000000000091e+02
2.709499999999999886e+02
2.710799999999999841e+02
2.711999999999999886e+02
2.712500000000000000e+02
2.712500000000000000e+02
2.713500000000000227e+02
2.714300000000000068e+02
2.715300000000000296e+02
2.715699999999999932e+02
2.716399999999999864e+02
2.716499999999999773e+02
2.720099999999999909e+02
2.721999999999999886e+02
2.723899999999999864e+02
2.724499999999999886e+02
2.728199999999999932e+02
2.731600000000000250e+02
2.731700000000000159e+02
2.733799999999999955e+02
2.735600000000000023e+02
2.736200000000000045e+02
2.736700000000000159e+02
2.737200000000000273e+02
2.739700000000000273e+02
2.739800000000000182e+02
2.741100000000000136e+02
2.750799999999999841e+02
2.755500000000000114e+02
2.755799999999999841e+02
2.757400000000000091e+02
2.759000000000000341e+02
2.759900000000000091e+02
2.766700000000000159e+02
2.773600000000000136e+02
2.846299999999999955e+02
2.849700000000000273e+02
2.862699999999999818e+02
2.862800000000000296e+02
2.863899999999999864e+02
2.866000000000000227e+02
2.867200000000000273e+02
2.868299999999999841e+02
2.871600000000000250e+02
2.874100000000000250e+02
2.875000000000000000e+02
2.879000000000000341e+02
2.885500000000000114e+02
2.885600000000000023e+02
2.886299999999999955e+02
2.886600000000000250e+02
2.887900000000000205e+02
2.888600000000000136e+02
2.888799999999999955e+02
2.891500000000000341e+02
2.894100000000000250e+02
2.896000000000000227e+02
2.896100000000000136e+02
2.902900000000000205e+02
2.903600000000000136e+02
2.903899999999999864e+02
2.906399999999999864e+02
2.906800000000000068e+02
2.907300000000000182e+02
2.913000000000000114e+02
2.914499999999999886e+02
2.916100000000000136e+02
2.916999999999999886e+02
2.919200000000000159e+02
2.920000000000000000e+02
2.922500000000000000e+02
2.926299999999999955e+02
2.939700000000000273e+02
2.947500000000000000e+02
2.952400000000000091e+02
2.988799999999999955e+02
3.021999999999999886e+02
3.022400000000000091e+02
3.024300000000000068e+02
3.026999999999999886e+02
3.028400000000000318e+02
3.031700000000000159e+02
3.032599999999999909e+02
3.035900000000000318e+02
3.039399999999999977e+02
3.045500000000000114e+02
3.049000000000000341e+02
3.049499999999999886e+02
3.049499999999999886e+02
3.050000000000000000e+02
3.051100000000000136e+02
3.051200000000000045e+02
3.051399999999999864e+02
3.052400000000000091e+02
3.052900000000000205e+02
3.053100000000000023e+02
3.058400000000000318e+02
3.058899999999999864e+02
3.060400000000000205e+02
3.060500000000000114e+02
3.063500000000000227e+02
3.066800000000000068e+02
3.069599999999999795e+02
3.069900000000000091e+02
3.070699999999999932e+02
3.070900000000000318e+02
3.071399999999999864e+02
3.071800000000000068e+02
3.072900000000000205e+02
3.076200000000000045e+02
3.078899999999999864e+02
3.079300000000000068e+02
3.095300000000000296e+02
3.095300000000000296e+02
3.095900000000000318e+02
3.096899999999999977e+02
3.099599999999999795e+02
3.111100000000000136e+02
3.184300000000000068e+02
3.185300000000000296e+02
3.185799999999999841e+02
3.186800000000000068e+02
3.187900000000000205e+02
3.188199999999999932e+02
3.194100000000000250e+02
3.200699999999999932e+02
3.206000000000000227e+02
3.206399999999999864e+02
3.206500000000000341e+02
3.207099999999999795e+02
3.210500000000000114e+02
3.211800000000000068e+02
3.212200000000000273e+02
3.212800000000000296e+02
3.216800000000000068e+02
3.217500000000000000e+02
3.219399999999999977e+02
3.221700000000000159e+02
3.223700000000000045e+02
3.226000000000000227e+02
3.228299999999999841e+02
3.230300000000000296e+02
3.231700000000000159e+02
3.232500000000000000e+02
3.233400000000000318e+02
3.238000000000000114e+02
3.243100000000000023e+02
3.246999999999999886e+02
3.251000000000000227e+02
3.252099999999999795e+02
3.254499999999999886e+02
3.255400000000000205e+02
3.260799999999999841e+02
3.264100000000000250e+02
3.276999999999999886e+02
3.281899999999999977e+02
3.338899999999999864e+02
3.353199999999999932e+02
3.355600000000000023e+02
3.356899999999999977e+02
3.360799999999999841e+02
3.360799999999999841e+02
3.365799999999999841e+02
3.366000000000000227e+02
3.367800000000000296e+02
3.368600000000000136e+02
3.375199999999999818e+02
3.375400000000000205e+02
3.376899999999999977e+02
3.379100000000000250e+02
3.380199999999999818e+02
3.381700000000000159e+02
3.386299999999999955e+02
3.386899999999999977e+02
3.388100000000000023e+02
3.388799999999999955e+02
3.391200000000000045e+02
3.392500000000000000e+02
3.393000000000000114e+02
3.394800000000000182e+02
3.397200000000000273e+02
3.398000000000000114e+02
3.404900000000000091e+02
3.405400000000000205e+02
3.405799999999999841e+02
3.409200000000000159e+02
3.410600000000000023e+02
3.413199999999999932e+02
3.413600000000000136e+02
3.414700000000000273e+02
3.415600000000000023e+02
3.419399999999999977e+02
3.425300000000000296e+02
3.430400000000000205e+02
3.431899999999999977e+02
3.439100000000000250e+02
3.441999999999999886e+02
3.506600000000000250e+02
3.514599999999999795e+02
3.520699999999999932e+02
3.521100000000000136e+02
3.529599999999999795e+02
3.530400000000000205e+02
3.531700000000000159e+02
3.531700000000000159e+02
3.534700000000000273e+02
3.534800000000000182e+02
3.539300000000000068e+02
3.541299999999999955e+02
3.543500000000000227e+02
3.544800000000000182e+02
3.545000000000000000e+02
3.548400000000000318e+02
3.550400000000000205e+02
3.552900000000000205e+02
3.553500000000000227e+02
3.553799999999999955e+02
3.556999999999999886e+02
3.559800000000000182e+02
3.561200000000000045e+02
3.562099999999999795e+02
3.562099999999999795e+02
3.566100000000000136e+02
3.568000000000000114e+02
3.570099999999999909e+02
3.570400000000000205e+02
3.570600000000000023e+02
3.572200000000000273e+02
3.573000000000000114e+02
3.575099999999999909e+02
3.578299999999999841e+02
3.581800000000000068e+02
3.582400000000000091e+02
3.584900000000000091e+02
3.585000000000000000e+02
3.585900000000000318e+02
3.589599999999999795e+02
3.590000000000000000e+02
3.591100000000000136e+02
3.593100000000000023e+02
3.595099999999999909e+02
3.598700000000000045e+02
3.606399999999999864e+02
3.609900000000000091e+02
3.680799999999999841e+02
3.682099999999999795e+02
3.686500000000000341e+02
3.687400000000000091e+02
3.696200000000000045e+02
3.699000000000000341e+02
3.702599999999999909e+02
3.705300000000000296e+02
3.705300000000000296e+02
3.705600000000000023e+02
3.706100000000000136e+02
3.706899999999999977e+02
3.707400000000000091e+02
3.707800000000000296e+02
3.708299999999999841e+02
3.710000000000000000e+02
3.712699999999999818e+02
3.714000000000000341e+02
3.715600000000000023e+02
3.716000000000000227e+02
3.717099999999999795e+02
3.719599999999999795e+02
3.720199999999999818e+02
3.725600000000000023e+02
3.726100000000000136e+02
3.726299999999999955e+02
3.730699999999999932e+02
3.732200000000000273e+02
3.733100000000000023e+02
3.733299999999999841e+02
3.733500000000000227e+02
3.736100000000000136e+02
3.736100000000000136e+02
3.737900000000000205e+02
3.740500000000000114e+02
3.744100000000000250e+02
3.744900000000000091e+02
3.748100000000000023e+02
3.749900000000000091e+02
3.750099999999999909e+02
3.752699999999999818e+02
3.754300000000000068e+02
3.755000000000000000e+02
3.756700000000000159e+02
3.756999999999999886e+02
3.758600000000000136e+02
3.761299999999999955e+02
3.803199999999999932e+02
3.831999999999999886e+02
3.832900000000000205e+02
3.841600000000000250e+02
3.848199999999999932e+02
3.855699999999999932e+02
3.856399999999999864e+02
3.859200000000000159e+02
3.863100000000000023e+02
3.865500000000000114e+02
3.869200000000000159e+02
3.869900000000000091e+02
3.872900000000000205e+02
3.874800000000000182e+02
3.878500000000000227e+02
3.879700000000000273e+02
3.883400000000000318e+02
3.885099999999999909e+02
3.886899999999999977e+02
3.887200000000000273e+02
3.889600000000000364e+02
3.889900000000000091e+02
3.893899999999999864e+02
3.893899999999999864e+02
3.896000000000000227e+02
3.896700000000000159e+02
3.897599999999999909e+02
3.898899999999999864e+02
3.899399999999999977e+02
3.904700000000000273e+02
3.905300000000000296e+02
3.914100000000000250e+02
3.915400000000000205e+02
3.916700000000000159e+02
3.919300000000000068e+02
3.920500000000000114e+02
3.924800000000000182e+02
3.928400000000000318e+02
3.930000000000000000e+02
3.943799999999999955e+02
3.950099999999999909e+02
3.995300000000000296e+02
3.998799999999999955e+02
4.007400000000000091e+02
4.010400000000000205e+02
4.016700000000000159e+02
4.020900000000000318e+02
4.021700000000000159e+02
4.021800000000000068e+02
4.029800000000000182e+02
4.030799999999999841e+02
4.033600000000000136e+02
4.035000000000000000e+02
4.036999999999999886e+02
4.036999999999999886e+02
4.042800000000000296e+02
4.046800000000000068e+02
4.047300000000000182e+02
4.049399999999999977e+02
4.049800000000000182e+02
4.056600000000000250e+02
4.057699999999999818e+02
4.057900000000000205e+02
4.058400000000000318e+02
4.059499999999999886e+02
4.060099999999999909e+02
4.065400000000000205e+02
4.067500000000000000e+02
4.067599999999999909e+02
4.069399999999999977e+02
4.070500000000000114e+02
4.075500000000000114e+02
4.076899999999999977e+02
4.078600000000000136e+02
4.079100000000000250e+02
4.083799999999999955e+02
4.088299999999999841e+02
4.088400000000000318e+02
4.089800000000000182e+02
4.091000000000000227e+02
4.095900000000000318e+02
4.099399999999999977e+02
4.111000000000000227e+02
4.117300000000000182e+02
4.180699999999999932e+02
4.182500000000000000e+02
4.185000000000000000e+02
4.185500000000000114e+02
4.188799999999999955e+02
4.190300000000000296e+02
4.196000000000000227e+02
4.198899999999999864e+02
4.203700000000000045e+02
4.204000000000000341e+02
4.206299999999999955e+02
4.207400000000000091e+02
4.207900000000000205e+02
4.209399999999999977e+02
4.213100000000000023e+02
4.218899999999999864e+02
4.221399999999999864e+02
4.221800000000000068e+02
4.226000000000000227e+02
4.227500000000000000e+02
4.228299999999999841e+02
4.230699999999999932e+02
4.231700000000000159e+02
4.234200000000000159e+02
4.235300000000000296e+02
4.240699999999999932e+02
4.241800000000000068e+02
4.241899999999999977e+02
4.242100000000000364e+02
4.242500000000000000e+02
4.248100000000000023e+02
4.251999999999999886e+02
4.253700000000000045e+02
4.257400000000000091e+02
4.257599999999999909e+02
4.262699999999999818e+02
4.263400000000000318e+02
4.266299999999999955e+02
4.334100000000000250e+02
4.345799999999999841e+02
4.349800000000000182e+02
4.351000000000000227e+02
4.358899999999999864e+02
4.358899999999999864e+02
4.361800000000000068e+02
4.367500000000000000e+02
4.368799999999999955e+02
4.370300000000000296e+02
4.371999999999999886e+02
4.377900000000000205e+02
4.378899999999999864e+02
4.379200000000000159e+02
4.379900000000000091e+02
4.383500000000000227e+02
4.385099999999999909e+02
4.385799999999999841e+02
4.388100000000000023e+02
4.389200000000000159e+02
4.389499999999999886e+02
4.389700000000000273e+02
4.391299999999999955e+02
4.394700000000000273e+02
4.399600000000000364e+02
4.401700000000000159e+02
4.402300000000000182e+02
4.404000000000000341e+02
4.404900000000000091e+02
4.410000000000000000e+02
4.411000000000000227e+02
4.411899999999999977e+02
4.412900000000000205e+02
4.413000000000000114e+02
4.414499999999999886e+02
4.415099999999999909e+02
4.419000000000000341e+02
4.426399999999999864e+02
4.429200000000000159e+02
4.432500000000000000e+02
4.442200000000000273e+02
4.454900000000000091e+02
4.455500000000000114e+02
4.478700000000000045e+02
4.491500000000000341e+02
4.499600000000000364e+02
4.503500000000000227e+02
4.513000000000000114e+02
4.516399999999999864e+02
4.516600000000000250e+02
4.521500000000000341e+02
4.522599999999999909e+02
4.524700000000000273e+02
4.528000000000000114e+02
4.529300000000000068e+02
4.530600000000000023e+02
4.538000000000000114e+02
4.544200000000000159e+02
4.545500000000000114e+02
4.547200000000000273e+02
4.547699999999999818e+02
4.547800000000000296e+02
4.550000000000000000e+02
4.551800000000000068e+02
4.552200000000000273e+02
4.552800000000000296e+02
4.555600000000000023e+02
4.560400000000000205e+02
4.560799999999999841e+02
4.560900000000000318e+02
4.563700000000000045e+02
4.565699999999999932e+02
4.572100000000000364e+02
4.576000000000000227e+02
4.576600000000000250e+02
4.577100000000000364e+02
4.580600000000000023e+02
4.580799999999999841e+02
4.590099999999999909e+02
4.590300000000000296e+02
4.592300000000000182e+02
4.597300000000000182e+02
4.600799999999999841e+02
4.604100000000000250e+02
4.606399999999999864e+02
4.630699999999999932e+02
4.650300000000000296e+02
4.663799999999999955e+02
4.684600000000000364e+02
4.687699999999999818e+02
4.690699999999999932e+02
4.695900000000000318e+02
4.696399999999999864e+02
4.700699999999999932e+02
4.704000000000000341e+02
4.707500000000000000e+02
4.707800000000000296e+02
4.710099999999999909e+02
4.711500000000000341e+02
4.713100000000000023e+02
4.716700000000000159e+02
4.716999999999999886e+02
4.720400000000000205e+02
4.724800000000000182e+02
4.725600000000000023e+02
4.727900000000000205e+02
4.728299999999999841e+02
4.729600000000000364e+02
4.731500000000000341e+02
4.731800000000000068e+02
4.733700000000000045e+02
4.736899999999999977e+02
4.737500000000000000e+02
4.737800000000000296e+02
4.748100000000000023e+02
4.748400000000000318e+02
4.748600000000000136e+02
4.752100000000000364e+02
4.752699999999999818e+02
4.754200000000000159e+02
4.754499999999999886e+02
4.757800000000000296e+02
4.769000000000000341e+02
4.773799999999999955e+02
4.775199999999999818e+02
4.791399999999999864e+02
4.809800000000000182e+02
4.842699999999999818e+02
4.843799999999999955e+02
4.850000000000000000e+02
4.859100000000000250e+02
4.860699999999999932e+02
4.865600000000000023e+02
4.868500000000000227e+02
4.871800000000000068e+02
4.872500000000000000e+02
4.872599999999999909e+02
4.874300000000000068e+02
4.874700000000000273e+02
4.879399999999999977e+02
4.880500000000000114e+02
4.882699999999999818e+02
4.883400000000000318e+02
4.890199999999999818e+02
4.893400000000000318e+02
4.894000000000000341e+02
4.894700000000000273e+02
4.894700000000000273e+02
4.895199999999999818e+02
4.900699999999999932e+02
4.904399999999999977e+02
4.904800000000000182e+02
4.907800000000000296e+02
4.911000000000000227e+02
4.915099999999999909e+02
4.915500000000000114e+02
4.924600000000000364e+02
4.925099999999999909e+02
4.925900000000000318e+02
4.935300000000000296e+02
4.937599999999999909e+02
4.944900000000000091e+02
4.952500000000000000e+02
4.954800000000000182e+02
4.959200000000000159e+02
4.962100000000000364e+02
4.999300000000000068e+02
5.003100000000000023e+02
5.007800000000000296e+02
5.008600000000000136e+02
5.011299999999999955e+02
5.012500000000000000e+02
5.017599999999999909e+02
5.020200000000000387e+02
5.024000000000000341e+02
5.024900000000000091e+02
5.026299999999999955e+02
5.027500000000000000e+02
5.029200000000000159e+02
5.029300000000000068e+02
5.031899999999999977e+02
5.033100000000000023e+02
5.044800000000000182e+02
5.045400000000000205e+02
5.051600000000000250e+02
5.051800000000000068e+02
5.056200000000000045e+02
5.057599999999999909e+02
5.057900000000000205e+02
5.061100000000000136e+02
5.063700000000000045e+02
5.069300000000000068e+02
5.073899999999999864e+02
5.075300000000000296e+02
5.078700000000000045e+02
5.078899999999999864e+02
5.078899999999999864e+02
5.082500000000000000e+02
5.085799999999999841e+02
5.086700000000000159e+02
5.089900000000000091e+02
5.090500000000000114e+02
5.095900000000000318e+02
5.099100000000000250e+02
5.103100000000000023e+02
5.110799999999999841e+02
5.112400000000000091e+02
5.114900000000000091e+02
5.119800000000000182e+02
5.160499999999999545e+02
5.166100000000000136e+02
5.168799999999999955e+02
5.170900000000000318e+02
5.175800000000000409e+02
5.183300000000000409e+02
5.188799999999999955e+02
5.194600000000000364e+02
5.199199999999999591e+02
5.201200000000000045e+02
5.208400000000000318e+02
5.209600000000000364e+02
5.210000000000000000e+02
5.214700000000000273e+02
5.217300000000000182e+02
5.218100000000000591e+02
5.218200000000000500e+02
5.223100000000000591e+02
5.223100000000000591e+02
5.229700000000000273e+02
5.230000000000000000e+02
5.230199999999999818e+02
5.230800000000000409e+02
5.231900000000000546e+02
5.232000000000000455e+02
5.235199999999999818e+02
5.245800000000000409e+02
5.247200000000000273e+02
5.248400000000000318e+02
5.256599999999999682e+02
5.258700000000000045e+02
5.260900000000000318e+02
5.265399999999999636e+02
5.267699999999999818e+02
5.269900000000000091e+02
5.277100000000000364e+02
5.278799999999999955e+02
5.282500000000000000e+02
5.282799999999999727e+02
5.284099999999999682e+02
5.305499999999999545e+02
5.305700000000000500e+02
5.342100000000000364e+02
5.347500000000000000e+02
5.351000000000000227e+02
5.353999999999999773e+02
5.356800000000000637e+02
5.364300000000000637e+02
5.365900000000000318e+02
5.367999999999999545e+02
5.369700000000000273e+02
5.369800000000000182e+02
5.370499999999999545e+02
5.371200000000000045e+02
5.371499999999999773e+02
5.373899999999999864e+02
5.377500000000000000e+02
5.382000000000000455e+02
5.385299999999999727e+02
5.386399999999999864e+02
5.386499999999999773e+02
5.391499999999999773e+02
5.391800000000000637e+02
5.392400000000000091e+02
5.394700000000000273e+02
5.396200000000000045e+02
5.400600000000000591e+02
5.400900000000000318e+02
5.403700000000000045e+02
5.408899999999999864e+02
5.409099999999999682e+02
5.413300000000000409e+02
5.413300000000000409e+02
5.421399999999999864e+02
5.422500000000000000e+02
5.429500000000000455e+02
5.432300000000000182e+02
5.434099999999999682e+02
5.436699999999999591e+02
5.437699999999999818e+02
5.447100000000000364e+02
5.468200000000000500e+02
5.487599999999999909e+02
5.502500000000000000e+02
5.509900000000000091e+02
5.517599999999999909e+02
5.521499999999999773e+02
5.524800000000000182e+02
5.525000000000000000e+02
5.530800000000000409e+02
5.533400000000000318e+02
5.538000000000000682e+02
5.542799999999999727e+02
5.546000000000000227e+02
5.547100000000000364e+02
5.547200000000000273e+02
5.551599999999999682e+02
5.558200000000000500e+02
5.562300000000000182e+02
5.563999999999999773e+02
5.565500000000000682e+02
5.566800000000000637e+02
5.567599999999999909e+02
5.567699999999999818e+02
5.569099999999999682e+02
5.569199999999999591e+02
5.570299999999999727e+02
5.583200000000000500e+02
5.586200000000000045e+02
5.587100000000000364e+02
5.588100000000000591e+02
5.589500000000000455e+02
5.591000000000000227e+02
5.601299999999999955e+02
5.610399999999999636e+02
5.613799999999999955e+02
5.618899999999999864e+02
5.620099999999999909e+02
5.620099999999999909e+02
5.627100000000000364e+02
5.637599999999999909e+02
5.657799999999999727e+02
5.673999999999999773e+02
5.677899999999999636e+02
5.683999999999999773e+02
5.688300000000000409e+02
5.692300000000000182e+02
5.692899999999999636e+02
5.699400000000000546e+02
5.707100000000000364e+02
5.709199999999999591e+02
5.709300000000000637e+02
5.710399999999999636e+02
5.710800000000000409e+02
5.711900000000000546e+02
5.715900000000000318e+02
5.720299999999999727e+02
5.721499999999999773e+02
5.727300000000000182e+02
5.728400000000000318e+02
5.729099999999999682e+02
5.732300000000000182e+02
5.732799999999999727e+02
5.734099999999999682e+02
5.735900000000000318e+02
5.736599999999999682e+02
5.745800000000000409e+02
5.749700000000000273e+02
5.749900000000000091e+02
5.758100000000000591e+02
5.759199999999999591e+02
5.766800000000000637e+02
5.772799999999999727e+02
5.780399999999999636e+02
5.783999999999999773e+02
5.804700000000000273e+02
5.818300000000000409e+02
5.818500000000000227e+02
5.838799999999999955e+02
5.839700000000000273e+02
5.841599999999999682e+02
5.844400000000000546e+02
5.846699999999999591e+02
5.847500000000000000e+02
5.853700000000000045e+02
5.856800000000000637e+02
5.858600000000000136e+02
5.858700000000000045e+02
5.860000000000000000e+02
5.861499999999999773e+02
5.863100000000000591e+02
5.865099999999999909e+02
5.871200000000000045e+02
5.878899999999999864e+02
5.879099999999999682e+02
5.880900000000000318e+02
5.881299999999999955e+02
5.881599999999999682e+02
5.882899999999999636e+02
5.887100000000000364e+02
5.888899999999999864e+02
5.892000000000000455e+02
5.893000000000000682e+02
5.893999999999999773e+02
5.899300000000000637e+02
5.899900000000000091e+02
5.899900000000000091e+02
5.900500000000000682e+02
5.902799999999999727e+02
5.905500000000000682e+02
5.907899999999999636e+02
5.912400000000000091e+02
5.916499999999999773e+02
5.917899999999999636e+02
5.919199999999999591e+02
5.927799999999999727e+02
5.932200000000000273e+02
5.936900000000000546e+02
5.939700000000000273e+02
5.939800000000000182e+02
5.943200000000000500e+02
5.947899999999999636e+02
5.963500000000000227e+02
5.969600000000000364e+02
5.975099999999999909e+02
5.988000000000000682e+02
5.992500000000000000e+02
6.002100000000000364e+02
6.013200000000000500e+02
6.025600000000000591e+02
6.026900000000000546e+02
6.027699999999999818e+02
6.028700000000000045e+02
6.028899999999999864e+02
6.030199999999999818e+02
6.033600000000000136e+02
6.039199999999999591e+02
6.048200000000000500e+02
6.048700000000000045e+02
6.049099999999999682e+02
6.050700000000000500e+02
6.051599999999999682e+02
6.054500000000000455e+02
6.056000000000000227e+02
6.056499999999999773e+02
6.065099999999999909e+02
6.069400000000000546e+02
6.069700000000000273e+02
6.069800000000000182e+02
6.074300000000000637e+02
6.076399999999999864e+02
6.079700000000000273e+02
6.084800000000000182e+02
6.090099999999999909e+02
6.090500000000000682e+02
6.096900000000000546e+02
6.097699999999999818e+02
6.097899999999999636e+02
6.101699999999999591e+02
6.117899999999999636e+02
6.126100000000000136e+02
6.148899999999999864e+02
6.151100000000000136e+02
6.153600000000000136e+02
6.163000000000000682e+02
6.170199999999999818e+02
6.175000000000000000e+02
6.175500000000000682e+02
6.184300000000000637e+02
6.185399999999999636e+02
6.185600000000000591e+02
6.186499999999999773e+02
6.189700000000000273e+02
6.194900000000000091e+02
6.196399999999999864e+02
6.204700000000000273e+02
6.207500000000000000e+02
6.209800000000000182e+02
6.216800000000000637e+02
6.220600000000000591e+02
6.222200000000000273e+02
6.223200000000000500e+02
6.225399999999999636e+02
6.228600000000000136e+02
6.231800000000000637e+02
6.232400000000000091e+02
6.232400000000000091e+02
6.236200000000000045e+02
6.238500000000000227e+02
6.241200000000000045e+02
6.252000000000000455e+02
6.252400000000000091e+02
6.252599999999999909e+02
6.253400000000000318e+02
6.253999999999999773e+02
6.255299999999999727e+02
6.263899999999999864e+02
6.273000000000000682e+02
6.276100000000000136e+02
6.278200000000000500e+02
6.284500000000000455e+02
6.288899999999999864e+02
6.288999999999999773e+02
6.292699999999999818e+02
6.294900000000000091e+02
6.325299999999999727e+02
6.325700000000000500e+02
6.332200000000000273e+02
6.344300000000000637e+02
6.350099999999999909e+02
6.350700000000000500e+02
6.354600000000000364e+02
6.355800000000000409e+02
6.360800000000000409e+02
6.364300000000000637e+02
6.365199999999999818e+02
6.367300000000000182e+02
6.369099999999999682e+02
6.376900000000000546e+02
6.385399999999999636e+02
6.385800000000000409e+02
6.387500000000000000e+02
6.390099999999999909e+02
6.393799999999999955e+02
6.393899999999999864e+02
6.405700000000000500e+02
6.407799999999999727e+02
6.421599999999999682e+02
6.421599999999999682e+02
6.423500000000000227e+02
6.434099999999999682e+02
6.434600000000000364e+02
6.442000000000000455e+02
6.452799999999999727e+02
6.453799999999999955e+02
6.469500000000000455e+02
6.480399999999999636e+02
6.487799999999999727e+02
6.495700000000000500e+02
6.500399999999999636e+02
6.509500000000000455e+02
6.509600000000000364e+02
6.511399999999999864e+02
6.512300000000000182e+02
6.523100000000000591e+02
6.523999999999999773e+02
6.528200000000000500e+02
6.531399999999999864e+02
6.533700000000000045e+02
6.539199999999999591e+02
6.541699999999999591e+02
6.542500000000000000e+02
6.548700000000000045e+02
6.549199999999999591e+02
6.551699999999999591e+02
6.551800000000000637e+02
6.555900000000000318e+02
6.560600000000000591e+02
6.560700000000000500e+02
6.561900000000000546e+02
6.562000000000000455e+02
6.563000000000000682e+02
6.563200000000000500e+02
6.577300000000000182e+02
6.577500000000000000e+02
6.581000000000000227e+02
6.582699999999999818e+02
6.582799999999999727e+02
6.583500000000000227e+02
6.585900000000000318e+02
6.588300000000000409e+02
6.588700000000000045e+02
6.608600000000000136e+02
6.609500000000000455e+02
6.609500000000000455e+02
6.634099999999999682e+02
6.646399999999999864e+02
6.655500000000000682e+02
6.655900000000000318e+02
6.665000000000000000e+02
6.669400000000000546e+02
6.675299999999999727e+02
6.677000000000000455e+02
6.680099999999999909e+02
6.681399999999999864e+02
6.689199999999999591e+02
6.699400000000000546e+02
6.700199999999999818e+02
6.700600000000000591e+02
6.701000000000000227e+02
6.702899999999999636e+02
6.706299999999999955e+02
6.710500000000000682e+02
6.716900000000000546e+02
6.719099999999999682e+02
6.722200000000000273e+02
6.722500000000000000e+02
6.723500000000000227e+02
6.726000000000000227e+02
6.726900000000000546e+02
6.727599999999999909e+02
6.728200000000000500e+02
6.735099999999999909e+02
6.738300000000000409e+02
6.741200000000000045e+02
6.746399999999999864e+02
6.747799999999999727e+02
6.748200000000000500e+02
6.748300000000000409e+02
6.756800000000000637e+02
6.761200000000000045e+02
6.765500000000000682e+02
6.766000000000000227e+02
6.769300000000000637e+02
6.774600000000000364e+02
6.777400000000000091e+02
6.784700000000000273e+02
6.785500000000000682e+02
6.791100000000000136e+02
6.793999999999999773e+02
6.809300000000000637e+02
6.839500000000000455e+02
6.845700000000000500e+02
6.853200000000000500e+02
6.857100000000000364e+02
6.859800000000000182e+02
6.860800000000000409e+02
6.863700000000000045e+02
6.863899999999999864e+02
6.875199999999999818e+02
6.881200000000000045e+02
6.882400000000000091e+02
6.884500000000000455e+02
6.885099999999999909e+02
6.885399999999999636e+02
6.889099999999999682e+02
6.889199999999999591e+02
6.890299999999999727e+02
6.894600000000000364e+02
6.904800000000000182e+02
6.905199999999999818e+02
6.909600000000000364e+02
6.911699999999999591e+02
6.912899999999999636e+02
6.917100000000000364e+02
6.917500000000000000e+02
6.927400000000000091e+02
6.932400000000000091e+02
6.933500000000000227e+02
6.939900000000000091e+02
6.944199999999999591e+02
6.945199999999999818e+02
6.953500000000000227e+02
6.959900000000000091e+02
6.960399999999999636e+02
6.963600000000000136e+02
6.963999999999999773e+02
6.972500000000000000e+02
6.974500000000000455e+02
6.992400000000000091e+02
7.000500000000000682e+02
7.004700000000000273e+02
7.006200000000000045e+02
7.013300000000000409e+02
7.015199999999999818e+02
7.020399999999999636e+02
7.025000000000000000e+02
7.027000000000000455e+02
7.030500000000000682e+02
7.033999999999999773e+02
7.036499999999999773e+02
7.037100000000000364e+02
7.038999999999999773e+02
7.040500000000000682e+02
7.044600000000000364e+02
7.052699999999999818e+02
7.052899999999999636e+02
7.054700000000000273e+02
7.056900000000000546e+02
7.057000000000000455e+02
7.061200000000000045e+02
7.064700000000000273e+02
7.065600000000000591e+02
7.073799999999999955e+02
7.075700000000000500e+02
7.078899999999999864e+02
7.082799999999999727e+02
7.084900000000000091e+02
7.087599999999999909e+02
7.095000000000000000e+02
7.097899999999999636e+02
7.099400000000000546e+02
7.099700000000000273e+02
7.106299999999999955e+02
7.107400000000000091e+02
7.119300000000000637e+02
7.124099999999999682e+02
7.133700000000000045e+02
7.133799999999999955e+02
7.135000000000000000e+02
7.138700000000000045e+02
7.141399999999999864e+02
7.146399999999999864e+02
7.151200000000000045e+02
7.158899999999999864e+02
7.160099999999999909e+02
7.169800000000000182e+02
7.170199999999999818e+02
7.171800000000000637e+02
7.173799999999999955e+02
7.180500000000000682e+02
7.181200000000000045e+02
7.187000000000000455e+02
7.194700000000000273e+02
7.196299999999999955e+02
7.197400000000000091e+02
7.197500000000000000e+02
7.201000000000000227e+02
7.202699999999999818e+02
7.212500000000000000e+02
7.214700000000000273e+02
7.215000000000000000e+02
7.217699999999999818e+02
7.227300000000000182e+02
7.228500000000000227e+02
7.229300000000000637e+02
7.230800000000000409e+02
7.239099999999999682e+02
7.239600000000000364e+02
7.241900000000000546e+02
7.243899999999999864e+02
7.245600000000000591e+02
7.247400000000000091e+02
7.249400000000000546e+02
7.251499999999999773e+02
7.251900000000000546e+02
7.259700000000000273e+02
7.267699999999999818e+02
7.268300000000000409e+02
7.269400000000000546e+02
7.278899999999999864e+02
7.288400000000000318e+02
7.291399999999999864e+02
7.295299999999999727e+02
7.305099999999999909e+02
7.318200000000000500e+02
7.322599999999999909e+02
7.324400000000000546e+02
7.325500000000000682e+02
7.335700000000000500e+02
7.338999999999999773e+02
7.343600000000000136e+02
7.343700000000000045e+02
7.345199999999999818e+02
7.352699999999999818e+02
7.353300000000000409e+02
7.359700000000000273e+02
7.364900000000000091e+02
7.367100000000000364e+02
7.369700000000000273e+02
7.370800000000000409e+02
7.372000000000000455e+02
7.373700000000000045e+02
7.380199999999999818e+02
7.380700000000000500e+02
7.387599999999999909e+02
7.387699999999999818e+02
7.388200000000000500e+02
7.389099999999999682e+02
7.393999999999999773e+02
7.401599999999999682e+02
7.407799999999999727e+02
7.409300000000000637e+02
7.412300000000000182e+02
7.421200000000000045e+02
7.421499999999999773e+02
7.424199999999999591e+02
7.430700000000000500e+02
7.436399999999999864e+02
7.439500000000000455e+02
7.441599999999999682e+02
7.446399999999999864e+02
7.452400000000000091e+02
7.458899999999999864e+02
7.465900000000000318e+02
7.480900000000000318e+02
7.484800000000000182e+02
7.490199999999999818e+02
7.491000000000000227e+02
7.491399999999999864e+02
7.495600000000000591e+02
7.497400000000000091e+02
7.501699999999999591e+02
7.502300000000000182e+02
7.507599999999999909e+02
7.511800000000000637e+02
7.512000000000000455e+02
7.522000000000000455e+02
7.522599999999999909e+02
7.523300000000000409e+02
7.526599999999999682e+02
7.527000000000000455e+02
7.529700000000000273e+02
7.537100000000000364e+02
7.541299999999999955e+02
7.543999999999999773e+02
7.550900000000000318e+02
7.552400000000000091e+02
7.557699999999999818e+02
7.559800000000000182e+02
7.563999999999999773e+02
7.566000000000000227e+02
7.566399999999999864e+02
7.573100000000000591e+02
7.573899999999999864e+02
7.576299999999999955e+02
7.580399999999999636e+02
7.583600000000000136e+02
7.585900000000000318e+02
7.588600000000000136e+02
7.588700000000000045e+02
7.594400000000000546e+02
7.608600000000000136e+02
7.608700000000000045e+02
7.609300000000000637e+02
7.611599999999999682e+02
7.618100000000000591e+02
7.619800000000000182e+02
7.635299999999999727e+02
7.636399999999999864e+02
7.639500000000000455e+02
7.647599999999999909e+02
7.648700000000000045e+02
7.654800000000000182e+02
7.655900000000000318e+02
7.661499999999999773e+02
7.662300000000000182e+02
7.664200000000000728e+02
7.667100000000000364e+02
7.669400000000000546e+02
7.673300000000000409e+02
7.675199999999999818e+02
7.681700000000000728e+02
7.683899999999999864e+02
7.692200000000000273e+02
7.696499999999999773e+02
7.696599999999999682e+02
7.697300000000000182e+02
7.702000000000000455e+02
7.703400000000000318e+02
7.704300000000000637e+02
7.714800000000000182e+02
7.715000000000000000e+02
7.717100000000000364e+02
7.719099999999999682e+02
7.723100000000000591e+02
7.723300000000000409e+02
7.727000000000000455e+02
7.733899999999999864e+02
7.737799999999999727e+02
7.739700000000000273e+02
7.747899999999999636e+02
7.752100000000000364e+02
7.753999999999999773e+02
7.754300000000000637e+02
7.756100000000000136e+02
7.765700000000000500e+02
7.766000000000000227e+02
7.770800000000000409e+02
7.775399999999999636e+02
7.783700000000000045e+02
7.795099999999999909e+02
7.807899999999999636e+02
7.811399999999999864e+02
7.813200000000000500e+02
7.814500000000000455e+02
7.820000000000000000e+02
7.821000000000000227e+02
7.826000000000000227e+02
7.837599999999999909e+02
7.837699999999999818e+02
7.840000000000000000e+02
7.840700000000000500e+02
7.842100000000000364e+02
7.850900000000000318e+02
7.850900000000000318e+02
7.856499999999999773e+02
7.857799999999999727e+02
7.860099999999999909e+02
7.863400000000000318e+02
7.870700000000000500e+02
7.871499999999999773e+02
7.876900000000000546e+02
7.880099999999999909e+02
7.881700000000000728e+02
7.883700000000000045e+02
7.885299999999999727e+02
7.890099999999999909e+02
7.891000000000000227e+02
7.897400000000000091e+02
7.897699999999999818e+02
7.900299999999999727e+02
7.900800000000000409e+02
7.911200000000000045e+02
7.912799999999999727e+02
7.917899999999999636e+02
7.923300000000000409e+02
7.927200000000000273e+02
7.928600000000000136e+02
7.929800000000000182e+02
7.929800000000000182e+02
7.936700000000000728e+02
7.943700000000000045e+02
7.945299999999999727e+02
7.948500000000000227e+02
7.962599999999999909e+02
7.964900000000000091e+02
7.972899999999999636e+02
7.983300000000000409e+02
7.992100000000000364e+02
7.994500000000000455e+02
7.997100000000000364e+02
8.008600000000000136e+02
8.008799999999999955e+02
8.015900000000000318e+02
8.018200000000000500e+02
8.021399999999999864e+02
8.023100000000000591e+02
8.026499999999999773e+02
8.029099999999999682e+02
8.029099999999999682e+02
8.036299999999999955e+02
8.037599999999999909e+02
8.038899999999999864e+02
8.041100000000000136e+02
8.045399999999999636e+02
8.050700000000000500e+02
8.055099999999999909e+02
8.059300000000000637e+02
8.060500000000000682e+02
8.061499999999999773e+02
8.067799999999999727e+02
8.070800000000000409e+02
8.071299999999999955e+02
8.074700000000000273e+02
8.080000000000000000e+02
8.080700000000000500e+02
8.090500000000000682e+02
8.093300000000000409e+02
8.101900000000000546e+02
8.105600000000000591e+02
8.110800000000000409e+02
8.111399999999999864e+02
8.113700000000000045e+02
8.115600000000000591e+02
8.116499999999999773e+02
8.117599999999999909e+02
8.119700000000000273e+02
8.125900000000000318e+02
8.128600000000000136e+02
8.130900000000000318e+02
8.133999999999999773e+02
8.136599999999999682e+02
8.138600000000000136e+02
8.149700000000000273e+02
8.153700000000000045e+02
8.158899999999999864e+02
8.159200000000000728e+02
8.161200000000000045e+02
8.174200000000000728e+02
8.183300000000000409e+02
8.183700000000000045e+02
8.183899999999999864e+02
8.184500000000000455e+02
8.189300000000000637e+02
8.190600000000000591e+02
8.197000000000000455e+02
8.203100000000000591e+02
8.205800000000000409e+02
8.207200000000000273e+02
8.209300000000000637e+02
8.211200000000000045e+02
8.220099999999999909e+02
8.223799999999999955e+02
8.226800000000000637e+02
8.229800000000000182e+02
8.232699999999999818e+02
8.239099999999999682e+02
8.244099999999999682e+02
8.250299999999999727e+02
8.252899999999999636e+02
8.258200000000000500e+02
8.259700000000000273e+02
8.260000000000000000e+02
8.267200000000000273e+02
8.273600000000000136e+02
8.280199999999999818e+02
8.280700000000000500e+02
8.281700000000000728e+02
8.282899999999999636e+02
8.290500000000000682e+02
8.295000000000000000e+02
8.302699999999999818e+02
8.307300000000000182e+02
8.308700000000000045e+02
8.315099999999999909e+02
8.317400000000000091e+02
8.324600000000000364e+02
8.326299999999999955e+02
8.327300000000000182e+02
8.330800000000000409e+02
8.335900000000000318e+02
8.343000000000000682e+02
8.343500000000000227e+02
8.349900000000000091e+02
8.351100000000000136e+02
8.351700000000000728e+02
8.353899999999999864e+02
8.358700000000000045e+02
8.363000000000000682e+02
8.373700000000000045e+02
8.374500000000000455e+02
8.379099999999999682e+02
8.384200000000000728e+02
8.397799999999999727e+02
8.397799999999999727e+02
8.397899999999999636e+02
8.399500000000000455e+02
8.402599999999999909e+02
8.405199999999999818e+02
8.406599999999999682e+02
8.412899999999999636e+02
8.413700000000000045e+02
8.415199999999999818e+02
8.417500000000000000e+02
8.424600000000000364e+02
8.425299999999999727e+02
8.428500000000000227e+02
8.435199999999999818e+02
8.438400000000000318e+02
8.438500000000000227e+02
8.444800000000000182e+02
8.450399999999999636e+02
8.473500000000000227e+02
8.485900000000000318e+02
8.493899999999999864e+02
8.497400000000000091e+02
8.497899999999999636e+02
8.505900000000000318e+02
8.510399999999999636e+02
8.512100000000000364e+02
8.512699999999999818e+02
8.526299999999999955e+02
8.527100000000000364e+02
8.528000000000000682e+02
8.528200000000000500e+02
8.535299999999999727e+02
8.536200000000000045e+02
8.543999999999999773e+02
8.547500000000000000e+02
8.552000000000000455e+02
8.553400000000000318e+02
8.554700000000000273e+02
8.557699999999999818e+02
8.558899999999999864e+02
8.564900000000000091e+02
8.574500000000000455e+02
8.575099999999999909e+02
8.585099999999999909e+02
8.585800000000000409e+02
8.594500000000000455e+02
8.598400000000000318e+02
8.604700000000000273e+02
8.605000000000000000e+02
8.608000000000000682e+02
8.623000000000000682e+02
8.627100000000000364e+02
8.629700000000000273e+02
8.641299999999999955e+02
8.646900000000000546e+02
8.647000000000000455e+02
8.647100000000000364e+02
8.648500000000000227e+02
8.648500000000000227e+02
8.650800000000000409e+02
8.654500000000000455e+02
8.660500000000000682e+02
8.668899999999999864e+02
8.672000000000000455e+02
8.675399999999999636e+02
8.678700000000000045e+02
8.679300000000000637e+02
8.685099999999999909e+02
8.695399999999999636e+02
8.695600000000000591e+02
8.697100000000000364e+02
8.699300000000000637e+02
8.704200000000000728e+02
8.706800000000000637e+02
8.708400000000000318e+02
8.715299999999999727e+02
8.720299999999999727e+02
8.721700000000000728e+02
8.731900000000000546e+02
8.740800000000000409e+02
8.742400000000000091e+02
8.746299999999999955e+02
8.746599999999999682e+02
8.747400000000000091e+02
8.750199999999999818e+02
8.755900000000000318e+02
8.756900000000000546e+02
8.768300000000000409e+02
8.768500000000000227e+02
8.768700000000000045e+02
8.769099999999999682e+02
8.774900000000000091e+02
8.783999999999999773e+02
8.788999999999999773e+02
8.790399999999999636e+02
8.792000000000000455e+02
8.801399999999999864e+02
8.801499999999999773e+02
8.802000000000000455e+02
8.806000000000000227e+02
8.807100000000000364e+02
8.814300000000000637e+02
8.822300000000000182e+02
8.827799999999999727e+02
8.837100000000000364e+02
8.837400000000000091e+02
8.843000000000000682e+02
8.843100000000000591e+02
8.848999999999999773e+02
8.858600000000000136e+02
8.863300000000000409e+02
8.864400000000000546e+02
8.865099999999999909e+02
8.868300000000000409e+02
8.870500000000000682e+02
8.872599999999999909e+02
8.879200000000000728e+02
8.880399999999999636e+02
8.881499999999999773e+02
8.888799999999999955e+02
8.893000000000000682e+02
8.900900000000000318e+02
8.903600000000000136e+02
8.904600000000000364e+02
8.910500000000000682e+02
8.911399999999999864e+02
8.913000000000000682e+02
8.921100000000000136e+02
8.923899999999999864e+02
8.929900000000000091e+02
8.931100000000000136e+02
8.932300000000000182e+02
8.934500000000000455e+02
8.935399999999999636e+02
8.950199999999999818e+02
8.951900000000000546e+02
8.955600000000000591e+02
8.955900000000000318e+02
8.956599999999999682e+02
8.957000000000000455e+02
8.965900000000000318e+02
8.967100000000000364e+02
8.977000000000000455e+02
8.986000000000000227e+02
8.986100000000000136e+02
8.988799999999999955e+02
8.990299999999999727e+02
8.994900000000000091e+02
9.003500000000000227e+02
9.007200000000000273e+02
9.011499999999999773e+02
9.014400000000000546e+02
9.015600000000000591e+02
9.022599999999999909e+02
9.027599999999999909e+02
9.028600000000000136e+02
9.032500000000000000e+02
9.038500000000000227e+02
9.039900000000000091e+02
9.040700000000000500e+02
9.042300000000000182e+02
9.052899999999999636e+02
9.060500000000000682e+02
9.060700000000000500e+02
9.060700000000000500e+02
9.061399999999999864e+02
9.062100000000000364e+02
9.062599999999999909e+02
9.075800000000000409e+02
9.078400000000000318e+02
9.080600000000000591e+02
9.084500000000000455e+02
9.089700000000000273e+02
9.090600000000000591e+02
9.096200000000000045e+02
9.098600000000000136e+02
9.101100000000000136e+02
9.110500000000000682e+02
9.110500000000000682e+02
9.117699999999999818e+02
9.121800000000000637e+02
9.126499999999999773e+02
9.132300000000000182e+02
9.132500000000000000e+02
9.138600000000000136e+02
9.140199999999999818e+02
9.141900000000000546e+02
9.158400000000000318e+02
9.163600000000000136e+02
9.167500000000000000e+02
9.168100000000000591e+02
9.177000000000000455e+02
9.186299999999999955e+02
9.188799999999999955e+02
9.188999999999999773e+02
9.189400000000000546e+02
9.193999999999999773e+02
9.195199999999999818e+02
9.202599999999999909e+02
9.203600000000000136e+02
9.209600000000000364e+02
9.215500000000000682e+02
9.217100000000000364e+02
9.225900000000000318e+02
9.232799999999999727e+02
9.234200000000000728e+02
9.235299999999999727e+02
9.236499999999999773e+02
9.240800000000000409e+02
9.243000000000000682e+02
9.252599999999999909e+02
9.260600000000000591e+02
9.262599999999999909e+02
9.269800000000000182e+02
9.273500000000000227e+02
9.281000000000000227e+02
9.290500000000000682e+02
9.290900000000000318e+02
9.292200000000000273e+02
9.295399999999999636e+02
9.295700000000000500e+02
9.297699999999999818e+02
9.299400000000000546e+02
9.304600000000000364e+02
9.316000000000000227e+02
9.317899999999999636e+02
9.325900000000000318e+02
9.327799999999999727e+02
9.332100000000000364e+02
9.344600000000000364e+02
9.346499999999999773e+02
9.348100000000000591e+02
9.357899999999999636e+02
9.360900000000000318e+02
9.361800000000000637e+02
9.362300000000000182e+02
9.368200000000000500e+02
9.368600000000000136e+02
9.381800000000000637e+02
9.382100000000000364e+02
9.382400000000000091e+02
9.382599999999999909e+02
9.388999999999999773e+02
9.392899999999999636e+02
9.395900000000000318e+02
9.400800000000000409e+02
9.406599999999999682e+02
9.409700000000000273e+02
9.411200000000000045e+02
9.414400000000000546e+02
9.421800000000000637e+02
9.435700000000000500e+02
9.441100000000000136e+02
9.445399999999999636e+02
9.453200000000000500e+02
9.454500000000000455e+02
9.456000000000000227e+02
9.459200000000000728e+02
9.465500000000000682e+02
9.466100000000000136e+02
9.471900000000000546e+02
9.472500000000000000e+02
9.478300000000000409e+02
9.479600000000000364e+02
9.480099999999999909e+02
9.482899999999999636e+02
9.483999999999999773e+02
9.485800000000000409e+02
9.496299999999999955e+02
9.499099999999999682e+02
9.502699999999999818e+02
9.503000000000000682e+02
9.503100000000000591e+02
9.508600000000000136e+02
9.511599999999999682e+02
9.520500000000000682e+02
9.537100000000000364e+02
9.538400000000000318e+02
9.540800000000000409e+02
9.541900000000000546e+02
9.551700000000000728e+02
9.560199999999999818e+02
9.560299999999999727e+02
9.561200000000000045e+02
9.573400000000000318e+02
9.574099999999999682e+02
9.581399999999999864e+02
9.582100000000000364e+02
9.586700000000000728e+02
9.598300000000000409e+02
9.601499999999999773e+02
9.606100000000000136e+02
9.607200000000000273e+02
9.612100000000000364e+02
9.614300000000000637e+02
9.621900000000000546e+02
9.625800000000000409e+02
9.626800000000000637e+02
9.627500000000000000e+02
9.628200000000000500e+02
9.629800000000000182e+02
9.636599999999999682e+02
9.645199999999999818e+02
9.646100000000000136e+02
9.647000000000000455e+02
9.647200000000000273e+02
9.648999999999999773e+02
9.650900000000000318e+02
9.658899999999999864e+02
9.659300000000000637e+02
9.660299999999999727e+02
9.667500000000000000e+02
9.668100000000000591e+02
9.672000000000000455e+02
9.676700000000000728e+02
9.680900000000000318e+02
9.690000000000000000e+02
9.696399999999999864e+02
9.697400000000000091e+02
9.700299999999999727e+02
9.704300000000000637e+02
9.711700000000000728e+02
9.716800000000000637e+02
9.721100000000000136e+02
9.721900000000000546e+02
9.722899999999999636e+02
9.729600000000000364e+02
9.747599999999999909e+02
9.748899999999999864e+02
9.749900000000000091e+02
9.750600000000000591e+02
9.751299999999999955e+02
9.753700000000000045e+02
9.755500000000000682e+02
9.766800000000000637e+02
9.769400000000000546e+02
9.771599999999999682e+02
9.771700000000000728e+02
9.775900000000000318e+02
9.781299999999999955e+02
9.782899999999999636e+02
9.783899999999999864e+02
9.792699999999999818e+02
9.797300000000000182e+02
9.802000000000000455e+02
9.802300000000000182e+02
9.803100000000000591e+02
9.803799999999999955e+02
9.804300000000000637e+02
9.806700000000000728e+02
9.818200000000000500e+02
9.818300000000000409e+02
9.827400000000000091e+02
9.828799999999999955e+02
9.845700000000000500e+02
9.848200000000000500e+02
9.851499999999999773e+02
9.851599999999999682e+02
9.857300000000000182e+02
9.866100000000000136e+02
9.866900000000000546e+02
9.873200000000000500e+02
9.884700000000000273e+02
9.889300000000000637e+02
9.889400000000000546e+02
9.891000000000000227e+02
9.893500000000000227e+02
9.894300000000000637e+02
9.896700000000000728e+02
9.908999999999999773e+02
9.909900000000000091e+02
9.910099999999999909e+02
9.910199999999999818e+02
9.915400000000000773e+02
9.918500000000000227e+02
9.923100000000000591e+02
9.925299999999999727e+02
9.927000000000000455e+02
9.929500000000000455e+02
9.947200000000000273e+02
9.947500000000000000e+02
9.948500000000000227e+02
9.949800000000000182e+02
9.954400000000000546e+02
9.958999999999999773e+02
9.961399999999999864e+02
9.972200000000000273e+02
9.986700000000000728e+02
9.987699999999999818e+02
9.989300000000000637e+02
9.990199999999999818e+02
9.991000000000000227e+02
