2.850000000000000089e+00
4.799999999999999822e+00
4.810000000000000497e+00
4.870000000000000107e+00
4.980000000000000426e+00
7.009999999999999787e+00
8.689999999999999503e+00
1.083000000000000007e+01
1.085999999999999943e+01
1.266000000000000014e+01
1.291000000000000014e+01
1.300999999999999979e+01
1.473000000000000043e+01
1.699000000000000199e+01
1.701000000000000156e+01
1.880999999999999872e+01
2.071000000000000085e+01
2.107000000000000028e+01
2.299000000000000199e+01
2.469000000000000128e+01
2.485000000000000142e+01
2.653000000000000114e+01
2.685999999999999943e+01
2.706000000000000227e+01
2.708000000000000185e+01
2.714000000000000057e+01
2.873000000000000043e+01
2.928999999999999915e+01
3.078000000000000114e+01
3.117999999999999972e+01
3.281000000000000227e+01
3.286999999999999744e+01
3.513000000000000256e+01
3.516000000000000369e+01
3.671000000000000085e+01
3.688000000000000256e+01
3.889000000000000057e+01
3.893999999999999773e+01
4.063000000000000256e+01
4.099000000000000199e+01
4.257000000000000028e+01
4.273000000000000398e+01
4.470000000000000284e+01
4.475999999999999801e+01
4.657000000000000028e+01
4.686999999999999744e+01
4.693999999999999773e+01
4.717000000000000171e+01
4.860999999999999943e+01
4.923000000000000398e+01
5.088000000000000256e+01
5.245000000000000284e+01
5.289000000000000057e+01
5.642999999999999972e+01
5.646000000000000085e+01
5.673000000000000398e+01
5.857000000000000028e+01
5.928000000000000114e+01
6.078999999999999915e+01
6.096000000000000085e+01
6.299000000000000199e+01
6.646000000000000796e+01
6.651000000000000512e+01
6.678000000000000114e+01
6.710999999999999943e+01
6.757000000000000739e+01
6.860999999999999943e+01
6.895000000000000284e+01
7.103000000000000114e+01
7.264000000000000057e+01
7.268000000000000682e+01
7.348999999999999488e+01
7.623999999999999488e+01
7.664000000000000057e+01
7.712999999999999545e+01
7.718999999999999773e+01
7.851999999999999602e+01
7.876999999999999602e+01
8.070000000000000284e+01
8.251999999999999602e+01
8.285000000000000853e+01
8.332000000000000739e+01
8.465000000000000568e+01
8.671000000000000796e+01
8.751000000000000512e+01
8.917000000000000171e+01
9.075000000000000000e+01
9.098999999999999488e+01
9.323000000000000398e+01
9.615000000000000568e+01
9.656000000000000227e+01
9.693999999999999773e+01
1.002500000000000000e+02
1.007100000000000080e+02
1.027100000000000080e+02
1.053400000000000034e+02
1.064500000000000028e+02
1.071299999999999955e+02
1.080799999999999983e+02
1.105100000000000051e+02
1.112999999999999972e+02
1.120000000000000000e+02
1.125900000000000034e+02
1.128299999999999983e+02
1.151299999999999955e+02
1.154000000000000057e+02
1.165600000000000023e+02
1.175799999999999983e+02
1.186200000000000045e+02
1.199500000000000028e+02
1.204000000000000057e+02
1.210199999999999960e+02
1.225300000000000011e+02
1.232600000000000051e+02
1.256500000000000057e+02
1.265499999999999972e+02
1.280099999999999909e+02
1.311700000000000159e+02
1.320699999999999932e+02
1.334399999999999977e+02
1.344000000000000057e+02
1.356500000000000057e+02
1.381500000000000057e+02
1.388600000000000136e+02
1.402899999999999920e+02
1.411100000000000136e+02
1.412000000000000171e+02
1.435800000000000125e+02
1.436899999999999977e+02
1.443600000000000136e+02
1.446599999999999966e+02
1.477400000000000091e+02
1.483499999999999943e+02
1.491200000000000045e+02
1.521400000000000148e+02
1.526800000000000068e+02
1.548199999999999932e+02
1.556100000000000136e+02
1.560500000000000114e+02
1.560600000000000023e+02
1.575099999999999909e+02
1.582400000000000091e+02
1.585200000000000102e+02
1.591500000000000057e+02
1.592899999999999920e+02
1.609600000000000080e+02
1.613799999999999955e+02
1.619099999999999966e+02
1.657000000000000171e+02
1.659799999999999898e+02
1.669300000000000068e+02
1.680999999999999943e+02
1.694699999999999989e+02
1.708100000000000023e+02
1.731899999999999977e+02
1.735200000000000102e+02
1.739900000000000091e+02
1.762400000000000091e+02
1.763600000000000136e+02
1.768000000000000114e+02
1.784600000000000080e+02
1.792400000000000091e+02
1.794699999999999989e+02
1.806899999999999977e+02
1.814799999999999898e+02
1.835999999999999943e+02
1.846700000000000159e+02
1.857500000000000000e+02
1.862100000000000080e+02
1.875999999999999943e+02
1.889000000000000057e+02
1.893199999999999932e+02
1.910699999999999932e+02
1.911100000000000136e+02
1.915300000000000011e+02
1.943400000000000034e+02
1.947899999999999920e+02
1.996500000000000057e+02
2.010500000000000114e+02
2.026100000000000136e+02
2.035699999999999932e+02
2.039000000000000057e+02
2.047599999999999909e+02
2.053199999999999932e+02
2.061899999999999977e+02
2.065300000000000011e+02
2.070099999999999909e+02
2.100800000000000125e+02
2.106400000000000148e+02
2.113199999999999932e+02
2.115099999999999909e+02
2.130399999999999920e+02
2.138400000000000034e+02
2.156400000000000148e+02
2.160699999999999932e+02
2.185500000000000114e+02
2.191500000000000057e+02
2.198100000000000023e+02
2.202599999999999909e+02
2.229500000000000171e+02
2.237199999999999989e+02
2.241299999999999955e+02
2.277599999999999909e+02
2.290000000000000000e+02
2.299900000000000091e+02
2.312800000000000011e+02
2.320600000000000023e+02
2.326100000000000136e+02
2.349500000000000171e+02
2.356899999999999977e+02
2.357500000000000000e+02
2.373400000000000034e+02
2.379600000000000080e+02
2.379699999999999989e+02
2.389000000000000057e+02
2.401299999999999955e+02
2.406599999999999966e+02
2.441800000000000068e+02
2.449200000000000159e+02
2.461599999999999966e+02
2.470000000000000000e+02
2.470800000000000125e+02
2.483300000000000125e+02
2.492100000000000080e+02
2.500500000000000114e+02
2.507500000000000000e+02
2.515000000000000000e+02
2.520500000000000114e+02
2.550399999999999920e+02
2.557300000000000182e+02
2.561100000000000136e+02
2.568500000000000227e+02
2.579800000000000182e+02
2.591200000000000045e+02
2.599399999999999977e+02
2.628500000000000227e+02
2.667900000000000205e+02
2.697300000000000182e+02
2.722200000000000273e+02
2.727500000000000000e+02
2.736500000000000341e+02
2.759700000000000273e+02
2.765600000000000023e+02
2.775400000000000205e+02
2.808100000000000023e+02
2.818799999999999955e+02
2.829599999999999795e+02
2.859900000000000091e+02
2.860799999999999841e+02
2.866800000000000068e+02
2.889499999999999886e+02
2.894399999999999977e+02
2.927099999999999795e+02
2.942599999999999909e+02
2.950199999999999818e+02
2.974700000000000273e+02
2.990099999999999909e+02
2.999399999999999977e+02
3.003500000000000227e+02
3.026600000000000250e+02
3.043199999999999932e+02
3.056100000000000136e+02
3.061200000000000045e+02
3.081200000000000045e+02
3.086800000000000068e+02
3.102099999999999795e+02
3.137599999999999909e+02
3.167400000000000091e+02
3.197200000000000273e+02
3.199100000000000250e+02
3.222300000000000182e+02
3.232699999999999818e+02
3.240400000000000205e+02
3.243199999999999932e+02
3.286000000000000227e+02
3.295600000000000023e+02
3.298400000000000318e+02
3.313299999999999841e+02
3.324900000000000091e+02
3.326899999999999977e+02
3.332800000000000296e+02
3.336100000000000136e+02
3.364700000000000273e+02
3.367800000000000296e+02
3.374300000000000068e+02
3.425400000000000205e+02
3.448799999999999955e+02
3.481200000000000045e+02
3.489499999999999886e+02
3.504900000000000091e+02
3.505199999999999818e+02
3.510300000000000296e+02
3.513000000000000114e+02
3.544700000000000273e+02
3.566200000000000045e+02
3.575400000000000205e+02
3.585900000000000318e+02
3.602699999999999818e+02
3.613400000000000318e+02
3.636899999999999977e+02
3.647900000000000205e+02
3.672099999999999795e+02
3.684900000000000091e+02
3.704399999999999977e+02
3.749900000000000091e+02
3.772200000000000273e+02
3.785900000000000318e+02
3.832100000000000364e+02
3.853500000000000227e+02
3.861800000000000068e+02
3.875199999999999818e+02
3.893700000000000045e+02
3.897200000000000273e+02
3.902599999999999909e+02
3.932599999999999909e+02
3.947800000000000296e+02
3.973100000000000023e+02
3.996000000000000227e+02
4.010000000000000000e+02
4.030900000000000318e+02
4.048700000000000045e+02
4.093600000000000136e+02
4.125400000000000205e+02
4.126299999999999955e+02
4.148600000000000136e+02
4.172599999999999909e+02
4.183799999999999955e+02
4.190799999999999841e+02
4.222500000000000000e+02
4.274100000000000250e+02
4.325500000000000114e+02
4.331999999999999886e+02
4.358899999999999864e+02
4.364600000000000364e+02
4.391500000000000341e+02
4.425900000000000318e+02
4.444300000000000068e+02
4.449600000000000364e+02
4.463400000000000318e+02
4.472100000000000364e+02
4.517900000000000205e+02
4.532200000000000273e+02
4.635000000000000000e+02
4.643700000000000045e+02
4.692100000000000364e+02
4.732200000000000273e+02
4.733700000000000045e+02
4.770099999999999909e+02
4.774600000000000364e+02
4.801899999999999977e+02
4.834700000000000273e+02
4.851600000000000250e+02
4.866999999999999886e+02
4.874399999999999977e+02
4.875900000000000318e+02
4.903100000000000023e+02
4.935000000000000000e+02
4.944000000000000341e+02
4.947200000000000273e+02
4.984100000000000250e+02
5.011299999999999955e+02
5.051600000000000250e+02
5.101399999999999864e+02
5.133700000000000045e+02
5.183600000000000136e+02
5.193600000000000136e+02
5.203899999999999864e+02
5.251900000000000546e+02
5.263799999999999955e+02
5.284300000000000637e+02
5.303100000000000591e+02
5.343400000000000318e+02
5.362500000000000000e+02
5.382200000000000273e+02
5.397599999999999909e+02
5.403799999999999955e+02
5.436100000000000136e+02
5.436299999999999955e+02
5.490000000000000000e+02
5.513600000000000136e+02
5.540600000000000591e+02
5.561800000000000637e+02
5.583600000000000136e+02
5.618999999999999773e+02
5.622000000000000455e+02
5.654600000000000364e+02
5.669700000000000273e+02
5.743200000000000500e+02
5.788700000000000045e+02
5.796100000000000136e+02
5.813700000000000045e+02
5.820000000000000000e+02
5.863999999999999773e+02
5.871699999999999591e+02
5.878200000000000500e+02
5.906399999999999864e+02
5.959600000000000364e+02
5.980000000000000000e+02
6.002400000000000091e+02
6.008999999999999773e+02
6.018000000000000682e+02
6.060000000000000000e+02
6.087799999999999727e+02
6.155199999999999818e+02
6.159600000000000364e+02
6.190500000000000682e+02
6.202500000000000000e+02
6.223999999999999773e+02
6.252699999999999818e+02
6.286200000000000045e+02
6.310299999999999727e+02
6.348600000000000136e+02
6.353300000000000409e+02
6.395399999999999636e+02
6.421699999999999591e+02
6.435600000000000591e+02
6.453899999999999864e+02
6.489800000000000182e+02
6.498300000000000409e+02
6.513799999999999955e+02
6.542699999999999818e+02
6.568000000000000682e+02
6.576800000000000637e+02
6.614700000000000273e+02
6.619900000000000091e+02
6.621399999999999864e+02
6.624500000000000455e+02
6.657100000000000364e+02
6.670500000000000682e+02
6.686800000000000637e+02
6.715900000000000318e+02
6.739199999999999591e+02
6.766000000000000227e+02
6.768400000000000318e+02
6.799300000000000637e+02
6.830700000000000500e+02
6.860700000000000500e+02
6.865700000000000500e+02
6.904500000000000455e+02
6.917500000000000000e+02
6.958100000000000591e+02
6.982000000000000455e+02
7.013899999999999864e+02
7.019099999999999682e+02
7.025600000000000591e+02
7.047599999999999909e+02
7.077799999999999727e+02
7.106100000000000136e+02
7.120099999999999909e+02
7.166200000000000045e+02
7.177699999999999818e+02
7.193999999999999773e+02
7.235000000000000000e+02
7.259099999999999682e+02
7.276100000000000136e+02
7.279900000000000091e+02
7.287500000000000000e+02
7.320700000000000500e+02
7.322799999999999727e+02
7.347200000000000273e+02
7.348300000000000409e+02
7.358999999999999773e+02
7.368799999999999955e+02
7.372000000000000455e+02
7.378799999999999955e+02
7.398200000000000500e+02
7.435900000000000318e+02
7.448000000000000682e+02
7.449400000000000546e+02
7.457500000000000000e+02
7.459900000000000091e+02
7.489400000000000546e+02
7.505900000000000318e+02
7.513799999999999955e+02
7.528700000000000045e+02
7.536000000000000227e+02
7.537000000000000455e+02
7.572100000000000364e+02
7.575099999999999909e+02
7.589800000000000182e+02
7.597200000000000273e+02
7.610199999999999818e+02
7.620000000000000000e+02
7.629199999999999591e+02
7.669300000000000637e+02
7.679400000000000546e+02
7.705399999999999636e+02
7.718100000000000591e+02
7.727400000000000091e+02
7.740600000000000591e+02
7.766399999999999864e+02
7.768700000000000045e+02
7.778999999999999773e+02
7.790199999999999818e+02
7.800199999999999818e+02
7.810700000000000500e+02
7.841100000000000136e+02
7.846499999999999773e+02
7.846599999999999682e+02
7.903100000000000591e+02
7.903600000000000136e+02
7.910199999999999818e+02
7.927699999999999818e+02
7.938200000000000500e+02
7.949600000000000364e+02
7.952100000000000364e+02
7.981299999999999955e+02
7.988100000000000591e+02
7.996900000000000546e+02
8.001399999999999864e+02
8.016499999999999773e+02
8.030199999999999818e+02
8.039500000000000455e+02
8.046900000000000546e+02
8.097300000000000182e+02
8.104300000000000637e+02
8.119700000000000273e+02
8.131499999999999773e+02
8.145299999999999727e+02
8.156599999999999682e+02
8.179099999999999682e+02
8.183899999999999864e+02
8.189800000000000182e+02
8.193200000000000500e+02
8.212799999999999727e+02
8.216800000000000637e+02
8.240600000000000591e+02
8.266100000000000136e+02
8.277100000000000364e+02
8.289600000000000364e+02
8.293999999999999773e+02
8.305600000000000591e+02
8.318200000000000500e+02
8.340600000000000591e+02
8.363200000000000500e+02
8.378400000000000318e+02
8.384800000000000182e+02
8.400199999999999818e+02
8.422300000000000182e+02
8.425399999999999636e+02
8.434400000000000546e+02
8.452500000000000000e+02
8.458899999999999864e+02
8.464200000000000728e+02
8.500399999999999636e+02
8.510199999999999818e+02
8.511200000000000045e+02
8.524500000000000455e+02
8.546700000000000728e+02
8.557100000000000364e+02
8.582100000000000364e+02
8.588899999999999864e+02
8.597899999999999636e+02
8.610399999999999636e+02
8.626200000000000045e+02
8.648400000000000318e+02
8.675800000000000409e+02
8.696599999999999682e+02
8.725900000000000318e+02
8.758000000000000682e+02
8.764400000000000546e+02
8.790700000000000500e+02
8.793100000000000591e+02
8.796100000000000136e+02
8.804500000000000455e+02
8.818899999999999864e+02
8.827899999999999636e+02
8.841399999999999864e+02
8.844400000000000546e+02
8.849500000000000455e+02
8.875800000000000409e+02
8.881599999999999682e+02
8.900299999999999727e+02
8.910299999999999727e+02
8.931800000000000637e+02
8.943500000000000227e+02
8.954900000000000091e+02
8.956399999999999864e+02
8.978300000000000409e+02
8.983600000000000136e+02
8.994600000000000364e+02
9.000000000000000000e+02
9.037599999999999909e+02
9.044800000000000182e+02
9.059600000000000364e+02
9.076399999999999864e+02
9.082200000000000273e+02
9.098700000000000045e+02
9.113200000000000500e+02
9.119900000000000091e+02
9.131000000000000227e+02
9.140399999999999636e+02
9.152500000000000000e+02
9.155199999999999818e+02
9.162799999999999727e+02
9.164900000000000091e+02
9.169700000000000273e+02
9.174700000000000273e+02
9.197300000000000182e+02
9.218500000000000227e+02
9.233600000000000136e+02
9.255500000000000682e+02
9.257000000000000455e+02
9.279300000000000637e+02
9.296700000000000728e+02
9.305800000000000409e+02
9.318600000000000136e+02
9.334099999999999682e+02
9.339900000000000091e+02
9.356100000000000136e+02
9.377500000000000000e+02
9.377500000000000000e+02
9.384200000000000728e+02
9.398600000000000136e+02
9.417300000000000182e+02
9.433700000000000045e+02
9.438200000000000500e+02
9.442899999999999636e+02
9.477799999999999727e+02
9.497100000000000364e+02
9.500199999999999818e+02
9.502400000000000091e+02
9.521700000000000728e+02
9.536000000000000227e+02
9.537599999999999909e+02
9.538700000000000045e+02
9.553500000000000227e+02
9.558799999999999955e+02
9.559300000000000637e+02
9.561000000000000227e+02
9.582599999999999909e+02
9.597899999999999636e+02
9.619099999999999682e+02
9.620600000000000591e+02
9.625099999999999909e+02
9.655199999999999818e+02
9.675199999999999818e+02
9.676599999999999682e+02
9.678500000000000227e+02
9.697100000000000364e+02
9.699099999999999682e+02
9.700299999999999727e+02
9.721800000000000637e+02
9.724099999999999682e+02
9.755900000000000318e+02
9.794800000000000182e+02
9.795800000000000409e+02
9.796599999999999682e+02
9.801200000000000045e+02
9.836100000000000136e+02
9.836499999999999773e+02
9.837599999999999909e+02
9.857200000000000273e+02
9.877500000000000000e+02
9.897400000000000091e+02
9.919300000000000637e+02
9.919400000000000546e+02
9.936399999999999864e+02
9.957400000000000091e+02
9.958200000000000500e+02
9.978500000000000227e+02
9.978799999999999955e+02
9.979500000000000455e+02
9.996000000000000227e+02
