3.605099999999999909e+02
4.322800000000000296e+02
2.628999999999999915e+01
9.812000000000000455e+01
1.182999999999999972e+02
2.184300000000000068e+02
2.295300000000000011e+02
2.786500000000000341e+02
2.881500000000000341e+02
3.088899999999999864e+02
3.595799999999999841e+02
3.712200000000000273e+02
4.095300000000000296e+02
4.699200000000000159e+02
5.294800000000000182e+02
6.118700000000000045e+02
6.535199999999999818e+02
6.815099999999999909e+02
6.916499999999999773e+02
7.113899999999999864e+02
7.932300000000000182e+02
8.650600000000000591e+02
8.745000000000000000e+02
9.541100000000000136e+02
5.259999999999999787e+00
1.528000000000000114e+01
2.489000000000000057e+01
3.649000000000000199e+01
4.625000000000000000e+01
5.607000000000000028e+01
6.590999999999999659e+01
7.612000000000000455e+01
8.704999999999999716e+01
9.579999999999999716e+01
1.161500000000000057e+02
1.264699999999999989e+02
1.465699999999999932e+02
1.571400000000000148e+02
1.666599999999999966e+02
1.761400000000000148e+02
1.869399999999999977e+02
1.969900000000000091e+02
2.063499999999999943e+02
2.165500000000000114e+02
2.274200000000000159e+02
2.372400000000000091e+02
2.393300000000000125e+02
2.572400000000000091e+02
2.672800000000000296e+02
2.783100000000000023e+02
2.870400000000000205e+02
2.960300000000000296e+02
2.981000000000000227e+02
3.082800000000000296e+02
3.173000000000000114e+02
3.273899999999999864e+02
3.670699999999999932e+02
3.774200000000000159e+02
3.876899999999999977e+02
3.982300000000000182e+02
4.087900000000000205e+02
4.168400000000000318e+02
4.189499999999999886e+02
4.278500000000000227e+02
4.373500000000000227e+02
4.478000000000000114e+02
4.680000000000000000e+02
4.774300000000000068e+02
5.082900000000000205e+02
5.202999999999999545e+02
5.273799999999999955e+02
5.383100000000000591e+02
5.501699999999999591e+02
5.578400000000000318e+02
5.606100000000000136e+02
5.692500000000000000e+02
5.787500000000000000e+02
5.811699999999999591e+02
5.991299999999999955e+02
6.083500000000000227e+02
6.104700000000000273e+02
6.295000000000000000e+02
6.379500000000000455e+02
6.403899999999999864e+02
6.583200000000000500e+02
6.693100000000000591e+02
6.793000000000000682e+02
7.000199999999999818e+02
7.090000000000000000e+02
7.198100000000000591e+02
7.292000000000000455e+02
7.489500000000000455e+02
7.515000000000000000e+02
7.586599999999999682e+02
7.607599999999999909e+02
7.692400000000000091e+02
7.796399999999999864e+02
7.909300000000000637e+02
8.104600000000000364e+02
8.208200000000000500e+02
8.294700000000000273e+02
8.315700000000000500e+02
8.413100000000000591e+02
8.515099999999999909e+02
8.602300000000000182e+02
8.623100000000000591e+02
8.710000000000000000e+02
8.810099999999999909e+02
8.892599999999999909e+02
8.918300000000000409e+02
9.008600000000000136e+02
9.208500000000000227e+02
9.300000000000000000e+02
9.397200000000000273e+02
9.703000000000000682e+02
9.799099999999999682e+02
5.679999999999999716e+00
1.492999999999999972e+01
2.464000000000000057e+01
3.546000000000000085e+01
4.621999999999999886e+01
5.510000000000000142e+01
6.582000000000000739e+01
7.507000000000000739e+01
7.715999999999999659e+01
8.554000000000000625e+01
1.050700000000000074e+02
1.152699999999999960e+02
1.251700000000000017e+02
1.272300000000000040e+02
1.354099999999999966e+02
1.374900000000000091e+02
1.458600000000000136e+02
1.552800000000000011e+02
1.652599999999999909e+02
1.750300000000000011e+02
1.771200000000000045e+02
1.858300000000000125e+02
1.953799999999999955e+02
2.048600000000000136e+02
2.070200000000000102e+02
2.154000000000000057e+02
2.178600000000000136e+02
2.264500000000000171e+02
2.369300000000000068e+02
2.446299999999999955e+02
2.467100000000000080e+02
2.560500000000000114e+02
2.649399999999999977e+02
2.749000000000000341e+02
2.773600000000000136e+02
2.848400000000000318e+02
2.868899999999999864e+02
2.970699999999999932e+02
3.060500000000000114e+02
3.162599999999999909e+02
3.267699999999999818e+02
3.365600000000000023e+02
3.461200000000000045e+02
3.563000000000000114e+02
3.656600000000000250e+02
3.761999999999999886e+02
3.863400000000000318e+02
3.961100000000000136e+02
4.066299999999999955e+02
4.154600000000000364e+02
4.269700000000000273e+02
4.361800000000000068e+02
4.463500000000000227e+02
4.567100000000000364e+02
4.665699999999999932e+02
4.751100000000000136e+02
4.857400000000000091e+02
4.968199999999999932e+02
5.063600000000000136e+02
5.085099999999999909e+02
5.159800000000000182e+02
5.260199999999999818e+02
5.281399999999999864e+02
5.353600000000000136e+02
5.374199999999999591e+02
5.475399999999999636e+02
5.562000000000000455e+02
5.655900000000000318e+02
5.762400000000000091e+02
5.857200000000000273e+02
5.956399999999999864e+02
6.065299999999999727e+02
6.086100000000000136e+02
6.155700000000000500e+02
6.178700000000000045e+02
6.259099999999999682e+02
6.283300000000000409e+02
6.352400000000000091e+02
6.372899999999999636e+02
6.482000000000000455e+02
6.567500000000000000e+02
6.654700000000000273e+02
6.676699999999999591e+02
6.765800000000000409e+02
6.858899999999999864e+02
6.972799999999999727e+02
7.059199999999999591e+02
7.080099999999999909e+02
7.156800000000000637e+02
7.270099999999999909e+02
7.371800000000000637e+02
7.467699999999999818e+02
7.554400000000000546e+02
7.661299999999999955e+02
7.682300000000000182e+02
7.766100000000000136e+02
7.869400000000000546e+02
7.958000000000000682e+02
7.978600000000000136e+02
8.073899999999999864e+02
8.097000000000000455e+02
8.157100000000000364e+02
8.196700000000000728e+02
8.268600000000000136e+02
8.364400000000000546e+02
8.387100000000000364e+02
8.460700000000000500e+02
8.486000000000000227e+02
8.557599999999999909e+02
8.589600000000000364e+02
8.656700000000000728e+02
8.677200000000000273e+02
8.761900000000000546e+02
8.868300000000000409e+02
8.889099999999999682e+02
8.963000000000000682e+02
8.984400000000000546e+02
9.053700000000000045e+02
9.077300000000000182e+02
9.165500000000000682e+02
9.196100000000000136e+02
9.260600000000000591e+02
9.281399999999999864e+02
9.359400000000000546e+02
9.382300000000000182e+02
9.467200000000000273e+02
9.572500000000000000e+02
9.597300000000000182e+02
9.650800000000000409e+02
9.672699999999999818e+02
9.758300000000000409e+02
9.779200000000000728e+02
9.865700000000000500e+02
9.886399999999999864e+02
9.972300000000000182e+02
5.540000000000000036e+00
1.561000000000000121e+01
2.562999999999999901e+01
3.536999999999999744e+01
4.431000000000000227e+01
4.653000000000000114e+01
5.538000000000000256e+01
6.706000000000000227e+01
7.534000000000000341e+01
8.498999999999999488e+01
8.771999999999999886e+01
9.504000000000000625e+01
1.053900000000000006e+02
1.147600000000000051e+02
1.168500000000000085e+02
1.251200000000000045e+02
1.359600000000000080e+02
1.450200000000000102e+02
1.563199999999999932e+02
1.649600000000000080e+02
1.671100000000000136e+02
1.752800000000000011e+02
1.849099999999999966e+02
1.948100000000000023e+02
2.050399999999999920e+02
2.071299999999999955e+02
2.151400000000000148e+02
2.172000000000000171e+02
2.239500000000000171e+02
2.262100000000000080e+02
2.346599999999999966e+02
2.367400000000000091e+02
2.450200000000000102e+02
2.540100000000000193e+02
2.642599999999999909e+02
2.748400000000000318e+02
2.769399999999999977e+02
2.843600000000000136e+02
2.942500000000000000e+02
3.048199999999999932e+02
3.149100000000000250e+02
3.248799999999999955e+02
3.348500000000000227e+02
3.437800000000000296e+02
3.468799999999999955e+02
3.542900000000000205e+02
3.644399999999999977e+02
3.746500000000000341e+02
3.844499999999999886e+02
3.938199999999999932e+02
4.041399999999999864e+02
4.062400000000000091e+02
4.143799999999999955e+02
4.250000000000000000e+02
4.343500000000000227e+02
4.439300000000000068e+02
4.461700000000000159e+02
4.539100000000000250e+02
4.563600000000000136e+02
4.630199999999999818e+02
4.744100000000000250e+02
4.846800000000000068e+02
4.948100000000000023e+02
5.041899999999999977e+02
5.132799999999999727e+02
5.234099999999999682e+02
5.332699999999999818e+02
5.353400000000000318e+02
5.432300000000000182e+02
5.456699999999999591e+02
5.533100000000000591e+02
5.558000000000000682e+02
5.632000000000000455e+02
5.652599999999999909e+02
5.738799999999999955e+02
5.831599999999999682e+02
5.852799999999999727e+02
5.937200000000000273e+02
6.031499999999999773e+02
6.052200000000000273e+02
6.133700000000000045e+02
6.156900000000000546e+02
6.232799999999999727e+02
6.254199999999999591e+02
6.343500000000000227e+02
6.444500000000000455e+02
6.533000000000000682e+02
6.566299999999999955e+02
6.639900000000000091e+02
6.825800000000000409e+02
6.846599999999999682e+02
6.931299999999999955e+02
6.952000000000000455e+02
7.032100000000000364e+02
7.052899999999999636e+02
7.130399999999999636e+02
7.243500000000000227e+02
7.339099999999999682e+02
7.435399999999999636e+02
7.456599999999999682e+02
7.544700000000000273e+02
7.634700000000000273e+02
7.666399999999999864e+02
7.720099999999999909e+02
7.740700000000000500e+02
7.764200000000000728e+02
7.830800000000000409e+02
7.851599999999999682e+02
7.958799999999999955e+02
8.037799999999999727e+02
8.126000000000000227e+02
8.151200000000000045e+02
8.235199999999999818e+02
8.337200000000000273e+02
8.422400000000000091e+02
8.442799999999999727e+02
8.535600000000000591e+02
8.626900000000000546e+02
8.647599999999999909e+02
8.720000000000000000e+02
8.822899999999999636e+02
8.922200000000000273e+02
8.944500000000000455e+02
9.023600000000000136e+02
9.147500000000000000e+02
9.215600000000000591e+02
9.236399999999999864e+02
9.258100000000000591e+02
9.319099999999999682e+02
9.346100000000000136e+02
9.428899999999999864e+02
9.449700000000000273e+02
9.526900000000000546e+02
9.550900000000000318e+02
9.620800000000000409e+02
9.719099999999999682e+02
9.742400000000000091e+02
9.816599999999999682e+02
9.918999999999999773e+02
9.940800000000000409e+02
5.089999999999999858e+00
7.330000000000000071e+00
1.803999999999999915e+01
2.619999999999999929e+01
3.527000000000000313e+01
4.609000000000000341e+01
5.493999999999999773e+01
5.702000000000000313e+01
6.532000000000000739e+01
7.456000000000000227e+01
7.678000000000000114e+01
8.465999999999999659e+01
8.690000000000000568e+01
9.493999999999999773e+01
1.062300000000000040e+02
1.156400000000000006e+02
1.250400000000000063e+02
1.271700000000000017e+02
1.367199999999999989e+02
1.444900000000000091e+02
1.542400000000000091e+02
1.569099999999999966e+02
1.645200000000000102e+02
1.741700000000000159e+02
1.851700000000000159e+02
2.047400000000000091e+02
2.152800000000000011e+02
2.242599999999999909e+02
2.336100000000000136e+02
2.443100000000000023e+02
2.536100000000000136e+02
2.735300000000000296e+02
2.759700000000000273e+02
2.829200000000000159e+02
2.850199999999999818e+02
2.929700000000000273e+02
3.048600000000000136e+02
3.133000000000000114e+02
3.341899999999999977e+02
3.434100000000000250e+02
3.531200000000000045e+02
3.640099999999999909e+02
3.662400000000000091e+02
3.741500000000000341e+02
3.819900000000000091e+02
3.840799999999999841e+02
3.927699999999999818e+02
4.035300000000000296e+02
4.126500000000000341e+02
4.231100000000000136e+02
4.252500000000000000e+02
4.329300000000000068e+02
4.437500000000000000e+02
4.519200000000000159e+02
4.540099999999999909e+02
4.625699999999999932e+02
4.651399999999999864e+02
4.727900000000000205e+02
4.821399999999999864e+02
4.846100000000000136e+02
4.915900000000000318e+02
5.027700000000000387e+02
5.111700000000000159e+02
5.332200000000000273e+02
5.427599999999999909e+02
5.513000000000000682e+02
5.537699999999999818e+02
5.620800000000000409e+02
5.703200000000000500e+02
5.726100000000000136e+02
5.913600000000000136e+02
6.030000000000000000e+02
6.110299999999999727e+02
6.221900000000000546e+02
6.309800000000000182e+02
6.423200000000000500e+02
6.502899999999999636e+02
6.608799999999999955e+02
6.831100000000000136e+02
6.904400000000000546e+02
7.009099999999999682e+02
7.103999999999999773e+02
7.196399999999999864e+02
7.294099999999999682e+02
7.314900000000000091e+02
7.400700000000000500e+02
7.423700000000000045e+02
7.519600000000000364e+02
7.608999999999999773e+02
7.696100000000000136e+02
7.794200000000000728e+02
7.816599999999999682e+02
7.898300000000000409e+02
8.012799999999999727e+02
8.110000000000000000e+02
8.212500000000000000e+02
8.301599999999999682e+02
8.331900000000000546e+02
8.399900000000000091e+02
8.493799999999999955e+02
8.514800000000000182e+02
8.610399999999999636e+02
8.692899999999999636e+02
8.713600000000000136e+02
8.800900000000000318e+02
8.893700000000000045e+02
8.914400000000000546e+02
8.998700000000000045e+02
9.026599999999999682e+02
9.081599999999999682e+02
9.104400000000000546e+02
9.214500000000000455e+02
9.306499999999999773e+02
9.394700000000000273e+02
9.507300000000000182e+02
9.720600000000000591e+02
9.791200000000000045e+02
9.909099999999999682e+02
5.900000000000000355e+00
1.583999999999999986e+01
2.546000000000000085e+01
4.492999999999999972e+01
5.605000000000000426e+01
8.535000000000000853e+01
1.060300000000000011e+02
1.154699999999999989e+02
1.243500000000000085e+02
1.346100000000000136e+02
1.552700000000000102e+02
1.654500000000000171e+02
1.748199999999999932e+02
1.944600000000000080e+02
2.438199999999999932e+02
2.723299999999999841e+02
2.744499999999999886e+02
2.822300000000000182e+02
2.843199999999999932e+02
2.931000000000000227e+02
3.026800000000000068e+02
3.140900000000000318e+02
3.226200000000000045e+02
3.328199999999999932e+02
3.436800000000000068e+02
3.527300000000000182e+02
3.628500000000000227e+02
3.733100000000000023e+02
3.818199999999999932e+02
3.842200000000000273e+02
4.115300000000000296e+02
4.723799999999999955e+02
4.914499999999999886e+02
5.110600000000000023e+02
5.210299999999999727e+02
5.523200000000000500e+02
5.598000000000000682e+02
5.914400000000000546e+02
6.012500000000000000e+02
6.095399999999999636e+02
6.402100000000000364e+02
6.896100000000000136e+02
6.998400000000000318e+02
7.085600000000000591e+02
7.196200000000000045e+02
7.298500000000000227e+02
7.779200000000000728e+02
7.880900000000000318e+02
7.987500000000000000e+02
8.062200000000000273e+02
8.084900000000000091e+02
8.571200000000000045e+02
8.663100000000000591e+02
8.788999999999999773e+02
9.173200000000000500e+02
9.271499999999999773e+02
9.370099999999999909e+02
9.464800000000000182e+02
9.488400000000000318e+02
9.576499999999999773e+02
9.857100000000000364e+02
9.976100000000000136e+02
1.444200000000000159e+02
4.610400000000000205e+02
5.388700000000000045e+02
7.071800000000000637e+02
