3.970000000000000195e+00
4.379999999999999893e+00
5.709999999999999964e+00
7.419999999999999929e+00
1.031000000000000050e+01
1.096000000000000085e+01
1.785000000000000142e+01
2.226999999999999957e+01
2.296999999999999886e+01
2.389000000000000057e+01
2.678000000000000114e+01
3.165000000000000213e+01
3.286999999999999744e+01
3.871000000000000085e+01
4.330000000000000426e+01
4.837000000000000455e+01
5.271999999999999886e+01
5.563000000000000256e+01
5.784000000000000341e+01
5.988000000000000256e+01
6.406000000000000227e+01
7.096999999999999886e+01
7.193000000000000682e+01
7.354000000000000625e+01
7.384000000000000341e+01
7.626000000000000512e+01
7.739000000000000057e+01
8.129000000000000625e+01
8.234000000000000341e+01
8.617000000000000171e+01
8.951000000000000512e+01
9.579000000000000625e+01
9.743999999999999773e+01
1.037199999999999989e+02
1.096000000000000085e+02
1.114300000000000068e+02
1.145600000000000023e+02
1.165199999999999960e+02
1.177400000000000091e+02
1.177500000000000000e+02
1.210400000000000063e+02
1.217100000000000080e+02
1.229800000000000040e+02
1.252000000000000028e+02
1.284499999999999886e+02
1.322700000000000102e+02
1.390200000000000102e+02
1.415699999999999932e+02
1.433799999999999955e+02
1.463600000000000136e+02
1.489900000000000091e+02
1.500999999999999943e+02
1.514600000000000080e+02
1.584099999999999966e+02
1.592199999999999989e+02
1.614799999999999898e+02
1.670099999999999909e+02
1.695000000000000000e+02
1.707000000000000171e+02
1.734500000000000171e+02
1.738300000000000125e+02
1.764099999999999966e+02
1.771700000000000159e+02
1.799399999999999977e+02
1.824699999999999989e+02
1.849000000000000057e+02
1.881899999999999977e+02
1.888499999999999943e+02
1.917000000000000171e+02
1.924099999999999966e+02
1.938600000000000136e+02
1.951800000000000068e+02
1.963400000000000034e+02
1.993300000000000125e+02
1.997000000000000171e+02
2.027599999999999909e+02
2.028199999999999932e+02
2.050800000000000125e+02
2.107700000000000102e+02
2.110600000000000023e+02
2.113000000000000114e+02
2.120000000000000000e+02
2.132100000000000080e+02
2.187300000000000182e+02
2.188499999999999943e+02
2.193799999999999955e+02
2.222000000000000171e+02
2.277199999999999989e+02
2.310900000000000034e+02
2.347700000000000102e+02
2.355000000000000000e+02
2.395999999999999943e+02
2.457300000000000182e+02
2.541500000000000057e+02
2.556599999999999966e+02
2.596800000000000068e+02
2.655300000000000296e+02
2.686800000000000068e+02
2.707400000000000091e+02
2.707699999999999818e+02
2.733799999999999955e+02
2.749499999999999886e+02
2.752099999999999795e+02
2.775699999999999932e+02
2.787599999999999909e+02
2.812400000000000091e+02
2.819700000000000273e+02
2.839100000000000250e+02
2.847900000000000205e+02
2.875600000000000023e+02
2.885000000000000000e+02
2.888299999999999841e+02
2.947400000000000091e+02
2.958199999999999932e+02
2.970600000000000023e+02
3.007500000000000000e+02
3.023400000000000318e+02
3.028199999999999932e+02
3.034499999999999886e+02
3.046200000000000045e+02
3.059700000000000273e+02
3.085300000000000296e+02
3.103500000000000227e+02
3.104800000000000182e+02
3.112900000000000205e+02
3.184000000000000341e+02
3.184700000000000273e+02
3.253600000000000136e+02
3.261000000000000227e+02
3.323600000000000136e+02
3.394200000000000159e+02
3.407900000000000205e+02
3.455799999999999841e+02
3.527599999999999909e+02
3.561700000000000159e+02
3.606100000000000136e+02
3.619700000000000273e+02
3.638700000000000045e+02
3.667400000000000091e+02
3.691800000000000068e+02
3.699499999999999886e+02
3.743199999999999932e+02
3.749800000000000182e+02
3.789900000000000091e+02
3.822599999999999909e+02
3.845400000000000205e+02
3.869499999999999886e+02
3.870500000000000114e+02
3.892500000000000000e+02
3.920900000000000318e+02
3.936399999999999864e+02
4.057900000000000205e+02
4.077300000000000182e+02
4.082400000000000091e+02
4.105300000000000296e+02
4.129700000000000273e+02
4.145199999999999818e+02
4.158799999999999955e+02
4.200400000000000205e+02
4.204499999999999886e+02
4.320000000000000000e+02
4.321899999999999977e+02
4.386700000000000159e+02
4.410000000000000000e+02
4.432599999999999909e+02
4.435500000000000114e+02
4.455300000000000296e+02
4.496000000000000227e+02
4.513199999999999932e+02
4.533700000000000045e+02
4.544000000000000341e+02
4.551600000000000250e+02
4.567599999999999909e+02
4.580199999999999818e+02
4.597599999999999909e+02
4.620099999999999909e+02
4.621299999999999955e+02
4.650600000000000023e+02
4.655900000000000318e+02
4.677200000000000273e+02
4.678500000000000227e+02
4.739499999999999886e+02
4.752100000000000364e+02
4.776200000000000045e+02
4.801500000000000341e+02
4.830099999999999909e+02
4.850799999999999841e+02
4.886399999999999864e+02
4.932800000000000296e+02
4.974600000000000364e+02
5.003600000000000136e+02
5.003899999999999864e+02
5.025699999999999932e+02
5.039800000000000182e+02
5.089900000000000091e+02
5.090799999999999841e+02
5.118400000000000318e+02
5.118899999999999864e+02
5.150099999999999909e+02
5.169700000000000273e+02
5.184400000000000546e+02
5.197200000000000273e+02
5.205600000000000591e+02
5.219500000000000455e+02
5.266200000000000045e+02
5.304900000000000091e+02
5.305000000000000000e+02
5.314199999999999591e+02
5.347200000000000273e+02
5.360000000000000000e+02
5.378999999999999773e+02
5.420000000000000000e+02
5.445199999999999818e+02
5.451599999999999682e+02
5.470900000000000318e+02
5.473300000000000409e+02
5.486200000000000045e+02
5.543400000000000318e+02
5.547000000000000455e+02
5.550399999999999636e+02
5.607000000000000455e+02
5.620600000000000591e+02
5.633500000000000227e+02
5.720299999999999727e+02
5.770500000000000682e+02
5.794300000000000637e+02
5.807599999999999909e+02
5.846900000000000546e+02
5.855900000000000318e+02
5.869199999999999591e+02
5.903899999999999864e+02
5.919800000000000182e+02
5.928200000000000500e+02
5.954800000000000182e+02
5.981299999999999955e+02
5.993200000000000500e+02
6.011800000000000637e+02
6.083799999999999955e+02
6.101699999999999591e+02
6.105900000000000318e+02
6.146000000000000227e+02
6.160800000000000409e+02
6.191900000000000546e+02
6.194600000000000364e+02
6.228300000000000409e+02
6.255099999999999909e+02
6.300800000000000409e+02
6.356200000000000045e+02
6.395099999999999909e+02
6.423200000000000500e+02
6.448999999999999773e+02
6.506100000000000136e+02
6.518200000000000500e+02
6.549800000000000182e+02
6.602200000000000273e+02
6.605099999999999909e+02
6.608300000000000409e+02
6.662000000000000455e+02
6.702500000000000000e+02
6.728700000000000045e+02
6.768600000000000136e+02
6.808700000000000045e+02
6.832200000000000273e+02
6.840700000000000500e+02
6.863500000000000227e+02
6.878700000000000045e+02
6.918200000000000500e+02
6.918300000000000409e+02
6.940500000000000682e+02
6.942899999999999636e+02
7.016100000000000136e+02
7.047799999999999727e+02
7.056699999999999591e+02
7.081200000000000045e+02
7.110900000000000318e+02
7.178200000000000500e+02
7.185199999999999818e+02
7.206299999999999955e+02
7.212899999999999636e+02
7.236900000000000546e+02
7.257899999999999636e+02
7.268500000000000227e+02
7.276399999999999864e+02
7.279500000000000455e+02
7.310900000000000318e+02
7.318799999999999955e+02
7.340700000000000500e+02
7.347599999999999909e+02
7.419199999999999591e+02
7.438000000000000682e+02
7.489099999999999682e+02
7.495099999999999909e+02
7.524400000000000546e+02
7.553200000000000500e+02
7.557000000000000455e+02
7.618899999999999864e+02
7.647500000000000000e+02
7.648300000000000409e+02
7.713000000000000682e+02
7.724200000000000728e+02
7.747500000000000000e+02
7.758999999999999773e+02
7.773700000000000045e+02
7.794700000000000273e+02
7.813200000000000500e+02
7.832100000000000364e+02
7.889200000000000728e+02
8.023500000000000227e+02
8.040500000000000682e+02
8.045000000000000000e+02
8.049200000000000728e+02
8.061200000000000045e+02
8.104400000000000546e+02
8.121700000000000728e+02
8.148600000000000136e+02
8.177500000000000000e+02
8.183100000000000591e+02
8.193999999999999773e+02
8.257899999999999636e+02
8.300000000000000000e+02
8.349600000000000364e+02
8.375299999999999727e+02
8.453999999999999773e+02
8.493000000000000682e+02
8.522200000000000273e+02
8.523899999999999864e+02
8.538100000000000591e+02
8.586100000000000136e+02
8.650000000000000000e+02
8.702899999999999636e+02
8.761900000000000546e+02
8.805700000000000500e+02
8.848300000000000409e+02
8.855500000000000682e+02
8.864099999999999682e+02
8.912400000000000091e+02
8.916399999999999864e+02
8.946599999999999682e+02
8.953100000000000591e+02
8.967500000000000000e+02
9.057300000000000182e+02
9.086599999999999682e+02
9.092899999999999636e+02
9.146399999999999864e+02
9.171900000000000546e+02
9.275500000000000682e+02
9.295500000000000682e+02
9.331399999999999864e+02
9.340600000000000591e+02
9.366399999999999864e+02
9.383999999999999773e+02
9.445500000000000682e+02
9.478300000000000409e+02
9.544200000000000728e+02
9.546299999999999955e+02
9.605399999999999636e+02
9.611900000000000546e+02
9.628400000000000318e+02
9.685099999999999909e+02
9.703500000000000227e+02
9.721499999999999773e+02
9.747699999999999818e+02
9.749700000000000273e+02
9.763500000000000227e+02
9.800800000000000409e+02
9.828100000000000591e+02
9.855900000000000318e+02
9.881700000000000728e+02
9.921499999999999773e+02
9.929900000000000091e+02
9.930099999999999909e+02
9.938100000000000591e+02
9.962100000000000364e+02
9.996900000000000546e+02
