1.259099999999999966e+02
1.941400000000000148e+02
2.629100000000000250e+02
4.523600000000000136e+02
5.292699999999999818e+02
6.787300000000000182e+02
8.394500000000000455e+02
9.526100000000000136e+02
4.910000000000000142e+00
9.040000000000000924e+00
1.266999999999999993e+01
1.678000000000000114e+01
2.083000000000000185e+01
2.851000000000000156e+01
4.046000000000000085e+01
4.520000000000000284e+01
4.850000000000000000e+01
5.264999999999999858e+01
6.517000000000000171e+01
7.662999999999999545e+01
9.328000000000000114e+01
9.739000000000000057e+01
1.369799999999999898e+02
1.410300000000000011e+02
1.492700000000000102e+02
1.532800000000000011e+02
1.613600000000000136e+02
1.698100000000000023e+02
1.737100000000000080e+02
1.900099999999999909e+02
1.976700000000000159e+02
2.022199999999999989e+02
2.050000000000000000e+02
2.095999999999999943e+02
2.174900000000000091e+02
2.303300000000000125e+02
2.344099999999999966e+02
2.423199999999999932e+02
2.462600000000000193e+02
2.582599999999999909e+02
2.702800000000000296e+02
2.824000000000000341e+02
2.865000000000000000e+02
2.899900000000000091e+02
2.978600000000000136e+02
3.021399999999999864e+02
3.304599999999999795e+02
3.342099999999999795e+02
3.466000000000000227e+02
3.543600000000000136e+02
3.624300000000000068e+02
3.788100000000000023e+02
3.981600000000000250e+02
4.112400000000000091e+02
4.144600000000000364e+02
4.190300000000000296e+02
4.226100000000000136e+02
4.390900000000000318e+02
4.504700000000000273e+02
4.548400000000000318e+02
4.588500000000000227e+02
4.624200000000000159e+02
4.748700000000000045e+02
4.836000000000000227e+02
4.909300000000000068e+02
4.953700000000000045e+02
5.271499999999999773e+02
5.388899999999999864e+02
5.479400000000000546e+02
5.829199999999999591e+02
5.878200000000000500e+02
5.912799999999999727e+02
6.046299999999999955e+02
6.250000000000000000e+02
6.317400000000000091e+02
6.475700000000000500e+02
6.550800000000000409e+02
6.598100000000000591e+02
6.675800000000000409e+02
6.727500000000000000e+02
6.835199999999999818e+02
7.094600000000000364e+02
7.321000000000000227e+02
7.578000000000000682e+02
7.639600000000000364e+02
7.679700000000000273e+02
7.723999999999999773e+02
7.840399999999999636e+02
8.283899999999999864e+02
8.362599999999999909e+02
8.447200000000000273e+02
8.524500000000000455e+02
8.728300000000000409e+02
8.823200000000000500e+02
8.848600000000000136e+02
8.968700000000000045e+02
9.371399999999999864e+02
9.694800000000000182e+02
9.731100000000000136e+02
9.974099999999999682e+02
9.169999999999999929e+00
1.210999999999999943e+01
1.635999999999999943e+01
2.828000000000000114e+01
3.248000000000000398e+01
4.113000000000000256e+01
4.482999999999999829e+01
4.882000000000000028e+01
5.234000000000000341e+01
5.699000000000000199e+01
6.027000000000000313e+01
6.493999999999999773e+01
7.242000000000000171e+01
8.032000000000000739e+01
8.864000000000000057e+01
9.281000000000000227e+01
9.724000000000000909e+01
1.046800000000000068e+02
1.087300000000000040e+02
1.130100000000000051e+02
1.363700000000000045e+02
1.405099999999999909e+02
1.447100000000000080e+02
1.487299999999999898e+02
1.526400000000000148e+02
1.568900000000000148e+02
1.611500000000000057e+02
1.687500000000000000e+02
1.732199999999999989e+02
1.807800000000000011e+02
1.845099999999999909e+02
1.889300000000000068e+02
1.965999999999999943e+02
2.087000000000000171e+02
2.171299999999999955e+02
2.246599999999999966e+02
2.325800000000000125e+02
2.371200000000000045e+02
2.408700000000000045e+02
2.527100000000000080e+02
2.610099999999999909e+02
2.648999999999999773e+02
2.693400000000000318e+02
2.730400000000000205e+02
2.764200000000000159e+02
2.806399999999999864e+02
2.848000000000000114e+02
2.886299999999999955e+02
2.927699999999999818e+02
2.967300000000000182e+02
3.051299999999999955e+02
3.091899999999999977e+02
3.127699999999999818e+02
3.170000000000000000e+02
3.490799999999999841e+02
3.687900000000000205e+02
3.727500000000000000e+02
3.769499999999999886e+02
3.816399999999999864e+02
3.934300000000000068e+02
4.010500000000000114e+02
4.050699999999999932e+02
4.129800000000000182e+02
4.177100000000000364e+02
4.214700000000000273e+02
4.253100000000000023e+02
4.301600000000000250e+02
4.325699999999999932e+02
4.405600000000000023e+02
4.450300000000000296e+02
4.492800000000000296e+02
4.536600000000000250e+02
4.570699999999999932e+02
4.619700000000000273e+02
4.652800000000000296e+02
4.698400000000000318e+02
4.767699999999999818e+02
4.815099999999999909e+02
4.850400000000000205e+02
4.889100000000000250e+02
4.945200000000000387e+02
4.972200000000000273e+02
5.006899999999999977e+02
5.130800000000000409e+02
5.173200000000000500e+02
5.209300000000000637e+02
5.408600000000000136e+02
5.491900000000000546e+02
5.576499999999999773e+02
5.652899999999999636e+02
5.733200000000000500e+02
5.810900000000000318e+02
5.929600000000000364e+02
5.968899999999999864e+02
6.011000000000000227e+02
6.050600000000000591e+02
6.093300000000000409e+02
6.135800000000000409e+02
6.176100000000000136e+02
6.223799999999999955e+02
6.256499999999999773e+02
6.331100000000000136e+02
6.412699999999999818e+02
6.502500000000000000e+02
6.661499999999999773e+02
6.688300000000000409e+02
6.785199999999999818e+02
6.828400000000000318e+02
6.888100000000000591e+02
6.970399999999999636e+02
6.991200000000000045e+02
7.105600000000000591e+02
7.131299999999999955e+02
7.168799999999999955e+02
7.215800000000000409e+02
7.250700000000000500e+02
7.333899999999999864e+02
7.369800000000000182e+02
7.390600000000000591e+02
7.425600000000000591e+02
7.453899999999999864e+02
7.507200000000000273e+02
7.608200000000000500e+02
7.668700000000000045e+02
7.689600000000000364e+02
7.729700000000000273e+02
7.771399999999999864e+02
7.813500000000000227e+02
7.850700000000000500e+02
7.891200000000000045e+02
8.055600000000000591e+02
8.104700000000000273e+02
8.176800000000000637e+02
8.208300000000000409e+02
8.252500000000000000e+02
8.376800000000000637e+02
8.430199999999999818e+02
8.451399999999999864e+02
8.472300000000000182e+02
8.546200000000000045e+02
8.667400000000000091e+02
8.694600000000000364e+02
8.770900000000000318e+02
8.869800000000000182e+02
8.976000000000000227e+02
9.131000000000000227e+02
9.178600000000000136e+02
9.294600000000000364e+02
9.330500000000000682e+02
9.419200000000000728e+02
9.475900000000000318e+02
9.576399999999999864e+02
9.651399999999999864e+02
9.774400000000000546e+02
9.813999999999999773e+02
9.853000000000000682e+02
9.898300000000000409e+02
9.955400000000000773e+02
4.230000000000000426e+00
8.849999999999999645e+00
1.685000000000000142e+01
2.026000000000000156e+01
2.431000000000000227e+01
2.853000000000000114e+01
3.623000000000000398e+01
4.041000000000000369e+01
4.914999999999999858e+01
5.642999999999999972e+01
6.046000000000000085e+01
6.832000000000000739e+01
7.268000000000000682e+01
8.010000000000000853e+01
8.437999999999999545e+01
9.225000000000000000e+01
9.625000000000000000e+01
1.002600000000000051e+02
1.042000000000000028e+02
1.089399999999999977e+02
1.126000000000000085e+02
1.162400000000000091e+02
1.206099999999999994e+02
1.245300000000000011e+02
1.281700000000000159e+02
1.326200000000000045e+02
1.362700000000000102e+02
1.444000000000000057e+02
1.477700000000000102e+02
1.521700000000000159e+02
1.559500000000000171e+02
1.598900000000000148e+02
1.680500000000000114e+02
1.716400000000000148e+02
1.762899999999999920e+02
1.802700000000000102e+02
1.843900000000000148e+02
1.884200000000000159e+02
1.964099999999999966e+02
2.002400000000000091e+02
2.037300000000000182e+02
2.081599999999999966e+02
2.115900000000000034e+02
2.158100000000000023e+02
2.195000000000000000e+02
2.243600000000000136e+02
2.278000000000000114e+02
2.322700000000000102e+02
2.442599999999999909e+02
2.477100000000000080e+02
2.519699999999999989e+02
2.560600000000000023e+02
2.598500000000000227e+02
2.641399999999999864e+02
2.683700000000000045e+02
2.759900000000000091e+02
2.793100000000000023e+02
2.957500000000000000e+02
3.001600000000000250e+02
3.120799999999999841e+02
3.161399999999999864e+02
3.204900000000000091e+02
3.232699999999999818e+02
3.278899999999999864e+02
3.315300000000000296e+02
3.362400000000000091e+02
3.406600000000000250e+02
3.444100000000000250e+02
3.526399999999999864e+02
3.562099999999999795e+02
3.598899999999999864e+02
3.636999999999999886e+02
3.674399999999999977e+02
3.710000000000000000e+02
3.753199999999999932e+02
3.795199999999999818e+02
3.918400000000000318e+02
3.952400000000000091e+02
4.004100000000000250e+02
4.030300000000000296e+02
4.078000000000000114e+02
4.114200000000000159e+02
4.196700000000000159e+02
4.280400000000000205e+02
4.316299999999999955e+02
4.358899999999999864e+02
4.395799999999999841e+02
4.513000000000000114e+02
4.559399999999999977e+02
4.633299999999999841e+02
4.709000000000000341e+02
4.757800000000000296e+02
4.789499999999999886e+02
4.878799999999999955e+02
4.909100000000000250e+02
4.984600000000000364e+02
5.046800000000000068e+02
5.071700000000000159e+02
5.110099999999999909e+02
5.149700000000000273e+02
5.193400000000000318e+02
5.229300000000000637e+02
5.351100000000000136e+02
5.436200000000000045e+02
5.473100000000000591e+02
5.520399999999999636e+02
5.600700000000000500e+02
5.629500000000000455e+02
5.673400000000000318e+02
5.710700000000000500e+02
5.749400000000000546e+02
5.829099999999999682e+02
5.904600000000000364e+02
5.957599999999999909e+02
5.987599999999999909e+02
6.070900000000000318e+02
6.228700000000000045e+02
6.306000000000000227e+02
6.354700000000000273e+02
6.466200000000000045e+02
6.510099999999999909e+02
6.541100000000000136e+02
6.588100000000000591e+02
6.743700000000000045e+02
6.779700000000000273e+02
6.824199999999999591e+02
6.865399999999999636e+02
6.904400000000000546e+02
6.947799999999999727e+02
6.983999999999999773e+02
7.021399999999999864e+02
7.079400000000000546e+02
7.117599999999999909e+02
7.141900000000000546e+02
7.187899999999999636e+02
7.220700000000000500e+02
7.314500000000000455e+02
7.346800000000000637e+02
7.416699999999999591e+02
7.468300000000000409e+02
7.517699999999999818e+02
7.598200000000000500e+02
7.714900000000000091e+02
7.738500000000000227e+02
7.782000000000000455e+02
7.832400000000000091e+02
7.872799999999999727e+02
7.915700000000000500e+02
7.938400000000000318e+02
7.995600000000000591e+02
8.017200000000000273e+02
8.060800000000000409e+02
8.137400000000000091e+02
8.180500000000000682e+02
8.278600000000000136e+02
8.314900000000000091e+02
8.341399999999999864e+02
8.376599999999999682e+02
8.417200000000000273e+02
8.460399999999999636e+02
8.554099999999999682e+02
8.696599999999999682e+02
8.717899999999999636e+02
8.756399999999999864e+02
8.822100000000000364e+02
8.852799999999999727e+02
8.917500000000000000e+02
8.938400000000000318e+02
8.994700000000000273e+02
9.029900000000000091e+02
9.054800000000000182e+02
9.075800000000000409e+02
9.133300000000000409e+02
9.160000000000000000e+02
9.192400000000000091e+02
9.221700000000000728e+02
9.392799999999999727e+02
9.473700000000000045e+02
9.495500000000000682e+02
9.516200000000000045e+02
9.536599999999999682e+02
9.619800000000000182e+02
9.679900000000000091e+02
9.754200000000000728e+02
9.819099999999999682e+02
9.915299999999999727e+02
9.936000000000000227e+02
9.975700000000000500e+02
4.700000000000000178e+00
3.246999999999999886e+01
3.685999999999999943e+01
4.500999999999999801e+01
5.224000000000000199e+01
5.582999999999999829e+01
7.229999999999999716e+01
7.662000000000000455e+01
7.985999999999999943e+01
8.393999999999999773e+01
8.820000000000000284e+01
9.218000000000000682e+01
1.002999999999999972e+02
1.080499999999999972e+02
1.119699999999999989e+02
1.160400000000000063e+02
1.240199999999999960e+02
1.282299999999999898e+02
1.394300000000000068e+02
1.442199999999999989e+02
1.475399999999999920e+02
1.516800000000000068e+02
1.634500000000000171e+02
1.673300000000000125e+02
1.719699999999999989e+02
1.758300000000000125e+02
1.793000000000000114e+02
1.879000000000000057e+02
1.997400000000000091e+02
2.032400000000000091e+02
2.073000000000000114e+02
2.121700000000000159e+02
2.156299999999999955e+02
2.195999999999999943e+02
2.235300000000000011e+02
2.268100000000000023e+02
2.433199999999999932e+02
2.509099999999999966e+02
2.549699999999999989e+02
2.592800000000000296e+02
2.628700000000000045e+02
2.671700000000000159e+02
2.749100000000000250e+02
2.865799999999999841e+02
2.952699999999999818e+02
2.989700000000000273e+02
3.066299999999999955e+02
3.107800000000000296e+02
3.180400000000000205e+02
3.231000000000000227e+02
3.307800000000000296e+02
3.387300000000000182e+02
3.423700000000000045e+02
3.469599999999999795e+02
3.496299999999999955e+02
3.580000000000000000e+02
3.664200000000000159e+02
3.827599999999999909e+02
3.860500000000000114e+02
4.069000000000000341e+02
4.106399999999999864e+02
4.147300000000000182e+02
4.299800000000000182e+02
4.333100000000000023e+02
4.501800000000000068e+02
4.541000000000000227e+02
4.627500000000000000e+02
4.664300000000000068e+02
4.863199999999999932e+02
4.896100000000000136e+02
4.939300000000000068e+02
4.982900000000000205e+02
5.023199999999999932e+02
5.056200000000000045e+02
5.094000000000000341e+02
5.126399999999999864e+02
5.179400000000000546e+02
5.224199999999999591e+02
5.292500000000000000e+02
5.404800000000000182e+02
5.453799999999999955e+02
5.536699999999999591e+02
5.574600000000000364e+02
5.727699999999999818e+02
5.822400000000000091e+02
5.857200000000000273e+02
5.963700000000000045e+02
6.017200000000000273e+02
6.053200000000000500e+02
6.094800000000000182e+02
6.215399999999999636e+02
6.246800000000000637e+02
6.281599999999999682e+02
6.364199999999999591e+02
6.480700000000000500e+02
6.533799999999999955e+02
6.571299999999999955e+02
6.652100000000000364e+02
6.770700000000000500e+02
6.973300000000000409e+02
7.015399999999999636e+02
7.039700000000000273e+02
7.210099999999999909e+02
7.273400000000000318e+02
7.369700000000000273e+02
7.413700000000000045e+02
7.559400000000000546e+02
7.648700000000000045e+02
7.676100000000000136e+02
7.768600000000000136e+02
7.870500000000000682e+02
7.946700000000000728e+02
7.999800000000000182e+02
8.044700000000000273e+02
8.069099999999999682e+02
8.124200000000000728e+02
8.427300000000000182e+02
8.460700000000000500e+02
8.519099999999999682e+02
8.667200000000000273e+02
8.704600000000000364e+02
8.780399999999999636e+02
8.838899999999999864e+02
8.877300000000000182e+02
8.966200000000000045e+02
9.098300000000000409e+02
9.185199999999999818e+02
9.221599999999999682e+02
9.282500000000000000e+02
9.318999999999999773e+02
9.396499999999999773e+02
9.595800000000000409e+02
9.635800000000000409e+02
9.673899999999999864e+02
9.695700000000000500e+02
9.756599999999999682e+02
9.791499999999999773e+02
9.876499999999999773e+02
9.910299999999999727e+02
9.948899999999999864e+02
9.993600000000000136e+02
8.839000000000000057e+01
9.925000000000000000e+01
1.038900000000000006e+02
1.513700000000000045e+02
1.672500000000000000e+02
1.790399999999999920e+02
1.830900000000000034e+02
1.994600000000000080e+02
2.619700000000000273e+02
3.334800000000000182e+02
3.613600000000000136e+02
3.734399999999999977e+02
3.848299999999999841e+02
4.047100000000000364e+02
4.486000000000000227e+02
5.086800000000000068e+02
5.676800000000000637e+02
5.719400000000000546e+02
6.783000000000000682e+02
7.062200000000000273e+02
7.248400000000000318e+02
7.340299999999999727e+02
7.540199999999999818e+02
7.683899999999999864e+02
8.566000000000000227e+02
8.908200000000000500e+02
8.961000000000000227e+02
9.081000000000000227e+02
9.599099999999999682e+02
5.729600000000000364e+02
