2.850000000000000089e+00
2.939999999999999947e+00
2.990000000000000213e+00
3.050000000000000266e+00
4.830000000000000071e+00
6.589999999999999858e+00
7.049999999999999822e+00
7.070000000000000284e+00
8.669999999999999929e+00
8.669999999999999929e+00
8.790000000000000924e+00
1.075000000000000000e+01
1.270000000000000107e+01
1.274000000000000021e+01
1.275999999999999979e+01
1.276999999999999957e+01
1.284999999999999964e+01
1.315000000000000036e+01
1.462000000000000099e+01
1.470000000000000107e+01
1.481000000000000050e+01
1.532000000000000028e+01
1.666000000000000014e+01
1.687999999999999901e+01
1.848000000000000043e+01
1.883999999999999986e+01
1.901000000000000156e+01
2.062000000000000099e+01
2.269000000000000128e+01
2.294000000000000128e+01
2.301999999999999957e+01
2.476000000000000156e+01
2.476999999999999957e+01
2.483000000000000185e+01
2.491000000000000014e+01
2.508000000000000185e+01
2.653999999999999915e+01
2.687999999999999901e+01
2.701000000000000156e+01
2.878999999999999915e+01
2.919000000000000128e+01
3.094999999999999929e+01
3.101000000000000156e+01
3.112000000000000099e+01
3.270000000000000284e+01
3.275000000000000000e+01
3.286999999999999744e+01
3.296999999999999886e+01
3.463000000000000256e+01
3.466000000000000369e+01
3.666000000000000369e+01
3.667000000000000171e+01
3.671999999999999886e+01
3.678999999999999915e+01
3.693999999999999773e+01
3.695000000000000284e+01
3.839000000000000057e+01
3.868999999999999773e+01
3.886999999999999744e+01
3.891000000000000369e+01
3.896999999999999886e+01
4.057999999999999829e+01
4.063000000000000256e+01
4.071000000000000085e+01
4.096999999999999886e+01
4.103999999999999915e+01
4.261999999999999744e+01
4.275999999999999801e+01
4.286999999999999744e+01
4.296000000000000085e+01
4.457000000000000028e+01
4.623000000000000398e+01
4.680000000000000426e+01
5.050000000000000000e+01
5.235999999999999943e+01
5.241000000000000369e+01
5.246999999999999886e+01
5.284000000000000341e+01
5.300000000000000000e+01
5.456000000000000227e+01
5.512000000000000455e+01
5.646000000000000085e+01
5.664999999999999858e+01
5.675000000000000000e+01
5.825000000000000000e+01
5.835999999999999943e+01
6.096000000000000085e+01
6.244000000000000483e+01
6.284000000000000341e+01
6.285000000000000142e+01
6.288000000000000256e+01
6.288000000000000256e+01
6.289999999999999858e+01
6.462000000000000455e+01
6.642000000000000171e+01
6.681000000000000227e+01
6.693000000000000682e+01
6.709000000000000341e+01
6.898000000000000398e+01
7.051000000000000512e+01
7.090999999999999659e+01
7.271000000000000796e+01
7.281000000000000227e+01
7.312999999999999545e+01
7.335000000000000853e+01
7.537999999999999545e+01
7.639000000000000057e+01
7.687999999999999545e+01
7.807999999999999829e+01
7.815000000000000568e+01
7.826000000000000512e+01
7.854999999999999716e+01
7.873999999999999488e+01
7.918999999999999773e+01
8.018999999999999773e+01
8.029999999999999716e+01
8.075000000000000000e+01
8.100000000000000000e+01
8.171999999999999886e+01
8.251000000000000512e+01
8.253000000000000114e+01
8.259000000000000341e+01
8.296999999999999886e+01
8.306000000000000227e+01
8.435000000000000853e+01
8.662000000000000455e+01
8.664000000000000057e+01
8.676999999999999602e+01
8.751000000000000512e+01
9.043000000000000682e+01
9.101999999999999602e+01
9.279999999999999716e+01
9.320000000000000284e+01
9.631000000000000227e+01
9.801999999999999602e+01
9.809000000000000341e+01
9.839000000000000057e+01
1.006899999999999977e+02
1.007900000000000063e+02
1.019600000000000080e+02
1.023799999999999955e+02
1.026599999999999966e+02
1.033500000000000085e+02
1.045300000000000011e+02
1.054099999999999966e+02
1.064600000000000080e+02
1.069699999999999989e+02
1.072199999999999989e+02
1.080300000000000011e+02
1.091400000000000006e+02
1.104099999999999966e+02
1.106700000000000017e+02
1.111200000000000045e+02
1.122300000000000040e+02
1.126299999999999955e+02
1.127199999999999989e+02
1.127400000000000091e+02
1.129000000000000057e+02
1.155700000000000074e+02
1.158799999999999955e+02
1.168100000000000023e+02
1.182300000000000040e+02
1.182699999999999960e+02
1.184900000000000091e+02
1.185199999999999960e+02
1.193900000000000006e+02
1.207400000000000091e+02
1.209500000000000028e+02
1.221299999999999955e+02
1.226000000000000085e+02
1.231400000000000006e+02
1.249200000000000017e+02
1.249399999999999977e+02
1.250000000000000000e+02
1.251300000000000097e+02
1.258900000000000006e+02
1.264099999999999966e+02
1.281200000000000045e+02
1.281999999999999886e+02
1.284900000000000091e+02
1.288499999999999943e+02
1.336899999999999977e+02
1.343700000000000045e+02
1.380099999999999909e+02
1.383900000000000148e+02
1.387599999999999909e+02
1.401299999999999955e+02
1.409300000000000068e+02
1.422400000000000091e+02
1.435000000000000000e+02
1.443499999999999943e+02
1.444000000000000057e+02
1.445800000000000125e+02
1.447400000000000091e+02
1.461100000000000136e+02
1.463499999999999943e+02
1.475500000000000114e+02
1.477400000000000091e+02
1.513100000000000023e+02
1.515699999999999932e+02
1.520500000000000114e+02
1.524600000000000080e+02
1.528499999999999943e+02
1.543600000000000136e+02
1.544900000000000091e+02
1.547400000000000091e+02
1.555600000000000023e+02
1.557899999999999920e+02
1.559099999999999966e+02
1.560099999999999909e+02
1.561599999999999966e+02
1.568400000000000034e+02
1.571700000000000159e+02
1.576700000000000159e+02
1.577400000000000091e+02
1.582500000000000000e+02
1.584900000000000091e+02
1.585000000000000000e+02
1.589399999999999977e+02
1.593799999999999955e+02
1.594500000000000171e+02
1.605800000000000125e+02
1.615099999999999909e+02
1.617899999999999920e+02
1.638000000000000114e+02
1.639900000000000091e+02
1.655699999999999932e+02
1.660600000000000023e+02
1.663400000000000034e+02
1.681599999999999966e+02
1.681599999999999966e+02
1.687700000000000102e+02
1.694300000000000068e+02
1.703400000000000034e+02
1.706800000000000068e+02
1.709699999999999989e+02
1.714300000000000068e+02
1.718900000000000148e+02
1.740000000000000000e+02
1.740999999999999943e+02
1.763000000000000114e+02
1.768100000000000023e+02
1.769799999999999898e+02
1.780600000000000023e+02
1.783700000000000045e+02
1.791899999999999977e+02
1.818900000000000148e+02
1.832599999999999909e+02
1.837400000000000091e+02
1.850099999999999909e+02
1.850900000000000034e+02
1.853000000000000114e+02
1.857199999999999989e+02
1.863799999999999955e+02
1.876599999999999966e+02
1.882299999999999898e+02
1.888499999999999943e+02
1.891800000000000068e+02
1.910099999999999909e+02
1.910300000000000011e+02
1.910999999999999943e+02
1.913499999999999943e+02
1.914800000000000182e+02
1.918799999999999955e+02
1.925500000000000114e+02
1.926800000000000068e+02
1.934000000000000057e+02
1.949000000000000057e+02
1.994000000000000057e+02
2.004699999999999989e+02
2.019300000000000068e+02
2.025800000000000125e+02
2.029300000000000068e+02
2.033300000000000125e+02
2.035300000000000011e+02
2.045900000000000034e+02
2.062500000000000000e+02
2.068300000000000125e+02
2.074200000000000159e+02
2.075900000000000034e+02
2.080999999999999943e+02
2.089399999999999977e+02
2.097100000000000080e+02
2.106800000000000068e+02
2.112899999999999920e+02
2.113900000000000148e+02
2.129900000000000091e+02
2.137199999999999989e+02
2.145200000000000102e+02
2.147800000000000011e+02
2.152800000000000011e+02
2.159300000000000068e+02
2.159699999999999989e+02
2.184600000000000080e+02
2.187899999999999920e+02
2.194399999999999977e+02
2.203400000000000034e+02
2.216100000000000136e+02
2.218400000000000034e+02
2.221899999999999977e+02
2.232899999999999920e+02
2.235200000000000102e+02
2.237800000000000011e+02
2.241200000000000045e+02
2.241500000000000057e+02
2.277400000000000091e+02
2.279300000000000068e+02
2.285800000000000125e+02
2.288100000000000023e+02
2.294200000000000159e+02
2.295500000000000114e+02
2.300200000000000102e+02
2.311400000000000148e+02
2.320200000000000102e+02
2.320600000000000023e+02
2.324500000000000171e+02
2.330399999999999920e+02
2.345999999999999943e+02
2.347100000000000080e+02
2.355300000000000011e+02
2.356899999999999977e+02
2.365399999999999920e+02
2.366299999999999955e+02
2.372599999999999909e+02
2.378700000000000045e+02
2.383700000000000045e+02
2.385900000000000034e+02
2.396700000000000159e+02
2.405999999999999943e+02
2.408499999999999943e+02
2.410200000000000102e+02
2.419900000000000091e+02
2.439000000000000057e+02
2.446500000000000057e+02
2.448700000000000045e+02
2.452500000000000000e+02
2.468400000000000034e+02
2.470399999999999920e+02
2.480500000000000114e+02
2.487000000000000171e+02
2.491400000000000148e+02
2.491700000000000159e+02
2.492300000000000182e+02
2.504800000000000182e+02
2.513700000000000045e+02
2.517700000000000102e+02
2.551599999999999966e+02
2.551599999999999966e+02
2.554000000000000057e+02
2.555699999999999932e+02
2.560099999999999909e+02
2.560600000000000023e+02
2.580300000000000296e+02
2.585799999999999841e+02
2.588100000000000023e+02
2.592500000000000000e+02
2.597400000000000091e+02
2.604499999999999886e+02
2.636800000000000068e+02
2.639599999999999795e+02
2.646399999999999864e+02
2.650099999999999909e+02
2.657900000000000205e+02
2.696399999999999864e+02
2.721100000000000136e+02
2.725099999999999909e+02
2.728500000000000227e+02
2.730099999999999909e+02
2.731700000000000159e+02
2.734100000000000250e+02
2.746500000000000341e+02
2.755600000000000023e+02
2.756500000000000341e+02
2.761600000000000250e+02
2.766999999999999886e+02
2.774599999999999795e+02
2.796399999999999864e+02
2.803899999999999864e+02
2.807900000000000205e+02
2.824800000000000182e+02
2.832200000000000273e+02
2.845099999999999909e+02
2.849100000000000250e+02
2.857699999999999818e+02
2.858600000000000136e+02
2.858700000000000045e+02
2.859100000000000250e+02
2.863100000000000023e+02
2.870400000000000205e+02
2.873799999999999955e+02
2.878400000000000318e+02
2.883600000000000136e+02
2.891800000000000068e+02
2.926399999999999864e+02
2.933199999999999932e+02
2.941600000000000250e+02
2.947300000000000182e+02
2.960400000000000205e+02
2.964200000000000159e+02
2.970300000000000296e+02
2.972900000000000205e+02
2.982300000000000182e+02
2.983299999999999841e+02
2.997099999999999795e+02
3.000500000000000114e+02
3.001899999999999977e+02
3.026600000000000250e+02
3.028100000000000023e+02
3.043299999999999841e+02
3.044100000000000250e+02
3.050000000000000000e+02
3.058600000000000136e+02
3.063100000000000023e+02
3.075500000000000114e+02
3.076200000000000045e+02
3.079900000000000091e+02
3.083600000000000136e+02
3.085099999999999909e+02
3.086500000000000341e+02
3.092800000000000296e+02
3.098400000000000318e+02
3.101500000000000341e+02
3.112200000000000273e+02
3.113600000000000136e+02
3.135799999999999841e+02
3.137200000000000273e+02
3.156600000000000250e+02
3.164200000000000159e+02
3.196600000000000250e+02
3.202300000000000182e+02
3.204599999999999795e+02
3.204900000000000091e+02
3.206999999999999886e+02
3.210000000000000000e+02
3.211500000000000341e+02
3.212900000000000205e+02
3.221800000000000068e+02
3.226600000000000250e+02
3.231200000000000045e+02
3.239300000000000068e+02
3.239300000000000068e+02
3.243100000000000023e+02
3.254499999999999886e+02
3.268000000000000114e+02
3.289499999999999886e+02
3.295799999999999841e+02
3.297400000000000091e+02
3.303199999999999932e+02
3.311899999999999977e+02
3.324100000000000250e+02
3.325099999999999909e+02
3.327599999999999909e+02
3.328700000000000045e+02
3.331000000000000227e+02
3.331800000000000068e+02
3.350799999999999841e+02
3.364200000000000159e+02
3.371999999999999886e+02
3.379499999999999886e+02
3.419800000000000182e+02
3.425199999999999818e+02
3.439000000000000341e+02
3.443199999999999932e+02
3.489900000000000091e+02
3.503100000000000023e+02
3.503400000000000318e+02
3.505500000000000114e+02
3.510900000000000318e+02
3.511999999999999886e+02
3.512200000000000273e+02
3.512599999999999909e+02
3.525300000000000296e+02
3.533000000000000114e+02
3.538100000000000023e+02
3.546800000000000068e+02
3.554499999999999886e+02
3.555500000000000114e+02
3.555500000000000114e+02
3.559000000000000341e+02
3.567900000000000205e+02
3.568799999999999955e+02
3.571700000000000159e+02
3.576399999999999864e+02
3.578400000000000318e+02
3.602500000000000000e+02
3.603899999999999864e+02
3.609100000000000250e+02
3.611800000000000068e+02
3.615600000000000023e+02
3.637200000000000273e+02
3.645300000000000296e+02
3.645500000000000114e+02
3.661700000000000159e+02
3.663500000000000227e+02
3.671000000000000227e+02
3.671500000000000341e+02
3.678799999999999955e+02
3.683400000000000318e+02
3.685600000000000023e+02
3.696800000000000068e+02
3.701800000000000068e+02
3.743700000000000045e+02
3.751299999999999955e+02
3.762500000000000000e+02
3.766800000000000068e+02
3.767400000000000091e+02
3.772800000000000296e+02
3.774100000000000250e+02
3.787400000000000091e+02
3.797500000000000000e+02
3.849499999999999886e+02
3.853700000000000045e+02
3.859900000000000091e+02
3.866500000000000341e+02
3.877800000000000296e+02
3.880000000000000000e+02
3.887800000000000296e+02
3.892500000000000000e+02
3.897900000000000205e+02
3.904499999999999886e+02
3.905500000000000114e+02
3.918199999999999932e+02
3.929300000000000068e+02
3.933600000000000136e+02
3.934300000000000068e+02
3.935500000000000114e+02
3.943400000000000318e+02
3.956000000000000227e+02
3.956399999999999864e+02
3.961000000000000227e+02
3.963700000000000045e+02
3.964800000000000182e+02
3.967200000000000273e+02
3.971800000000000068e+02
3.976000000000000227e+02
3.977800000000000296e+02
3.989900000000000091e+02
3.989900000000000091e+02
4.004000000000000341e+02
4.010799999999999841e+02
4.029100000000000250e+02
4.037699999999999818e+02
4.040600000000000023e+02
4.041700000000000159e+02
4.048400000000000318e+02
4.084300000000000068e+02
4.084499999999999886e+02
4.092200000000000273e+02
4.096999999999999886e+02
4.109200000000000159e+02
4.125699999999999932e+02
4.136299999999999955e+02
4.138000000000000114e+02
4.141200000000000045e+02
4.143500000000000227e+02
4.145799999999999841e+02
4.147100000000000364e+02
4.148899999999999864e+02
4.175600000000000023e+02
4.179399999999999977e+02
4.181600000000000250e+02
4.186700000000000159e+02
4.190600000000000023e+02
4.200300000000000296e+02
4.216500000000000341e+02
4.221899999999999977e+02
4.238000000000000114e+02
4.267300000000000182e+02
4.267800000000000296e+02
4.270000000000000000e+02
4.274600000000000364e+02
4.283100000000000023e+02
4.317500000000000000e+02
4.321899999999999977e+02
4.332300000000000182e+02
4.332800000000000296e+02
4.338700000000000045e+02
4.344600000000000364e+02
4.359200000000000159e+02
4.364800000000000182e+02
4.373799999999999955e+02
4.386200000000000045e+02
4.394200000000000159e+02
4.416700000000000159e+02
4.426200000000000045e+02
4.439900000000000091e+02
4.445500000000000114e+02
4.447100000000000364e+02
4.455099999999999909e+02
4.455699999999999932e+02
4.460000000000000000e+02
4.460500000000000114e+02
4.461800000000000068e+02
4.470000000000000000e+02
4.470000000000000000e+02
4.479900000000000091e+02
4.483400000000000318e+02
4.497200000000000273e+02
4.500099999999999909e+02
4.511100000000000136e+02
4.519000000000000341e+02
4.519100000000000250e+02
4.521299999999999955e+02
4.528000000000000114e+02
4.536299999999999955e+02
4.561999999999999886e+02
4.604700000000000273e+02
4.622900000000000205e+02
4.634100000000000250e+02
4.634800000000000182e+02
4.641800000000000068e+02
4.643199999999999932e+02
4.650000000000000000e+02
4.671200000000000045e+02
4.685099999999999909e+02
4.691600000000000250e+02
4.692200000000000273e+02
4.701600000000000250e+02
4.714700000000000273e+02
4.717100000000000364e+02
4.721600000000000250e+02
4.732100000000000364e+02
4.733299999999999841e+02
4.735300000000000296e+02
4.748700000000000045e+02
4.751100000000000136e+02
4.752800000000000296e+02
4.764900000000000091e+02
4.766399999999999864e+02
4.774399999999999977e+02
4.785000000000000000e+02
4.793000000000000114e+02
4.801600000000000250e+02
4.820600000000000023e+02
4.822800000000000296e+02
4.825000000000000000e+02
4.832200000000000273e+02
4.834000000000000341e+02
4.850900000000000318e+02
4.854900000000000091e+02
4.862400000000000091e+02
4.867100000000000364e+02
4.870500000000000114e+02
4.875099999999999909e+02
4.875500000000000114e+02
4.883199999999999932e+02
4.883199999999999932e+02
4.897800000000000296e+02
4.901399999999999864e+02
4.922300000000000182e+02
4.922599999999999909e+02
4.925400000000000205e+02
4.931100000000000136e+02
4.932800000000000296e+02
4.941600000000000250e+02
4.944000000000000341e+02
4.946200000000000045e+02
4.948400000000000318e+02
4.950699999999999932e+02
4.951800000000000068e+02
4.964900000000000091e+02
4.965400000000000205e+02
4.985099999999999909e+02
5.002100000000000364e+02
5.010699999999999932e+02
5.023100000000000023e+02
5.050300000000000296e+02
5.060699999999999932e+02
5.062400000000000091e+02
5.069200000000000159e+02
5.081100000000000136e+02
5.093299999999999841e+02
5.104300000000000068e+02
5.112400000000000091e+02
5.122500000000000000e+02
5.132999999999999545e+02
5.133600000000000136e+02
5.155700000000000500e+02
5.161499999999999773e+02
5.162899999999999636e+02
5.172899999999999636e+02
5.173799999999999955e+02
5.192699999999999818e+02
5.194099999999999682e+02
5.201100000000000136e+02
5.203700000000000045e+02
5.210199999999999818e+02
5.210600000000000591e+02
5.213100000000000591e+02
5.214800000000000182e+02
5.216599999999999682e+02
5.224500000000000455e+02
5.230299999999999727e+02
5.232400000000000091e+02
5.234400000000000546e+02
5.243100000000000591e+02
5.244199999999999591e+02
5.250000000000000000e+02
5.252799999999999727e+02
5.272000000000000455e+02
5.281800000000000637e+02
5.284900000000000091e+02
5.285600000000000591e+02
5.300000000000000000e+02
5.303400000000000318e+02
5.308300000000000409e+02
5.308700000000000045e+02
5.344500000000000455e+02
5.362400000000000091e+02
5.367899999999999636e+02
5.372599999999999909e+02
5.376900000000000546e+02
5.381499999999999773e+02
5.384700000000000273e+02
5.393700000000000045e+02
5.393899999999999864e+02
5.399900000000000091e+02
5.403400000000000318e+02
5.406499999999999773e+02
5.412400000000000091e+02
5.419500000000000455e+02
5.433799999999999955e+02
5.435299999999999727e+02
5.472300000000000182e+02
5.483200000000000500e+02
5.489600000000000364e+02
5.500099999999999909e+02
5.506000000000000227e+02
5.510900000000000318e+02
5.513000000000000682e+02
5.514800000000000182e+02
5.519400000000000546e+02
5.523600000000000136e+02
5.531000000000000227e+02
5.560800000000000409e+02
5.582100000000000364e+02
5.593799999999999955e+02
5.617799999999999727e+02
5.618600000000000136e+02
5.620800000000000409e+02
5.621299999999999955e+02
5.630399999999999636e+02
5.632400000000000091e+02
5.633500000000000227e+02
5.642599999999999909e+02
5.652400000000000091e+02
5.654900000000000091e+02
5.658400000000000318e+02
5.668200000000000500e+02
5.669800000000000182e+02
5.672500000000000000e+02
5.673400000000000318e+02
5.682000000000000455e+02
5.705199999999999818e+02
5.707599999999999909e+02
5.712799999999999727e+02
5.740900000000000318e+02
5.772200000000000273e+02
5.775900000000000318e+02
5.786599999999999682e+02
5.796000000000000227e+02
5.812899999999999636e+02
5.814300000000000637e+02
5.819500000000000455e+02
5.820099999999999909e+02
5.823700000000000045e+02
5.830000000000000000e+02
5.852300000000000182e+02
5.856000000000000227e+02
5.863400000000000318e+02
5.869600000000000364e+02
5.881100000000000136e+02
5.894400000000000546e+02
5.901499999999999773e+02
5.903700000000000045e+02
5.931900000000000546e+02
5.934600000000000364e+02
5.947000000000000455e+02
5.953100000000000591e+02
5.961599999999999682e+02
5.966100000000000136e+02
5.980099999999999909e+02
5.981299999999999955e+02
5.988600000000000136e+02
6.001599999999999682e+02
6.006800000000000637e+02
6.012000000000000455e+02
6.016699999999999591e+02
6.017100000000000364e+02
6.020600000000000591e+02
6.024300000000000637e+02
6.033500000000000227e+02
6.050099999999999909e+02
6.055800000000000409e+02
6.062699999999999818e+02
6.066699999999999591e+02
6.072000000000000455e+02
6.072400000000000091e+02
6.081499999999999773e+02
6.093799999999999955e+02
6.097899999999999636e+02
6.132300000000000182e+02
6.146599999999999682e+02
6.154400000000000546e+02
6.165299999999999727e+02
6.171800000000000637e+02
6.176100000000000136e+02
6.188200000000000500e+02
6.203300000000000409e+02
6.215500000000000682e+02
6.221800000000000637e+02
6.224700000000000273e+02
6.238000000000000682e+02
6.245900000000000318e+02
6.280900000000000318e+02
6.283899999999999864e+02
6.292300000000000182e+02
6.293700000000000045e+02
6.310000000000000000e+02
6.332599999999999909e+02
6.348100000000000591e+02
6.348899999999999864e+02
6.351699999999999591e+02
6.355099999999999909e+02
6.358799999999999955e+02
6.361599999999999682e+02
6.370099999999999909e+02
6.381599999999999682e+02
6.385199999999999818e+02
6.393899999999999864e+02
6.397200000000000273e+02
6.399199999999999591e+02
6.418400000000000318e+02
6.429400000000000546e+02
6.432100000000000364e+02
6.442300000000000182e+02
6.460600000000000591e+02
6.477000000000000455e+02
6.480800000000000409e+02
6.489500000000000455e+02
6.494500000000000455e+02
6.499099999999999682e+02
6.500199999999999818e+02
6.508600000000000136e+02
6.513500000000000227e+02
6.536000000000000227e+02
6.542000000000000455e+02
6.558799999999999955e+02
6.566900000000000546e+02
6.569500000000000455e+02
6.575700000000000500e+02
6.614800000000000182e+02
6.619199999999999591e+02
6.621699999999999591e+02
6.661000000000000227e+02
6.668899999999999864e+02
6.687400000000000091e+02
6.688000000000000682e+02
6.715399999999999636e+02
6.720099999999999909e+02
6.720199999999999818e+02
6.733600000000000136e+02
6.741000000000000227e+02
6.747799999999999727e+02
6.761699999999999591e+02
6.765700000000000500e+02
6.768500000000000227e+02
6.773700000000000045e+02
6.780099999999999909e+02
6.787400000000000091e+02
6.799800000000000182e+02
6.808700000000000045e+02
6.815800000000000409e+02
6.828799999999999955e+02
6.852899999999999636e+02
6.858500000000000227e+02
6.861800000000000637e+02
6.875600000000000591e+02
6.880800000000000409e+02
6.885700000000000500e+02
6.891200000000000045e+02
6.900500000000000682e+02
6.909099999999999682e+02
6.910000000000000000e+02
6.913200000000000500e+02
6.916599999999999682e+02
6.963600000000000136e+02
6.981599999999999682e+02
6.993200000000000500e+02
7.004099999999999682e+02
7.013899999999999864e+02
7.014199999999999591e+02
7.018700000000000045e+02
7.020600000000000591e+02
7.023600000000000136e+02
7.028700000000000045e+02
7.047100000000000364e+02
7.049400000000000546e+02
7.073999999999999773e+02
7.074900000000000091e+02
7.079700000000000273e+02
7.079800000000000182e+02
7.094600000000000364e+02
7.095700000000000500e+02
7.096200000000000045e+02
7.106399999999999864e+02
7.110600000000000591e+02
7.110700000000000500e+02
7.120099999999999909e+02
7.126100000000000136e+02
7.129500000000000455e+02
7.149099999999999682e+02
7.160800000000000409e+02
7.165299999999999727e+02
7.176299999999999955e+02
7.181800000000000637e+02
7.192200000000000273e+02
7.197300000000000182e+02
7.203000000000000682e+02
7.209500000000000455e+02
7.228999999999999773e+02
7.244199999999999591e+02
7.253700000000000045e+02
7.255900000000000318e+02
7.270199999999999818e+02
7.276299999999999955e+02
7.280600000000000591e+02
7.294900000000000091e+02
7.301900000000000546e+02
7.318899999999999864e+02
7.323200000000000500e+02
7.325800000000000409e+02
7.333999999999999773e+02
7.353000000000000682e+02
7.353400000000000318e+02
7.355399999999999636e+02
7.361100000000000136e+02
7.367400000000000091e+02
7.370399999999999636e+02
7.371699999999999591e+02
7.376399999999999864e+02
7.377400000000000091e+02
7.378100000000000591e+02
7.401499999999999773e+02
7.412200000000000273e+02
7.418500000000000227e+02
7.435399999999999636e+02
7.435700000000000500e+02
7.439400000000000546e+02
7.441800000000000637e+02
7.448899999999999864e+02
7.448899999999999864e+02
7.455500000000000682e+02
7.458799999999999955e+02
7.458999999999999773e+02
7.461399999999999864e+02
7.470399999999999636e+02
7.470500000000000682e+02
7.478200000000000500e+02
7.482899999999999636e+02
7.491800000000000637e+02
7.493500000000000227e+02
7.495299999999999727e+02
7.506299999999999955e+02
7.514199999999999591e+02
7.523799999999999955e+02
7.525600000000000591e+02
7.529199999999999591e+02
7.531900000000000546e+02
7.535299999999999727e+02
7.540399999999999636e+02
7.574600000000000364e+02
7.576800000000000637e+02
7.576900000000000546e+02
7.580199999999999818e+02
7.594600000000000364e+02
7.605299999999999727e+02
7.610600000000000591e+02
7.630000000000000000e+02
7.636900000000000546e+02
7.650700000000000500e+02
7.655500000000000682e+02
7.666000000000000227e+02
7.679099999999999682e+02
7.688700000000000045e+02
7.693700000000000045e+02
7.706399999999999864e+02
7.706599999999999682e+02
7.708600000000000136e+02
7.718000000000000682e+02
7.726900000000000546e+02
7.738700000000000045e+02
7.739700000000000273e+02
7.755399999999999636e+02
7.764400000000000546e+02
7.765900000000000318e+02
7.769400000000000546e+02
7.772599999999999909e+02
7.796599999999999682e+02
7.800800000000000409e+02
7.840500000000000682e+02
7.846299999999999955e+02
7.846700000000000728e+02
7.848400000000000318e+02
7.848500000000000227e+02
7.860000000000000000e+02
7.866499999999999773e+02
7.878600000000000136e+02
7.891000000000000227e+02
7.902300000000000182e+02
7.906800000000000637e+02
7.914600000000000364e+02
7.915199999999999818e+02
7.924300000000000637e+02
7.938600000000000136e+02
7.945299999999999727e+02
7.948500000000000227e+02
7.949200000000000728e+02
7.956100000000000136e+02
7.977699999999999818e+02
7.986900000000000546e+02
7.989600000000000364e+02
7.993400000000000318e+02
7.993600000000000136e+02
8.001100000000000136e+02
8.001499999999999773e+02
8.001900000000000546e+02
8.015600000000000591e+02
8.016599999999999682e+02
8.026000000000000227e+02
8.026499999999999773e+02
8.040700000000000500e+02
8.046499999999999773e+02
8.049600000000000364e+02
8.096399999999999864e+02
8.104200000000000728e+02
8.105600000000000591e+02
8.120600000000000591e+02
8.127400000000000091e+02
8.131499999999999773e+02
8.133300000000000409e+02
8.144200000000000728e+02
8.154500000000000455e+02
8.155600000000000591e+02
8.156499999999999773e+02
8.157100000000000364e+02
8.179500000000000455e+02
8.181800000000000637e+02
8.189500000000000455e+02
8.193999999999999773e+02
8.213400000000000318e+02
8.216200000000000045e+02
8.218799999999999955e+02
8.241299999999999955e+02
8.267400000000000091e+02
8.276700000000000728e+02
8.277300000000000182e+02
8.279900000000000091e+02
8.287899999999999636e+02
8.293200000000000500e+02
8.296000000000000227e+02
8.305199999999999818e+02
8.318100000000000591e+02
8.320500000000000682e+02
8.327400000000000091e+02
8.361900000000000546e+02
8.363000000000000682e+02
8.369800000000000182e+02
8.373000000000000682e+02
8.378000000000000682e+02
8.384400000000000546e+02
8.385399999999999636e+02
8.385500000000000682e+02
8.400700000000000500e+02
8.400900000000000318e+02
8.416599999999999682e+02
8.422300000000000182e+02
8.434400000000000546e+02
8.437699999999999818e+02
8.442000000000000455e+02
8.448100000000000591e+02
8.450399999999999636e+02
8.457899999999999636e+02
8.458300000000000409e+02
8.463899999999999864e+02
8.467899999999999636e+02
8.475700000000000500e+02
8.477000000000000455e+02
8.502300000000000182e+02
8.509500000000000455e+02
8.519300000000000637e+02
8.526599999999999682e+02
8.533000000000000682e+02
8.543400000000000318e+02
8.550600000000000591e+02
8.557100000000000364e+02
8.558400000000000318e+02
8.563300000000000409e+02
8.563500000000000227e+02
8.574600000000000364e+02
8.579200000000000728e+02
8.581200000000000045e+02
8.583899999999999864e+02
8.590099999999999909e+02
8.598100000000000591e+02
8.603100000000000591e+02
8.605500000000000682e+02
8.605900000000000318e+02
8.621100000000000136e+02
8.629700000000000273e+02
8.648000000000000682e+02
8.675700000000000500e+02
8.695600000000000591e+02
8.696900000000000546e+02
8.697300000000000182e+02
8.708400000000000318e+02
8.724400000000000546e+02
8.735299999999999727e+02
8.757599999999999909e+02
8.758500000000000227e+02
8.765500000000000682e+02
8.765500000000000682e+02
8.779800000000000182e+02
8.789099999999999682e+02
8.796000000000000227e+02
8.804800000000000182e+02
8.810600000000000591e+02
8.819400000000000546e+02
8.830500000000000682e+02
8.838300000000000409e+02
8.844800000000000182e+02
8.848500000000000227e+02
8.856900000000000546e+02
8.859700000000000273e+02
8.861299999999999955e+02
8.876399999999999864e+02
8.882799999999999727e+02
8.885299999999999727e+02
8.886000000000000227e+02
8.899099999999999682e+02
8.909200000000000728e+02
8.918899999999999864e+02
8.928600000000000136e+02
8.942699999999999818e+02
8.946200000000000045e+02
8.946499999999999773e+02
8.951499999999999773e+02
8.954099999999999682e+02
8.988799999999999955e+02
8.994600000000000364e+02
8.994900000000000091e+02
8.995600000000000591e+02
9.015000000000000000e+02
9.021000000000000227e+02
9.037899999999999636e+02
9.042400000000000091e+02
9.061700000000000728e+02
9.072300000000000182e+02
9.083100000000000591e+02
9.084700000000000273e+02
9.094099999999999682e+02
9.097100000000000364e+02
9.119099999999999682e+02
9.119400000000000546e+02
9.119700000000000273e+02
9.132300000000000182e+02
9.137400000000000091e+02
9.139500000000000455e+02
9.142899999999999636e+02
9.154300000000000637e+02
9.155700000000000500e+02
9.158700000000000045e+02
9.160299999999999727e+02
9.161000000000000227e+02
9.164099999999999682e+02
9.169400000000000546e+02
9.195800000000000409e+02
9.199800000000000182e+02
9.203700000000000045e+02
9.233600000000000136e+02
9.235600000000000591e+02
9.241700000000000728e+02
9.255700000000000500e+02
9.257000000000000455e+02
9.278600000000000136e+02
9.280600000000000591e+02
9.287599999999999909e+02
9.303300000000000409e+02
9.317100000000000364e+02
9.319500000000000455e+02
9.333899999999999864e+02
9.340500000000000682e+02
9.342000000000000455e+02
9.352100000000000364e+02
9.354400000000000546e+02
9.357899999999999636e+02
9.363100000000000591e+02
9.374800000000000182e+02
9.376599999999999682e+02
9.378899999999999864e+02
9.395099999999999909e+02
9.396399999999999864e+02
9.397599999999999909e+02
9.399099999999999682e+02
9.401900000000000546e+02
9.415000000000000000e+02
9.420900000000000318e+02
9.424600000000000364e+02
9.433400000000000318e+02
9.435099999999999909e+02
9.435700000000000500e+02
9.436700000000000728e+02
9.438500000000000227e+02
9.459500000000000455e+02
9.460700000000000500e+02
9.476900000000000546e+02
9.482100000000000364e+02
9.495600000000000591e+02
9.496800000000000637e+02
9.512500000000000000e+02
9.516000000000000227e+02
9.516499999999999773e+02
9.518500000000000227e+02
9.534800000000000182e+02
9.536399999999999864e+02
9.536800000000000637e+02
9.538100000000000591e+02
9.538100000000000591e+02
9.541499999999999773e+02
9.561800000000000637e+02
9.576900000000000546e+02
9.578899999999999864e+02
9.580900000000000318e+02
9.597699999999999818e+02
9.600000000000000000e+02
9.617000000000000455e+02
9.619400000000000546e+02
9.636000000000000227e+02
9.639900000000000091e+02
9.640299999999999727e+02
9.653400000000000318e+02
9.655099999999999909e+02
9.656800000000000637e+02
9.658200000000000500e+02
9.675299999999999727e+02
9.678600000000000136e+02
9.679099999999999682e+02
9.684800000000000182e+02
9.698400000000000318e+02
9.700500000000000682e+02
9.720000000000000000e+02
9.756200000000000045e+02
9.756299999999999955e+02
9.758500000000000227e+02
9.758999999999999773e+02
9.794900000000000091e+02
9.795600000000000591e+02
9.799099999999999682e+02
9.816800000000000637e+02
9.817200000000000273e+02
9.818300000000000409e+02
9.836000000000000227e+02
9.836499999999999773e+02
9.836599999999999682e+02
9.840500000000000682e+02
9.841399999999999864e+02
9.857599999999999909e+02
9.858200000000000500e+02
9.860500000000000682e+02
9.895800000000000409e+02
9.896499999999999773e+02
9.897500000000000000e+02
9.915400000000000773e+02
9.916000000000000227e+02
9.916900000000000546e+02
9.936399999999999864e+02
9.938500000000000227e+02
9.938600000000000136e+02
9.938700000000000045e+02
9.939500000000000455e+02
9.960500000000000682e+02
9.976700000000000728e+02
9.978400000000000318e+02
9.979200000000000728e+02
9.996499999999999773e+02
9.996800000000000637e+02
9.997900000000000773e+02
