6.870000000000000107e+00
9.040000000000000924e+00
9.380000000000000782e+00
1.129000000000000092e+01
1.162000000000000099e+01
1.317999999999999972e+01
1.348000000000000043e+01
1.382000000000000028e+01
1.573000000000000043e+01
1.614000000000000057e+01
1.630999999999999872e+01
1.691000000000000014e+01
1.817999999999999972e+01
1.857000000000000028e+01
1.951999999999999957e+01
2.067999999999999972e+01
2.121999999999999886e+01
2.383999999999999986e+01
5.703000000000000114e+01
5.788000000000000256e+01
5.932999999999999829e+01
6.028000000000000114e+01
6.050000000000000000e+01
6.173000000000000398e+01
6.282999999999999829e+01
6.346000000000000085e+01
6.388000000000000256e+01
6.532999999999999829e+01
6.587000000000000455e+01
6.607000000000000739e+01
6.759999999999999432e+01
6.821000000000000796e+01
6.837999999999999545e+01
7.034000000000000341e+01
7.068999999999999773e+01
7.298999999999999488e+01
7.345000000000000284e+01
1.064399999999999977e+02
1.083200000000000074e+02
1.087999999999999972e+02
1.101400000000000006e+02
1.107900000000000063e+02
1.111899999999999977e+02
1.134399999999999977e+02
1.137800000000000011e+02
1.139699999999999989e+02
1.160199999999999960e+02
1.160499999999999972e+02
1.166899999999999977e+02
1.183299999999999983e+02
1.191400000000000006e+02
1.193299999999999983e+02
1.215000000000000000e+02
1.219699999999999989e+02
1.563799999999999955e+02
1.580600000000000023e+02
1.583600000000000136e+02
1.586899999999999977e+02
1.609699999999999989e+02
1.610500000000000114e+02
1.613000000000000114e+02
1.633700000000000045e+02
1.635300000000000011e+02
1.657100000000000080e+02
1.658499999999999943e+02
1.660200000000000102e+02
1.681100000000000136e+02
1.687199999999999989e+02
1.703100000000000023e+02
1.712100000000000080e+02
1.733499999999999943e+02
2.071100000000000136e+02
2.074500000000000171e+02
2.075000000000000000e+02
2.097300000000000182e+02
2.098300000000000125e+02
2.100099999999999909e+02
2.121100000000000136e+02
2.122300000000000182e+02
2.124000000000000057e+02
2.143499999999999943e+02
2.146200000000000045e+02
2.153100000000000023e+02
2.165800000000000125e+02
2.167899999999999920e+02
2.177199999999999989e+02
2.189800000000000182e+02
2.194300000000000068e+02
2.218600000000000136e+02
2.562200000000000273e+02
2.568500000000000227e+02
2.573299999999999841e+02
2.588299999999999841e+02
2.603999999999999773e+02
2.604599999999999795e+02
2.611600000000000250e+02
2.626700000000000159e+02
2.628000000000000114e+02
2.633999999999999773e+02
2.652800000000000296e+02
2.653100000000000023e+02
2.657900000000000205e+02
2.676700000000000159e+02
2.685300000000000296e+02
2.700900000000000318e+02
2.707699999999999818e+02
2.732800000000000296e+02
3.058199999999999932e+02
3.063299999999999841e+02
3.075500000000000114e+02
3.079499999999999886e+02
3.088600000000000136e+02
3.101800000000000068e+02
3.106200000000000045e+02
3.113199999999999932e+02
3.124000000000000341e+02
3.132699999999999818e+02
3.136299999999999955e+02
3.145799999999999841e+02
3.161200000000000045e+02
3.161500000000000341e+02
3.168600000000000136e+02
3.190199999999999818e+02
3.198899999999999864e+02
3.214000000000000341e+02
3.230000000000000000e+02
3.562599999999999909e+02
3.565199999999999818e+02
3.580000000000000000e+02
3.584900000000000091e+02
3.586299999999999955e+02
3.589399999999999977e+02
3.611800000000000068e+02
3.613100000000000023e+02
3.613700000000000045e+02
3.634700000000000273e+02
3.641299999999999955e+02
3.653299999999999841e+02
3.658299999999999841e+02
3.663299999999999841e+02
3.680600000000000023e+02
3.682099999999999795e+02
3.690300000000000296e+02
3.705199999999999818e+02
4.048899999999999864e+02
4.062300000000000182e+02
4.064300000000000068e+02
4.075300000000000296e+02
4.088899999999999864e+02
4.089600000000000364e+02
4.099800000000000182e+02
4.110900000000000318e+02
4.121200000000000045e+02
4.126100000000000136e+02
4.136200000000000045e+02
4.152200000000000273e+02
4.159399999999999977e+02
4.181100000000000136e+02
4.181700000000000159e+02
4.204300000000000068e+02
4.206299999999999955e+02
4.233500000000000227e+02
4.544100000000000250e+02
4.550199999999999818e+02
4.566200000000000045e+02
4.576100000000000136e+02
4.579399999999999977e+02
4.588700000000000045e+02
4.603799999999999955e+02
4.605199999999999818e+02
4.611700000000000159e+02
4.630900000000000318e+02
4.634399999999999977e+02
4.636399999999999864e+02
4.654900000000000091e+02
4.657500000000000000e+02
4.679399999999999977e+02
4.679900000000000091e+02
4.702500000000000000e+02
5.037500000000000000e+02
5.053600000000000136e+02
5.061899999999999977e+02
5.064800000000000182e+02
5.069800000000000182e+02
5.079700000000000273e+02
5.088100000000000023e+02
5.099499999999999886e+02
5.105200000000000387e+02
5.115600000000000023e+02
5.132400000000000091e+02
5.135600000000000591e+02
5.137699999999999818e+02
5.162599999999999909e+02
5.169900000000000091e+02
5.185199999999999818e+02
5.206200000000000045e+02
5.211000000000000227e+02
5.548899999999999864e+02
5.554900000000000091e+02
5.562699999999999818e+02
5.574800000000000182e+02
5.584400000000000546e+02
5.585199999999999818e+02
5.598700000000000045e+02
5.608500000000000227e+02
5.616200000000000045e+02
5.621299999999999955e+02
5.633300000000000409e+02
5.643899999999999864e+02
5.644700000000000273e+02
5.654900000000000091e+02
5.670500000000000682e+02
5.679500000000000455e+02
5.703100000000000591e+02
6.045800000000000409e+02
6.056800000000000637e+02
6.059400000000000546e+02
6.073600000000000136e+02
6.082599999999999909e+02
6.086000000000000227e+02
6.097899999999999636e+02
6.110399999999999636e+02
6.114700000000000273e+02
6.119500000000000455e+02
6.135000000000000000e+02
6.146299999999999955e+02
6.158200000000000500e+02
6.181000000000000227e+02
6.183600000000000136e+02
6.219400000000000546e+02
6.538700000000000045e+02
6.568300000000000409e+02
6.568400000000000318e+02
6.587500000000000000e+02
6.590500000000000682e+02
6.592300000000000182e+02
6.612899999999999636e+02
6.615299999999999727e+02
6.618400000000000318e+02
6.634800000000000182e+02
6.639600000000000364e+02
6.642899999999999636e+02
6.661399999999999864e+02
6.663799999999999955e+02
6.683899999999999864e+02
6.699500000000000455e+02
6.722500000000000000e+02
7.028700000000000045e+02
7.043500000000000227e+02
7.053799999999999955e+02
7.067200000000000273e+02
7.076699999999999591e+02
7.086900000000000546e+02
7.091000000000000227e+02
7.099800000000000182e+02
7.113200000000000500e+02
7.113700000000000045e+02
7.122899999999999636e+02
7.135900000000000318e+02
7.140600000000000591e+02
7.147899999999999636e+02
7.158500000000000227e+02
7.172000000000000455e+02
7.183899999999999864e+02
7.197100000000000364e+02
7.209600000000000364e+02
7.527500000000000000e+02
7.548799999999999955e+02
7.551599999999999682e+02
7.561699999999999591e+02
7.574099999999999682e+02
7.575800000000000409e+02
7.592899999999999636e+02
7.596200000000000045e+02
7.599500000000000455e+02
7.620700000000000500e+02
7.623899999999999864e+02
7.627799999999999727e+02
7.643300000000000409e+02
7.645800000000000409e+02
7.666700000000000728e+02
7.668700000000000045e+02
7.691200000000000045e+02
7.723000000000000682e+02
8.039099999999999682e+02
8.039200000000000728e+02
8.058200000000000500e+02
8.061399999999999864e+02
8.064500000000000455e+02
8.081200000000000045e+02
8.083500000000000227e+02
8.092899999999999636e+02
8.109200000000000728e+02
8.110099999999999909e+02
8.132500000000000000e+02
8.133600000000000136e+02
8.141900000000000546e+02
8.155199999999999818e+02
8.162400000000000091e+02
8.177200000000000273e+02
8.200800000000000409e+02
8.516100000000000136e+02
8.525800000000000409e+02
8.548799999999999955e+02
8.562599999999999909e+02
8.571000000000000227e+02
8.572100000000000364e+02
8.577799999999999727e+02
8.584600000000000364e+02
8.598000000000000682e+02
8.607599999999999909e+02
8.607799999999999727e+02
8.624900000000000091e+02
8.629900000000000091e+02
8.630399999999999636e+02
8.650900000000000318e+02
8.652100000000000364e+02
8.676700000000000728e+02
8.677599999999999909e+02
8.702200000000000273e+02
9.011200000000000045e+02
9.041000000000000227e+02
9.051900000000000546e+02
9.054300000000000637e+02
9.069700000000000273e+02
9.074800000000000182e+02
9.078999999999999773e+02
9.096299999999999955e+02
9.098799999999999955e+02
9.101900000000000546e+02
9.123300000000000409e+02
9.123899999999999864e+02
9.124900000000000091e+02
9.146299999999999955e+02
9.147200000000000273e+02
9.170399999999999636e+02
9.194900000000000091e+02
9.218700000000000045e+02
9.504600000000000364e+02
9.528300000000000409e+02
9.528400000000000318e+02
9.548899999999999864e+02
9.554099999999999682e+02
9.561399999999999864e+02
9.578400000000000318e+02
9.579700000000000273e+02
9.601800000000000637e+02
9.601800000000000637e+02
9.609300000000000637e+02
9.624900000000000091e+02
9.625700000000000500e+02
9.645399999999999636e+02
9.651200000000000045e+02
9.651299999999999955e+02
9.674500000000000455e+02
9.697400000000000091e+02
9.731299999999999955e+02
