5.719999999999999751e+00
6.030000000000000249e+00
7.990000000000000213e+00
8.470000000000000639e+00
1.025000000000000000e+01
1.080000000000000071e+01
1.187000000000000099e+01
1.259999999999999964e+01
1.303000000000000114e+01
1.490000000000000036e+01
1.530000000000000071e+01
1.573000000000000043e+01
1.721999999999999886e+01
1.758000000000000185e+01
1.794999999999999929e+01
1.935000000000000142e+01
2.003999999999999915e+01
2.171999999999999886e+01
2.296000000000000085e+01
2.432000000000000028e+01
5.648000000000000398e+01
5.796000000000000085e+01
5.905000000000000426e+01
5.964999999999999858e+01
6.028999999999999915e+01
6.135000000000000142e+01
6.282000000000000028e+01
6.364999999999999858e+01
6.382999999999999829e+01
6.590999999999999659e+01
6.600000000000000000e+01
6.629999999999999716e+01
6.834000000000000341e+01
6.837999999999999545e+01
7.071000000000000796e+01
7.126999999999999602e+01
7.378000000000000114e+01
1.071599999999999966e+02
1.081500000000000057e+02
1.095400000000000063e+02
1.098500000000000085e+02
1.107500000000000000e+02
1.118599999999999994e+02
1.135900000000000034e+02
1.140499999999999972e+02
1.151800000000000068e+02
1.160400000000000063e+02
1.161899999999999977e+02
1.182800000000000011e+02
1.183700000000000045e+02
1.196700000000000017e+02
1.205100000000000051e+02
1.209900000000000091e+02
1.575900000000000034e+02
1.581100000000000136e+02
1.585200000000000102e+02
1.597599999999999909e+02
1.604099999999999966e+02
1.610999999999999943e+02
1.622100000000000080e+02
1.626599999999999966e+02
1.635800000000000125e+02
1.643799999999999955e+02
1.649799999999999898e+02
1.664500000000000171e+02
1.665099999999999909e+02
1.677299999999999898e+02
1.688000000000000114e+02
1.702400000000000091e+02
1.703100000000000023e+02
1.710200000000000102e+02
1.742800000000000011e+02
2.047700000000000102e+02
2.067700000000000102e+02
2.074399999999999977e+02
2.090000000000000000e+02
2.090200000000000102e+02
2.096800000000000068e+02
2.111800000000000068e+02
2.118900000000000148e+02
2.120000000000000000e+02
2.133600000000000136e+02
2.142599999999999909e+02
2.145600000000000023e+02
2.155200000000000102e+02
2.168400000000000034e+02
2.170000000000000000e+02
2.176800000000000068e+02
2.203000000000000114e+02
2.205300000000000011e+02
2.228400000000000034e+02
2.554000000000000057e+02
2.567200000000000273e+02
2.579300000000000068e+02
2.581999999999999886e+02
2.589599999999999795e+02
2.601999999999999886e+02
2.611899999999999977e+02
2.623700000000000045e+02
2.624499999999999886e+02
2.634300000000000068e+02
2.645500000000000114e+02
2.648700000000000045e+02
2.656299999999999955e+02
2.669100000000000250e+02
2.679599999999999795e+02
2.685900000000000318e+02
2.692200000000000273e+02
2.718799999999999955e+02
2.719499999999999886e+02
2.752900000000000205e+02
3.049800000000000182e+02
3.059800000000000182e+02
3.071899999999999977e+02
3.078100000000000023e+02
3.081100000000000136e+02
3.093799999999999955e+02
3.096399999999999864e+02
3.103000000000000114e+02
3.115600000000000023e+02
3.125900000000000318e+02
3.127500000000000000e+02
3.127599999999999909e+02
3.141700000000000159e+02
3.149200000000000159e+02
3.161999999999999886e+02
3.163400000000000318e+02
3.171100000000000136e+02
3.185699999999999932e+02
3.187400000000000091e+02
3.193199999999999932e+02
3.215500000000000114e+02
3.241399999999999864e+02
3.559499999999999886e+02
3.564499999999999886e+02
3.588899999999999864e+02
3.592800000000000296e+02
3.597500000000000000e+02
3.611000000000000227e+02
3.621999999999999886e+02
3.624900000000000091e+02
3.633600000000000136e+02
3.644399999999999977e+02
3.656100000000000136e+02
3.658600000000000136e+02
3.672099999999999795e+02
3.677599999999999909e+02
3.694800000000000182e+02
3.700300000000000296e+02
3.723600000000000136e+02
3.725500000000000114e+02
4.050000000000000000e+02
4.059399999999999977e+02
4.071899999999999977e+02
4.084700000000000273e+02
4.091899999999999977e+02
4.093600000000000136e+02
4.102100000000000364e+02
4.106999999999999886e+02
4.115799999999999841e+02
4.128799999999999955e+02
4.131800000000000068e+02
4.138100000000000023e+02
4.153100000000000023e+02
4.161200000000000045e+02
4.166600000000000250e+02
4.177300000000000182e+02
4.182599999999999909e+02
4.205000000000000000e+02
4.242599999999999909e+02
4.547500000000000000e+02
4.548500000000000227e+02
4.562400000000000091e+02
4.573100000000000023e+02
4.574900000000000091e+02
4.590799999999999841e+02
4.596399999999999864e+02
4.600300000000000296e+02
4.616899999999999977e+02
4.619399999999999977e+02
4.632100000000000364e+02
4.640199999999999818e+02
4.641999999999999886e+02
4.660199999999999818e+02
4.663899999999999864e+02
4.664000000000000341e+02
4.686000000000000227e+02
4.686999999999999886e+02
4.710600000000000023e+02
4.746299999999999955e+02
5.038700000000000045e+02
5.062100000000000364e+02
5.071399999999999864e+02
5.071899999999999977e+02
5.085400000000000205e+02
5.095200000000000387e+02
5.099800000000000182e+02
5.107599999999999909e+02
5.117200000000000273e+02
5.124099999999999682e+02
5.128899999999999864e+02
5.138400000000000318e+02
5.146900000000000546e+02
5.154300000000000637e+02
5.160199999999999818e+02
5.183100000000000591e+02
5.190399999999999636e+02
5.205700000000000500e+02
5.237200000000000273e+02
5.541599999999999682e+02
5.541900000000000546e+02
5.551499999999999773e+02
5.563799999999999955e+02
5.565900000000000318e+02
5.577300000000000182e+02
5.586299999999999955e+02
5.595500000000000682e+02
5.599300000000000637e+02
5.608300000000000409e+02
5.620900000000000318e+02
5.632599999999999909e+02
5.644300000000000637e+02
5.654900000000000091e+02
5.656000000000000227e+02
5.666499999999999773e+02
5.678300000000000409e+02
5.689400000000000546e+02
5.707699999999999818e+02
5.713400000000000318e+02
5.754500000000000455e+02
6.026900000000000546e+02
6.050500000000000682e+02
6.059600000000000364e+02
6.060199999999999818e+02
6.081599999999999682e+02
6.082100000000000364e+02
6.102100000000000364e+02
6.103700000000000045e+02
6.104600000000000364e+02
6.126800000000000637e+02
6.127400000000000091e+02
6.130800000000000409e+02
6.149500000000000455e+02
6.150500000000000682e+02
6.172100000000000364e+02
6.172899999999999636e+02
6.194199999999999591e+02
6.197000000000000455e+02
6.230399999999999636e+02
6.541399999999999864e+02
6.553999999999999773e+02
6.557500000000000000e+02
6.567699999999999818e+02
6.582200000000000273e+02
6.591499999999999773e+02
6.591699999999999591e+02
6.605700000000000500e+02
6.615900000000000318e+02
6.627899999999999636e+02
6.638300000000000409e+02
6.650399999999999636e+02
6.660600000000000591e+02
6.672200000000000273e+02
6.689900000000000091e+02
6.694700000000000273e+02
6.721200000000000045e+02
7.017100000000000364e+02
7.039900000000000091e+02
7.039900000000000091e+02
7.050500000000000682e+02
7.068899999999999864e+02
7.068999999999999773e+02
7.075299999999999727e+02
7.077599999999999909e+02
7.090299999999999727e+02
7.094700000000000273e+02
7.097500000000000000e+02
7.116699999999999591e+02
7.121900000000000546e+02
7.122899999999999636e+02
7.139700000000000273e+02
7.144600000000000364e+02
7.163899999999999864e+02
7.164300000000000637e+02
7.166399999999999864e+02
7.188999999999999773e+02
7.189300000000000637e+02
7.218700000000000045e+02
7.520000000000000000e+02
7.528000000000000682e+02
7.548000000000000682e+02
7.551100000000000136e+02
7.555800000000000409e+02
7.578700000000000045e+02
7.579300000000000637e+02
7.580000000000000000e+02
7.600700000000000500e+02
7.601699999999999591e+02
7.603500000000000227e+02
7.622799999999999727e+02
7.630299999999999727e+02
7.633200000000000500e+02
7.644400000000000546e+02
7.656200000000000045e+02
7.666200000000000045e+02
7.688899999999999864e+02
7.701299999999999955e+02
7.712599999999999909e+02
8.042899999999999636e+02
8.044200000000000728e+02
8.051700000000000728e+02
8.056299999999999955e+02
8.069099999999999682e+02
8.075299999999999727e+02
8.078600000000000136e+02
8.094800000000000182e+02
8.097799999999999727e+02
8.100199999999999818e+02
8.121100000000000136e+02
8.121599999999999682e+02
8.143799999999999955e+02
8.147000000000000455e+02
8.165700000000000500e+02
8.169900000000000091e+02
8.190399999999999636e+02
8.521000000000000227e+02
8.532799999999999727e+02
8.543200000000000500e+02
8.543400000000000318e+02
8.554400000000000546e+02
8.566599999999999682e+02
8.569200000000000728e+02
8.576499999999999773e+02
8.593000000000000682e+02
8.599400000000000546e+02
8.613799999999999955e+02
8.614500000000000455e+02
8.622300000000000182e+02
8.636200000000000045e+02
8.651399999999999864e+02
8.657699999999999818e+02
8.659400000000000546e+02
8.678600000000000136e+02
8.679400000000000546e+02
8.702000000000000455e+02
9.006399999999999864e+02
9.016000000000000227e+02
9.029099999999999682e+02
9.031599999999999682e+02
9.054400000000000546e+02
9.059099999999999682e+02
9.068000000000000682e+02
9.077100000000000364e+02
9.091100000000000136e+02
9.098700000000000045e+02
9.098999999999999773e+02
9.112500000000000000e+02
9.126900000000000546e+02
9.131499999999999773e+02
9.135000000000000000e+02
9.150500000000000682e+02
9.156700000000000728e+02
9.182200000000000273e+02
9.203999999999999773e+02
9.228100000000000591e+02
9.488899999999999864e+02
9.493000000000000682e+02
9.523899999999999864e+02
9.527500000000000000e+02
9.547300000000000182e+02
9.558500000000000227e+02
9.568799999999999955e+02
9.569700000000000273e+02
9.585199999999999818e+02
9.591599999999999682e+02
9.595299999999999727e+02
9.610700000000000500e+02
9.616499999999999773e+02
9.621800000000000637e+02
9.632100000000000364e+02
9.640600000000000591e+02
9.653600000000000136e+02
9.665399999999999636e+02
9.676299999999999955e+02
9.699600000000000364e+02
9.721800000000000637e+02
