8.440700000000000500e+02
9.470099999999999909e+02
9.686200000000000045e+02
8.440800000000000409e+02
9.470199999999999818e+02
8.441000000000000227e+02
9.470399999999999636e+02
1.141000000000000014e+01
2.126999999999999957e+01
4.980000000000000426e+01
7.859000000000000341e+01
1.933900000000000148e+02
2.073199999999999932e+02
2.110399999999999920e+02
2.211200000000000045e+02
2.679599999999999795e+02
3.047300000000000182e+02
3.116000000000000227e+02
3.497699999999999818e+02
4.252900000000000205e+02
4.407800000000000296e+02
5.126299999999999955e+02
5.772200000000000273e+02
6.145099999999999909e+02
6.431499999999999773e+02
6.581299999999999955e+02
7.548500000000000227e+02
8.674800000000000182e+02
8.857200000000000273e+02
9.319800000000000182e+02
9.470600000000000591e+02
9.570600000000000591e+02
9.876000000000000227e+02
7.862999999999999545e+01
2.073799999999999955e+02
3.048000000000000114e+02
4.253100000000000023e+02
5.127000000000000455e+02
5.773000000000000682e+02
6.432000000000000455e+02
6.581800000000000637e+02
9.470800000000000409e+02
7.868999999999999773e+01
2.074500000000000171e+02
4.253400000000000318e+02
5.128100000000000591e+02
6.432599999999999909e+02
9.471299999999999955e+02
7.881000000000000227e+01
4.253700000000000045e+02
4.254100000000000250e+02
5.764000000000000057e+01
1.169300000000000068e+02
1.779699999999999989e+02
2.206500000000000057e+02
3.058500000000000227e+02
3.221299999999999955e+02
3.849000000000000341e+02
4.356100000000000136e+02
5.019300000000000068e+02
5.335700000000000500e+02
5.530700000000000500e+02
5.640299999999999727e+02
5.830500000000000682e+02
6.337400000000000091e+02
6.507500000000000000e+02
6.686200000000000045e+02
7.882699999999999818e+02
8.040299999999999727e+02
8.075900000000000318e+02
8.440199999999999818e+02
9.392500000000000000e+02
9.473600000000000136e+02
9.555399999999999636e+02
9.670800000000000409e+02
9.919900000000000091e+02
1.169800000000000040e+02
1.779900000000000091e+02
3.058600000000000136e+02
4.356800000000000068e+02
6.337699999999999818e+02
6.507699999999999818e+02
7.882799999999999727e+02
8.040900000000000318e+02
8.076399999999999864e+02
8.440199999999999818e+02
9.393200000000000500e+02
1.780000000000000000e+02
3.058799999999999955e+02
6.338300000000000409e+02
6.508100000000000591e+02
7.882899999999999636e+02
8.440299999999999727e+02
1.780200000000000102e+02
3.059000000000000341e+02
7.883100000000000591e+02
8.440299999999999727e+02
2.003999999999999915e+01
1.780399999999999920e+02
3.059300000000000068e+02
3.281100000000000136e+02
3.343799999999999955e+02
4.410000000000000000e+02
4.809000000000000341e+02
6.323100000000000591e+02
7.041200000000000045e+02
8.440399999999999636e+02
9.104200000000000728e+02
2.008999999999999986e+01
1.780699999999999932e+02
3.344200000000000159e+02
4.410699999999999932e+02
6.324700000000000273e+02
8.440500000000000682e+02
8.440600000000000591e+02
9.470000000000000000e+02
9.685700000000000500e+02
