4.480000000000000426e+00
5.000000000000000000e+00
6.500000000000000000e+00
6.940000000000000391e+00
7.020000000000000462e+00
8.529999999999999361e+00
9.040000000000000924e+00
9.109999999999999432e+00
1.034999999999999964e+01
1.056000000000000050e+01
1.106000000000000050e+01
1.151999999999999957e+01
1.260999999999999943e+01
1.308000000000000007e+01
1.356000000000000050e+01
1.388000000000000078e+01
1.464000000000000057e+01
1.509999999999999964e+01
1.558999999999999986e+01
1.599000000000000021e+01
1.667000000000000171e+01
1.712000000000000099e+01
1.762999999999999901e+01
1.871000000000000085e+01
1.912999999999999901e+01
2.115000000000000213e+01
2.117000000000000171e+01
2.189000000000000057e+01
2.319000000000000128e+01
2.400000000000000000e+01
5.475000000000000000e+01
5.687000000000000455e+01
5.716000000000000369e+01
5.735000000000000142e+01
5.892000000000000171e+01
5.917999999999999972e+01
5.938000000000000256e+01
6.100999999999999801e+01
6.113000000000000256e+01
6.121000000000000085e+01
6.203999999999999915e+01
6.307999999999999829e+01
6.323000000000000398e+01
6.407000000000000739e+01
6.473000000000000398e+01
6.515000000000000568e+01
6.525000000000000000e+01
6.610999999999999943e+01
6.717000000000000171e+01
6.726999999999999602e+01
6.815000000000000568e+01
6.925000000000000000e+01
6.928000000000000114e+01
7.018000000000000682e+01
7.129000000000000625e+01
7.221999999999999886e+01
7.296999999999999886e+01
7.342000000000000171e+01
1.050600000000000023e+02
1.052999999999999972e+02
1.071700000000000017e+02
1.073500000000000085e+02
1.085700000000000074e+02
1.092000000000000028e+02
1.093799999999999955e+02
1.111500000000000057e+02
1.112199999999999989e+02
1.114000000000000057e+02
1.133100000000000023e+02
1.134099999999999966e+02
1.149500000000000028e+02
1.154200000000000017e+02
1.154900000000000091e+02
1.169699999999999989e+02
1.174399999999999977e+02
1.175100000000000051e+02
1.194699999999999989e+02
1.194699999999999989e+02
1.195400000000000063e+02
1.214900000000000091e+02
1.224800000000000040e+02
1.545099999999999909e+02
1.555500000000000114e+02
1.555600000000000023e+02
1.571800000000000068e+02
1.579399999999999977e+02
1.580699999999999932e+02
1.592500000000000000e+02
1.599799999999999898e+02
1.601299999999999955e+02
1.605399999999999920e+02
1.612700000000000102e+02
1.620099999999999909e+02
1.621899999999999977e+02
1.633000000000000114e+02
1.640500000000000114e+02
1.642100000000000080e+02
1.653199999999999932e+02
1.660800000000000125e+02
1.662599999999999909e+02
1.673400000000000034e+02
1.680999999999999943e+02
1.691500000000000057e+02
1.693700000000000045e+02
1.701400000000000148e+02
1.713900000000000148e+02
1.717800000000000011e+02
1.724600000000000080e+02
1.734300000000000068e+02
2.041899999999999977e+02
2.047199999999999989e+02
2.061899999999999977e+02
2.067599999999999909e+02
2.071200000000000045e+02
2.074900000000000091e+02
2.084200000000000159e+02
2.087800000000000011e+02
2.091800000000000068e+02
2.107899999999999920e+02
2.109399999999999977e+02
2.112000000000000171e+02
2.115999999999999943e+02
2.128100000000000023e+02
2.130300000000000011e+02
2.132100000000000080e+02
2.148199999999999932e+02
2.150900000000000034e+02
2.152300000000000182e+02
2.154900000000000091e+02
2.168300000000000125e+02
2.171200000000000045e+02
2.172700000000000102e+02
2.175699999999999932e+02
2.188499999999999943e+02
2.192300000000000182e+02
2.200300000000000011e+02
2.209099999999999966e+02
2.220999999999999943e+02
2.229600000000000080e+02
2.533900000000000148e+02
2.550200000000000102e+02
2.555999999999999943e+02
2.560500000000000114e+02
2.570799999999999841e+02
2.576299999999999955e+02
2.580699999999999932e+02
2.591000000000000227e+02
2.596600000000000250e+02
2.601000000000000227e+02
2.606000000000000227e+02
2.611200000000000045e+02
2.621100000000000136e+02
2.621200000000000045e+02
2.631399999999999864e+02
2.641399999999999864e+02
2.641499999999999773e+02
2.651499999999999773e+02
2.661700000000000159e+02
2.665699999999999932e+02
2.671700000000000159e+02
2.683899999999999864e+02
2.688999999999999773e+02
2.692099999999999795e+02
2.706299999999999955e+02
2.714300000000000068e+02
2.726600000000000250e+02
2.744599999999999795e+02
3.042699999999999818e+02
3.052699999999999818e+02
3.054700000000000273e+02
3.063299999999999841e+02
3.072900000000000205e+02
3.075000000000000000e+02
3.083600000000000136e+02
3.086100000000000136e+02
3.093199999999999932e+02
3.095300000000000296e+02
3.113299999999999841e+02
3.114100000000000250e+02
3.115500000000000114e+02
3.123000000000000114e+02
3.133500000000000227e+02
3.135699999999999932e+02
3.135799999999999841e+02
3.153600000000000136e+02
3.156000000000000227e+02
3.156999999999999886e+02
3.158500000000000227e+02
3.173899999999999864e+02
3.176200000000000045e+02
3.181800000000000068e+02
3.194100000000000250e+02
3.196399999999999864e+02
3.214300000000000068e+02
3.234499999999999886e+02
3.517599999999999909e+02
3.538799999999999955e+02
3.550500000000000114e+02
3.561200000000000045e+02
3.567099999999999795e+02
3.571000000000000227e+02
3.589900000000000091e+02
3.593299999999999841e+02
3.593700000000000045e+02
3.595300000000000296e+02
3.613799999999999955e+02
3.615300000000000296e+02
3.615699999999999932e+02
3.627800000000000296e+02
3.634100000000000250e+02
3.635799999999999841e+02
3.635900000000000318e+02
3.654300000000000068e+02
3.656100000000000136e+02
3.657300000000000182e+02
3.674499999999999886e+02
3.676600000000000250e+02
3.677599999999999909e+02
3.694800000000000182e+02
3.696800000000000068e+02
3.715000000000000000e+02
3.717099999999999795e+02
4.043000000000000114e+02
4.044900000000000091e+02
4.057300000000000182e+02
4.066000000000000227e+02
4.067400000000000091e+02
4.086299999999999955e+02
4.086500000000000341e+02
4.087699999999999818e+02
4.092300000000000182e+02
4.106500000000000341e+02
4.108000000000000114e+02
4.115400000000000205e+02
4.126700000000000159e+02
4.128299999999999841e+02
4.133199999999999932e+02
4.135699999999999932e+02
4.147100000000000364e+02
4.148400000000000318e+02
4.163700000000000045e+02
4.167500000000000000e+02
4.168600000000000136e+02
4.187800000000000296e+02
4.188899999999999864e+02
4.209200000000000159e+02
4.212400000000000091e+02
4.229900000000000091e+02
4.539100000000000250e+02
4.541600000000000250e+02
4.542400000000000091e+02
4.547500000000000000e+02
4.562100000000000364e+02
4.566200000000000045e+02
4.569000000000000341e+02
4.582300000000000182e+02
4.586500000000000341e+02
4.589300000000000068e+02
4.602500000000000000e+02
4.606200000000000045e+02
4.611399999999999864e+02
4.612200000000000273e+02
4.622699999999999818e+02
4.631700000000000159e+02
4.632400000000000091e+02
4.643000000000000114e+02
4.652200000000000273e+02
4.652800000000000296e+02
4.663199999999999932e+02
4.676700000000000159e+02
4.683400000000000318e+02
4.696899999999999977e+02
4.703700000000000045e+02
4.724900000000000091e+02
4.745199999999999818e+02
5.011100000000000136e+02
5.032900000000000205e+02
5.042100000000000364e+02
5.053799999999999955e+02
5.058600000000000136e+02
5.066200000000000045e+02
5.069000000000000341e+02
5.074000000000000341e+02
5.089399999999999977e+02
5.089600000000000364e+02
5.094300000000000068e+02
5.109800000000000182e+02
5.109900000000000091e+02
5.114700000000000273e+02
5.130000000000000000e+02
5.134099999999999682e+02
5.134900000000000091e+02
5.150199999999999818e+02
5.155099999999999909e+02
5.161399999999999864e+02
5.170299999999999727e+02
5.178799999999999955e+02
5.184800000000000182e+02
5.190499999999999545e+02
5.199099999999999682e+02
5.210700000000000500e+02
5.234400000000000546e+02
5.523700000000000045e+02
5.533400000000000318e+02
5.543999999999999773e+02
5.545800000000000409e+02
5.553700000000000045e+02
5.564199999999999591e+02
5.566100000000000136e+02
5.574400000000000546e+02
5.584500000000000455e+02
5.586599999999999682e+02
5.594700000000000273e+02
5.595900000000000318e+02
5.604700000000000273e+02
5.606800000000000637e+02
5.624900000000000091e+02
5.627000000000000455e+02
5.642000000000000455e+02
5.645099999999999909e+02
5.647100000000000364e+02
5.655299999999999727e+02
5.662500000000000000e+02
5.665299999999999727e+02
5.667300000000000182e+02
5.687500000000000000e+02
5.687599999999999909e+02
5.689800000000000182e+02
5.708700000000000045e+02
5.710000000000000000e+02
5.731599999999999682e+02
5.752000000000000455e+02
6.016399999999999864e+02
6.025600000000000591e+02
6.028700000000000045e+02
6.037100000000000364e+02
6.046399999999999864e+02
6.056299999999999955e+02
6.058500000000000227e+02
6.063200000000000500e+02
6.066599999999999682e+02
6.076599999999999682e+02
6.078999999999999773e+02
6.089800000000000182e+02
6.096900000000000546e+02
6.099300000000000637e+02
6.110800000000000409e+02
6.119099999999999682e+02
6.119500000000000455e+02
6.120900000000000318e+02
6.131200000000000045e+02
6.139800000000000182e+02
6.141000000000000227e+02
6.153600000000000136e+02
6.159900000000000091e+02
6.161200000000000045e+02
6.180099999999999909e+02
6.180399999999999636e+02
6.181499999999999773e+02
6.200199999999999818e+02
6.205399999999999636e+02
6.225299999999999727e+02
6.245800000000000409e+02
6.532799999999999727e+02
6.539600000000000364e+02
6.543899999999999864e+02
6.562000000000000455e+02
6.563899999999999864e+02
6.563899999999999864e+02
6.564400000000000546e+02
6.584099999999999682e+02
6.584199999999999591e+02
6.587699999999999818e+02
6.604400000000000546e+02
6.604400000000000546e+02
6.612699999999999818e+02
6.614900000000000091e+02
6.624500000000000455e+02
6.624700000000000273e+02
6.644700000000000273e+02
6.644900000000000091e+02
6.664800000000000182e+02
6.665199999999999818e+02
6.685199999999999818e+02
6.686000000000000227e+02
6.705500000000000682e+02
6.712899999999999636e+02
6.730800000000000409e+02
7.013799999999999955e+02
7.032699999999999818e+02
7.036000000000000227e+02
7.044900000000000091e+02
7.053200000000000500e+02
7.056699999999999591e+02
7.069700000000000273e+02
7.073500000000000227e+02
7.073600000000000136e+02
7.077100000000000364e+02
7.089900000000000091e+02
7.093799999999999955e+02
7.093799999999999955e+02
7.097400000000000091e+02
7.110099999999999909e+02
7.114900000000000091e+02
7.118600000000000136e+02
7.121200000000000045e+02
7.130299999999999727e+02
7.135299999999999727e+02
7.140500000000000682e+02
7.150500000000000682e+02
7.155500000000000682e+02
7.161399999999999864e+02
7.170700000000000500e+02
7.175900000000000318e+02
7.190900000000000318e+02
7.202799999999999727e+02
7.211200000000000045e+02
7.501399999999999864e+02
7.512200000000000273e+02
7.521900000000000546e+02
7.522300000000000182e+02
7.532599999999999909e+02
7.544099999999999682e+02
7.544400000000000546e+02
7.548799999999999955e+02
7.556100000000000136e+02
7.564800000000000182e+02
7.568999999999999773e+02
7.576599999999999682e+02
7.585299999999999727e+02
7.589199999999999591e+02
7.596800000000000637e+02
7.605600000000000591e+02
7.609400000000000546e+02
7.617000000000000455e+02
7.627699999999999818e+02
7.629600000000000364e+02
7.638799999999999955e+02
7.649900000000000091e+02
7.659099999999999682e+02
7.664300000000000637e+02
7.670800000000000409e+02
7.687100000000000364e+02
7.691000000000000227e+02
7.692100000000000364e+02
7.711299999999999955e+02
7.735199999999999818e+02
8.006200000000000045e+02
8.026900000000000546e+02
8.029500000000000455e+02
8.030299999999999727e+02
8.047200000000000273e+02
8.048100000000000591e+02
8.050600000000000591e+02
8.050800000000000409e+02
8.067599999999999909e+02
8.068400000000000318e+02
8.071700000000000728e+02
8.076599999999999682e+02
8.088500000000000227e+02
8.088700000000000045e+02
8.092000000000000455e+02
8.108799999999999955e+02
8.108899999999999864e+02
8.112300000000000182e+02
8.129099999999999682e+02
8.134200000000000728e+02
8.146100000000000136e+02
8.149300000000000637e+02
8.154400000000000546e+02
8.169500000000000455e+02
8.174700000000000273e+02
8.189900000000000091e+02
8.195800000000000409e+02
8.210399999999999636e+02
8.231200000000000045e+02
8.504200000000000728e+02
8.510399999999999636e+02
8.524500000000000455e+02
8.531399999999999864e+02
8.534700000000000273e+02
8.544800000000000182e+02
8.551599999999999682e+02
8.555000000000000000e+02
8.562100000000000364e+02
8.565099999999999909e+02
8.571800000000000637e+02
8.575199999999999818e+02
8.586200000000000045e+02
8.592000000000000455e+02
8.594099999999999682e+02
8.595299999999999727e+02
8.610299999999999727e+02
8.612300000000000182e+02
8.615399999999999636e+02
8.632599999999999909e+02
8.635600000000000591e+02
8.641499999999999773e+02
8.652899999999999636e+02
8.655800000000000409e+02
8.673400000000000318e+02
8.676000000000000227e+02
8.693999999999999773e+02
8.696800000000000637e+02
8.717100000000000364e+02
8.979099999999999682e+02
9.002200000000000273e+02
9.003500000000000227e+02
9.012100000000000364e+02
9.024400000000000546e+02
9.028999999999999773e+02
9.049600000000000364e+02
9.049600000000000364e+02
9.053799999999999955e+02
9.054400000000000546e+02
9.069900000000000091e+02
9.069900000000000091e+02
9.074600000000000364e+02
9.090099999999999909e+02
9.090299999999999727e+02
9.097799999999999727e+02
9.110199999999999818e+02
9.110500000000000682e+02
9.118600000000000136e+02
9.131599999999999682e+02
9.136800000000000637e+02
9.151399999999999864e+02
9.151800000000000637e+02
9.157000000000000455e+02
9.172000000000000455e+02
9.192400000000000091e+02
9.213100000000000591e+02
9.233500000000000227e+02
9.481100000000000136e+02
9.485900000000000318e+02
9.494900000000000091e+02
9.514800000000000182e+02
9.520900000000000318e+02
9.533999999999999773e+02
9.535099999999999909e+02
9.541399999999999864e+02
9.543799999999999955e+02
9.556000000000000227e+02
9.561700000000000728e+02
9.564600000000000364e+02
9.576599999999999682e+02
9.581900000000000546e+02
9.584900000000000091e+02
9.597000000000000455e+02
9.602100000000000364e+02
9.605199999999999818e+02
9.619200000000000728e+02
9.622300000000000182e+02
9.625299999999999727e+02
9.642500000000000000e+02
9.645500000000000682e+02
9.651599999999999682e+02
9.662899999999999636e+02
9.665800000000000409e+02
9.685800000000000409e+02
9.686000000000000227e+02
9.706700000000000728e+02
9.726900000000000546e+02
9.974400000000000546e+02
9.994900000000000091e+02
9.997300000000000182e+02
9.999099999999999682e+02
