2.419999999999999929e+00
2.600000000000000089e+00
2.609999999999999876e+00
2.620000000000000107e+00
2.760000000000000231e+00
4.639999999999999680e+00
4.650000000000000355e+00
4.690000000000000391e+00
4.790000000000000036e+00
6.669999999999999929e+00
6.679999999999999716e+00
6.709999999999999964e+00
6.810000000000000497e+00
6.940000000000000391e+00
8.689999999999999503e+00
8.730000000000000426e+00
8.830000000000000071e+00
1.066999999999999993e+01
1.071000000000000085e+01
1.075000000000000000e+01
1.087000000000000099e+01
1.259999999999999964e+01
1.274000000000000021e+01
1.275000000000000000e+01
1.276999999999999957e+01
1.290000000000000036e+01
1.476999999999999957e+01
1.480000000000000071e+01
1.482000000000000028e+01
1.493999999999999950e+01
1.500000000000000000e+01
1.682000000000000028e+01
1.683000000000000185e+01
1.685000000000000142e+01
1.696999999999999886e+01
1.860999999999999943e+01
1.883999999999999986e+01
1.890000000000000213e+01
2.085000000000000142e+01
2.087999999999999901e+01
2.092000000000000171e+01
2.225000000000000000e+01
2.271000000000000085e+01
2.291000000000000014e+01
2.296000000000000085e+01
2.446999999999999886e+01
2.451000000000000156e+01
2.476999999999999957e+01
2.492999999999999972e+01
2.501999999999999957e+01
2.642999999999999972e+01
2.653999999999999915e+01
2.683000000000000185e+01
2.694999999999999929e+01
2.707000000000000028e+01
2.846000000000000085e+01
2.862000000000000099e+01
2.892000000000000171e+01
2.901000000000000156e+01
3.051999999999999957e+01
3.058999999999999986e+01
3.067000000000000171e+01
3.098000000000000043e+01
3.273000000000000398e+01
3.303999999999999915e+01
3.307999999999999829e+01
3.456000000000000227e+01
3.475999999999999801e+01
3.485999999999999943e+01
3.509000000000000341e+01
3.660000000000000142e+01
3.671999999999999886e+01
3.689000000000000057e+01
3.703999999999999915e+01
3.861999999999999744e+01
3.875000000000000000e+01
3.880000000000000426e+01
3.886999999999999744e+01
4.050999999999999801e+01
4.082000000000000028e+01
4.082999999999999829e+01
4.093999999999999773e+01
4.242999999999999972e+01
4.257999999999999829e+01
4.284000000000000341e+01
4.285000000000000142e+01
4.296999999999999886e+01
4.446999999999999886e+01
4.460000000000000142e+01
4.489999999999999858e+01
4.492000000000000171e+01
4.510000000000000142e+01
4.650999999999999801e+01
4.661999999999999744e+01
4.695000000000000284e+01
4.696000000000000085e+01
4.725000000000000000e+01
4.853000000000000114e+01
4.896999999999999886e+01
4.900000000000000000e+01
4.932999999999999829e+01
4.946000000000000085e+01
5.032999999999999829e+01
5.099000000000000199e+01
5.102000000000000313e+01
5.203000000000000114e+01
5.302000000000000313e+01
5.420000000000000284e+01
5.438000000000000256e+01
5.460999999999999943e+01
5.503999999999999915e+01
5.625000000000000000e+01
5.642000000000000171e+01
5.706000000000000227e+01
5.781000000000000227e+01
5.837000000000000455e+01
5.846999999999999886e+01
5.927000000000000313e+01
5.934000000000000341e+01
6.021000000000000085e+01
6.041000000000000369e+01
6.057999999999999829e+01
6.116000000000000369e+01
6.225000000000000000e+01
6.245000000000000284e+01
6.291000000000000369e+01
6.317999999999999972e+01
6.451999999999999602e+01
6.485999999999999943e+01
6.493000000000000682e+01
6.668000000000000682e+01
6.690000000000000568e+01
6.698000000000000398e+01
6.814000000000000057e+01
6.901000000000000512e+01
6.906000000000000227e+01
7.018000000000000682e+01
7.034000000000000341e+01
7.104999999999999716e+01
7.107999999999999829e+01
7.132999999999999829e+01
7.221999999999999886e+01
7.307999999999999829e+01
7.310999999999999943e+01
7.346000000000000796e+01
7.434000000000000341e+01
7.471999999999999886e+01
7.510999999999999943e+01
7.515999999999999659e+01
7.554000000000000625e+01
7.676999999999999602e+01
7.723000000000000398e+01
7.782999999999999829e+01
7.876000000000000512e+01
7.879000000000000625e+01
8.078000000000000114e+01
8.090000000000000568e+01
8.140000000000000568e+01
8.195000000000000284e+01
8.279999999999999716e+01
8.293000000000000682e+01
8.348999999999999488e+01
8.373999999999999488e+01
8.404000000000000625e+01
8.432999999999999829e+01
8.482000000000000739e+01
8.496999999999999886e+01
8.551999999999999602e+01
8.576999999999999602e+01
8.607000000000000739e+01
8.635000000000000853e+01
8.685000000000000853e+01
8.818000000000000682e+01
8.837000000000000455e+01
8.887000000000000455e+01
8.889000000000000057e+01
8.937999999999999545e+01
9.043999999999999773e+01
9.089000000000000057e+01
9.092000000000000171e+01
9.148999999999999488e+01
9.246999999999999886e+01
9.290999999999999659e+01
9.298999999999999488e+01
9.376000000000000512e+01
9.418000000000000682e+01
9.448999999999999488e+01
9.493000000000000682e+01
9.501000000000000512e+01
9.651999999999999602e+01
9.696000000000000796e+01
9.712000000000000455e+01
9.796000000000000796e+01
9.857000000000000739e+01
9.901000000000000512e+01
9.915999999999999659e+01
1.010300000000000011e+02
1.011899999999999977e+02
1.020100000000000051e+02
1.021299999999999955e+02
1.030700000000000074e+02
1.032199999999999989e+02
1.040300000000000011e+02
1.060600000000000023e+02
1.065799999999999983e+02
1.082300000000000040e+02
1.086000000000000085e+02
1.089200000000000017e+02
1.093100000000000023e+02
1.097500000000000000e+02
1.102500000000000000e+02
1.106299999999999955e+02
1.109900000000000091e+02
1.115700000000000074e+02
1.117900000000000063e+02
1.122699999999999960e+02
1.126599999999999966e+02
1.132600000000000051e+02
1.141000000000000085e+02
1.142999999999999972e+02
1.146800000000000068e+02
1.152999999999999972e+02
1.156800000000000068e+02
1.163400000000000034e+02
1.173299999999999983e+02
1.173299999999999983e+02
1.178299999999999983e+02
1.183700000000000045e+02
1.184500000000000028e+02
1.193599999999999994e+02
1.198700000000000045e+02
1.204000000000000057e+02
1.206200000000000045e+02
1.214099999999999966e+02
1.218900000000000006e+02
1.224200000000000017e+02
1.227900000000000063e+02
1.234399999999999977e+02
1.239200000000000017e+02
1.244500000000000028e+02
1.248200000000000074e+02
1.256899999999999977e+02
1.260799999999999983e+02
1.264800000000000040e+02
1.268500000000000085e+02
1.270799999999999983e+02
1.278100000000000023e+02
1.298199999999999932e+02
1.301100000000000136e+02
1.304300000000000068e+02
1.320699999999999932e+02
1.324000000000000057e+02
1.325600000000000023e+02
1.331299999999999955e+02
1.338000000000000114e+02
1.344399999999999977e+02
1.346299999999999955e+02
1.351999999999999886e+02
1.355999999999999943e+02
1.364600000000000080e+02
1.366599999999999966e+02
1.375900000000000034e+02
1.377899999999999920e+02
1.386800000000000068e+02
1.393100000000000023e+02
1.399799999999999898e+02
1.419000000000000057e+02
1.419099999999999966e+02
1.420300000000000011e+02
1.425500000000000114e+02
1.432800000000000011e+02
1.446500000000000057e+02
1.447000000000000171e+02
1.450500000000000114e+02
1.453400000000000034e+02
1.456599999999999966e+02
1.457400000000000091e+02
1.462599999999999909e+02
1.466800000000000068e+02
1.473700000000000045e+02
1.482800000000000011e+02
1.483300000000000125e+02
1.487100000000000080e+02
1.494099999999999966e+02
1.503100000000000023e+02
1.507500000000000000e+02
1.514399999999999977e+02
1.515500000000000114e+02
1.516599999999999966e+02
1.523300000000000125e+02
1.527899999999999920e+02
1.528400000000000034e+02
1.534900000000000091e+02
1.543499999999999943e+02
1.548700000000000045e+02
1.558000000000000114e+02
1.563700000000000045e+02
1.568900000000000148e+02
1.570600000000000023e+02
1.574399999999999977e+02
1.584000000000000057e+02
1.589099999999999966e+02
1.590999999999999943e+02
1.596400000000000148e+02
1.600099999999999909e+02
1.604300000000000068e+02
1.611200000000000045e+02
1.617000000000000171e+02
1.620699999999999932e+02
1.625000000000000000e+02
1.626899999999999977e+02
1.631599999999999966e+02
1.637500000000000000e+02
1.640999999999999943e+02
1.647400000000000091e+02
1.651899999999999977e+02
1.659799999999999898e+02
1.661400000000000148e+02
1.667700000000000102e+02
1.672700000000000102e+02
1.674500000000000171e+02
1.681500000000000057e+02
1.688000000000000114e+02
1.693000000000000114e+02
1.694699999999999989e+02
1.701700000000000159e+02
1.707199999999999989e+02
1.708199999999999932e+02
1.713199999999999932e+02
1.722100000000000080e+02
1.728900000000000148e+02
1.734399999999999977e+02
1.734799999999999898e+02
1.742500000000000000e+02
1.749099999999999966e+02
1.754600000000000080e+02
1.759300000000000068e+02
1.763100000000000023e+02
1.783600000000000136e+02
1.788199999999999932e+02
1.793100000000000023e+02
1.793499999999999943e+02
1.799699999999999989e+02
1.803799999999999955e+02
1.808400000000000034e+02
1.813600000000000136e+02
1.813799999999999955e+02
1.820800000000000125e+02
1.828799999999999955e+02
1.834699999999999989e+02
1.841299999999999955e+02
1.842299999999999898e+02
1.849000000000000057e+02
1.851500000000000057e+02
1.862700000000000102e+02
1.869200000000000159e+02
1.870699999999999932e+02
1.874200000000000159e+02
1.882899999999999920e+02
1.889399999999999977e+02
1.890999999999999943e+02
1.894399999999999977e+02
1.896299999999999955e+02
1.904200000000000159e+02
1.911599999999999966e+02
1.914699999999999989e+02
1.917300000000000182e+02
1.931899999999999977e+02
1.934900000000000091e+02
1.955099999999999909e+02
1.957599999999999909e+02
1.964300000000000068e+02
1.969699999999999989e+02
1.975399999999999920e+02
1.978100000000000023e+02
1.982500000000000000e+02
1.985300000000000011e+02
1.990200000000000102e+02
1.995800000000000125e+02
1.998799999999999955e+02
2.006100000000000136e+02
2.015999999999999943e+02
2.019500000000000171e+02
2.026400000000000148e+02
2.029399999999999977e+02
2.039699999999999989e+02
2.047400000000000091e+02
2.057300000000000182e+02
2.060000000000000000e+02
2.067800000000000011e+02
2.070500000000000114e+02
2.075500000000000114e+02
2.080500000000000114e+02
2.095800000000000125e+02
2.100699999999999932e+02
2.103700000000000045e+02
2.105500000000000114e+02
2.110399999999999920e+02
2.116299999999999955e+02
2.121100000000000136e+02
2.124600000000000080e+02
2.131500000000000057e+02
2.136800000000000068e+02
2.141299999999999955e+02
2.145600000000000023e+02
2.148499999999999943e+02
2.152500000000000000e+02
2.157100000000000080e+02
2.165900000000000034e+02
2.172700000000000102e+02
2.177500000000000000e+02
2.178700000000000045e+02
2.179900000000000091e+02
2.186700000000000159e+02
2.192899999999999920e+02
2.199500000000000171e+02
2.213400000000000034e+02
2.215200000000000102e+02
2.220000000000000000e+02
2.227400000000000091e+02
2.248400000000000034e+02
2.253600000000000136e+02
2.257000000000000171e+02
2.264099999999999966e+02
2.275800000000000125e+02
2.278600000000000136e+02
2.282300000000000182e+02
2.283900000000000148e+02
2.285000000000000000e+02
2.287100000000000080e+02
2.295999999999999943e+02
2.300800000000000125e+02
2.305600000000000023e+02
2.316299999999999955e+02
2.326800000000000068e+02
2.329800000000000182e+02
2.336200000000000045e+02
2.347500000000000000e+02
2.352700000000000102e+02
2.356899999999999977e+02
2.365999999999999943e+02
2.367800000000000011e+02
2.375099999999999909e+02
2.386299999999999955e+02
2.388000000000000114e+02
2.395900000000000034e+02
2.396800000000000068e+02
2.406599999999999966e+02
2.408199999999999932e+02
2.416599999999999966e+02
2.417300000000000182e+02
2.427100000000000080e+02
2.428900000000000148e+02
2.430600000000000023e+02
2.436899999999999977e+02
2.451200000000000045e+02
2.457100000000000080e+02
2.458300000000000125e+02
2.467199999999999989e+02
2.477600000000000193e+02
2.484500000000000171e+02
2.487400000000000091e+02
2.494699999999999989e+02
2.497899999999999920e+02
2.507700000000000102e+02
2.515800000000000125e+02
2.527899999999999920e+02
2.538799999999999955e+02
2.539699999999999989e+02
2.543199999999999932e+02
2.548400000000000034e+02
2.549800000000000182e+02
2.559099999999999966e+02
2.560600000000000023e+02
2.579599999999999795e+02
2.580900000000000318e+02
2.610699999999999932e+02
2.613799999999999955e+02
2.615799999999999841e+02
2.623899999999999864e+02
2.636700000000000159e+02
2.639499999999999886e+02
2.645199999999999818e+02
2.660300000000000296e+02
2.663100000000000023e+02
2.674599999999999795e+02
2.688899999999999864e+02
2.692500000000000000e+02
2.701899999999999977e+02
2.701999999999999886e+02
2.713500000000000227e+02
2.716999999999999886e+02
2.724800000000000182e+02
2.728799999999999955e+02
2.735199999999999818e+02
2.736700000000000159e+02
2.745199999999999818e+02
2.755600000000000023e+02
2.764900000000000091e+02
2.766100000000000136e+02
2.776000000000000227e+02
2.776700000000000159e+02
2.785300000000000296e+02
2.799399999999999977e+02
2.805500000000000114e+02
2.811299999999999955e+02
2.816600000000000250e+02
2.825900000000000318e+02
2.826100000000000136e+02
2.833000000000000114e+02
2.837300000000000182e+02
2.855400000000000205e+02
2.857500000000000000e+02
2.867900000000000205e+02
2.876399999999999864e+02
2.886000000000000227e+02
2.886000000000000227e+02
2.898500000000000227e+02
2.906299999999999955e+02
2.908000000000000114e+02
2.918799999999999955e+02
2.923899999999999864e+02
2.927800000000000296e+02
2.939100000000000250e+02
2.941000000000000227e+02
2.963299999999999841e+02
2.964599999999999795e+02
2.964599999999999795e+02
2.971899999999999977e+02
2.985799999999999841e+02
3.005300000000000296e+02
3.014399999999999977e+02
3.014700000000000273e+02
3.035199999999999818e+02
3.038100000000000023e+02
3.065199999999999818e+02
3.065799999999999841e+02
3.072900000000000205e+02
3.073299999999999841e+02
3.079300000000000068e+02
3.086399999999999864e+02
3.099700000000000273e+02
3.107099999999999795e+02
3.121000000000000227e+02
3.127699999999999818e+02
3.134499999999999886e+02
3.137400000000000091e+02
3.141700000000000159e+02
3.149599999999999795e+02
3.163799999999999955e+02
3.164499999999999886e+02
3.196299999999999955e+02
3.203700000000000045e+02
3.204499999999999886e+02
3.206600000000000250e+02
3.213100000000000023e+02
3.217599999999999909e+02
3.225500000000000114e+02
3.238600000000000136e+02
3.249700000000000273e+02
3.257500000000000000e+02
3.259100000000000250e+02
3.263000000000000114e+02
3.270099999999999909e+02
3.290500000000000114e+02
3.297800000000000296e+02
3.301800000000000068e+02
3.309200000000000159e+02
3.311200000000000045e+02
3.322900000000000205e+02
3.324599999999999795e+02
3.331399999999999864e+02
3.331899999999999977e+02
3.345099999999999909e+02
3.350300000000000296e+02
3.354100000000000250e+02
3.356200000000000045e+02
3.368700000000000045e+02
3.373299999999999841e+02
3.374399999999999977e+02
3.376600000000000250e+02
3.395099999999999909e+02
3.401399999999999864e+02
3.415600000000000023e+02
3.417099999999999795e+02
3.436100000000000136e+02
3.437500000000000000e+02
3.446100000000000136e+02
3.447300000000000182e+02
3.457500000000000000e+02
3.458000000000000114e+02
3.464700000000000273e+02
3.472900000000000205e+02
3.479300000000000068e+02
3.485900000000000318e+02
3.494200000000000159e+02
3.502599999999999909e+02
3.505099999999999909e+02
3.523500000000000227e+02
3.528500000000000227e+02
3.549900000000000091e+02
3.550500000000000114e+02
3.551899999999999977e+02
3.568000000000000114e+02
3.570600000000000023e+02
3.571399999999999864e+02
3.577099999999999795e+02
3.592599999999999909e+02
3.600199999999999818e+02
3.605300000000000296e+02
3.612599999999999909e+02
3.613000000000000114e+02
3.620799999999999841e+02
3.624000000000000341e+02
3.635199999999999818e+02
3.639100000000000250e+02
3.650000000000000000e+02
3.655500000000000114e+02
3.670400000000000205e+02
3.676200000000000045e+02
3.681700000000000159e+02
3.686999999999999886e+02
3.691700000000000159e+02
3.696800000000000068e+02
3.711800000000000068e+02
3.717099999999999795e+02
3.718299999999999841e+02
3.739000000000000341e+02
3.743700000000000045e+02
3.749300000000000068e+02
3.759300000000000068e+02
3.764200000000000159e+02
3.769800000000000182e+02
3.781899999999999977e+02
3.787699999999999818e+02
3.791000000000000227e+02
3.808799999999999955e+02
3.811500000000000341e+02
3.814800000000000182e+02
3.835099999999999909e+02
3.835300000000000296e+02
3.841200000000000045e+02
3.844499999999999886e+02
3.863199999999999932e+02
3.891700000000000159e+02
3.899700000000000273e+02
3.910000000000000000e+02
3.912500000000000000e+02
3.924000000000000341e+02
3.929200000000000159e+02
3.933299999999999841e+02
3.950600000000000023e+02
3.953799999999999955e+02
3.965000000000000000e+02
3.971200000000000045e+02
3.973299999999999841e+02
3.974000000000000341e+02
3.999800000000000182e+02
4.006600000000000250e+02
4.014800000000000182e+02
4.030099999999999909e+02
4.033100000000000023e+02
4.034900000000000091e+02
4.055400000000000205e+02
4.064900000000000091e+02
4.077699999999999818e+02
4.088899999999999864e+02
4.096999999999999886e+02
4.098500000000000227e+02
4.106999999999999886e+02
4.119200000000000159e+02
4.134700000000000273e+02
4.141399999999999864e+02
4.146399999999999864e+02
4.155400000000000205e+02
4.176700000000000159e+02
4.181899999999999977e+02
4.181999999999999886e+02
4.204900000000000091e+02
4.206899999999999977e+02
4.210500000000000114e+02
4.225199999999999818e+02
4.227500000000000000e+02
4.236899999999999977e+02
4.246299999999999955e+02
4.250400000000000205e+02
4.268199999999999932e+02
4.270699999999999932e+02
4.277500000000000000e+02
4.285300000000000296e+02
4.298100000000000023e+02
4.306299999999999955e+02
4.315900000000000318e+02
4.320500000000000114e+02
4.326299999999999955e+02
4.351500000000000341e+02
4.359300000000000068e+02
4.361100000000000136e+02
4.374000000000000341e+02
4.374399999999999977e+02
4.380400000000000205e+02
4.394700000000000273e+02
4.394800000000000182e+02
4.407200000000000273e+02
4.416899999999999977e+02
4.428199999999999932e+02
4.428799999999999955e+02
4.454600000000000364e+02
4.457100000000000364e+02
4.460300000000000296e+02
4.468199999999999932e+02
4.490300000000000296e+02
4.494499999999999886e+02
4.501800000000000068e+02
4.508400000000000318e+02
4.511500000000000341e+02
4.528899999999999864e+02
4.531700000000000159e+02
4.563400000000000318e+02
4.567400000000000091e+02
4.570000000000000000e+02
4.593899999999999864e+02
4.596000000000000227e+02
4.600699999999999932e+02
4.619800000000000182e+02
4.622800000000000296e+02
4.631100000000000136e+02
4.651500000000000341e+02
4.651899999999999977e+02
4.653899999999999864e+02
4.658000000000000114e+02
4.682800000000000296e+02
4.684200000000000159e+02
4.699300000000000068e+02
4.703500000000000227e+02
4.704600000000000364e+02
4.723700000000000045e+02
4.725300000000000296e+02
4.735900000000000318e+02
4.744600000000000364e+02
4.746700000000000159e+02
4.759900000000000091e+02
4.771700000000000159e+02
4.778000000000000114e+02
4.779900000000000091e+02
4.790400000000000205e+02
4.791899999999999977e+02
4.793199999999999932e+02
4.798500000000000227e+02
4.804200000000000159e+02
4.812900000000000205e+02
4.821500000000000341e+02
4.833600000000000136e+02
4.841600000000000250e+02
4.861100000000000136e+02
4.864300000000000068e+02
4.870300000000000296e+02
4.880199999999999818e+02
4.885600000000000023e+02
4.890900000000000318e+02
4.892699999999999818e+02
4.901600000000000250e+02
4.908700000000000045e+02
4.911899999999999977e+02
4.919000000000000341e+02
4.933700000000000045e+02
4.938899999999999864e+02
4.943600000000000136e+02
4.960699999999999932e+02
4.963899999999999864e+02
4.981899999999999977e+02
4.982300000000000182e+02
4.992100000000000364e+02
5.003100000000000023e+02
5.010000000000000000e+02
5.011500000000000341e+02
5.023600000000000136e+02
5.049600000000000364e+02
5.073199999999999932e+02
5.082800000000000296e+02
5.090400000000000205e+02
5.101100000000000136e+02
5.112200000000000273e+02
5.112400000000000091e+02
5.122799999999999727e+02
5.132699999999999818e+02
5.143400000000000318e+02
5.152999999999999545e+02
5.172599999999999909e+02
5.180800000000000409e+02
5.182000000000000455e+02
5.197699999999999818e+02
5.201299999999999955e+02
5.211399999999999864e+02
5.212599999999999909e+02
5.240299999999999727e+02
5.241900000000000546e+02
5.242300000000000182e+02
5.242699999999999818e+02
5.248999999999999773e+02
5.260800000000000409e+02
5.262999999999999545e+02
5.281200000000000045e+02
5.290900000000000318e+02
5.301900000000000546e+02
5.311000000000000227e+02
5.311200000000000045e+02
5.331399999999999864e+02
5.340299999999999727e+02
5.350199999999999818e+02
5.352500000000000000e+02
5.376599999999999682e+02
5.380800000000000409e+02
5.389900000000000091e+02
5.418400000000000318e+02
5.441000000000000227e+02
5.442200000000000273e+02
5.450000000000000000e+02
5.459600000000000364e+02
5.462799999999999727e+02
5.471000000000000227e+02
5.479600000000000364e+02
5.491399999999999864e+02
5.501299999999999955e+02
5.501900000000000546e+02
5.507500000000000000e+02
5.507699999999999818e+02
5.528300000000000409e+02
5.558100000000000591e+02
5.560399999999999636e+02
5.580199999999999818e+02
5.581499999999999773e+02
5.590500000000000682e+02
5.602000000000000455e+02
5.603899999999999864e+02
5.606599999999999682e+02
5.622300000000000182e+02
5.627200000000000273e+02
5.627300000000000182e+02
5.642699999999999818e+02
5.648200000000000500e+02
5.651800000000000637e+02
5.675299999999999727e+02
5.689800000000000182e+02
5.696599999999999682e+02
5.717200000000000273e+02
5.717500000000000000e+02
5.726499999999999773e+02
5.739700000000000273e+02
5.750800000000000409e+02
5.760299999999999727e+02
5.763100000000000591e+02
5.771200000000000045e+02
5.780900000000000318e+02
5.812200000000000273e+02
5.816100000000000136e+02
5.839800000000000182e+02
5.854800000000000182e+02
5.861599999999999682e+02
5.866499999999999773e+02
5.867300000000000182e+02
5.882000000000000455e+02
5.888200000000000500e+02
5.900800000000000409e+02
5.902200000000000273e+02
5.908600000000000136e+02
5.928600000000000136e+02
5.931100000000000136e+02
5.938200000000000500e+02
5.942699999999999818e+02
5.948799999999999955e+02
5.953400000000000318e+02
5.958700000000000045e+02
5.987100000000000364e+02
5.988400000000000318e+02
5.990299999999999727e+02
6.010099999999999909e+02
6.011499999999999773e+02
6.019300000000000637e+02
6.023999999999999773e+02
6.037400000000000091e+02
6.043100000000000591e+02
6.062400000000000091e+02
6.065000000000000000e+02
6.076800000000000637e+02
6.082200000000000273e+02
6.083200000000000500e+02
6.085299999999999727e+02
6.108200000000000500e+02
6.110600000000000591e+02
6.111299999999999955e+02
6.113200000000000500e+02
6.128799999999999955e+02
6.131599999999999682e+02
6.152100000000000364e+02
6.156200000000000045e+02
6.159700000000000273e+02
6.170800000000000409e+02
6.182100000000000364e+02
6.183899999999999864e+02
6.185500000000000682e+02
6.192300000000000182e+02
6.202899999999999636e+02
6.207799999999999727e+02
6.223799999999999955e+02
6.228999999999999773e+02
6.229199999999999591e+02
6.233500000000000227e+02
6.234500000000000455e+02
6.248200000000000500e+02
6.264600000000000364e+02
6.273500000000000227e+02
6.281200000000000045e+02
6.291100000000000136e+02
6.293999999999999773e+02
6.299700000000000273e+02
6.300800000000000409e+02
6.321499999999999773e+02
6.321800000000000637e+02
6.328799999999999955e+02
6.329300000000000637e+02
6.344199999999999591e+02
6.346800000000000637e+02
6.348100000000000591e+02
6.351100000000000136e+02
6.355500000000000682e+02
6.365000000000000000e+02
6.373899999999999864e+02
6.398300000000000409e+02
6.401699999999999591e+02
6.402699999999999818e+02
6.409400000000000546e+02
6.418799999999999955e+02
6.422200000000000273e+02
6.424099999999999682e+02
6.453999999999999773e+02
6.456800000000000637e+02
6.464600000000000364e+02
6.476399999999999864e+02
6.478999999999999773e+02
6.482500000000000000e+02
6.490700000000000500e+02
6.501200000000000045e+02
6.507300000000000182e+02
6.530900000000000318e+02
6.533899999999999864e+02
6.546900000000000546e+02
6.566900000000000546e+02
6.577400000000000091e+02
6.584199999999999591e+02
6.590099999999999909e+02
6.590700000000000500e+02
6.600900000000000318e+02
6.605199999999999818e+02
6.610500000000000682e+02
6.621800000000000637e+02
6.630700000000000500e+02
6.630900000000000318e+02
6.639700000000000273e+02
6.652000000000000455e+02
6.664800000000000182e+02
6.665299999999999727e+02
6.678500000000000227e+02
6.685800000000000409e+02
6.686800000000000637e+02
6.706200000000000045e+02
6.711599999999999682e+02
6.711699999999999591e+02
6.719099999999999682e+02
6.750700000000000500e+02
6.754099999999999682e+02
6.763300000000000409e+02
6.771100000000000136e+02
6.772000000000000455e+02
6.783799999999999955e+02
6.785199999999999818e+02
6.785600000000000591e+02
6.794099999999999682e+02
6.794600000000000364e+02
6.805600000000000591e+02
6.811800000000000637e+02
6.820099999999999909e+02
6.826499999999999773e+02
6.828899999999999864e+02
6.832200000000000273e+02
6.833700000000000045e+02
6.846900000000000546e+02
6.856399999999999864e+02
6.861399999999999864e+02
6.865500000000000682e+02
6.882100000000000364e+02
6.891299999999999955e+02
6.899600000000000364e+02
6.902100000000000364e+02
6.903200000000000500e+02
6.912200000000000273e+02
6.919800000000000182e+02
6.925900000000000318e+02
6.934800000000000182e+02
6.940099999999999909e+02
6.940800000000000409e+02
6.946499999999999773e+02
6.946699999999999591e+02
6.967799999999999727e+02
6.976100000000000136e+02
6.981100000000000136e+02
6.989099999999999682e+02
6.996599999999999682e+02
6.998200000000000500e+02
7.009500000000000455e+02
7.010399999999999636e+02
7.018799999999999955e+02
7.021900000000000546e+02
7.032599999999999909e+02
7.033300000000000409e+02
7.041800000000000637e+02
7.053100000000000591e+02
7.055199999999999818e+02
7.056000000000000227e+02
7.065000000000000000e+02
7.073500000000000227e+02
7.075500000000000682e+02
7.093799999999999955e+02
7.096100000000000136e+02
7.106699999999999591e+02
7.116599999999999682e+02
7.123100000000000591e+02
7.131299999999999955e+02
7.137899999999999636e+02
7.138500000000000227e+02
7.145600000000000591e+02
7.152899999999999636e+02
7.168899999999999864e+02
7.174600000000000364e+02
7.180299999999999727e+02
7.189400000000000546e+02
7.189700000000000273e+02
7.200800000000000409e+02
7.210000000000000000e+02
7.210299999999999727e+02
7.212200000000000273e+02
7.214400000000000546e+02
7.222799999999999727e+02
7.232699999999999818e+02
7.248100000000000591e+02
7.253100000000000591e+02
7.268799999999999955e+02
7.274800000000000182e+02
7.275099999999999909e+02
7.287799999999999727e+02
7.295700000000000500e+02
7.302300000000000182e+02
7.303300000000000409e+02
7.308400000000000318e+02
7.312200000000000273e+02
7.327500000000000000e+02
7.328700000000000045e+02
7.333799999999999955e+02
7.337899999999999636e+02
7.358600000000000136e+02
7.358799999999999955e+02
7.362699999999999818e+02
7.363300000000000409e+02
7.385700000000000500e+02
7.386100000000000136e+02
7.396599999999999682e+02
7.406800000000000637e+02
7.409500000000000455e+02
7.417000000000000455e+02
7.418300000000000409e+02
7.427100000000000364e+02
7.438799999999999955e+02
7.446100000000000136e+02
7.447500000000000000e+02
7.456200000000000045e+02
7.468100000000000591e+02
7.470900000000000318e+02
7.476800000000000637e+02
7.486100000000000136e+02
7.492100000000000364e+02
7.506900000000000546e+02
7.514400000000000546e+02
7.515299999999999727e+02
7.527599999999999909e+02
7.530600000000000591e+02
7.535900000000000318e+02
7.553600000000000136e+02
7.556699999999999591e+02
7.557200000000000273e+02
7.564500000000000455e+02
7.565900000000000318e+02
7.575700000000000500e+02
7.580700000000000500e+02
7.597899999999999636e+02
7.602899999999999636e+02
7.617899999999999636e+02
7.627500000000000000e+02
7.627500000000000000e+02
7.634500000000000455e+02
7.647699999999999818e+02
7.648000000000000682e+02
7.664800000000000182e+02
7.668300000000000409e+02
7.674099999999999682e+02
7.683300000000000409e+02
7.688600000000000136e+02
7.694500000000000455e+02
7.695299999999999727e+02
7.706000000000000227e+02
7.714800000000000182e+02
7.723999999999999773e+02
7.726200000000000045e+02
7.726800000000000637e+02
7.737799999999999727e+02
7.741100000000000136e+02
7.748600000000000136e+02
7.755800000000000409e+02
7.763799999999999955e+02
7.768899999999999864e+02
7.775900000000000318e+02
7.776399999999999864e+02
7.784200000000000728e+02
7.789400000000000546e+02
7.794300000000000637e+02
7.796800000000000637e+02
7.804500000000000455e+02
7.809900000000000091e+02
7.817599999999999909e+02
7.818200000000000500e+02
7.830299999999999727e+02
7.835900000000000318e+02
7.841800000000000637e+02
7.856299999999999955e+02
7.858899999999999864e+02
7.862100000000000364e+02
7.862500000000000000e+02
7.867300000000000182e+02
7.873000000000000682e+02
7.876599999999999682e+02
7.887799999999999727e+02
7.896800000000000637e+02
7.905099999999999909e+02
7.908100000000000591e+02
7.910900000000000318e+02
7.917000000000000455e+02
7.922100000000000364e+02
7.935600000000000591e+02
7.937300000000000182e+02
7.944600000000000364e+02
7.947000000000000455e+02
7.957699999999999818e+02
7.964800000000000182e+02
7.977899999999999636e+02
7.989800000000000182e+02
7.998200000000000500e+02
7.999800000000000182e+02
8.003400000000000318e+02
8.010700000000000500e+02
8.011299999999999955e+02
8.018400000000000318e+02
8.023799999999999955e+02
8.031800000000000637e+02
8.038600000000000136e+02
8.044300000000000637e+02
8.047500000000000000e+02
8.053600000000000136e+02
8.058899999999999864e+02
8.064600000000000364e+02
8.068000000000000682e+02
8.079500000000000455e+02
8.085000000000000000e+02
8.088300000000000409e+02
8.105199999999999818e+02
8.110900000000000318e+02
8.112799999999999727e+02
8.115000000000000000e+02
8.135600000000000591e+02
8.137799999999999727e+02
8.149500000000000455e+02
8.156800000000000637e+02
8.160299999999999727e+02
8.170600000000000591e+02
8.177100000000000364e+02
8.179800000000000182e+02
8.181399999999999864e+02
8.188100000000000591e+02
8.197400000000000091e+02
8.203899999999999864e+02
8.217799999999999727e+02
8.224800000000000182e+02
8.231100000000000136e+02
8.232699999999999818e+02
8.238000000000000682e+02
8.241700000000000728e+02
8.245000000000000000e+02
8.258500000000000227e+02
8.267500000000000000e+02
8.269800000000000182e+02
8.278899999999999864e+02
8.284700000000000273e+02
8.288799999999999955e+02
8.291200000000000045e+02
8.293799999999999955e+02
8.297100000000000364e+02
8.299200000000000728e+02
8.304900000000000091e+02
8.309099999999999682e+02
8.311599999999999682e+02
8.334500000000000455e+02
8.335500000000000682e+02
8.342100000000000364e+02
8.348899999999999864e+02
8.355800000000000409e+02
8.361499999999999773e+02
8.362400000000000091e+02
8.368600000000000136e+02
8.371299999999999955e+02
8.376200000000000045e+02
8.382200000000000273e+02
8.382699999999999818e+02
8.388899999999999864e+02
8.391499999999999773e+02
8.395299999999999727e+02
8.396399999999999864e+02
8.403400000000000318e+02
8.403600000000000136e+02
8.409400000000000546e+02
8.415000000000000000e+02
8.416700000000000728e+02
8.423899999999999864e+02
8.429800000000000182e+02
8.430399999999999636e+02
8.437000000000000455e+02
8.444099999999999682e+02
8.450199999999999818e+02
8.451000000000000227e+02
8.454400000000000546e+02
8.457200000000000273e+02
8.464500000000000455e+02
8.470700000000000500e+02
8.471599999999999682e+02
8.477100000000000364e+02
8.477400000000000091e+02
8.485500000000000682e+02
8.487100000000000364e+02
8.491000000000000227e+02
8.497599999999999909e+02
8.505800000000000409e+02
8.506700000000000728e+02
8.517799999999999727e+02
8.527699999999999818e+02
8.535099999999999909e+02
8.539200000000000728e+02
8.540299999999999727e+02
8.543999999999999773e+02
8.548400000000000318e+02
8.564400000000000546e+02
8.570099999999999909e+02
8.574700000000000273e+02
8.583100000000000591e+02
8.585900000000000318e+02
8.587200000000000273e+02
8.591100000000000136e+02
8.595399999999999636e+02
8.603400000000000318e+02
8.616000000000000227e+02
8.623400000000000318e+02
8.623600000000000136e+02
8.631499999999999773e+02
8.636299999999999955e+02
8.646399999999999864e+02
8.651800000000000637e+02
8.652699999999999818e+02
8.660000000000000000e+02
8.667799999999999727e+02
8.667899999999999636e+02
8.675399999999999636e+02
8.680500000000000682e+02
8.688100000000000591e+02
8.688300000000000409e+02
8.689800000000000182e+02
8.695600000000000591e+02
8.700900000000000318e+02
8.710000000000000000e+02
8.716000000000000227e+02
8.721599999999999682e+02
8.723400000000000318e+02
8.732699999999999818e+02
8.736399999999999864e+02
8.744400000000000546e+02
8.745500000000000682e+02
8.753100000000000591e+02
8.756599999999999682e+02
8.764900000000000091e+02
8.765800000000000409e+02
8.771900000000000546e+02
8.773899999999999864e+02
8.776800000000000637e+02
8.785199999999999818e+02
8.786100000000000136e+02
8.794500000000000455e+02
8.797100000000000364e+02
8.805399999999999636e+02
8.806399999999999864e+02
8.817300000000000182e+02
8.828300000000000409e+02
8.832300000000000182e+02
8.837599999999999909e+02
8.841800000000000637e+02
8.848600000000000136e+02
8.852699999999999818e+02
8.858100000000000591e+02
8.862100000000000364e+02
8.866499999999999773e+02
8.868799999999999955e+02
8.873100000000000591e+02
8.882400000000000091e+02
8.889600000000000364e+02
8.892599999999999909e+02
8.894700000000000273e+02
8.902599999999999909e+02
8.903100000000000591e+02
8.905800000000000409e+02
8.910099999999999909e+02
8.914700000000000273e+02
8.915099999999999909e+02
8.922899999999999636e+02
8.926900000000000546e+02
8.934900000000000091e+02
8.943100000000000591e+02
8.943500000000000227e+02
8.947100000000000364e+02
8.948000000000000682e+02
8.963300000000000409e+02
8.968300000000000409e+02
8.982400000000000091e+02
8.988799999999999955e+02
8.988999999999999773e+02
8.995399999999999636e+02
8.998899999999999864e+02
9.004500000000000455e+02
9.005500000000000682e+02
9.009099999999999682e+02
9.009700000000000273e+02
9.016399999999999864e+02
9.020099999999999909e+02
9.025000000000000000e+02
9.037200000000000273e+02
9.040600000000000591e+02
9.045299999999999727e+02
9.053899999999999864e+02
9.057400000000000091e+02
9.060800000000000409e+02
9.077799999999999727e+02
9.081000000000000227e+02
9.088300000000000409e+02
9.090299999999999727e+02
9.098200000000000500e+02
9.099900000000000091e+02
9.101399999999999864e+02
9.111399999999999864e+02
9.118400000000000318e+02
9.120299999999999727e+02
9.125099999999999909e+02
9.127200000000000273e+02
9.127799999999999727e+02
9.131599999999999682e+02
9.138600000000000136e+02
9.140600000000000591e+02
9.143999999999999773e+02
9.148400000000000318e+02
9.151800000000000637e+02
9.158999999999999773e+02
9.161000000000000227e+02
9.165199999999999818e+02
9.172200000000000273e+02
9.179600000000000364e+02
9.181299999999999955e+02
9.183799999999999955e+02
9.185399999999999636e+02
9.187599999999999909e+02
9.192400000000000091e+02
9.200000000000000000e+02
9.201900000000000546e+02
9.212699999999999818e+02
9.222899999999999636e+02
9.224500000000000455e+02
9.228200000000000500e+02
9.233999999999999773e+02
9.236299999999999955e+02
9.242300000000000182e+02
9.254600000000000364e+02
9.257899999999999636e+02
9.262799999999999727e+02
9.273999999999999773e+02
9.274800000000000182e+02
9.278700000000000045e+02
9.283300000000000409e+02
9.283899999999999864e+02
9.289200000000000728e+02
9.294300000000000637e+02
9.300800000000000409e+02
9.304200000000000728e+02
9.311499999999999773e+02
9.314700000000000273e+02
9.321000000000000227e+02
9.325000000000000000e+02
9.335000000000000000e+02
9.341200000000000045e+02
9.346499999999999773e+02
9.351900000000000546e+02
9.355199999999999818e+02
9.361399999999999864e+02
9.372200000000000273e+02
9.375399999999999636e+02
9.381900000000000546e+02
9.381900000000000546e+02
9.393500000000000227e+02
9.395600000000000591e+02
9.402300000000000182e+02
9.404400000000000546e+02
9.410199999999999818e+02
9.413899999999999864e+02
9.415800000000000409e+02
9.423000000000000682e+02
9.424800000000000182e+02
9.434400000000000546e+02
9.436200000000000045e+02
9.449400000000000546e+02
9.454600000000000364e+02
9.455399999999999636e+02
9.460700000000000500e+02
9.475000000000000000e+02
9.475500000000000682e+02
9.478000000000000682e+02
9.491599999999999682e+02
9.495199999999999818e+02
9.495800000000000409e+02
9.498500000000000227e+02
9.500399999999999636e+02
9.515500000000000682e+02
9.517699999999999818e+02
9.518999999999999773e+02
9.520700000000000500e+02
9.522599999999999909e+02
9.535800000000000409e+02
9.537799999999999727e+02
9.541000000000000227e+02
9.541100000000000136e+02
9.545000000000000000e+02
9.556200000000000045e+02
9.558100000000000591e+02
9.561299999999999955e+02
9.561399999999999864e+02
9.576499999999999773e+02
9.578300000000000409e+02
9.581100000000000136e+02
9.596700000000000728e+02
9.598300000000000409e+02
9.598500000000000227e+02
9.598999999999999773e+02
9.617000000000000455e+02
9.618500000000000227e+02
9.618700000000000045e+02
9.620000000000000000e+02
9.638999999999999773e+02
9.639099999999999682e+02
9.639800000000000182e+02
9.640500000000000682e+02
9.652799999999999727e+02
9.659300000000000637e+02
9.659600000000000364e+02
9.670900000000000318e+02
9.673100000000000591e+02
9.678799999999999955e+02
9.679500000000000455e+02
9.680399999999999636e+02
9.694200000000000728e+02
9.699200000000000728e+02
9.699700000000000273e+02
9.701299999999999955e+02
9.714500000000000455e+02
9.718600000000000136e+02
9.719600000000000364e+02
9.734099999999999682e+02
9.736800000000000637e+02
9.738799999999999955e+02
9.741499999999999773e+02
9.754800000000000182e+02
9.758999999999999773e+02
9.762400000000000091e+02
9.774300000000000637e+02
9.775199999999999818e+02
9.779600000000000364e+02
9.795800000000000409e+02
9.800099999999999909e+02
9.813999999999999773e+02
9.815800000000000409e+02
9.817200000000000273e+02
9.820299999999999727e+02
9.834300000000000637e+02
9.836000000000000227e+02
9.837400000000000091e+02
9.840600000000000591e+02
9.851900000000000546e+02
9.855500000000000682e+02
9.855800000000000409e+02
9.860900000000000318e+02
9.872900000000000773e+02
9.874300000000000637e+02
9.876200000000000045e+02
9.895299999999999727e+02
9.895500000000000682e+02
9.896100000000000136e+02
9.896399999999999864e+02
9.915600000000000591e+02
9.916299999999999955e+02
9.916599999999999682e+02
9.916700000000000728e+02
9.933300000000000409e+02
9.935900000000000318e+02
9.936299999999999955e+02
9.936800000000000637e+02
9.936800000000000637e+02
9.937000000000000455e+02
9.955500000000000682e+02
9.956499999999999773e+02
9.956900000000000546e+02
9.957200000000000273e+02
9.957300000000000182e+02
9.976200000000000045e+02
9.976700000000000728e+02
9.977400000000000091e+02
9.980900000000000318e+02
9.994600000000000364e+02
9.996800000000000637e+02
9.996900000000000546e+02
