2.470000000000000195e+00
2.750000000000000000e+00
2.770000000000000018e+00
2.819999999999999840e+00
2.950000000000000178e+00
3.160000000000000142e+00
6.580000000000000071e+00
6.669999999999999929e+00
6.719999999999999751e+00
6.770000000000000462e+00
6.839999999999999858e+00
7.150000000000000355e+00
1.052999999999999936e+01
1.059999999999999964e+01
1.070000000000000107e+01
1.099000000000000021e+01
1.466999999999999993e+01
1.473000000000000043e+01
1.481000000000000050e+01
1.505000000000000071e+01
1.507000000000000028e+01
1.509999999999999964e+01
1.866000000000000014e+01
1.880999999999999872e+01
1.882000000000000028e+01
1.917999999999999972e+01
2.258999999999999986e+01
2.274000000000000199e+01
2.280000000000000071e+01
2.287999999999999901e+01
2.296999999999999886e+01
2.642000000000000171e+01
2.655000000000000071e+01
2.667999999999999972e+01
2.678000000000000114e+01
2.687000000000000099e+01
2.740000000000000213e+01
3.028000000000000114e+01
3.050000000000000000e+01
3.065000000000000213e+01
3.153999999999999915e+01
3.194999999999999929e+01
3.461999999999999744e+01
3.475000000000000000e+01
3.475999999999999801e+01
3.485999999999999943e+01
3.503000000000000114e+01
3.553000000000000114e+01
3.863000000000000256e+01
3.864999999999999858e+01
3.867000000000000171e+01
3.875000000000000000e+01
3.892999999999999972e+01
3.932000000000000028e+01
4.250999999999999801e+01
4.253999999999999915e+01
4.288000000000000256e+01
4.295000000000000284e+01
4.316000000000000369e+01
4.628999999999999915e+01
4.642999999999999972e+01
4.660999999999999943e+01
4.664000000000000057e+01
4.664000000000000057e+01
4.677000000000000313e+01
4.759000000000000341e+01
5.042999999999999972e+01
5.052000000000000313e+01
5.062000000000000455e+01
5.071000000000000085e+01
5.089999999999999858e+01
5.425999999999999801e+01
5.427000000000000313e+01
5.445000000000000284e+01
5.474000000000000199e+01
5.480000000000000426e+01
5.525999999999999801e+01
5.839999999999999858e+01
5.846000000000000085e+01
5.868999999999999773e+01
5.935999999999999943e+01
6.220000000000000284e+01
6.260999999999999943e+01
6.267000000000000171e+01
6.296000000000000085e+01
6.317000000000000171e+01
6.618999999999999773e+01
6.643000000000000682e+01
6.673000000000000398e+01
6.676000000000000512e+01
6.726999999999999602e+01
7.007000000000000739e+01
7.029999999999999716e+01
7.051000000000000512e+01
7.070000000000000284e+01
7.162000000000000455e+01
7.198000000000000398e+01
7.412999999999999545e+01
7.423999999999999488e+01
7.470000000000000284e+01
7.498000000000000398e+01
7.510999999999999943e+01
7.810999999999999943e+01
7.823000000000000398e+01
7.829000000000000625e+01
7.865999999999999659e+01
7.871999999999999886e+01
7.926000000000000512e+01
8.218000000000000682e+01
8.242000000000000171e+01
8.262999999999999545e+01
8.289000000000000057e+01
8.315999999999999659e+01
8.393999999999999773e+01
8.607000000000000739e+01
8.646000000000000796e+01
8.670000000000000284e+01
8.682000000000000739e+01
9.004000000000000625e+01
9.034000000000000341e+01
9.056000000000000227e+01
9.076999999999999602e+01
9.143000000000000682e+01
9.248000000000000398e+01
9.406000000000000227e+01
9.432000000000000739e+01
9.435000000000000853e+01
9.498999999999999488e+01
9.543000000000000682e+01
9.796999999999999886e+01
9.857000000000000739e+01
9.860999999999999943e+01
9.871999999999999886e+01
9.935000000000000853e+01
1.017800000000000011e+02
1.022300000000000040e+02
1.026599999999999966e+02
1.031000000000000085e+02
1.033200000000000074e+02
1.040400000000000063e+02
1.060400000000000063e+02
1.064099999999999966e+02
1.067699999999999960e+02
1.070100000000000051e+02
1.074399999999999977e+02
1.094200000000000017e+02
1.098599999999999994e+02
1.099699999999999989e+02
1.106800000000000068e+02
1.107100000000000080e+02
1.119500000000000028e+02
1.120700000000000074e+02
1.136700000000000017e+02
1.143100000000000023e+02
1.144000000000000057e+02
1.149000000000000057e+02
1.154099999999999966e+02
1.159900000000000091e+02
1.177300000000000040e+02
1.179300000000000068e+02
1.184099999999999966e+02
1.190799999999999983e+02
1.195900000000000034e+02
1.220100000000000051e+02
1.222000000000000028e+02
1.223200000000000074e+02
1.227600000000000051e+02
1.241599999999999966e+02
1.241899999999999977e+02
1.257800000000000011e+02
1.259200000000000017e+02
1.264699999999999989e+02
1.269500000000000028e+02
1.272800000000000011e+02
1.279900000000000091e+02
1.298199999999999932e+02
1.300200000000000102e+02
1.306299999999999955e+02
1.310999999999999943e+02
1.318700000000000045e+02
1.323100000000000023e+02
1.337899999999999920e+02
1.344799999999999898e+02
1.350300000000000011e+02
1.354000000000000057e+02
1.364699999999999989e+02
1.375699999999999932e+02
1.375900000000000034e+02
1.376599999999999966e+02
1.388499999999999943e+02
1.389399999999999977e+02
1.395000000000000000e+02
1.406599999999999966e+02
1.420999999999999943e+02
1.421800000000000068e+02
1.423900000000000148e+02
1.428900000000000148e+02
1.439699999999999989e+02
1.441899999999999977e+02
1.460200000000000102e+02
1.461400000000000148e+02
1.469500000000000171e+02
1.473499999999999943e+02
1.491899999999999977e+02
1.492199999999999989e+02
1.499699999999999989e+02
1.503499999999999943e+02
1.507700000000000102e+02
1.516500000000000057e+02
1.522599999999999909e+02
1.532899999999999920e+02
1.541800000000000068e+02
1.542500000000000000e+02
1.551899999999999977e+02
1.564699999999999989e+02
1.572400000000000091e+02
1.579500000000000171e+02
1.582700000000000102e+02
1.593100000000000023e+02
1.594699999999999989e+02
1.601599999999999966e+02
1.612100000000000080e+02
1.616100000000000136e+02
1.623700000000000045e+02
1.629300000000000068e+02
1.635900000000000034e+02
1.651100000000000136e+02
1.654600000000000080e+02
1.656899999999999977e+02
1.663499999999999943e+02
1.670600000000000023e+02
1.677800000000000011e+02
1.696100000000000136e+02
1.701100000000000136e+02
1.701200000000000045e+02
1.712400000000000091e+02
1.720399999999999920e+02
1.725500000000000114e+02
1.735399999999999920e+02
1.745000000000000000e+02
1.752500000000000000e+02
1.756899999999999977e+02
1.769900000000000091e+02
1.771299999999999955e+02
1.776299999999999955e+02
1.785699999999999932e+02
1.791800000000000068e+02
1.794399999999999977e+02
1.814699999999999989e+02
1.815099999999999909e+02
1.824099999999999966e+02
1.829200000000000159e+02
1.843199999999999932e+02
1.850600000000000023e+02
1.852599999999999909e+02
1.856200000000000045e+02
1.863000000000000114e+02
1.871599999999999966e+02
1.878199999999999932e+02
1.897199999999999989e+02
1.900900000000000034e+02
1.909500000000000171e+02
1.918300000000000125e+02
1.925000000000000000e+02
1.935800000000000125e+02
1.942800000000000011e+02
1.947700000000000102e+02
1.958799999999999955e+02
1.970500000000000114e+02
1.972199999999999989e+02
1.981200000000000045e+02
1.983499999999999943e+02
1.989800000000000182e+02
2.000099999999999909e+02
2.012500000000000000e+02
2.016100000000000136e+02
2.020099999999999909e+02
2.031299999999999955e+02
2.036200000000000045e+02
2.047599999999999909e+02
2.049500000000000171e+02
2.055399999999999920e+02
2.063600000000000136e+02
2.070300000000000011e+02
2.082700000000000102e+02
2.084800000000000182e+02
2.095399999999999920e+02
2.096400000000000148e+02
2.101599999999999966e+02
2.108799999999999955e+02
2.124300000000000068e+02
2.132899999999999920e+02
2.135399999999999920e+02
2.136599999999999966e+02
2.141299999999999955e+02
2.149399999999999977e+02
2.160999999999999943e+02
2.169300000000000068e+02
2.174200000000000159e+02
2.174300000000000068e+02
2.180399999999999920e+02
2.189099999999999966e+02
2.201500000000000057e+02
2.208499999999999943e+02
2.214600000000000080e+02
2.223100000000000023e+02
2.228700000000000045e+02
2.243400000000000034e+02
2.249000000000000057e+02
2.251899999999999977e+02
2.260900000000000034e+02
2.272199999999999989e+02
2.278600000000000136e+02
2.286599999999999966e+02
2.294900000000000091e+02
2.305000000000000000e+02
2.310900000000000034e+02
2.316500000000000057e+02
2.324300000000000068e+02
2.332100000000000080e+02
2.333900000000000148e+02
2.346200000000000045e+02
2.350800000000000125e+02
2.362400000000000091e+02
2.372599999999999909e+02
2.376500000000000057e+02
2.377500000000000000e+02
2.383100000000000023e+02
2.391700000000000159e+02
2.399800000000000182e+02
2.409099999999999966e+02
2.413799999999999955e+02
2.425099999999999909e+02
2.434000000000000057e+02
2.445000000000000000e+02
2.449900000000000091e+02
2.450800000000000125e+02
2.460200000000000102e+02
2.473499999999999943e+02
2.479699999999999989e+02
2.489099999999999966e+02
2.494600000000000080e+02
2.503600000000000136e+02
2.511400000000000148e+02
2.519699999999999989e+02
2.530999999999999943e+02
2.532300000000000182e+02
2.540999999999999943e+02
2.552500000000000000e+02
2.565300000000000296e+02
2.575799999999999841e+02
2.576700000000000159e+02
2.581200000000000045e+02
2.591200000000000045e+02
2.604100000000000250e+02
2.608999999999999773e+02
2.611700000000000159e+02
2.613999999999999773e+02
2.619399999999999977e+02
2.630500000000000114e+02
2.641899999999999977e+02
2.642900000000000205e+02
2.650600000000000023e+02
2.656999999999999886e+02
2.663600000000000136e+02
2.670400000000000205e+02
2.683500000000000227e+02
2.685099999999999909e+02
2.692200000000000273e+02
2.698500000000000227e+02
2.705000000000000000e+02
2.711600000000000250e+02
2.722800000000000296e+02
2.727099999999999795e+02
2.730199999999999818e+02
2.737400000000000091e+02
2.741200000000000045e+02
2.751000000000000227e+02
2.761399999999999864e+02
2.764100000000000250e+02
2.776000000000000227e+02
2.777800000000000296e+02
2.789900000000000091e+02
2.801200000000000045e+02
2.805799999999999841e+02
2.809499999999999886e+02
2.825900000000000318e+02
2.832500000000000000e+02
2.842699999999999818e+02
2.850699999999999932e+02
2.854100000000000250e+02
2.861000000000000227e+02
2.870799999999999841e+02
2.879399999999999977e+02
2.884499999999999886e+02
2.891399999999999864e+02
2.896500000000000341e+02
2.898600000000000136e+02
2.912800000000000296e+02
2.923600000000000136e+02
2.924000000000000341e+02
2.934900000000000091e+02
2.936399999999999864e+02
2.941600000000000250e+02
2.952400000000000091e+02
2.962800000000000296e+02
2.968100000000000023e+02
2.981200000000000045e+02
2.995500000000000114e+02
2.999000000000000341e+02
3.003899999999999864e+02
3.016100000000000136e+02
3.019300000000000068e+02
3.023199999999999932e+02
3.034200000000000159e+02
3.046600000000000250e+02
3.047500000000000000e+02
3.057099999999999795e+02
3.060900000000000318e+02
3.071600000000000250e+02
3.081500000000000341e+02
3.087500000000000000e+02
3.091100000000000136e+02
3.100799999999999841e+02
3.110799999999999841e+02
3.121800000000000068e+02
3.127599999999999909e+02
3.129399999999999977e+02
3.139700000000000273e+02
3.152099999999999795e+02
3.163000000000000114e+02
3.165900000000000318e+02
3.182800000000000296e+02
3.189599999999999795e+02
3.199800000000000182e+02
3.208600000000000136e+02
3.209700000000000273e+02
3.218899999999999864e+02
3.233299999999999841e+02
3.235600000000000023e+02
3.246800000000000068e+02
3.249700000000000273e+02
3.262500000000000000e+02
3.263100000000000023e+02
3.273299999999999841e+02
3.277500000000000000e+02
3.288500000000000227e+02
3.289200000000000159e+02
3.298899999999999864e+02
3.314300000000000068e+02
3.315699999999999932e+02
3.326500000000000341e+02
3.334599999999999795e+02
3.341399999999999864e+02
3.350799999999999841e+02
3.359700000000000273e+02
3.367400000000000091e+02
3.370000000000000000e+02
3.377300000000000182e+02
3.391299999999999955e+02
3.405900000000000318e+02
3.417099999999999795e+02
3.419100000000000250e+02
3.430400000000000205e+02
3.441700000000000159e+02
3.445900000000000318e+02
3.454399999999999977e+02
3.460799999999999841e+02
3.473000000000000114e+02
3.473100000000000023e+02
3.483400000000000318e+02
3.503700000000000045e+02
3.504300000000000068e+02
3.513000000000000114e+02
3.529399999999999977e+02
3.531000000000000227e+02
3.538700000000000045e+02
3.542800000000000296e+02
3.543299999999999841e+02
3.553199999999999932e+02
3.558199999999999932e+02
3.562400000000000091e+02
3.568500000000000227e+02
3.580600000000000023e+02
3.590199999999999818e+02
3.594200000000000159e+02
3.597099999999999795e+02
3.604399999999999977e+02
3.605699999999999932e+02
3.607099999999999795e+02
3.619499999999999886e+02
3.636200000000000045e+02
3.644599999999999795e+02
3.649200000000000159e+02
3.658400000000000318e+02
3.670400000000000205e+02
3.672300000000000182e+02
3.686999999999999886e+02
3.687900000000000205e+02
3.695600000000000023e+02
3.706200000000000045e+02
3.711700000000000159e+02
3.716800000000000068e+02
3.728799999999999955e+02
3.731600000000000250e+02
3.738899999999999864e+02
3.755000000000000000e+02
3.755300000000000296e+02
3.766399999999999864e+02
3.767800000000000296e+02
3.777599999999999909e+02
3.785799999999999841e+02
3.795900000000000318e+02
3.804499999999999886e+02
3.805699999999999932e+02
3.819499999999999886e+02
3.821200000000000045e+02
3.825500000000000114e+02
3.833400000000000318e+02
3.836200000000000045e+02
3.845500000000000114e+02
3.846999999999999886e+02
3.852100000000000364e+02
3.872400000000000091e+02
3.875000000000000000e+02
3.875300000000000296e+02
3.882900000000000205e+02
3.891999999999999886e+02
3.901700000000000159e+02
3.910000000000000000e+02
3.916600000000000250e+02
3.923899999999999864e+02
3.935500000000000114e+02
3.938000000000000114e+02
3.954399999999999977e+02
3.965199999999999818e+02
3.966800000000000068e+02
3.974900000000000091e+02
3.991100000000000136e+02
3.993700000000000045e+02
4.002400000000000091e+02
4.006500000000000341e+02
4.015400000000000205e+02
4.027599999999999909e+02
4.028100000000000023e+02
4.035300000000000296e+02
4.044600000000000364e+02
4.050300000000000296e+02
4.059200000000000159e+02
4.069900000000000091e+02
4.081700000000000159e+02
4.084000000000000341e+02
4.088899999999999864e+02
4.096999999999999886e+02
4.102900000000000205e+02
4.113100000000000023e+02
4.127599999999999909e+02
4.128899999999999864e+02
4.139000000000000341e+02
4.148199999999999932e+02
4.154100000000000250e+02
4.165600000000000023e+02
4.173500000000000227e+02
4.179200000000000159e+02
4.196999999999999886e+02
4.200000000000000000e+02
4.211999999999999886e+02
4.220799999999999841e+02
4.230300000000000296e+02
4.236000000000000227e+02
4.243799999999999955e+02
4.248899999999999864e+02
4.253899999999999864e+02
4.261700000000000159e+02
4.271299999999999955e+02
4.272400000000000091e+02
4.285199999999999818e+02
4.288400000000000318e+02
4.300199999999999818e+02
4.309900000000000091e+02
4.311600000000000250e+02
4.319300000000000068e+02
4.332100000000000364e+02
4.332300000000000182e+02
4.334100000000000250e+02
4.362800000000000296e+02
4.374700000000000273e+02
4.381399999999999864e+02
4.390400000000000205e+02
4.404399999999999977e+02
4.414900000000000091e+02
4.415900000000000318e+02
4.429100000000000250e+02
4.434300000000000068e+02
4.442900000000000205e+02
4.450400000000000205e+02
4.459200000000000159e+02
4.470500000000000114e+02
4.477200000000000273e+02
4.486299999999999955e+02
4.488700000000000045e+02
4.489700000000000273e+02
4.492100000000000364e+02
4.508400000000000318e+02
4.517100000000000364e+02
4.520300000000000296e+02
4.532100000000000364e+02
4.539900000000000091e+02
4.540000000000000000e+02
4.552800000000000296e+02
4.555099999999999909e+02
4.562800000000000296e+02
4.571500000000000341e+02
4.577300000000000182e+02
4.586600000000000250e+02
4.595500000000000114e+02
4.598100000000000023e+02
4.608899999999999864e+02
4.618700000000000045e+02
4.627300000000000182e+02
4.627699999999999818e+02
4.636999999999999886e+02
4.640900000000000318e+02
4.654700000000000273e+02
4.654900000000000091e+02
4.670500000000000114e+02
4.681100000000000136e+02
4.690900000000000318e+02
4.693000000000000114e+02
4.693899999999999864e+02
4.699000000000000341e+02
4.716500000000000341e+02
4.725099999999999909e+02
4.733799999999999955e+02
4.738799999999999955e+02
4.753000000000000114e+02
4.758299999999999841e+02
4.759000000000000341e+02
4.772200000000000273e+02
4.774300000000000068e+02
4.779700000000000273e+02
4.794000000000000341e+02
4.805199999999999818e+02
4.816899999999999977e+02
4.816999999999999886e+02
4.824600000000000364e+02
4.833700000000000045e+02
4.840300000000000296e+02
4.852200000000000273e+02
4.860799999999999841e+02
4.864600000000000364e+02
4.872800000000000296e+02
4.874300000000000068e+02
4.876299999999999955e+02
4.892900000000000205e+02
4.893899999999999864e+02
4.918500000000000227e+02
4.920000000000000000e+02
4.922599999999999909e+02
4.934200000000000159e+02
4.934499999999999886e+02
4.934900000000000091e+02
4.957599999999999909e+02
4.964700000000000273e+02
4.969000000000000341e+02
4.969900000000000091e+02
4.972500000000000000e+02
4.992200000000000273e+02
5.008799999999999955e+02
5.013000000000000114e+02
5.018899999999999864e+02
5.022200000000000273e+02
5.033799999999999955e+02
5.037100000000000364e+02
5.057300000000000182e+02
5.061399999999999864e+02
5.076700000000000159e+02
5.076999999999999886e+02
5.095500000000000114e+02
5.111700000000000159e+02
5.112599999999999909e+02
5.130199999999999818e+02
5.137899999999999636e+02
5.152400000000000091e+02
5.155600000000000591e+02
5.165900000000000318e+02
5.170299999999999727e+02
5.176000000000000227e+02
5.179500000000000455e+02
5.190600000000000591e+02
5.191299999999999955e+02
5.194099999999999682e+02
5.211900000000000546e+02
5.219099999999999682e+02
5.221000000000000227e+02
5.232300000000000182e+02
5.233999999999999773e+02
5.235800000000000409e+02
5.254600000000000364e+02
5.255399999999999636e+02
5.261399999999999864e+02
5.277100000000000364e+02
5.278600000000000136e+02
5.280199999999999818e+02
5.301900000000000546e+02
5.302999999999999545e+02
5.316900000000000546e+02
5.320600000000000591e+02
5.330900000000000318e+02
5.334900000000000091e+02
5.335900000000000318e+02
5.355399999999999636e+02
5.361000000000000227e+02
5.372899999999999636e+02
5.373700000000000045e+02
5.376000000000000227e+02
5.389099999999999682e+02
5.392799999999999727e+02
5.409900000000000091e+02
5.415099999999999909e+02
5.416399999999999864e+02
5.432599999999999909e+02
5.437599999999999909e+02
5.439400000000000546e+02
5.452000000000000455e+02
5.457500000000000000e+02
5.465800000000000409e+02
5.476699999999999591e+02
5.479400000000000546e+02
5.483999999999999773e+02
5.493500000000000227e+02
5.502400000000000091e+02
5.514900000000000091e+02
5.515500000000000682e+02
5.538700000000000045e+02
5.540800000000000409e+02
5.559300000000000637e+02
5.563000000000000682e+02
5.568300000000000409e+02
5.575900000000000318e+02
5.579900000000000091e+02
5.588700000000000045e+02
5.591399999999999864e+02
5.597300000000000182e+02
5.600199999999999818e+02
5.613200000000000500e+02
5.623200000000000500e+02
5.633000000000000682e+02
5.641000000000000227e+02
5.653600000000000136e+02
5.657799999999999727e+02
5.658600000000000136e+02
5.674500000000000455e+02
5.696699999999999591e+02
5.704199999999999591e+02
5.711599999999999682e+02
5.714900000000000091e+02
5.715800000000000409e+02
5.732300000000000182e+02
5.740700000000000500e+02
5.757799999999999727e+02
5.766100000000000136e+02
5.780000000000000000e+02
5.785900000000000318e+02
5.787100000000000364e+02
5.789199999999999591e+02
5.807500000000000000e+02
5.815000000000000000e+02
5.816100000000000136e+02
5.834099999999999682e+02
5.838999999999999773e+02
5.842000000000000455e+02
5.858899999999999864e+02
5.860299999999999727e+02
5.862699999999999818e+02
5.865800000000000409e+02
5.880299999999999727e+02
5.887500000000000000e+02
5.887899999999999636e+02
5.888400000000000318e+02
5.896000000000000227e+02
5.912400000000000091e+02
5.916800000000000637e+02
5.920399999999999636e+02
5.924700000000000273e+02
5.933500000000000227e+02
5.937100000000000364e+02
5.949700000000000273e+02
5.950900000000000318e+02
5.966100000000000136e+02
5.967599999999999909e+02
5.969900000000000091e+02
5.971800000000000637e+02
5.990800000000000409e+02
5.991900000000000546e+02
5.997300000000000182e+02
6.014900000000000091e+02
6.021900000000000546e+02
6.034400000000000546e+02
6.034600000000000364e+02
6.044900000000000091e+02
6.050900000000000318e+02
6.056299999999999955e+02
6.068500000000000227e+02
6.069300000000000637e+02
6.079300000000000637e+02
6.092300000000000182e+02
6.095399999999999636e+02
6.100500000000000682e+02
6.106000000000000227e+02
6.120600000000000591e+02
6.123899999999999864e+02
6.128799999999999955e+02
6.138000000000000682e+02
6.139400000000000546e+02
6.149400000000000546e+02
6.160500000000000682e+02
6.166100000000000136e+02
6.166900000000000546e+02
6.178500000000000227e+02
6.184300000000000637e+02
6.187799999999999727e+02
6.201699999999999591e+02
6.204700000000000273e+02
6.212799999999999727e+02
6.225299999999999727e+02
6.232000000000000455e+02
6.236100000000000136e+02
6.248000000000000682e+02
6.252799999999999727e+02
6.266800000000000637e+02
6.274300000000000637e+02
6.288999999999999773e+02
6.300399999999999636e+02
6.314500000000000455e+02
6.316200000000000045e+02
6.324400000000000546e+02
6.336000000000000227e+02
6.340700000000000500e+02
6.346200000000000045e+02
6.346299999999999955e+02
6.360700000000000500e+02
6.371299999999999955e+02
6.383500000000000227e+02
6.391900000000000546e+02
6.393400000000000318e+02
6.397699999999999818e+02
6.442500000000000000e+02
6.445099999999999909e+02
6.449900000000000091e+02
6.460000000000000000e+02
6.465500000000000682e+02
6.470299999999999727e+02
6.480399999999999636e+02
6.489300000000000637e+02
6.495000000000000000e+02
6.511100000000000136e+02
6.513300000000000409e+02
6.523999999999999773e+02
6.526499999999999773e+02
6.536100000000000136e+02
6.551499999999999773e+02
6.555600000000000591e+02
6.556499999999999773e+02
6.570199999999999818e+02
6.571000000000000227e+02
6.582100000000000364e+02
6.582500000000000000e+02
6.599800000000000182e+02
6.604099999999999682e+02
6.615099999999999909e+02
6.621000000000000227e+02
6.628500000000000227e+02
6.637100000000000364e+02
6.648300000000000409e+02
6.657500000000000000e+02
6.658500000000000227e+02
6.665800000000000409e+02
6.677799999999999727e+02
6.685199999999999818e+02
6.688600000000000136e+02
6.700000000000000000e+02
6.702599999999999909e+02
6.708700000000000045e+02
6.719600000000000364e+02
6.726699999999999591e+02
6.731299999999999955e+02
6.755199999999999818e+02
6.756000000000000227e+02
6.762000000000000455e+02
6.764700000000000273e+02
6.769199999999999591e+02
6.773400000000000318e+02
6.785000000000000000e+02
6.788999999999999773e+02
6.791599999999999682e+02
6.806000000000000227e+02
6.810099999999999909e+02
6.819500000000000455e+02
6.823300000000000409e+02
6.828200000000000500e+02
6.836100000000000136e+02
6.846100000000000136e+02
6.866299999999999955e+02
6.869400000000000546e+02
6.875800000000000409e+02
6.876200000000000045e+02
6.889300000000000637e+02
6.902000000000000455e+02
6.902400000000000091e+02
6.909900000000000091e+02
6.930299999999999727e+02
6.930500000000000682e+02
6.932300000000000182e+02
6.952899999999999636e+02
6.954700000000000273e+02
6.958500000000000227e+02
6.966399999999999864e+02
6.973400000000000318e+02
6.998799999999999955e+02
7.000500000000000682e+02
7.006200000000000045e+02
7.009800000000000182e+02
7.025099999999999909e+02
7.029300000000000637e+02
7.047500000000000000e+02
7.047699999999999818e+02
7.064400000000000546e+02
7.067699999999999818e+02
7.072400000000000091e+02
7.075700000000000500e+02
7.081399999999999864e+02
7.097699999999999818e+02
7.103400000000000318e+02
7.117300000000000182e+02
7.126299999999999955e+02
7.137599999999999909e+02
7.143500000000000227e+02
7.146900000000000546e+02
7.158500000000000227e+02
7.172799999999999727e+02
7.181200000000000045e+02
7.183500000000000227e+02
7.192699999999999818e+02
7.197100000000000364e+02
7.205099999999999909e+02
7.216499999999999773e+02
7.225800000000000409e+02
7.233000000000000682e+02
7.233899999999999864e+02
7.254199999999999591e+02
7.257400000000000091e+02
7.259199999999999591e+02
7.273600000000000136e+02
7.275700000000000500e+02
7.279600000000000364e+02
7.284600000000000364e+02
7.288600000000000136e+02
7.318899999999999864e+02
7.325800000000000409e+02
7.332500000000000000e+02
7.341599999999999682e+02
7.356299999999999955e+02
7.372899999999999636e+02
7.376900000000000546e+02
7.380800000000000409e+02
7.387799999999999727e+02
7.393600000000000136e+02
7.397500000000000000e+02
7.401800000000000637e+02
7.415099999999999909e+02
7.421399999999999864e+02
7.423000000000000682e+02
7.438400000000000318e+02
7.443100000000000591e+02
7.444199999999999591e+02
7.457200000000000273e+02
7.458999999999999773e+02
7.465399999999999636e+02
7.478799999999999955e+02
7.490600000000000591e+02
7.491900000000000546e+02
7.510700000000000500e+02
7.515800000000000409e+02
7.533500000000000227e+02
7.534900000000000091e+02
7.541200000000000045e+02
7.552300000000000182e+02
7.553799999999999955e+02
7.554400000000000546e+02
7.555000000000000000e+02
7.565399999999999636e+02
7.582500000000000000e+02
7.585700000000000500e+02
7.586699999999999591e+02
7.591699999999999591e+02
7.599600000000000364e+02
7.613600000000000136e+02
7.615800000000000409e+02
7.624700000000000273e+02
7.636100000000000136e+02
7.643600000000000136e+02
7.645199999999999818e+02
7.650900000000000318e+02
7.661700000000000728e+02
7.670800000000000409e+02
7.674600000000000364e+02
7.686299999999999955e+02
7.694900000000000091e+02
7.698999999999999773e+02
7.707100000000000364e+02
7.715099999999999909e+02
7.729200000000000728e+02
7.752400000000000091e+02
7.756000000000000227e+02
7.765600000000000591e+02
7.776499999999999773e+02
7.787400000000000091e+02
7.790800000000000409e+02
7.797300000000000182e+02
7.798000000000000682e+02
7.816299999999999955e+02
7.824500000000000455e+02
7.824700000000000273e+02
7.834900000000000091e+02
7.835900000000000318e+02
7.842599999999999909e+02
7.855199999999999818e+02
7.856200000000000045e+02
7.863100000000000591e+02
7.877699999999999818e+02
7.882300000000000182e+02
7.883700000000000045e+02
7.898100000000000591e+02
7.903999999999999773e+02
7.911000000000000227e+02
7.926299999999999955e+02
7.927599999999999909e+02
7.931900000000000546e+02
7.958999999999999773e+02
7.967200000000000273e+02
7.971800000000000637e+02
7.992200000000000273e+02
7.997400000000000091e+02
8.003700000000000045e+02
8.024400000000000546e+02
8.027799999999999727e+02
8.029400000000000546e+02
8.038200000000000500e+02
8.044200000000000728e+02
8.048799999999999955e+02
8.053500000000000227e+02
8.079400000000000546e+02
8.083899999999999864e+02
8.089300000000000637e+02
8.104700000000000273e+02
8.117899999999999636e+02
8.125000000000000000e+02
8.145600000000000591e+02
8.161599999999999682e+02
8.162699999999999818e+02
8.165900000000000318e+02
8.192300000000000182e+02
8.193100000000000591e+02
8.206800000000000637e+02
8.207100000000000364e+02
8.233100000000000591e+02
8.234400000000000546e+02
8.251900000000000546e+02
8.263500000000000227e+02
8.268999999999999773e+02
8.272200000000000273e+02
8.279099999999999682e+02
8.284200000000000728e+02
8.304400000000000546e+02
8.306100000000000136e+02
8.308200000000000500e+02
8.312200000000000273e+02
8.325099999999999909e+02
8.345800000000000409e+02
8.349500000000000455e+02
8.354600000000000364e+02
8.366100000000000136e+02
8.375299999999999727e+02
8.377599999999999909e+02
8.381499999999999773e+02
8.386399999999999864e+02
8.394300000000000637e+02
8.397899999999999636e+02
8.406800000000000637e+02
8.412699999999999818e+02
8.418200000000000500e+02
8.432500000000000000e+02
8.434300000000000637e+02
8.438500000000000227e+02
8.445299999999999727e+02
8.447000000000000455e+02
8.459300000000000637e+02
8.463100000000000591e+02
8.468100000000000591e+02
8.490399999999999636e+02
8.491200000000000045e+02
8.495299999999999727e+02
8.509900000000000091e+02
8.511700000000000728e+02
8.532799999999999727e+02
8.537000000000000455e+02
8.542000000000000455e+02
8.547200000000000273e+02
8.550299999999999727e+02
8.558600000000000136e+02
8.559600000000000364e+02
8.561599999999999682e+02
8.563899999999999864e+02
8.584500000000000455e+02
8.592100000000000364e+02
8.615000000000000000e+02
8.624600000000000364e+02
8.627599999999999909e+02
8.629099999999999682e+02
8.638999999999999773e+02
8.645800000000000409e+02
8.651700000000000728e+02
8.659800000000000182e+02
8.672000000000000455e+02
8.680099999999999909e+02
8.681000000000000227e+02
8.692300000000000182e+02
8.701299999999999955e+02
8.713700000000000045e+02
8.713799999999999955e+02
8.716299999999999955e+02
8.740299999999999727e+02
8.754600000000000364e+02
8.765199999999999818e+02
8.766000000000000227e+02
8.776599999999999682e+02
8.785800000000000409e+02
8.805099999999999909e+02
8.809200000000000728e+02
8.816000000000000227e+02
8.823799999999999955e+02
8.836000000000000227e+02
8.838600000000000136e+02
8.839400000000000546e+02
8.850500000000000682e+02
8.862799999999999727e+02
8.893500000000000227e+02
8.902799999999999727e+02
8.908100000000000591e+02
8.911900000000000546e+02
8.917000000000000455e+02
8.923200000000000500e+02
8.928700000000000045e+02
8.943999999999999773e+02
8.949500000000000455e+02
8.950700000000000500e+02
8.955600000000000591e+02
8.969900000000000091e+02
8.976000000000000227e+02
8.978100000000000591e+02
8.998300000000000409e+02
9.008500000000000227e+02
9.012000000000000455e+02
9.034200000000000728e+02
9.035500000000000682e+02
9.038799999999999955e+02
9.059400000000000546e+02
9.060299999999999727e+02
9.067300000000000182e+02
9.074300000000000637e+02
9.075000000000000000e+02
9.076200000000000045e+02
9.083300000000000409e+02
9.084400000000000546e+02
9.097500000000000000e+02
9.103600000000000136e+02
9.105299999999999727e+02
9.115299999999999727e+02
9.117799999999999727e+02
9.124400000000000546e+02
9.143400000000000318e+02
9.150399999999999636e+02
9.159800000000000182e+02
9.160099999999999909e+02
9.164200000000000728e+02
9.183999999999999773e+02
9.184600000000000364e+02
9.200199999999999818e+02
9.203600000000000136e+02
9.205800000000000409e+02
9.224300000000000637e+02
9.238700000000000045e+02
9.239500000000000455e+02
9.258000000000000682e+02
9.259200000000000728e+02
9.269700000000000273e+02
9.271599999999999682e+02
9.272300000000000182e+02
9.285299999999999727e+02
9.286499999999999773e+02
9.296499999999999773e+02
9.305600000000000591e+02
9.316800000000000637e+02
9.324400000000000546e+02
9.338300000000000409e+02
9.343700000000000045e+02
9.348799999999999955e+02
9.354200000000000728e+02
9.360700000000000500e+02
9.376100000000000136e+02
9.378600000000000136e+02
9.395500000000000682e+02
9.397599999999999909e+02
9.397899999999999636e+02
9.405900000000000318e+02
9.418100000000000591e+02
9.420099999999999909e+02
9.443500000000000227e+02
9.444200000000000728e+02
9.459900000000000091e+02
9.463700000000000045e+02
9.472300000000000182e+02
9.486399999999999864e+02
9.497699999999999818e+02
9.512699999999999818e+02
9.515299999999999727e+02
9.515700000000000500e+02
9.520000000000000000e+02
9.537799999999999727e+02
9.540500000000000682e+02
9.561000000000000227e+02
9.561299999999999955e+02
9.569300000000000637e+02
9.583200000000000500e+02
9.589600000000000364e+02
9.603600000000000136e+02
9.621399999999999864e+02
9.635399999999999636e+02
9.637500000000000000e+02
9.646700000000000728e+02
9.659900000000000091e+02
9.661000000000000227e+02
9.661299999999999955e+02
9.678899999999999864e+02
9.680600000000000591e+02
9.697599999999999909e+02
9.715900000000000318e+02
9.718899999999999864e+02
9.739900000000000091e+02
9.740900000000000318e+02
9.742899999999999636e+02
9.743500000000000227e+02
9.758799999999999955e+02
9.764300000000000637e+02
9.775900000000000318e+02
9.778999999999999773e+02
9.780199999999999818e+02
9.780500000000000682e+02
9.800800000000000409e+02
9.803000000000000682e+02
9.818200000000000500e+02
9.819700000000000273e+02
9.838999999999999773e+02
9.839500000000000455e+02
9.839800000000000182e+02
9.843200000000000500e+02
9.843600000000000136e+02
9.863799999999999955e+02
9.865000000000000000e+02
9.884200000000000728e+02
9.897000000000000455e+02
9.900000000000000000e+02
9.914400000000000546e+02
9.919800000000000182e+02
9.920199999999999818e+02
9.920800000000000409e+02
9.934900000000000091e+02
9.940400000000000773e+02
9.941299999999999955e+02
9.944099999999999682e+02
9.955000000000000000e+02
9.958600000000000136e+02
9.960700000000000500e+02
9.978500000000000227e+02
9.978500000000000227e+02
9.979099999999999682e+02
