2.206500000000000057e+02
3.849300000000000068e+02
5.640399999999999636e+02
6.432500000000000000e+02
6.686299999999999955e+02
9.920600000000000591e+02
2.003999999999999915e+01
2.206500000000000057e+02
3.281100000000000136e+02
3.343799999999999955e+02
3.849499999999999886e+02
4.410000000000000000e+02
4.809000000000000341e+02
5.640500000000000682e+02
6.323100000000000591e+02
6.686399999999999864e+02
7.041200000000000045e+02
9.104200000000000728e+02
2.008000000000000185e+01
2.206500000000000057e+02
4.410000000000000000e+02
5.640600000000000591e+02
6.323300000000000409e+02
6.686599999999999682e+02
7.041299999999999955e+02
2.206500000000000057e+02
4.410099999999999909e+02
5.640600000000000591e+02
6.323700000000000045e+02
7.041399999999999864e+02
9.470000000000000000e+02
9.685700000000000500e+02
2.206500000000000057e+02
4.410099999999999909e+02
5.640700000000000500e+02
6.324500000000000455e+02
7.041599999999999682e+02
9.470299999999999727e+02
9.686000000000000227e+02
2.206500000000000057e+02
4.410099999999999909e+02
5.640700000000000500e+02
6.325099999999999909e+02
9.470600000000000591e+02
2.206599999999999966e+02
4.410099999999999909e+02
5.640900000000000318e+02
9.471000000000000227e+02
1.141000000000000014e+01
2.126999999999999957e+01
4.980000000000000426e+01
7.859000000000000341e+01
1.933900000000000148e+02
2.073199999999999932e+02
2.110399999999999920e+02
2.211200000000000045e+02
2.679599999999999795e+02
3.047300000000000182e+02
3.116000000000000227e+02
3.497699999999999818e+02
4.252900000000000205e+02
4.407800000000000296e+02
4.410099999999999909e+02
5.126299999999999955e+02
5.772200000000000273e+02
6.145099999999999909e+02
6.431499999999999773e+02
6.581299999999999955e+02
7.548500000000000227e+02
8.674800000000000182e+02
8.857200000000000273e+02
9.319800000000000182e+02
9.570600000000000591e+02
9.876000000000000227e+02
7.864000000000000057e+01
2.074300000000000068e+02
3.047599999999999909e+02
3.497900000000000205e+02
4.253700000000000045e+02
4.408100000000000023e+02
4.410199999999999818e+02
5.126900000000000546e+02
5.772400000000000091e+02
6.431599999999999682e+02
8.675199999999999818e+02
7.875000000000000000e+01
3.048000000000000114e+02
3.498000000000000114e+02
4.408400000000000318e+02
4.410199999999999818e+02
5.127899999999999636e+02
5.772699999999999818e+02
6.431699999999999591e+02
3.498199999999999932e+02
4.408899999999999864e+02
4.410199999999999818e+02
6.431800000000000637e+02
3.498400000000000318e+02
6.431900000000000546e+02
3.498799999999999955e+02
6.432000000000000455e+02
5.764000000000000057e+01
1.169300000000000068e+02
1.779699999999999989e+02
2.206500000000000057e+02
3.058500000000000227e+02
3.221299999999999955e+02
3.849000000000000341e+02
4.356100000000000136e+02
5.019300000000000068e+02
5.335700000000000500e+02
5.530700000000000500e+02
5.640299999999999727e+02
5.830500000000000682e+02
6.337400000000000091e+02
6.432100000000000364e+02
6.507500000000000000e+02
6.686200000000000045e+02
7.882699999999999818e+02
8.040299999999999727e+02
8.075900000000000318e+02
8.440199999999999818e+02
9.392500000000000000e+02
9.473600000000000136e+02
9.555399999999999636e+02
9.670800000000000409e+02
9.919900000000000091e+02
1.170000000000000000e+02
2.206500000000000057e+02
3.059000000000000341e+02
3.849000000000000341e+02
5.020099999999999909e+02
5.640299999999999727e+02
5.831100000000000136e+02
6.432200000000000273e+02
6.686200000000000045e+02
8.041100000000000136e+02
9.920099999999999909e+02
2.206500000000000057e+02
3.849200000000000159e+02
5.640399999999999636e+02
6.432300000000000182e+02
6.686299999999999955e+02
9.920299999999999727e+02
