1.023000000000000043e+01
1.727700000000000102e+02
1.814600000000000080e+02
1.911599999999999966e+02
2.313499999999999943e+02
3.474000000000000341e+02
3.535799999999999841e+02
3.865199999999999818e+02
3.980900000000000318e+02
4.093400000000000318e+02
4.165199999999999818e+02
4.336200000000000045e+02
5.118100000000000023e+02
5.779500000000000455e+02
5.871900000000000546e+02
5.973899999999999864e+02
6.320600000000000591e+02
6.482599999999999909e+02
6.721399999999999864e+02
6.902599999999999909e+02
7.859200000000000728e+02
7.966599999999999682e+02
8.005900000000000318e+02
9.148999999999999773e+02
9.191399999999999864e+02
9.288999999999999773e+02
6.209999999999999964e+00
1.653000000000000114e+01
2.037000000000000099e+01
5.045000000000000284e+01
5.264000000000000057e+01
7.621000000000000796e+01
8.648000000000000398e+01
9.423000000000000398e+01
1.162300000000000040e+02
1.582599999999999909e+02
1.724699999999999989e+02
1.862800000000000011e+02
2.122899999999999920e+02
2.287300000000000182e+02
2.487600000000000193e+02
2.742500000000000000e+02
3.343899999999999864e+02
3.966800000000000068e+02
4.017500000000000000e+02
4.487699999999999818e+02
4.519900000000000091e+02
4.739800000000000182e+02
5.026299999999999955e+02
5.288899999999999864e+02
5.338300000000000409e+02
5.637599999999999909e+02
5.677899999999999636e+02
5.735600000000000591e+02
5.766900000000000546e+02
5.810600000000000591e+02
5.857300000000000182e+02
5.917000000000000455e+02
6.059199999999999591e+02
6.167799999999999727e+02
6.790700000000000500e+02
6.931699999999999591e+02
7.078000000000000682e+02
7.196499999999999773e+02
7.331499999999999773e+02
7.514800000000000182e+02
7.710099999999999909e+02
7.755199999999999818e+02
7.953400000000000318e+02
8.032699999999999818e+02
8.090700000000000500e+02
8.315000000000000000e+02
8.515900000000000318e+02
8.794400000000000546e+02
9.131900000000000546e+02
9.392500000000000000e+02
9.513999999999999773e+02
9.550099999999999909e+02
9.592899999999999636e+02
9.635500000000000682e+02
9.932900000000000773e+02
9.973500000000000227e+02
1.025000000000000000e+01
8.021999999999999886e+01
1.118200000000000074e+02
1.157600000000000051e+02
1.277900000000000063e+02
1.358700000000000045e+02
1.379900000000000091e+02
1.739200000000000159e+02
2.015300000000000011e+02
2.056599999999999966e+02
2.111500000000000057e+02
2.197599999999999909e+02
2.512100000000000080e+02
2.769499999999999886e+02
2.869900000000000091e+02
3.036600000000000250e+02
3.465000000000000000e+02
4.003700000000000045e+02
4.625500000000000114e+02
4.788500000000000227e+02
5.146100000000000136e+02
5.278100000000000591e+02
5.505199999999999818e+02
5.965700000000000500e+02
6.373000000000000682e+02
6.642699999999999818e+02
7.109700000000000273e+02
7.163000000000000682e+02
7.659800000000000182e+02
7.740800000000000409e+02
7.819800000000000182e+02
8.259800000000000182e+02
8.322799999999999727e+02
8.359400000000000546e+02
8.458300000000000409e+02
8.817000000000000455e+02
9.077500000000000000e+02
9.375000000000000000e+02
9.577000000000000455e+02
9.751100000000000136e+02
9.772500000000000000e+02
9.833899999999999864e+02
9.973600000000000136e+02
2.206899999999999977e+02
2.463499999999999943e+02
2.719200000000000159e+02
2.960000000000000000e+02
2.981200000000000045e+02
3.281200000000000045e+02
4.412599999999999909e+02
6.102400000000000091e+02
6.200500000000000682e+02
6.246399999999999864e+02
6.655700000000000500e+02
6.736800000000000637e+02
7.033899999999999864e+02
8.998100000000000591e+02
9.121900000000000546e+02
9.159900000000000091e+02
