3.129999999999999893e+00
3.310000000000000053e+00
3.479999999999999982e+00
3.530000000000000249e+00
3.530000000000000249e+00
3.660000000000000142e+00
4.969999999999999751e+00
5.259999999999999787e+00
5.639999999999999680e+00
5.700000000000000178e+00
5.759999999999999787e+00
1.320000000000000107e+01
1.322000000000000064e+01
1.326999999999999957e+01
1.348000000000000043e+01
1.430000000000000071e+01
1.504000000000000092e+01
1.526999999999999957e+01
1.528000000000000114e+01
1.533999999999999986e+01
2.315000000000000213e+01
2.351000000000000156e+01
2.362000000000000099e+01
2.362000000000000099e+01
2.367999999999999972e+01
2.481000000000000227e+01
2.544999999999999929e+01
2.571999999999999886e+01
2.571999999999999886e+01
2.580000000000000071e+01
3.321000000000000085e+01
3.375999999999999801e+01
3.377000000000000313e+01
3.450999999999999801e+01
3.455000000000000426e+01
3.477000000000000313e+01
3.585999999999999943e+01
3.591000000000000369e+01
3.598000000000000398e+01
3.657000000000000028e+01
4.284000000000000341e+01
4.291000000000000369e+01
4.310999999999999943e+01
4.353000000000000114e+01
4.364000000000000057e+01
4.467999999999999972e+01
4.492000000000000171e+01
4.517000000000000171e+01
4.517999999999999972e+01
4.566000000000000369e+01
4.568999999999999773e+01
5.313000000000000256e+01
5.321999999999999886e+01
5.339000000000000057e+01
5.367999999999999972e+01
5.478999999999999915e+01
5.517000000000000171e+01
5.535000000000000142e+01
5.546999999999999886e+01
6.302000000000000313e+01
6.302000000000000313e+01
6.369000000000000483e+01
6.380000000000000426e+01
6.412000000000000455e+01
6.512999999999999545e+01
6.576000000000000512e+01
6.603000000000000114e+01
6.664000000000000057e+01
7.270000000000000284e+01
7.282999999999999829e+01
7.298000000000000398e+01
7.353000000000000114e+01
7.362999999999999545e+01
7.382999999999999829e+01
7.479999999999999716e+01
7.490000000000000568e+01
7.510000000000000853e+01
7.562999999999999545e+01
7.698999999999999488e+01
8.223999999999999488e+01
8.323999999999999488e+01
8.325000000000000000e+01
8.342000000000000171e+01
8.396999999999999886e+01
8.448999999999999488e+01
8.532000000000000739e+01
8.540000000000000568e+01
8.542000000000000171e+01
8.548000000000000398e+01
8.698999999999999488e+01
9.285999999999999943e+01
9.317000000000000171e+01
9.325000000000000000e+01
9.342000000000000171e+01
9.368999999999999773e+01
9.506000000000000227e+01
9.532000000000000739e+01
9.550000000000000000e+01
9.593000000000000682e+01
1.023500000000000085e+02
1.026200000000000045e+02
1.028500000000000085e+02
1.033299999999999983e+02
1.039200000000000017e+02
1.045400000000000063e+02
1.046800000000000068e+02
1.054300000000000068e+02
1.056899999999999977e+02
1.060799999999999983e+02
1.127999999999999972e+02
1.128799999999999955e+02
1.131800000000000068e+02
1.136099999999999994e+02
1.136800000000000068e+02
1.149099999999999966e+02
1.150000000000000000e+02
1.157199999999999989e+02
1.157699999999999960e+02
1.160900000000000034e+02
1.229000000000000057e+02
1.232699999999999960e+02
1.232800000000000011e+02
1.234000000000000057e+02
1.246000000000000085e+02
1.250100000000000051e+02
1.252100000000000080e+02
1.253500000000000085e+02
1.255300000000000011e+02
1.255700000000000074e+02
1.326299999999999955e+02
1.328799999999999955e+02
1.331800000000000068e+02
1.335800000000000125e+02
1.345500000000000114e+02
1.348199999999999932e+02
1.352800000000000011e+02
1.356599999999999966e+02
1.356800000000000068e+02
1.427199999999999989e+02
1.428000000000000114e+02
1.430200000000000102e+02
1.436100000000000136e+02
1.444000000000000057e+02
1.445399999999999920e+02
1.451100000000000136e+02
1.453100000000000023e+02
1.456899999999999977e+02
1.462700000000000102e+02
1.467400000000000091e+02
1.525800000000000125e+02
1.531800000000000068e+02
1.533900000000000148e+02
1.538499999999999943e+02
1.542199999999999989e+02
1.546400000000000148e+02
1.552400000000000091e+02
1.554500000000000171e+02
1.561200000000000045e+02
1.565000000000000000e+02
1.619099999999999966e+02
1.624000000000000057e+02
1.630600000000000023e+02
1.636400000000000148e+02
1.642500000000000000e+02
1.645200000000000102e+02
1.651400000000000148e+02
1.657299999999999898e+02
1.671299999999999955e+02
1.673900000000000148e+02
1.717599999999999909e+02
1.722500000000000000e+02
1.733400000000000034e+02
1.736400000000000148e+02
1.740699999999999932e+02
1.743300000000000125e+02
1.744000000000000057e+02
1.755200000000000102e+02
1.757400000000000091e+02
1.757700000000000102e+02
1.768400000000000034e+02
1.820200000000000102e+02
1.824699999999999989e+02
1.828499999999999943e+02
1.836599999999999966e+02
1.842500000000000000e+02
1.846400000000000148e+02
1.849099999999999966e+02
1.849699999999999989e+02
1.853100000000000023e+02
1.857599999999999909e+02
1.872000000000000171e+02
1.917199999999999989e+02
1.926599999999999966e+02
1.927599999999999909e+02
1.939399999999999977e+02
1.943900000000000148e+02
1.947300000000000182e+02
1.954500000000000171e+02
1.964900000000000091e+02
2.018000000000000114e+02
2.024000000000000057e+02
2.026599999999999966e+02
2.035800000000000125e+02
2.047100000000000080e+02
2.047899999999999920e+02
2.051700000000000159e+02
2.056599999999999966e+02
2.066200000000000045e+02
2.071700000000000159e+02
2.123700000000000045e+02
2.126299999999999955e+02
2.132300000000000182e+02
2.135900000000000034e+02
2.144500000000000171e+02
2.144699999999999989e+02
2.152800000000000011e+02
2.157300000000000182e+02
2.166400000000000148e+02
2.166800000000000068e+02
2.222100000000000080e+02
2.223799999999999955e+02
2.226800000000000068e+02
2.239900000000000091e+02
2.245000000000000000e+02
2.247400000000000091e+02
2.248199999999999932e+02
2.260600000000000023e+02
2.267300000000000182e+02
2.269099999999999966e+02
2.303499999999999943e+02
2.319800000000000182e+02
2.323000000000000114e+02
2.327300000000000182e+02
2.340399999999999920e+02
2.347899999999999920e+02
2.348900000000000148e+02
2.354399999999999977e+02
2.367800000000000011e+02
2.413499999999999943e+02
2.422800000000000011e+02
2.427199999999999989e+02
2.433499999999999943e+02
2.446200000000000045e+02
2.447899999999999920e+02
2.454200000000000159e+02
2.459800000000000182e+02
2.480900000000000034e+02
2.505000000000000000e+02
2.518199999999999932e+02
2.525000000000000000e+02
2.526800000000000068e+02
2.538100000000000023e+02
2.538799999999999955e+02
2.545600000000000023e+02
2.551400000000000148e+02
2.564700000000000273e+02
2.570799999999999841e+02
2.572200000000000273e+02
2.607300000000000182e+02
2.616399999999999864e+02
2.628299999999999841e+02
2.635400000000000205e+02
2.638600000000000136e+02
2.649200000000000159e+02
2.656299999999999955e+02
2.657699999999999818e+02
2.665300000000000296e+02
2.683700000000000045e+02
2.715199999999999818e+02
2.715600000000000023e+02
2.728400000000000318e+02
2.735900000000000318e+02
2.736700000000000159e+02
2.749000000000000341e+02
2.755099999999999909e+02
2.757200000000000273e+02
2.770300000000000296e+02
2.776999999999999886e+02
2.817500000000000000e+02
2.824499999999999886e+02
2.825300000000000296e+02
2.834900000000000091e+02
2.838100000000000023e+02
2.846200000000000045e+02
2.849499999999999886e+02
2.855600000000000023e+02
2.868400000000000318e+02
2.873299999999999841e+02
2.910300000000000296e+02
2.911999999999999886e+02
2.927099999999999795e+02
2.932599999999999909e+02
2.932900000000000205e+02
2.938899999999999864e+02
2.946800000000000068e+02
2.947800000000000296e+02
2.959900000000000091e+02
2.967800000000000296e+02
2.976800000000000068e+02
2.999100000000000250e+02
3.007099999999999795e+02
3.027800000000000296e+02
3.029499999999999886e+02
3.041800000000000068e+02
3.050600000000000023e+02
3.053700000000000045e+02
3.062400000000000091e+02
3.069499999999999886e+02
3.075000000000000000e+02
3.115500000000000114e+02
3.120099999999999909e+02
3.126600000000000250e+02
3.139900000000000091e+02
3.141700000000000159e+02
3.147400000000000091e+02
3.156800000000000068e+02
3.160900000000000318e+02
3.168799999999999955e+02
3.202699999999999818e+02
3.206500000000000341e+02
3.225000000000000000e+02
3.225699999999999932e+02
3.233500000000000227e+02
3.240799999999999841e+02
3.246399999999999864e+02
3.251299999999999955e+02
3.262400000000000091e+02
3.273700000000000045e+02
3.277300000000000182e+02
3.304100000000000250e+02
3.322500000000000000e+02
3.327099999999999795e+02
3.337900000000000205e+02
3.347500000000000000e+02
3.356600000000000250e+02
3.359599999999999795e+02
3.377599999999999909e+02
3.404900000000000091e+02
3.413799999999999955e+02
3.418899999999999864e+02
3.434499999999999886e+02
3.439599999999999795e+02
3.441200000000000045e+02
3.458700000000000045e+02
3.462800000000000296e+02
3.467099999999999795e+02
3.509100000000000250e+02
3.512699999999999818e+02
3.524900000000000091e+02
3.533400000000000318e+02
3.539399999999999977e+02
3.545900000000000318e+02
3.556100000000000136e+02
3.560000000000000000e+02
3.578199999999999932e+02
3.591999999999999886e+02
3.594700000000000273e+02
3.615799999999999841e+02
3.619700000000000273e+02
3.631299999999999955e+02
3.643799999999999955e+02
3.643899999999999864e+02
3.652500000000000000e+02
3.653700000000000045e+02
3.664700000000000273e+02
3.675000000000000000e+02
3.700099999999999909e+02
3.714200000000000159e+02
3.721800000000000068e+02
3.725000000000000000e+02
3.735799999999999841e+02
3.741000000000000227e+02
3.746399999999999864e+02
3.754900000000000091e+02
3.763100000000000023e+02
3.781500000000000341e+02
3.795300000000000296e+02
3.803199999999999932e+02
3.807800000000000296e+02
3.827100000000000364e+02
3.828600000000000136e+02
3.837699999999999818e+02
3.848600000000000136e+02
3.858899999999999864e+02
3.859800000000000182e+02
3.884100000000000250e+02
3.897599999999999909e+02
3.899600000000000364e+02
3.915199999999999818e+02
3.921000000000000227e+02
3.942400000000000091e+02
3.942699999999999818e+02
3.960799999999999841e+02
3.963199999999999932e+02
3.979800000000000182e+02
3.982300000000000182e+02
3.996200000000000045e+02
4.011700000000000159e+02
4.025199999999999818e+02
4.039800000000000182e+02
4.044300000000000068e+02
4.046200000000000045e+02
4.065099999999999909e+02
4.067300000000000182e+02
4.080799999999999841e+02
4.092300000000000182e+02
4.110000000000000000e+02
4.116999999999999886e+02
4.128299999999999841e+02
4.130500000000000114e+02
4.134499999999999886e+02
4.149100000000000250e+02
4.155000000000000000e+02
4.155000000000000000e+02
4.175600000000000023e+02
4.203899999999999864e+02
4.211100000000000136e+02
4.222800000000000296e+02
4.231999999999999886e+02
4.239800000000000182e+02
4.243600000000000136e+02
4.259300000000000068e+02
4.260900000000000318e+02
4.279399999999999977e+02
4.280199999999999818e+02
4.284300000000000068e+02
4.290699999999999932e+02
4.309200000000000159e+02
4.313199999999999932e+02
4.313500000000000227e+02
4.320699999999999932e+02
4.334700000000000273e+02
4.335000000000000000e+02
4.347900000000000205e+02
4.355799999999999841e+02
4.360099999999999909e+02
4.381500000000000341e+02
4.392300000000000182e+02
4.399800000000000182e+02
4.406600000000000250e+02
4.425500000000000114e+02
4.427400000000000091e+02
4.439700000000000273e+02
4.446100000000000136e+02
4.459700000000000273e+02
4.460400000000000205e+02
4.480799999999999841e+02
4.484600000000000364e+02
4.506000000000000227e+02
4.522599999999999909e+02
4.526800000000000068e+02
4.543799999999999955e+02
4.545199999999999818e+02
4.566100000000000136e+02
4.567100000000000364e+02
4.577200000000000273e+02
4.591399999999999864e+02
4.594800000000000182e+02
4.600099999999999909e+02
4.611600000000000250e+02
4.618799999999999955e+02
4.632300000000000182e+02
4.639399999999999977e+02
4.642200000000000273e+02
4.659300000000000068e+02
4.664600000000000364e+02
4.681000000000000227e+02
4.683299999999999841e+02
4.692500000000000000e+02
4.701100000000000136e+02
4.717699999999999818e+02
4.721700000000000159e+02
4.735099999999999909e+02
4.738299999999999841e+02
4.756200000000000045e+02
4.759300000000000068e+02
4.786500000000000341e+02
4.792599999999999909e+02
4.804499999999999886e+02
4.825199999999999818e+02
4.827900000000000205e+02
4.841299999999999955e+02
4.849000000000000341e+02
4.862200000000000273e+02
4.863299999999999841e+02
4.900400000000000205e+02
4.901800000000000068e+02
4.923299999999999841e+02
4.924300000000000068e+02
4.943600000000000136e+02
4.944900000000000091e+02
4.960900000000000318e+02
4.964399999999999977e+02
5.011600000000000250e+02
5.012700000000000387e+02
5.020400000000000205e+02
5.041200000000000045e+02
5.042900000000000205e+02
5.062500000000000000e+02
5.063799999999999955e+02
5.090400000000000205e+02
5.091899999999999977e+02
5.097800000000000296e+02
5.118799999999999955e+02
5.119200000000000159e+02
5.143200000000000500e+02
5.144700000000000273e+02
5.164400000000000546e+02
5.175299999999999727e+02
5.186499999999999773e+02
5.192699999999999818e+02
5.197799999999999727e+02
5.220299999999999727e+02
5.220700000000000500e+02
5.237699999999999818e+02
5.241499999999999773e+02
5.258600000000000136e+02
5.259500000000000455e+02
5.280299999999999727e+02
5.293700000000000045e+02
5.298300000000000409e+02
5.311100000000000136e+02
5.320000000000000000e+02
5.340099999999999909e+02
5.340399999999999636e+02
5.360800000000000409e+02
5.364900000000000091e+02
5.370700000000000500e+02
5.377599999999999909e+02
5.386200000000000045e+02
5.392100000000000364e+02
5.398899999999999864e+02
5.408600000000000136e+02
5.413500000000000227e+02
5.415600000000000591e+02
5.429500000000000455e+02
5.442999999999999545e+02
5.447200000000000273e+02
5.467899999999999636e+02
5.468500000000000227e+02
5.479199999999999591e+02
5.490000000000000000e+02
5.499300000000000637e+02
5.504900000000000091e+02
5.519700000000000273e+02
5.520399999999999636e+02
5.541000000000000227e+02
5.545299999999999727e+02
5.565900000000000318e+02
5.566200000000000045e+02
5.580500000000000682e+02
5.587500000000000000e+02
5.598300000000000409e+02
5.602799999999999727e+02
5.617799999999999727e+02
5.638400000000000318e+02
5.640700000000000500e+02
5.661100000000000136e+02
5.661599999999999682e+02
5.679800000000000182e+02
5.682699999999999818e+02
5.695199999999999818e+02
5.697599999999999909e+02
5.715800000000000409e+02
5.721800000000000637e+02
5.743100000000000591e+02
5.744099999999999682e+02
5.764199999999999591e+02
5.773200000000000500e+02
5.788700000000000045e+02
5.795099999999999909e+02
5.796800000000000637e+02
5.818799999999999955e+02
5.823200000000000500e+02
5.839800000000000182e+02
5.843200000000000500e+02
5.855500000000000682e+02
5.865399999999999636e+02
5.867000000000000455e+02
5.881200000000000045e+02
5.900099999999999909e+02
5.901499999999999773e+02
5.902699999999999818e+02
5.921200000000000045e+02
5.921299999999999955e+02
5.942899999999999636e+02
5.946800000000000637e+02
5.963799999999999955e+02
5.966499999999999773e+02
5.971399999999999864e+02
5.983200000000000500e+02
5.991000000000000227e+02
5.995399999999999636e+02
6.000700000000000500e+02
6.007799999999999727e+02
6.014800000000000182e+02
6.021900000000000546e+02
6.035600000000000591e+02
6.044900000000000091e+02
6.066200000000000045e+02
6.067699999999999818e+02
6.070800000000000409e+02
6.089700000000000273e+02
6.091599999999999682e+02
6.096499999999999773e+02
6.103500000000000227e+02
6.117599999999999909e+02
6.119900000000000091e+02
6.139800000000000182e+02
6.141200000000000045e+02
6.162000000000000455e+02
6.180500000000000682e+02
6.182400000000000091e+02
6.194199999999999591e+02
6.197500000000000000e+02
6.217599999999999909e+02
6.218200000000000500e+02
6.238500000000000227e+02
6.242100000000000364e+02
6.263400000000000318e+02
6.272699999999999818e+02
6.273400000000000318e+02
6.294099999999999682e+02
6.294500000000000455e+02
6.295800000000000409e+02
6.303400000000000318e+02
6.316699999999999591e+02
6.326599999999999682e+02
6.337100000000000364e+02
6.347699999999999818e+02
6.357799999999999727e+02
6.365900000000000318e+02
6.376900000000000546e+02
6.387200000000000273e+02
6.397599999999999909e+02
6.410700000000000500e+02
6.419600000000000364e+02
6.420199999999999818e+02
6.440900000000000318e+02
6.446299999999999955e+02
6.466299999999999955e+02
6.467799999999999727e+02
6.470500000000000682e+02
6.489700000000000273e+02
6.512100000000000364e+02
6.520900000000000318e+02
6.534099999999999682e+02
6.541100000000000136e+02
6.555600000000000591e+02
6.561499999999999773e+02
6.570000000000000000e+02
6.570700000000000500e+02
6.593300000000000409e+02
6.604300000000000637e+02
6.614099999999999682e+02
6.621000000000000227e+02
6.640900000000000318e+02
6.643999999999999773e+02
6.661399999999999864e+02
6.671200000000000045e+02
6.677400000000000091e+02
6.689099999999999682e+02
6.711200000000000045e+02
6.725099999999999909e+02
6.750500000000000682e+02
6.753700000000000045e+02
6.771000000000000227e+02
6.771399999999999864e+02
6.791499999999999773e+02
6.796800000000000637e+02
6.804099999999999682e+02
6.812000000000000455e+02
6.818500000000000227e+02
6.833000000000000682e+02
6.840399999999999636e+02
6.861200000000000045e+02
6.861900000000000546e+02
6.883000000000000682e+02
6.884900000000000091e+02
6.889500000000000455e+02
6.910800000000000409e+02
6.916399999999999864e+02
6.924700000000000273e+02
6.937200000000000273e+02
6.946100000000000136e+02
6.975900000000000318e+02
6.977899999999999636e+02
6.991900000000000546e+02
7.000500000000000682e+02
7.014199999999999591e+02
7.034900000000000091e+02
7.042799999999999727e+02
7.051200000000000045e+02
7.057100000000000364e+02
7.064099999999999682e+02
7.070099999999999909e+02
7.070299999999999727e+02
7.090399999999999636e+02
7.092899999999999636e+02
7.101000000000000227e+02
7.112100000000000364e+02
7.117799999999999727e+02
7.138600000000000136e+02
7.143999999999999773e+02
7.165500000000000682e+02
7.168400000000000318e+02
7.173400000000000318e+02
7.181200000000000045e+02
7.194500000000000455e+02
7.202300000000000182e+02
7.220600000000000591e+02
7.241499999999999773e+02
7.245900000000000318e+02
7.267000000000000455e+02
7.270700000000000500e+02
7.277599999999999909e+02
7.288600000000000136e+02
7.309800000000000182e+02
7.318799999999999955e+02
7.339500000000000455e+02
7.347400000000000091e+02
7.369300000000000637e+02
7.382799999999999727e+02
7.384300000000000637e+02
7.388999999999999773e+02
7.409800000000000182e+02
7.413000000000000682e+02
7.418000000000000682e+02
7.438799999999999955e+02
7.448999999999999773e+02
7.470299999999999727e+02
7.476599999999999682e+02
7.498100000000000591e+02
7.515299999999999727e+02
7.518100000000000591e+02
7.535700000000000500e+02
7.543200000000000500e+02
7.547300000000000182e+02
7.558999999999999773e+02
7.563999999999999773e+02
7.573200000000000500e+02
7.580600000000000591e+02
7.591699999999999591e+02
7.596499999999999773e+02
7.612799999999999727e+02
7.615900000000000318e+02
7.620000000000000000e+02
7.641699999999999591e+02
7.646700000000000728e+02
7.667500000000000000e+02
7.672799999999999727e+02
7.673500000000000227e+02
7.682000000000000455e+02
7.695800000000000409e+02
7.703700000000000045e+02
7.712899999999999636e+02
7.733500000000000227e+02
7.739600000000000364e+02
7.758799999999999955e+02
7.760399999999999636e+02
7.776299999999999955e+02
7.782100000000000364e+02
7.797599999999999909e+02
7.815199999999999818e+02
7.835800000000000409e+02
7.848100000000000591e+02
7.855900000000000318e+02
7.877799999999999727e+02
7.883500000000000227e+02
7.885500000000000682e+02
7.912400000000000091e+02
7.914800000000000182e+02
7.936000000000000227e+02
7.945099999999999909e+02
7.958700000000000045e+02
7.965900000000000318e+02
7.976700000000000728e+02
7.988999999999999773e+02
8.002200000000000273e+02
8.010299999999999727e+02
8.014900000000000091e+02
8.019600000000000364e+02
8.040299999999999727e+02
8.052899999999999636e+02
8.056100000000000136e+02
8.080299999999999727e+02
8.095199999999999818e+02
8.101399999999999864e+02
8.108899999999999864e+02
8.129300000000000637e+02
8.143899999999999864e+02
8.163600000000000136e+02
8.165500000000000682e+02
8.179900000000000091e+02
8.184800000000000182e+02
8.205800000000000409e+02
8.217699999999999818e+02
8.218700000000000045e+02
8.239900000000000091e+02
8.252100000000000364e+02
8.254700000000000273e+02
8.269099999999999682e+02
8.279600000000000364e+02
8.290299999999999727e+02
8.316100000000000136e+02
8.318600000000000136e+02
8.320800000000000409e+02
8.337200000000000273e+02
8.348200000000000500e+02
8.363600000000000136e+02
8.368700000000000045e+02
8.386100000000000136e+02
8.387599999999999909e+02
8.407100000000000364e+02
8.408200000000000500e+02
8.427599999999999909e+02
8.434200000000000728e+02
8.446900000000000546e+02
8.467899999999999636e+02
8.468600000000000136e+02
8.491100000000000136e+02
8.492100000000000364e+02
8.511100000000000136e+02
8.513500000000000227e+02
8.531800000000000637e+02
8.532899999999999636e+02
8.542000000000000455e+02
8.563100000000000591e+02
8.582300000000000182e+02
8.586000000000000227e+02
8.586499999999999773e+02
8.608600000000000136e+02
8.610600000000000591e+02
8.612599999999999909e+02
8.631100000000000136e+02
8.633400000000000318e+02
8.642300000000000182e+02
8.647699999999999818e+02
8.662699999999999818e+02
8.677400000000000091e+02
8.695299999999999727e+02
8.698899999999999864e+02
8.717500000000000000e+02
8.732699999999999818e+02
8.743700000000000045e+02
8.748100000000000591e+02
8.764400000000000546e+02
8.773999999999999773e+02
8.784099999999999682e+02
8.796299999999999955e+02
8.808000000000000682e+02
8.811700000000000728e+02
8.829400000000000546e+02
8.850399999999999636e+02
8.860000000000000000e+02
8.871700000000000728e+02
8.880000000000000000e+02
8.881700000000000728e+02
8.902100000000000364e+02
8.902799999999999727e+02
8.907100000000000364e+02
8.928400000000000318e+02
8.943100000000000591e+02
8.961700000000000728e+02
8.964099999999999682e+02
8.978600000000000136e+02
8.988500000000000227e+02
9.001399999999999864e+02
9.009600000000000364e+02
9.030399999999999636e+02
9.033000000000000682e+02
9.041800000000000637e+02
9.050000000000000000e+02
9.063600000000000136e+02
9.079800000000000182e+02
9.086700000000000728e+02
9.108200000000000500e+02
9.126299999999999955e+02
9.132100000000000364e+02
9.149300000000000637e+02
9.154099999999999682e+02
9.171800000000000637e+02
9.173899999999999864e+02
9.189500000000000455e+02
9.200900000000000318e+02
9.202300000000000182e+02
9.223799999999999955e+02
9.245800000000000409e+02
9.246599999999999682e+02
9.257000000000000455e+02
9.267100000000000364e+02
9.281399999999999864e+02
9.286499999999999773e+02
9.306200000000000045e+02
9.327300000000000182e+02
9.340399999999999636e+02
9.345600000000000591e+02
9.362200000000000273e+02
9.366200000000000045e+02
9.377699999999999818e+02
9.383799999999999955e+02
9.414700000000000273e+02
9.430800000000000409e+02
9.433600000000000136e+02
9.448100000000000591e+02
9.455199999999999818e+02
9.468899999999999864e+02
9.475399999999999636e+02
9.493500000000000227e+02
9.497000000000000455e+02
9.510299999999999727e+02
9.528600000000000136e+02
9.531399999999999864e+02
9.548600000000000136e+02
9.566000000000000227e+02
9.569400000000000546e+02
9.587599999999999909e+02
9.597500000000000000e+02
9.602500000000000000e+02
9.623100000000000591e+02
9.624800000000000182e+02
9.630000000000000000e+02
9.639099999999999682e+02
9.647799999999999727e+02
9.660099999999999909e+02
9.679200000000000728e+02
9.689300000000000637e+02
9.701499999999999773e+02
9.702300000000000182e+02
9.723300000000000409e+02
9.729900000000000091e+02
9.744099999999999682e+02
9.767000000000000455e+02
9.776000000000000227e+02
9.783700000000000045e+02
9.797899999999999636e+02
9.803799999999999955e+02
9.806000000000000227e+02
9.825199999999999818e+02
9.831299999999999955e+02
9.839800000000000182e+02
9.856000000000000227e+02
9.861399999999999864e+02
9.883700000000000045e+02
9.887799999999999727e+02
9.905199999999999818e+02
9.905800000000000409e+02
9.907200000000000273e+02
9.913899999999999864e+02
9.926800000000000637e+02
9.939099999999999682e+02
9.947400000000000091e+02
9.963799999999999955e+02
9.968999999999999773e+02
9.975000000000000000e+02
