5.389999999999999680e+00
7.419999999999999929e+00
1.191000000000000014e+01
1.794000000000000128e+01
3.846000000000000085e+01
5.160000000000000142e+01
6.360000000000000142e+01
6.609999999999999432e+01
6.810999999999999943e+01
7.217000000000000171e+01
7.448000000000000398e+01
7.831000000000000227e+01
8.032999999999999829e+01
8.323999999999999488e+01
8.525000000000000000e+01
8.782000000000000739e+01
9.103000000000000114e+01
9.681000000000000227e+01
9.885000000000000853e+01
1.041400000000000006e+02
1.061700000000000017e+02
1.103900000000000006e+02
1.144800000000000040e+02
1.169099999999999966e+02
1.189200000000000017e+02
1.209399999999999977e+02
1.230300000000000011e+02
1.271700000000000017e+02
1.291800000000000068e+02
1.317599999999999909e+02
1.342299999999999898e+02
1.445699999999999932e+02
1.466100000000000136e+02
1.496500000000000057e+02
1.609699999999999989e+02
1.677400000000000091e+02
1.774500000000000171e+02
1.884200000000000159e+02
1.918300000000000125e+02
1.938499999999999943e+02
1.994600000000000080e+02
2.034900000000000091e+02
2.119500000000000171e+02
2.150200000000000102e+02
2.179900000000000091e+02
2.209900000000000091e+02
2.250500000000000114e+02
2.300300000000000011e+02
2.330999999999999943e+02
2.360699999999999932e+02
2.380999999999999943e+02
2.547400000000000091e+02
2.596899999999999977e+02
2.617099999999999795e+02
2.637300000000000182e+02
2.701800000000000068e+02
2.732200000000000273e+02
2.757800000000000296e+02
2.782500000000000000e+02
2.803000000000000114e+02
2.866999999999999886e+02
2.898899999999999864e+02
2.957699999999999818e+02
3.033700000000000045e+02
3.113000000000000114e+02
3.144399999999999977e+02
3.193799999999999955e+02
3.214700000000000273e+02
3.280400000000000205e+02
3.397400000000000091e+02
3.501200000000000045e+02
3.566999999999999886e+02
3.629000000000000341e+02
3.786800000000000068e+02
3.855199999999999818e+02
3.905799999999999841e+02
3.945900000000000318e+02
4.002300000000000182e+02
4.030000000000000000e+02
4.115300000000000296e+02
4.220699999999999932e+02
4.267599999999999909e+02
4.310900000000000318e+02
4.391100000000000136e+02
4.463100000000000023e+02
4.487800000000000296e+02
4.522800000000000296e+02
4.542900000000000205e+02
4.578000000000000114e+02
4.613400000000000318e+02
4.633500000000000227e+02
4.657900000000000205e+02
4.687100000000000364e+02
4.838400000000000318e+02
4.980099999999999909e+02
5.020400000000000205e+02
5.049700000000000273e+02
5.120700000000000500e+02
5.145700000000000500e+02
5.209900000000000091e+02
5.230000000000000000e+02
5.250299999999999727e+02
5.270499999999999545e+02
5.310800000000000409e+02
5.350499999999999545e+02
5.370700000000000500e+02
5.426699999999999591e+02
5.452000000000000455e+02
5.497799999999999727e+02
5.521699999999999591e+02
5.541900000000000546e+02
5.607100000000000364e+02
5.632200000000000273e+02
5.677599999999999909e+02
5.728500000000000227e+02
5.792000000000000455e+02
5.812500000000000000e+02
5.876900000000000546e+02
5.937899999999999636e+02
5.982899999999999636e+02
6.037000000000000455e+02
6.057100000000000364e+02
6.082500000000000000e+02
6.103700000000000045e+02
6.125099999999999909e+02
6.190700000000000500e+02
6.258899999999999864e+02
6.357100000000000364e+02
6.396599999999999682e+02
6.446900000000000546e+02
6.467100000000000364e+02
6.504400000000000546e+02
6.526800000000000637e+02
6.580600000000000591e+02
6.612599999999999909e+02
6.648000000000000682e+02
6.679199999999999591e+02
6.700299999999999727e+02
6.739099999999999682e+02
6.765800000000000409e+02
6.806599999999999682e+02
6.840199999999999818e+02
6.860399999999999636e+02
6.915000000000000000e+02
6.935299999999999727e+02
6.992300000000000182e+02
7.049700000000000273e+02
7.069900000000000091e+02
7.106399999999999864e+02
7.132000000000000455e+02
7.170399999999999636e+02
7.196399999999999864e+02
7.221800000000000637e+02
7.247300000000000182e+02
7.281699999999999591e+02
7.336800000000000637e+02
7.357000000000000455e+02
7.398400000000000318e+02
7.426900000000000546e+02
7.597899999999999636e+02
7.704200000000000728e+02
7.728999999999999773e+02
7.803400000000000318e+02
7.849400000000000546e+02
7.899400000000000546e+02
8.000099999999999909e+02
8.038999999999999773e+02
8.105399999999999636e+02
8.131299999999999955e+02
8.171800000000000637e+02
8.236599999999999682e+02
8.401499999999999773e+02
8.421599999999999682e+02
8.470800000000000409e+02
8.506200000000000045e+02
8.546800000000000637e+02
8.661599999999999682e+02
8.724600000000000364e+02
8.757100000000000364e+02
8.864099999999999682e+02
8.887000000000000455e+02
8.920399999999999636e+02
8.960800000000000409e+02
9.010500000000000682e+02
9.032699999999999818e+02
9.067699999999999818e+02
9.133100000000000591e+02
9.193200000000000500e+02
9.228500000000000227e+02
9.329300000000000637e+02
9.349400000000000546e+02
9.389600000000000364e+02
9.453100000000000591e+02
9.588700000000000045e+02
9.619800000000000182e+02
9.729800000000000182e+02
9.759600000000000364e+02
9.779700000000000273e+02
9.799900000000000091e+02
9.855700000000000500e+02
9.890400000000000773e+02
9.940199999999999818e+02
4.830000000000000071e+00
8.330000000000000071e+00
1.087000000000000099e+01
1.480000000000000071e+01
1.682000000000000028e+01
1.971999999999999886e+01
2.389000000000000057e+01
2.926999999999999957e+01
3.335000000000000142e+01
3.889000000000000057e+01
4.227000000000000313e+01
4.428999999999999915e+01
4.680000000000000426e+01
4.930000000000000426e+01
5.343999999999999773e+01
5.632000000000000028e+01
6.095000000000000284e+01
6.323000000000000398e+01
6.523999999999999488e+01
6.740999999999999659e+01
7.898999999999999488e+01
8.148999999999999488e+01
8.692000000000000171e+01
9.151000000000000512e+01
9.426000000000000512e+01
9.757999999999999829e+01
1.004699999999999989e+02
1.024900000000000091e+02
1.089000000000000057e+02
1.109099999999999966e+02
1.132999999999999972e+02
1.167600000000000051e+02
1.237500000000000000e+02
1.257600000000000051e+02
1.277800000000000011e+02
1.297899999999999920e+02
1.324900000000000091e+02
1.372800000000000011e+02
1.398499999999999943e+02
1.465600000000000023e+02
1.506200000000000045e+02
1.526299999999999955e+02
1.595500000000000114e+02
1.652000000000000171e+02
1.672500000000000000e+02
1.706299999999999955e+02
1.736899999999999977e+02
1.777299999999999898e+02
1.837299999999999898e+02
1.892299999999999898e+02
1.926400000000000148e+02
1.955800000000000125e+02
2.000099999999999909e+02
2.027100000000000080e+02
2.047199999999999989e+02
2.072199999999999989e+02
2.121599999999999966e+02
2.141700000000000159e+02
2.195800000000000125e+02
2.287100000000000080e+02
2.356100000000000136e+02
2.401500000000000057e+02
2.421800000000000068e+02
2.447000000000000171e+02
2.467199999999999989e+02
2.563000000000000114e+02
2.616899999999999977e+02
2.647900000000000205e+02
2.681399999999999864e+02
2.716899999999999977e+02
2.776500000000000341e+02
2.821999999999999886e+02
2.846299999999999955e+02
2.866600000000000250e+02
2.886700000000000159e+02
2.906899999999999977e+02
2.927099999999999795e+02
2.966700000000000159e+02
2.986999999999999886e+02
3.022400000000000091e+02
3.061899999999999977e+02
3.090900000000000318e+02
3.127699999999999818e+02
3.152699999999999818e+02
3.172800000000000296e+02
3.211299999999999955e+02
3.266999999999999886e+02
3.287200000000000273e+02
3.333600000000000136e+02
3.416000000000000227e+02
3.453000000000000114e+02
3.511800000000000068e+02
3.576899999999999977e+02
3.646200000000000045e+02
3.671100000000000136e+02
3.731200000000000045e+02
3.751299999999999955e+02
3.781800000000000068e+02
3.802200000000000273e+02
3.833500000000000227e+02
3.880799999999999841e+02
3.904000000000000341e+02
3.936000000000000227e+02
3.969100000000000250e+02
4.026200000000000045e+02
4.050500000000000114e+02
4.072300000000000182e+02
4.092500000000000000e+02
4.155400000000000205e+02
4.190400000000000205e+02
4.210500000000000114e+02
4.250799999999999841e+02
4.329100000000000250e+02
4.351700000000000159e+02
4.411100000000000136e+02
4.444700000000000273e+02
4.464800000000000182e+02
4.486299999999999955e+02
4.506399999999999864e+02
4.550799999999999841e+02
4.579100000000000250e+02
4.599399999999999977e+02
4.624300000000000068e+02
4.644600000000000364e+02
4.670300000000000296e+02
4.696299999999999955e+02
4.749300000000000068e+02
4.803899999999999864e+02
4.840000000000000000e+02
4.895000000000000000e+02
5.010400000000000205e+02
5.030600000000000023e+02
5.099399999999999977e+02
5.175900000000000318e+02
5.196000000000000227e+02
5.260600000000000591e+02
5.311100000000000136e+02
5.381100000000000136e+02
5.430199999999999818e+02
5.453799999999999955e+02
5.479500000000000455e+02
5.528799999999999955e+02
5.554199999999999591e+02
5.594800000000000182e+02
5.629500000000000455e+02
5.666499999999999773e+02
5.720600000000000591e+02
5.761000000000000227e+02
5.786399999999999864e+02
5.806499999999999773e+02
5.835500000000000682e+02
5.860900000000000318e+02
5.907400000000000091e+02
5.929900000000000091e+02
5.954600000000000364e+02
5.974800000000000182e+02
5.994900000000000091e+02
6.015099999999999909e+02
6.061699999999999591e+02
6.084700000000000273e+02
6.116200000000000045e+02
6.136299999999999955e+02
6.156399999999999864e+02
6.196499999999999773e+02
6.238999999999999773e+02
6.262899999999999636e+02
6.293300000000000409e+02
6.314199999999999591e+02
6.364300000000000637e+02
6.384600000000000364e+02
6.432699999999999818e+02
6.452799999999999727e+02
6.473000000000000682e+02
6.493200000000000500e+02
6.534199999999999591e+02
6.592000000000000455e+02
6.614099999999999682e+02
6.652100000000000364e+02
6.672699999999999818e+02
6.712000000000000455e+02
6.733700000000000045e+02
6.758000000000000682e+02
6.785199999999999818e+02
6.818400000000000318e+02
6.842699999999999818e+02
6.873500000000000227e+02
6.951699999999999591e+02
6.977699999999999818e+02
6.997899999999999636e+02
7.023400000000000318e+02
7.058899999999999864e+02
7.129099999999999682e+02
7.158899999999999864e+02
7.183000000000000682e+02
7.219199999999999591e+02
7.244400000000000546e+02
7.278000000000000682e+02
7.333000000000000682e+02
7.387699999999999818e+02
7.413400000000000318e+02
7.433700000000000045e+02
7.463400000000000318e+02
7.513799999999999955e+02
7.533899999999999864e+02
7.563200000000000500e+02
7.618999999999999773e+02
7.643500000000000227e+02
7.683200000000000500e+02
7.713700000000000045e+02
7.733799999999999955e+02
7.767400000000000091e+02
7.787799999999999727e+02
7.823700000000000045e+02
7.863600000000000136e+02
7.918500000000000227e+02
7.943700000000000045e+02
8.018300000000000409e+02
8.073500000000000227e+02
8.157899999999999636e+02
8.193300000000000409e+02
8.233600000000000136e+02
8.268200000000000500e+02
8.288300000000000409e+02
8.308999999999999773e+02
8.357899999999999636e+02
8.378100000000000591e+02
8.425000000000000000e+02
8.512899999999999636e+02
8.534099999999999682e+02
8.568999999999999773e+02
8.619700000000000273e+02
8.678899999999999864e+02
8.710099999999999909e+02
8.742500000000000000e+02
8.776800000000000637e+02
8.807799999999999727e+02
8.872200000000000273e+02
8.900399999999999636e+02
8.922300000000000182e+02
8.945700000000000500e+02
8.965900000000000318e+02
8.996800000000000637e+02
9.060199999999999818e+02
9.102300000000000182e+02
9.157699999999999818e+02
9.227200000000000273e+02
9.281599999999999682e+02
9.325399999999999636e+02
9.345600000000000591e+02
9.377500000000000000e+02
9.465700000000000500e+02
9.497699999999999818e+02
9.522699999999999818e+02
9.556499999999999773e+02
9.616399999999999864e+02
9.636499999999999773e+02
9.657200000000000273e+02
9.677300000000000182e+02
9.716800000000000637e+02
9.746200000000000045e+02
9.787100000000000364e+02
9.836399999999999864e+02
9.867599999999999909e+02
9.887799999999999727e+02
9.931299999999999955e+02
9.961399999999999864e+02
9.986100000000000136e+02
6.780000000000000249e+00
1.133999999999999986e+01
1.429000000000000092e+01
1.682000000000000028e+01
2.230000000000000071e+01
2.433999999999999986e+01
2.635000000000000142e+01
2.837000000000000099e+01
3.183999999999999986e+01
3.782000000000000028e+01
3.986999999999999744e+01
4.232000000000000028e+01
5.027000000000000313e+01
5.512000000000000455e+01
5.714000000000000057e+01
5.914999999999999858e+01
6.253999999999999915e+01
6.509000000000000341e+01
7.267000000000000171e+01
7.596999999999999886e+01
7.915000000000000568e+01
8.660999999999999943e+01
9.296999999999999886e+01
9.498000000000000398e+01
1.000300000000000011e+02
1.101200000000000045e+02
1.122800000000000011e+02
1.167600000000000051e+02
1.205900000000000034e+02
1.226099999999999994e+02
1.278100000000000023e+02
1.305699999999999932e+02
1.361700000000000159e+02
1.412500000000000000e+02
1.494300000000000068e+02
1.520900000000000034e+02
1.591299999999999955e+02
1.614699999999999989e+02
1.641299999999999955e+02
1.669399999999999977e+02
1.704600000000000080e+02
1.726299999999999955e+02
1.774200000000000159e+02
1.805600000000000023e+02
1.826899999999999977e+02
1.859000000000000057e+02
1.895000000000000000e+02
1.944099999999999966e+02
1.967899999999999920e+02
1.993199999999999932e+02
2.033600000000000136e+02
2.059200000000000159e+02
2.117500000000000000e+02
2.143900000000000148e+02
2.174000000000000057e+02
2.202899999999999920e+02
2.227199999999999989e+02
2.273000000000000114e+02
2.307599999999999909e+02
2.366899999999999977e+02
2.541500000000000057e+02
2.605799999999999841e+02
2.656800000000000068e+02
2.686600000000000250e+02
2.741299999999999955e+02
2.775099999999999909e+02
2.830600000000000023e+02
2.906299999999999955e+02
2.985500000000000114e+02
3.034100000000000250e+02
3.063700000000000045e+02
3.110699999999999932e+02
3.189800000000000182e+02
3.227599999999999909e+02
3.253899999999999864e+02
3.282699999999999818e+02
3.355000000000000000e+02
3.404599999999999795e+02
3.429800000000000182e+02
3.468299999999999841e+02
3.488500000000000227e+02
3.526299999999999955e+02
3.613500000000000227e+02
3.688600000000000136e+02
3.723600000000000136e+02
3.753000000000000114e+02
3.775900000000000318e+02
3.807400000000000091e+02
3.855199999999999818e+02
3.876100000000000136e+02
3.896200000000000045e+02
3.933000000000000114e+02
3.981000000000000227e+02
4.049399999999999977e+02
4.083700000000000045e+02
4.212400000000000091e+02
4.254000000000000341e+02
4.328199999999999932e+02
4.413500000000000227e+02
4.437699999999999818e+02
4.458600000000000136e+02
4.521200000000000045e+02
4.561200000000000045e+02
4.610699999999999932e+02
4.658400000000000318e+02
4.680699999999999932e+02
4.741500000000000341e+02
4.761600000000000250e+02
4.785600000000000023e+02
4.810400000000000205e+02
4.850400000000000205e+02
4.890799999999999841e+02
4.915099999999999909e+02
5.010000000000000000e+02
5.065500000000000114e+02
5.105300000000000296e+02
5.129300000000000637e+02
5.149600000000000364e+02
5.169900000000000091e+02
5.204800000000000182e+02
5.225000000000000000e+02
5.264600000000000364e+02
5.284700000000000273e+02
5.318999999999999773e+02
5.364800000000000182e+02
5.404199999999999591e+02
5.428600000000000136e+02
5.458700000000000045e+02
5.479099999999999682e+02
5.557699999999999818e+02
5.608000000000000682e+02
5.638799999999999955e+02
5.668300000000000409e+02
5.723600000000000136e+02
5.747599999999999909e+02
5.778400000000000318e+02
5.816699999999999591e+02
5.836900000000000546e+02
5.908300000000000409e+02
5.965900000000000318e+02
6.018300000000000409e+02
6.107500000000000000e+02
6.127599999999999909e+02
6.171399999999999864e+02
6.212500000000000000e+02
6.377500000000000000e+02
6.403500000000000227e+02
6.455900000000000318e+02
6.553600000000000136e+02
6.583400000000000318e+02
6.611399999999999864e+02
6.651000000000000227e+02
6.673100000000000591e+02
6.711200000000000045e+02
6.792100000000000364e+02
6.815800000000000409e+02
6.840700000000000500e+02
6.895700000000000500e+02
6.945600000000000591e+02
6.996000000000000227e+02
7.046000000000000227e+02
7.075000000000000000e+02
7.096000000000000227e+02
7.116299999999999955e+02
7.166299999999999955e+02
7.186399999999999864e+02
7.215600000000000591e+02
7.240299999999999727e+02
7.260399999999999636e+02
7.288899999999999864e+02
7.325000000000000000e+02
7.348400000000000318e+02
7.378300000000000409e+02
7.408500000000000227e+02
7.428899999999999864e+02
7.494800000000000182e+02
7.528899999999999864e+02
7.558799999999999955e+02
7.603500000000000227e+02
7.688799999999999955e+02
7.723000000000000682e+02
7.758200000000000500e+02
7.792899999999999636e+02
7.852699999999999818e+02
7.932699999999999818e+02
7.963200000000000500e+02
8.011200000000000045e+02
8.045900000000000318e+02
8.070600000000000591e+02
8.092699999999999818e+02
8.112899999999999636e+02
8.145399999999999636e+02
8.207300000000000182e+02
8.266800000000000637e+02
8.289700000000000273e+02
8.315900000000000318e+02
8.372100000000000364e+02
8.426399999999999864e+02
8.454300000000000637e+02
8.489600000000000364e+02
8.529800000000000182e+02
8.550000000000000000e+02
8.594200000000000728e+02
8.622200000000000273e+02
8.642400000000000091e+02
8.662599999999999909e+02
8.715399999999999636e+02
8.815099999999999909e+02
8.842599999999999909e+02
8.888100000000000591e+02
8.950000000000000000e+02
8.977400000000000091e+02
9.084600000000000364e+02
9.181000000000000227e+02
9.249099999999999682e+02
9.303999999999999773e+02
9.339300000000000637e+02
9.388600000000000136e+02
9.428000000000000682e+02
9.479099999999999682e+02
9.518500000000000227e+02
9.558500000000000227e+02
9.613799999999999955e+02
9.662799999999999727e+02
9.708400000000000318e+02
9.738500000000000227e+02
9.759700000000000273e+02
9.808000000000000682e+02
9.863100000000000591e+02
9.883300000000000409e+02
9.947500000000000000e+02
9.981399999999999864e+02
4.860000000000000320e+00
8.339999999999999858e+00
1.437000000000000099e+01
3.012999999999999901e+01
3.314000000000000057e+01
3.561999999999999744e+01
6.790000000000000568e+01
7.092000000000000171e+01
7.437999999999999545e+01
9.421000000000000796e+01
1.005600000000000023e+02
1.135600000000000023e+02
1.155700000000000074e+02
1.287899999999999920e+02
1.384399999999999977e+02
1.434500000000000171e+02
1.496800000000000068e+02
1.543300000000000125e+02
1.597400000000000091e+02
1.662500000000000000e+02
1.915699999999999932e+02
1.972100000000000080e+02
2.104399999999999977e+02
2.185399999999999920e+02
2.205800000000000125e+02
2.254800000000000182e+02
2.457700000000000102e+02
2.611399999999999864e+02
2.655400000000000205e+02
2.695600000000000023e+02
2.760000000000000000e+02
2.790699999999999932e+02
2.993799999999999955e+02
3.023299999999999841e+02
3.043799999999999955e+02
3.241100000000000136e+02
3.261299999999999955e+02
3.317099999999999795e+02
3.392599999999999909e+02
3.440400000000000205e+02
3.460799999999999841e+02
3.485300000000000296e+02
3.554399999999999977e+02
3.574499999999999886e+02
3.619700000000000273e+02
3.695000000000000000e+02
3.715300000000000296e+02
3.850400000000000205e+02
3.909600000000000364e+02
4.031800000000000068e+02
4.074000000000000341e+02
4.102100000000000364e+02
4.301700000000000159e+02
4.360000000000000000e+02
4.424900000000000091e+02
4.489499999999999886e+02
4.529499999999999886e+02
4.604300000000000068e+02
4.647699999999999818e+02
4.852100000000000364e+02
4.896600000000000250e+02
4.932599999999999909e+02
4.953000000000000114e+02
4.980799999999999841e+02
5.019800000000000182e+02
5.110200000000000387e+02
5.313700000000000045e+02
5.357899999999999636e+02
5.397899999999999636e+02
5.437799999999999727e+02
5.486499999999999773e+02
5.565299999999999727e+02
5.614099999999999682e+02
5.681000000000000227e+02
5.729900000000000091e+02
5.770700000000000500e+02
5.798899999999999864e+02
5.863500000000000227e+02
5.904600000000000364e+02
6.012599999999999909e+02
6.086599999999999682e+02
6.131100000000000136e+02
6.195199999999999818e+02
6.215900000000000318e+02
6.247699999999999818e+02
6.361299999999999955e+02
6.515399999999999636e+02
6.575299999999999727e+02
6.728500000000000227e+02
6.790399999999999636e+02
6.818700000000000045e+02
6.853899999999999864e+02
6.997400000000000091e+02
7.071800000000000637e+02
7.202300000000000182e+02
7.454099999999999682e+02
7.493700000000000045e+02
7.658000000000000682e+02
7.717899999999999636e+02
7.741700000000000728e+02
7.822100000000000364e+02
8.026000000000000227e+02
8.046299999999999955e+02
8.113799999999999955e+02
8.145299999999999727e+02
8.169099999999999682e+02
8.189300000000000637e+02
8.231900000000000546e+02
8.253700000000000045e+02
8.372799999999999727e+02
8.432699999999999818e+02
8.472699999999999818e+02
8.520299999999999727e+02
8.566599999999999682e+02
8.586700000000000728e+02
8.651499999999999773e+02
8.770600000000000591e+02
8.857500000000000000e+02
8.927000000000000455e+02
8.993400000000000318e+02
9.170000000000000000e+02
9.283899999999999864e+02
9.341700000000000728e+02
9.367500000000000000e+02
9.447699999999999818e+02
9.481700000000000728e+02
9.531399999999999864e+02
9.614600000000000364e+02
9.655600000000000591e+02
9.680000000000000000e+02
9.808200000000000500e+02
9.852799999999999727e+02
9.997699999999999818e+02
2.407000000000000028e+01
4.488000000000000256e+01
1.255700000000000074e+02
1.631500000000000057e+02
1.652800000000000011e+02
1.804600000000000080e+02
2.521700000000000159e+02
2.903400000000000318e+02
3.027599999999999909e+02
3.056899999999999977e+02
3.269499999999999886e+02
3.996800000000000068e+02
4.709000000000000341e+02
4.758199999999999932e+02
5.184300000000000637e+02
5.669199999999999591e+02
5.701699999999999591e+02
6.257599999999999909e+02
6.287100000000000364e+02
6.321499999999999773e+02
6.519900000000000091e+02
6.746900000000000546e+02
6.768700000000000045e+02
6.935299999999999727e+02
7.356000000000000227e+02
8.009600000000000364e+02
8.429200000000000728e+02
8.562699999999999818e+02
9.129400000000000546e+02
9.256100000000000136e+02
9.500000000000000000e+01
1.807899999999999920e+02
4.749000000000000341e+02
5.942699999999999818e+02
9.143000000000000682e+02
5.120399999999999636e+02
5.616499999999999773e+02
6.561699999999999591e+02
2.575000000000000000e+01
1.059600000000000080e+02
1.727400000000000091e+02
2.521200000000000045e+02
3.407599999999999909e+02
3.537900000000000205e+02
3.970000000000000000e+02
4.030199999999999818e+02
4.593500000000000227e+02
6.242300000000000182e+02
6.496900000000000546e+02
7.420600000000000591e+02
7.577300000000000182e+02
7.830600000000000591e+02
7.941599999999999682e+02
8.240500000000000682e+02
8.634700000000000273e+02
8.735700000000000500e+02
8.988200000000000500e+02
9.094900000000000091e+02
9.534400000000000546e+02
4.310000000000000497e+00
2.250000000000000000e+01
2.967000000000000171e+01
4.768999999999999773e+01
5.016000000000000369e+01
5.821999999999999886e+01
7.481000000000000227e+01
8.654999999999999716e+01
8.939000000000000057e+01
1.206000000000000085e+02
1.252300000000000040e+02
1.297100000000000080e+02
1.348300000000000125e+02
1.534200000000000159e+02
1.887199999999999989e+02
2.046899999999999977e+02
2.229000000000000057e+02
2.390600000000000023e+02
2.501599999999999966e+02
2.596999999999999886e+02
2.637200000000000273e+02
2.728100000000000023e+02
2.868600000000000136e+02
3.065699999999999932e+02
3.091200000000000045e+02
3.298100000000000023e+02
3.826399999999999864e+02
4.080500000000000114e+02
4.440400000000000205e+02
4.571500000000000341e+02
4.615500000000000114e+02
5.281499999999999773e+02
5.311699999999999591e+02
5.523500000000000227e+02
5.569800000000000182e+02
5.675199999999999818e+02
5.881900000000000546e+02
5.936399999999999864e+02
6.593700000000000045e+02
6.656299999999999955e+02
6.691399999999999864e+02
6.926200000000000045e+02
7.067899999999999636e+02
7.335800000000000409e+02
7.356000000000000227e+02
7.456399999999999864e+02
7.477000000000000455e+02
7.966100000000000136e+02
8.030800000000000409e+02
8.051000000000000227e+02
8.388500000000000227e+02
8.419400000000000546e+02
8.629900000000000091e+02
8.691599999999999682e+02
8.711800000000000637e+02
8.732000000000000455e+02
8.841399999999999864e+02
8.897300000000000182e+02
8.987500000000000000e+02
9.007599999999999909e+02
9.263200000000000500e+02
9.323300000000000409e+02
9.536700000000000728e+02
9.616499999999999773e+02
9.853799999999999955e+02
