3.750000000000000000e+00
3.800000000000000266e+00
3.899999999999999911e+00
4.089999999999999858e+00
4.810000000000000497e+00
6.200000000000000178e+00
6.240000000000000213e+00
1.356000000000000050e+01
1.358999999999999986e+01
1.375000000000000000e+01
1.384999999999999964e+01
1.481000000000000050e+01
1.597000000000000064e+01
1.601999999999999957e+01
1.607000000000000028e+01
2.337999999999999901e+01
2.387999999999999901e+01
2.398000000000000043e+01
2.403000000000000114e+01
2.412000000000000099e+01
2.503000000000000114e+01
2.573000000000000043e+01
2.600000000000000000e+01
3.396000000000000085e+01
3.406000000000000227e+01
3.410000000000000142e+01
3.489999999999999858e+01
4.341000000000000369e+01
4.349000000000000199e+01
4.377000000000000313e+01
4.443999999999999773e+01
4.478000000000000114e+01
4.573000000000000398e+01
4.577000000000000313e+01
4.595000000000000284e+01
5.346000000000000085e+01
5.353000000000000114e+01
5.371000000000000085e+01
5.470000000000000284e+01
5.491000000000000369e+01
5.584000000000000341e+01
6.350999999999999801e+01
6.395000000000000284e+01
6.415999999999999659e+01
6.446999999999999886e+01
6.621999999999999886e+01
6.696000000000000796e+01
7.320000000000000284e+01
7.350000000000000000e+01
7.393000000000000682e+01
7.465999999999999659e+01
7.475000000000000000e+01
7.553000000000000114e+01
7.564000000000000057e+01
7.681000000000000227e+01
8.354999999999999716e+01
8.371999999999999886e+01
8.376999999999999602e+01
8.409000000000000341e+01
8.443999999999999773e+01
8.593000000000000682e+01
8.606000000000000227e+01
8.637999999999999545e+01
9.345000000000000284e+01
9.376000000000000512e+01
9.435000000000000853e+01
9.437999999999999545e+01
9.479000000000000625e+01
9.675000000000000000e+01
9.682000000000000739e+01
1.029600000000000080e+02
1.032600000000000051e+02
1.034200000000000017e+02
1.036200000000000045e+02
1.047199999999999989e+02
1.052400000000000091e+02
1.056800000000000068e+02
1.059000000000000057e+02
1.131700000000000017e+02
1.136500000000000057e+02
1.138400000000000034e+02
1.140000000000000000e+02
1.140199999999999960e+02
1.154200000000000017e+02
1.159900000000000091e+02
1.161400000000000006e+02
1.164099999999999966e+02
1.231300000000000097e+02
1.236599999999999966e+02
1.237300000000000040e+02
1.238100000000000023e+02
1.250700000000000074e+02
1.258200000000000074e+02
1.259900000000000091e+02
1.261500000000000057e+02
1.332500000000000000e+02
1.335699999999999932e+02
1.337700000000000102e+02
1.340800000000000125e+02
1.347599999999999909e+02
1.357599999999999909e+02
1.360800000000000125e+02
1.430200000000000102e+02
1.433100000000000023e+02
1.433600000000000136e+02
1.440399999999999920e+02
1.445399999999999920e+02
1.449799999999999898e+02
1.455699999999999932e+02
1.528400000000000034e+02
1.535500000000000114e+02
1.540399999999999920e+02
1.548499999999999943e+02
1.550200000000000102e+02
1.557700000000000102e+02
1.563700000000000045e+02
1.564900000000000091e+02
1.571200000000000045e+02
1.627700000000000102e+02
1.633400000000000034e+02
1.639399999999999977e+02
1.646200000000000045e+02
1.649500000000000171e+02
1.655500000000000114e+02
1.669200000000000159e+02
1.726800000000000068e+02
1.728499999999999943e+02
1.736200000000000045e+02
1.739399999999999977e+02
1.749500000000000171e+02
1.758600000000000136e+02
1.763900000000000148e+02
1.765800000000000125e+02
1.827400000000000091e+02
1.834500000000000171e+02
1.842700000000000102e+02
1.843799999999999955e+02
1.850300000000000011e+02
1.855000000000000000e+02
1.858100000000000023e+02
1.858300000000000125e+02
1.866299999999999955e+02
1.929600000000000080e+02
1.930600000000000023e+02
1.930600000000000023e+02
1.950500000000000114e+02
1.952400000000000091e+02
1.957400000000000091e+02
2.020399999999999920e+02
2.028100000000000023e+02
2.031100000000000136e+02
2.041400000000000148e+02
2.051200000000000045e+02
2.055300000000000011e+02
2.064600000000000080e+02
2.074399999999999977e+02
2.129099999999999966e+02
2.130099999999999909e+02
2.134000000000000057e+02
2.141299999999999955e+02
2.149600000000000080e+02
2.152500000000000000e+02
2.156200000000000045e+02
2.164399999999999977e+02
2.170399999999999920e+02
2.224800000000000182e+02
2.227899999999999920e+02
2.230900000000000034e+02
2.249699999999999989e+02
2.251899999999999977e+02
2.252400000000000091e+02
2.253600000000000136e+02
2.275999999999999943e+02
2.322000000000000171e+02
2.331200000000000045e+02
2.351200000000000045e+02
2.354500000000000171e+02
2.357899999999999920e+02
2.370099999999999909e+02
2.421299999999999955e+02
2.426100000000000136e+02
2.435900000000000034e+02
2.436400000000000148e+02
2.448400000000000034e+02
2.459500000000000171e+02
2.462800000000000011e+02
2.524300000000000068e+02
2.527400000000000091e+02
2.530399999999999920e+02
2.542800000000000011e+02
2.546100000000000136e+02
2.549800000000000182e+02
2.555399999999999920e+02
2.567400000000000091e+02
2.577400000000000091e+02
2.616600000000000250e+02
2.619900000000000091e+02
2.630199999999999818e+02
2.642200000000000273e+02
2.652300000000000182e+02
2.659300000000000068e+02
2.682900000000000205e+02
2.719599999999999795e+02
2.720400000000000205e+02
2.732800000000000296e+02
2.740699999999999932e+02
2.747400000000000091e+02
2.756500000000000341e+02
2.763799999999999955e+02
2.766600000000000250e+02
2.773400000000000318e+02
2.821899999999999977e+02
2.826299999999999955e+02
2.829100000000000250e+02
2.838899999999999864e+02
2.843799999999999955e+02
2.854900000000000091e+02
2.856200000000000045e+02
2.866399999999999864e+02
2.877900000000000205e+02
2.915000000000000000e+02
2.916700000000000159e+02
2.930199999999999818e+02
2.938299999999999841e+02
2.944900000000000091e+02
2.953600000000000136e+02
2.957699999999999818e+02
2.984800000000000182e+02
3.015400000000000205e+02
3.028799999999999955e+02
3.032099999999999795e+02
3.048700000000000045e+02
3.058000000000000114e+02
3.059800000000000182e+02
3.073700000000000045e+02
3.118700000000000045e+02
3.123299999999999841e+02
3.135300000000000296e+02
3.142200000000000273e+02
3.160000000000000000e+02
3.160400000000000205e+02
3.164300000000000068e+02
3.206800000000000068e+02
3.229100000000000250e+02
3.236700000000000159e+02
3.245300000000000296e+02
3.251200000000000045e+02
3.256100000000000136e+02
3.308700000000000045e+02
3.326299999999999955e+02
3.336100000000000136e+02
3.347099999999999795e+02
3.369000000000000341e+02
3.375600000000000023e+02
3.407599999999999909e+02
3.417900000000000205e+02
3.423100000000000023e+02
3.441999999999999886e+02
3.444499999999999886e+02
3.446100000000000136e+02
3.462500000000000000e+02
3.514900000000000091e+02
3.517800000000000296e+02
3.527800000000000296e+02
3.543299999999999841e+02
3.550699999999999932e+02
3.562300000000000182e+02
3.564800000000000182e+02
3.582400000000000091e+02
3.595500000000000114e+02
3.615099999999999909e+02
3.622300000000000182e+02
3.633799999999999955e+02
3.647099999999999795e+02
3.647699999999999818e+02
3.657699999999999818e+02
3.681600000000000250e+02
3.713299999999999841e+02
3.716399999999999864e+02
3.731000000000000227e+02
3.745099999999999909e+02
3.745500000000000114e+02
3.758700000000000045e+02
3.770799999999999841e+02
3.805900000000000318e+02
3.813100000000000023e+02
3.830400000000000205e+02
3.836100000000000136e+02
3.850400000000000205e+02
3.853700000000000045e+02
3.861999999999999886e+02
3.905699999999999932e+02
3.916999999999999886e+02
3.924300000000000068e+02
3.945300000000000296e+02
3.949900000000000091e+02
3.962400000000000091e+02
3.968000000000000114e+02
4.015900000000000318e+02
4.028000000000000114e+02
4.048600000000000136e+02
4.070900000000000318e+02
4.083700000000000045e+02
4.096800000000000068e+02
4.112300000000000182e+02
4.130199999999999818e+02
4.136899999999999977e+02
4.142599999999999909e+02
4.160799999999999841e+02
4.164399999999999977e+02
4.208100000000000023e+02
4.213299999999999841e+02
4.226299999999999955e+02
4.240500000000000114e+02
4.246299999999999955e+02
4.249300000000000068e+02
4.263799999999999955e+02
4.282300000000000182e+02
4.314000000000000341e+02
4.314800000000000182e+02
4.315099999999999909e+02
4.323700000000000045e+02
4.343199999999999932e+02
4.362900000000000205e+02
4.372300000000000182e+02
4.408799999999999955e+02
4.427699999999999818e+02
4.450199999999999818e+02
4.450300000000000296e+02
4.462300000000000182e+02
4.489300000000000068e+02
4.516600000000000250e+02
4.526399999999999864e+02
4.548600000000000136e+02
4.549600000000000364e+02
4.577500000000000000e+02
4.595400000000000205e+02
4.595699999999999932e+02
4.613199999999999932e+02
4.623299999999999841e+02
4.644800000000000182e+02
4.647200000000000273e+02
4.666100000000000136e+02
4.668799999999999955e+02
4.687900000000000205e+02
4.707699999999999818e+02
4.726999999999999886e+02
4.746500000000000341e+02
4.748600000000000136e+02
4.767599999999999909e+02
4.797200000000000273e+02
4.808000000000000114e+02
4.830000000000000000e+02
4.835300000000000296e+02
4.843799999999999955e+02
4.855099999999999909e+02
4.866299999999999955e+02
4.867300000000000182e+02
4.902699999999999818e+02
4.912400000000000091e+02
4.929800000000000182e+02
4.945900000000000318e+02
4.951299999999999955e+02
4.969300000000000068e+02
5.015099999999999909e+02
5.016100000000000136e+02
5.022700000000000387e+02
5.046100000000000136e+02
5.048799999999999955e+02
5.065799999999999841e+02
5.071700000000000159e+02
5.095099999999999909e+02
5.101899999999999977e+02
5.121800000000000637e+02
5.124900000000000091e+02
5.146100000000000136e+02
5.146800000000000637e+02
5.177100000000000364e+02
5.190000000000000000e+02
5.204300000000000637e+02
5.223899999999999864e+02
5.245000000000000000e+02
5.248400000000000318e+02
5.264700000000000273e+02
5.269500000000000455e+02
5.288200000000000500e+02
5.316000000000000227e+02
5.322599999999999909e+02
5.344099999999999682e+02
5.344500000000000455e+02
5.366699999999999591e+02
5.370199999999999818e+02
5.394400000000000546e+02
5.394900000000000091e+02
5.410700000000000500e+02
5.422500000000000000e+02
5.445399999999999636e+02
5.458999999999999773e+02
5.479600000000000364e+02
5.482200000000000273e+02
5.501800000000000637e+02
5.522200000000000273e+02
5.524199999999999591e+02
5.547300000000000182e+02
5.549300000000000637e+02
5.568600000000000136e+02
5.582699999999999818e+02
5.593500000000000227e+02
5.601699999999999591e+02
5.606100000000000136e+02
5.626100000000000136e+02
5.646800000000000637e+02
5.647500000000000000e+02
5.677599999999999909e+02
5.696699999999999591e+02
5.698200000000000500e+02
5.720199999999999818e+02
5.724400000000000546e+02
5.745700000000000500e+02
5.748899999999999864e+02
5.775700000000000500e+02
5.805299999999999727e+02
5.825299999999999727e+02
5.846499999999999773e+02
5.872000000000000455e+02
5.878799999999999955e+02
5.897599999999999909e+02
5.902300000000000182e+02
5.904700000000000273e+02
5.923600000000000136e+02
5.929300000000000637e+02
5.945500000000000682e+02
5.950199999999999818e+02
5.968000000000000682e+02
5.969600000000000364e+02
5.991699999999999591e+02
5.995199999999999818e+02
5.999700000000000273e+02
6.004600000000000364e+02
6.027000000000000455e+02
6.049500000000000455e+02
6.073600000000000136e+02
6.078000000000000682e+02
6.089600000000000364e+02
6.101900000000000546e+02
6.107799999999999727e+02
6.122400000000000091e+02
6.143100000000000591e+02
6.145099999999999909e+02
6.165700000000000500e+02
6.183899999999999864e+02
6.200299999999999727e+02
6.221100000000000136e+02
6.225299999999999727e+02
6.243500000000000227e+02
6.245399999999999636e+02
6.271200000000000045e+02
6.276599999999999682e+02
6.277699999999999818e+02
6.298799999999999955e+02
6.307500000000000000e+02
6.327799999999999727e+02
6.327799999999999727e+02
6.343400000000000318e+02
6.366399999999999864e+02
6.372500000000000000e+02
6.385099999999999909e+02
6.399199999999999591e+02
6.401800000000000637e+02
6.413600000000000136e+02
6.423300000000000409e+02
6.445000000000000000e+02
6.448799999999999955e+02
6.473100000000000591e+02
6.483999999999999773e+02
6.493000000000000682e+02
6.517000000000000455e+02
6.540900000000000318e+02
6.546599999999999682e+02
6.571299999999999955e+02
6.581000000000000227e+02
6.595800000000000409e+02
6.623600000000000136e+02
6.644199999999999591e+02
6.666499999999999773e+02
6.679700000000000273e+02
6.706499999999999773e+02
6.728000000000000682e+02
6.752100000000000364e+02
6.774099999999999682e+02
6.778500000000000227e+02
6.808600000000000136e+02
6.808700000000000045e+02
6.820900000000000318e+02
6.846399999999999864e+02
6.868600000000000136e+02
6.876200000000000045e+02
6.888100000000000591e+02
6.892599999999999909e+02
6.918500000000000227e+02
6.941000000000000227e+02
6.950399999999999636e+02
6.985600000000000591e+02
6.985800000000000409e+02
6.993899999999999864e+02
7.017699999999999818e+02
7.039199999999999591e+02
7.046499999999999773e+02
7.068899999999999864e+02
7.072200000000000273e+02
7.076200000000000045e+02
7.093100000000000591e+02
7.109099999999999682e+02
7.121100000000000136e+02
7.143500000000000227e+02
7.154500000000000455e+02
7.179099999999999682e+02
7.180600000000000591e+02
7.188700000000000045e+02
7.223500000000000227e+02
7.252899999999999636e+02
7.274700000000000273e+02
7.279700000000000273e+02
7.292599999999999909e+02
7.316200000000000045e+02
7.323899999999999864e+02
7.350199999999999818e+02
7.387200000000000273e+02
7.395700000000000500e+02
7.421299999999999955e+02
7.445299999999999727e+02
7.450600000000000591e+02
7.478700000000000045e+02
7.502699999999999818e+02
7.522699999999999818e+02
7.546000000000000227e+02
7.571900000000000546e+02
7.575700000000000500e+02
7.593600000000000136e+02
7.622200000000000273e+02
7.648500000000000227e+02
7.672699999999999818e+02
7.680000000000000000e+02
7.685299999999999727e+02
7.708700000000000045e+02
7.715500000000000682e+02
7.738799999999999955e+02
7.752500000000000000e+02
7.764700000000000273e+02
7.784600000000000364e+02
7.797000000000000455e+02
7.818000000000000682e+02
7.840500000000000682e+02
7.851900000000000546e+02
7.868000000000000682e+02
7.889400000000000546e+02
7.891399999999999864e+02
7.917200000000000273e+02
7.918500000000000227e+02
7.947200000000000273e+02
7.962599999999999909e+02
7.969200000000000728e+02
7.988999999999999773e+02
7.998899999999999864e+02
8.021900000000000546e+02
8.044200000000000728e+02
8.055399999999999636e+02
8.065500000000000682e+02
8.086800000000000637e+02
8.096499999999999773e+02
8.114300000000000637e+02
8.137000000000000455e+02
8.145500000000000682e+02
8.166299999999999955e+02
8.171900000000000546e+02
8.185199999999999818e+02
8.187400000000000091e+02
8.220700000000000500e+02
8.255600000000000591e+02
8.259900000000000091e+02
8.282000000000000455e+02
8.284400000000000546e+02
8.309800000000000182e+02
8.319200000000000728e+02
8.321900000000000546e+02
8.342500000000000000e+02
8.350099999999999909e+02
8.365199999999999818e+02
8.371900000000000546e+02
8.390399999999999636e+02
8.391599999999999682e+02
8.410199999999999818e+02
8.431299999999999955e+02
8.451000000000000227e+02
8.474300000000000637e+02
8.493200000000000500e+02
8.493700000000000045e+02
8.517100000000000364e+02
8.547699999999999818e+02
8.571399999999999864e+02
8.584600000000000364e+02
8.587899999999999636e+02
8.613300000000000409e+02
8.618899999999999864e+02
8.633999999999999773e+02
8.651599999999999682e+02
8.654500000000000455e+02
8.679400000000000546e+02
8.696399999999999864e+02
8.719500000000000455e+02
8.749800000000000182e+02
8.762899999999999636e+02
8.786000000000000227e+02
8.798799999999999955e+02
8.811700000000000728e+02
8.854200000000000728e+02
8.883400000000000318e+02
8.889200000000000728e+02
8.908400000000000318e+02
8.912599999999999909e+02
8.937899999999999636e+02
8.949500000000000455e+02
8.972699999999999818e+02
8.982699999999999818e+02
8.995299999999999727e+02
9.013799999999999955e+02
9.036299999999999955e+02
9.044800000000000182e+02
9.067000000000000455e+02
9.081499999999999773e+02
9.096700000000000728e+02
9.113200000000000500e+02
9.136100000000000136e+02
9.152500000000000000e+02
9.156599999999999682e+02
9.178999999999999773e+02
9.191800000000000637e+02
9.204099999999999682e+02
9.206399999999999864e+02
9.229200000000000728e+02
9.253500000000000227e+02
9.288200000000000500e+02
9.288700000000000045e+02
9.309300000000000637e+02
9.332100000000000364e+02
9.343700000000000045e+02
9.348500000000000227e+02
9.371800000000000637e+02
9.379600000000000364e+02
9.388500000000000227e+02
9.416700000000000728e+02
9.450099999999999909e+02
9.451299999999999955e+02
9.473999999999999773e+02
9.479099999999999682e+02
9.496299999999999955e+02
9.513999999999999773e+02
9.534700000000000273e+02
9.558200000000000500e+02
9.582400000000000091e+02
9.598899999999999864e+02
9.609700000000000273e+02
9.634400000000000546e+02
9.646599999999999682e+02
9.693300000000000409e+02
9.703100000000000591e+02
9.710099999999999909e+02
9.732000000000000455e+02
9.747899999999999636e+02
9.770500000000000682e+02
9.778799999999999955e+02
9.797899999999999636e+02
9.808200000000000500e+02
9.833200000000000500e+02
9.851399999999999864e+02
9.874099999999999682e+02
9.886900000000000546e+02
9.894300000000000637e+02
9.915199999999999818e+02
9.937300000000000182e+02
9.952200000000000273e+02
9.974600000000000364e+02
9.977500000000000000e+02
