4.750000000000000000e+00
7.750000000000000000e+00
2.237000000000000099e+01
2.423000000000000043e+01
2.685000000000000142e+01
3.173000000000000043e+01
3.314000000000000057e+01
4.345000000000000284e+01
4.848000000000000398e+01
5.802000000000000313e+01
6.077000000000000313e+01
6.417000000000000171e+01
7.104999999999999716e+01
7.198000000000000398e+01
7.362999999999999545e+01
7.643999999999999773e+01
8.331000000000000227e+01
8.632000000000000739e+01
9.001000000000000512e+01
9.589000000000000057e+01
9.762000000000000455e+01
1.038599999999999994e+02
1.099399999999999977e+02
1.115700000000000074e+02
1.147400000000000091e+02
1.213500000000000085e+02
1.219399999999999977e+02
1.232000000000000028e+02
1.286599999999999966e+02
1.391299999999999955e+02
1.416800000000000068e+02
1.435099999999999909e+02
1.464799999999999898e+02
1.502299999999999898e+02
1.585600000000000023e+02
1.695999999999999943e+02
1.708300000000000125e+02
1.740800000000000125e+02
1.825099999999999909e+02
1.849799999999999898e+02
1.883400000000000034e+02
1.925000000000000000e+02
1.954500000000000171e+02
1.962599999999999909e+02
1.994099999999999966e+02
1.999600000000000080e+02
2.029200000000000159e+02
2.030099999999999909e+02
2.110900000000000034e+02
2.123000000000000114e+02
2.136100000000000136e+02
2.189099999999999966e+02
2.189800000000000182e+02
2.277700000000000102e+02
2.315000000000000000e+02
2.350200000000000102e+02
2.356100000000000136e+02
2.397899999999999920e+02
2.460500000000000114e+02
2.561499999999999773e+02
2.655900000000000318e+02
2.750099999999999909e+02
2.753400000000000318e+02
2.776299999999999955e+02
2.815600000000000023e+02
2.820500000000000114e+02
2.858400000000000318e+02
2.875699999999999932e+02
2.885900000000000318e+02
2.947900000000000205e+02
2.961000000000000227e+02
2.974499999999999886e+02
3.011999999999999886e+02
3.028500000000000227e+02
3.035099999999999909e+02
3.051999999999999886e+02
3.061399999999999864e+02
3.086800000000000068e+02
3.103899999999999864e+02
3.108799999999999955e+02
3.119700000000000273e+02
3.184599999999999795e+02
3.262099999999999795e+02
3.324900000000000091e+02
3.396700000000000159e+02
3.456999999999999886e+02
3.529300000000000068e+02
3.614900000000000091e+02
3.639599999999999795e+02
3.682200000000000273e+02
3.700699999999999932e+02
3.745300000000000296e+02
3.751299999999999955e+02
3.823700000000000045e+02
3.846299999999999955e+02
3.879499999999999886e+02
3.886299999999999955e+02
3.929800000000000182e+02
3.938000000000000114e+02
4.059100000000000250e+02
4.078700000000000045e+02
4.085099999999999909e+02
4.146399999999999864e+02
4.226399999999999864e+02
4.321399999999999864e+02
4.322800000000000296e+02
4.411800000000000068e+02
4.456999999999999886e+02
4.498500000000000227e+02
4.535400000000000205e+02
4.545600000000000023e+02
4.568600000000000136e+02
4.581000000000000227e+02
4.600000000000000000e+02
4.620600000000000023e+02
4.622400000000000091e+02
4.659000000000000341e+02
4.679700000000000273e+02
4.680000000000000000e+02
4.740199999999999818e+02
4.766999999999999886e+02
4.801700000000000159e+02
4.831200000000000045e+02
4.852300000000000182e+02
4.888899999999999864e+02
4.934600000000000364e+02
5.004399999999999977e+02
5.028899999999999864e+02
5.041399999999999864e+02
5.090900000000000318e+02
5.094900000000000091e+02
5.119800000000000182e+02
5.120000000000000000e+02
5.199600000000000364e+02
5.267200000000000273e+02
5.306499999999999773e+02
5.318999999999999773e+02
5.348500000000000227e+02
5.360900000000000318e+02
5.379800000000000182e+02
5.421200000000000045e+02
5.447000000000000455e+02
5.474900000000000091e+02
5.486000000000000227e+02
5.487200000000000273e+02
5.544199999999999591e+02
5.547599999999999909e+02
5.607799999999999727e+02
5.721499999999999773e+02
5.772300000000000182e+02
5.795000000000000000e+02
5.808500000000000227e+02
5.850000000000000000e+02
5.872699999999999818e+02
5.907000000000000455e+02
5.920700000000000500e+02
5.955700000000000500e+02
5.982300000000000182e+02
5.996599999999999682e+02
6.012599999999999909e+02
6.085099999999999909e+02
6.121900000000000546e+02
6.146699999999999591e+02
6.161900000000000546e+02
6.195700000000000500e+02
6.228999999999999773e+02
6.258799999999999955e+02
6.395700000000000500e+02
6.424900000000000091e+02
6.610600000000000591e+02
6.662799999999999727e+02
6.703600000000000136e+02
6.749400000000000546e+02
6.812599999999999909e+02
6.853799999999999955e+02
6.864500000000000455e+02
6.919400000000000546e+02
7.017599999999999909e+02
7.051200000000000045e+02
7.084500000000000455e+02
7.130600000000000591e+02
7.186100000000000136e+02
7.188200000000000500e+02
7.258500000000000227e+02
7.269199999999999591e+02
7.278000000000000682e+02
7.280399999999999636e+02
7.338600000000000136e+02
7.439199999999999591e+02
7.525399999999999636e+02
7.554700000000000273e+02
7.647300000000000182e+02
7.654300000000000637e+02
7.717599999999999909e+02
7.748400000000000318e+02
7.765600000000000591e+02
7.774500000000000455e+02
7.813999999999999773e+02
7.832799999999999727e+02
7.889700000000000273e+02
8.049300000000000637e+02
8.062000000000000455e+02
8.064700000000000273e+02
8.184500000000000455e+02
8.269900000000000091e+02
8.301299999999999955e+02
8.364099999999999682e+02
8.497500000000000000e+02
8.524500000000000455e+02
8.651000000000000227e+02
8.874099999999999682e+02
8.913100000000000591e+02
9.058300000000000409e+02
9.094300000000000637e+02
9.147400000000000091e+02
9.173200000000000500e+02
9.276200000000000045e+02
9.368999999999999773e+02
9.451100000000000136e+02
9.478899999999999864e+02
9.545700000000000500e+02
9.547000000000000455e+02
9.625000000000000000e+02
9.686100000000000136e+02
9.767000000000000455e+02
9.801900000000000546e+02
9.856399999999999864e+02
9.883400000000000318e+02
9.922000000000000455e+02
9.930400000000000773e+02
9.939700000000000273e+02
9.963100000000000591e+02
9.998000000000000682e+02
