9.570000000000000284e+00
1.289000000000000057e+01
1.553000000000000114e+01
1.776999999999999957e+01
2.198000000000000043e+01
6.281000000000000227e+01
6.601000000000000512e+01
7.001999999999999602e+01
7.276999999999999602e+01
1.133900000000000006e+02
1.156200000000000045e+02
1.185600000000000023e+02
1.615500000000000114e+02
1.648000000000000114e+02
1.673799999999999955e+02
1.699900000000000091e+02
1.727800000000000011e+02
2.100999999999999943e+02
2.123000000000000114e+02
2.155999999999999943e+02
2.178499999999999943e+02
2.202100000000000080e+02
2.603400000000000318e+02
2.626499999999999773e+02
2.648000000000000114e+02
2.703400000000000318e+02
3.083500000000000227e+02
3.110099999999999909e+02
3.131200000000000045e+02
3.153700000000000045e+02
3.209100000000000250e+02
3.626399999999999864e+02
3.652300000000000182e+02
3.673100000000000023e+02
3.722800000000000296e+02
4.136200000000000045e+02
4.157500000000000000e+02
4.182300000000000182e+02
4.599499999999999886e+02
4.627500000000000000e+02
4.659700000000000273e+02
4.690300000000000296e+02
4.711999999999999886e+02
5.127799999999999727e+02
5.150000000000000000e+02
5.176800000000000637e+02
5.204300000000000637e+02
5.597100000000000364e+02
5.630600000000000591e+02
5.663000000000000682e+02
5.723100000000000591e+02
6.108500000000000227e+02
6.130399999999999636e+02
6.158700000000000045e+02
6.207699999999999818e+02
6.645399999999999636e+02
6.678600000000000136e+02
7.114199999999999591e+02
7.142200000000000273e+02
7.163999999999999773e+02
7.189700000000000273e+02
7.216299999999999955e+02
7.583300000000000409e+02
7.623300000000000409e+02
7.650299999999999727e+02
7.671900000000000546e+02
8.113899999999999864e+02
8.135500000000000682e+02
8.175700000000000500e+02
8.594800000000000182e+02
8.617899999999999636e+02
8.639700000000000273e+02
8.675000000000000000e+02
8.701399999999999864e+02
9.116399999999999864e+02
9.166000000000000227e+02
9.188700000000000045e+02
9.210800000000000409e+02
9.611599999999999682e+02
9.633200000000000500e+02
9.661599999999999682e+02
9.703600000000000136e+02
9.744500000000000455e+02
8.370000000000000995e+00
1.280000000000000071e+01
1.537000000000000099e+01
1.833999999999999986e+01
6.137000000000000455e+01
6.479000000000000625e+01
1.104000000000000057e+02
1.138900000000000006e+02
1.184200000000000017e+02
1.626200000000000045e+02
1.678100000000000023e+02
1.708199999999999932e+02
2.098400000000000034e+02
2.120099999999999909e+02
2.143499999999999943e+02
2.165999999999999943e+02
2.195800000000000125e+02
2.608700000000000045e+02
2.678899999999999864e+02
2.704399999999999977e+02
3.097599999999999909e+02
3.121899999999999977e+02
3.169900000000000091e+02
3.197300000000000182e+02
3.651700000000000159e+02
4.104399999999999977e+02
4.144100000000000250e+02
4.642800000000000296e+02
4.704300000000000068e+02
5.104700000000000273e+02
5.143500000000000227e+02
5.171000000000000227e+02
5.221200000000000045e+02
5.559900000000000091e+02
5.600199999999999818e+02
5.621800000000000637e+02
5.648100000000000591e+02
5.670099999999999909e+02
6.118999999999999773e+02
6.157300000000000182e+02
6.180399999999999636e+02
6.583999999999999773e+02
6.610099999999999909e+02
6.631900000000000546e+02
6.662200000000000273e+02
7.073500000000000227e+02
7.105000000000000000e+02
7.627300000000000182e+02
7.658200000000000500e+02
8.114099999999999682e+02
8.187899999999999636e+02
8.572100000000000364e+02
8.596499999999999773e+02
8.626499999999999773e+02
9.058300000000000409e+02
9.093200000000000500e+02
9.115600000000000591e+02
9.604400000000000546e+02
9.631200000000000045e+02
1.416000000000000014e+01
6.282999999999999829e+01
1.739799999999999898e+02
7.573400000000000318e+02
8.067400000000000091e+02
9.109500000000000455e+02
