1.052999999999999936e+01
1.731299999999999955e+02
3.477800000000000296e+02
4.096299999999999955e+02
5.122000000000000455e+02
6.724500000000000455e+02
7.861900000000000546e+02
8.009600000000000364e+02
6.600000000000000533e+00
1.865500000000000114e+02
3.969600000000000364e+02
5.029200000000000159e+02
5.310800000000000409e+02
5.920199999999999818e+02
6.170199999999999818e+02
6.934600000000000364e+02
7.091299999999999955e+02
7.712699999999999818e+02
7.756800000000000637e+02
7.956900000000000546e+02
9.134900000000000091e+02
1.058999999999999986e+01
1.159300000000000068e+02
2.017199999999999989e+02
2.789200000000000159e+02
2.872300000000000182e+02
4.628500000000000227e+02
7.662300000000000182e+02
9.001499999999999773e+02
