2.589999999999999858e+00
2.930000000000000160e+00
3.919999999999999929e+00
4.310000000000000497e+00
4.310000000000000497e+00
4.480000000000000426e+00
4.629999999999999893e+00
4.940000000000000391e+00
5.009999999999999787e+00
6.150000000000000355e+00
6.660000000000000142e+00
1.309999999999999964e+01
1.328000000000000114e+01
1.356000000000000050e+01
1.356000000000000050e+01
1.413000000000000078e+01
1.422000000000000064e+01
1.437000000000000099e+01
1.512000000000000099e+01
1.529000000000000092e+01
1.564000000000000057e+01
1.624000000000000199e+01
1.625000000000000000e+01
2.321999999999999886e+01
2.324000000000000199e+01
2.342999999999999972e+01
2.346999999999999886e+01
2.378999999999999915e+01
2.412000000000000099e+01
2.524000000000000199e+01
2.531000000000000227e+01
2.535000000000000142e+01
2.546999999999999886e+01
2.550000000000000000e+01
2.581000000000000227e+01
3.328000000000000114e+01
3.342999999999999972e+01
3.350999999999999801e+01
3.361999999999999744e+01
3.368999999999999773e+01
3.453999999999999915e+01
3.536999999999999744e+01
3.553999999999999915e+01
3.567000000000000171e+01
3.571000000000000085e+01
4.267999999999999972e+01
4.275000000000000000e+01
4.313000000000000256e+01
4.320000000000000284e+01
4.414999999999999858e+01
4.416000000000000369e+01
4.459000000000000341e+01
4.471000000000000085e+01
4.482000000000000028e+01
4.517999999999999972e+01
4.521999999999999886e+01
5.246999999999999886e+01
5.320000000000000284e+01
5.325000000000000000e+01
5.327000000000000313e+01
5.371000000000000085e+01
5.413000000000000256e+01
5.432999999999999829e+01
5.449000000000000199e+01
5.521999999999999886e+01
5.527000000000000313e+01
5.574000000000000199e+01
5.617000000000000171e+01
5.653999999999999915e+01
6.296000000000000085e+01
6.325999999999999801e+01
6.328000000000000114e+01
6.357999999999999829e+01
6.359000000000000341e+01
6.401999999999999602e+01
6.457999999999999829e+01
6.498000000000000398e+01
6.528000000000000114e+01
6.529999999999999716e+01
6.609000000000000341e+01
7.279999999999999716e+01
7.320000000000000284e+01
7.345000000000000284e+01
7.368000000000000682e+01
7.384000000000000341e+01
7.481000000000000227e+01
7.510000000000000853e+01
7.521999999999999886e+01
7.537000000000000455e+01
7.546999999999999886e+01
7.660999999999999943e+01
8.282000000000000739e+01
8.304999999999999716e+01
8.329000000000000625e+01
8.332999999999999829e+01
8.484000000000000341e+01
8.507000000000000739e+01
8.535000000000000853e+01
8.535000000000000853e+01
9.234000000000000341e+01
9.235999999999999943e+01
9.271999999999999886e+01
9.315000000000000568e+01
9.348000000000000398e+01
9.385999999999999943e+01
9.435999999999999943e+01
9.439000000000000057e+01
9.473999999999999488e+01
9.487000000000000455e+01
9.517000000000000171e+01
9.587999999999999545e+01
1.022699999999999960e+02
1.027400000000000091e+02
1.031800000000000068e+02
1.032199999999999989e+02
1.038299999999999983e+02
1.043299999999999983e+02
1.047500000000000000e+02
1.050600000000000023e+02
1.052100000000000080e+02
1.052400000000000091e+02
1.058500000000000085e+02
1.126500000000000057e+02
1.127900000000000063e+02
1.132300000000000040e+02
1.135100000000000051e+02
1.137300000000000040e+02
1.146800000000000068e+02
1.147999999999999972e+02
1.148500000000000085e+02
1.155499999999999972e+02
1.157600000000000051e+02
1.168700000000000045e+02
1.223500000000000085e+02
1.230100000000000051e+02
1.237800000000000011e+02
1.240400000000000063e+02
1.240900000000000034e+02
1.243700000000000045e+02
1.243700000000000045e+02
1.250300000000000011e+02
1.258599999999999994e+02
1.261099999999999994e+02
1.321200000000000045e+02
1.321400000000000148e+02
1.326500000000000057e+02
1.331500000000000057e+02
1.332899999999999920e+02
1.346299999999999955e+02
1.346800000000000068e+02
1.351599999999999966e+02
1.353000000000000114e+02
1.361299999999999955e+02
1.366899999999999977e+02
1.423799999999999955e+02
1.425500000000000114e+02
1.428100000000000023e+02
1.428499999999999943e+02
1.432000000000000171e+02
1.445699999999999932e+02
1.448000000000000114e+02
1.449000000000000057e+02
1.451299999999999955e+02
1.452199999999999989e+02
1.468300000000000125e+02
1.517000000000000171e+02
1.520200000000000102e+02
1.535099999999999909e+02
1.537700000000000102e+02
1.538000000000000114e+02
1.538900000000000148e+02
1.540500000000000114e+02
1.548799999999999955e+02
1.555300000000000011e+02
1.558300000000000125e+02
1.559099999999999966e+02
1.620000000000000000e+02
1.620300000000000011e+02
1.626100000000000136e+02
1.627100000000000080e+02
1.632000000000000171e+02
1.640600000000000023e+02
1.646299999999999955e+02
1.647100000000000080e+02
1.647299999999999898e+02
1.648100000000000023e+02
1.652100000000000080e+02
1.669000000000000057e+02
1.671899999999999977e+02
1.675000000000000000e+02
1.715600000000000023e+02
1.717700000000000102e+02
1.729900000000000091e+02
1.735900000000000034e+02
1.738400000000000034e+02
1.739300000000000068e+02
1.740500000000000114e+02
1.750099999999999909e+02
1.756100000000000136e+02
1.761100000000000136e+02
1.775500000000000114e+02
1.814300000000000068e+02
1.823700000000000045e+02
1.829000000000000057e+02
1.834099999999999966e+02
1.837500000000000000e+02
1.840999999999999943e+02
1.843900000000000148e+02
1.849200000000000159e+02
1.854200000000000159e+02
1.858600000000000136e+02
1.861200000000000045e+02
1.924600000000000080e+02
1.927000000000000171e+02
1.929399999999999977e+02
1.934399999999999977e+02
1.945000000000000000e+02
1.947300000000000182e+02
1.949600000000000080e+02
1.954600000000000080e+02
1.954600000000000080e+02
1.965300000000000011e+02
2.011800000000000068e+02
2.018799999999999955e+02
2.026899999999999977e+02
2.035399999999999920e+02
2.036299999999999955e+02
2.039000000000000057e+02
2.047199999999999989e+02
2.052599999999999909e+02
2.056400000000000148e+02
2.056500000000000057e+02
2.073400000000000034e+02
2.081599999999999966e+02
2.119600000000000080e+02
2.124200000000000159e+02
2.132800000000000011e+02
2.139800000000000182e+02
2.140200000000000102e+02
2.144399999999999977e+02
2.144900000000000091e+02
2.154699999999999989e+02
2.160399999999999920e+02
2.165099999999999909e+02
2.171299999999999955e+02
2.214500000000000171e+02
2.218400000000000034e+02
2.226599999999999966e+02
2.227300000000000182e+02
2.235600000000000023e+02
2.242800000000000011e+02
2.246899999999999977e+02
2.247500000000000000e+02
2.255900000000000034e+02
2.260000000000000000e+02
2.263100000000000023e+02
2.280300000000000011e+02
2.313000000000000114e+02
2.317400000000000091e+02
2.320000000000000000e+02
2.321400000000000148e+02
2.333400000000000034e+02
2.337899999999999920e+02
2.338199999999999932e+02
2.341599999999999966e+02
2.347500000000000000e+02
2.358400000000000034e+02
2.367700000000000102e+02
2.407800000000000011e+02
2.420999999999999943e+02
2.425500000000000114e+02
2.433100000000000023e+02
2.433600000000000136e+02
2.441299999999999955e+02
2.443499999999999943e+02
2.445699999999999932e+02
2.453700000000000045e+02
2.463700000000000045e+02
2.467899999999999920e+02
2.501899999999999977e+02
2.512899999999999920e+02
2.523799999999999955e+02
2.526200000000000045e+02
2.533100000000000023e+02
2.539000000000000057e+02
2.544200000000000159e+02
2.546299999999999955e+02
2.549099999999999966e+02
2.559399999999999977e+02
2.565400000000000205e+02
2.612699999999999818e+02
2.616200000000000045e+02
2.624900000000000091e+02
2.633199999999999932e+02
2.634499999999999886e+02
2.636399999999999864e+02
2.645099999999999909e+02
2.649300000000000068e+02
2.654700000000000273e+02
2.667599999999999909e+02
2.671399999999999864e+02
2.710600000000000023e+02
2.714200000000000159e+02
2.723400000000000318e+02
2.734399999999999977e+02
2.734800000000000182e+02
2.743500000000000227e+02
2.746399999999999864e+02
2.754900000000000091e+02
2.766600000000000250e+02
2.769800000000000182e+02
2.810699999999999932e+02
2.810699999999999932e+02
2.825199999999999818e+02
2.830900000000000318e+02
2.838899999999999864e+02
2.845600000000000023e+02
2.851100000000000136e+02
2.855199999999999818e+02
2.859200000000000159e+02
2.875400000000000205e+02
2.882599999999999909e+02
2.903100000000000023e+02
2.908600000000000136e+02
2.913799999999999955e+02
2.919200000000000159e+02
2.928799999999999955e+02
2.936700000000000159e+02
2.939399999999999977e+02
2.950300000000000296e+02
2.956999999999999886e+02
2.959800000000000182e+02
2.970699999999999932e+02
2.981000000000000227e+02
2.998700000000000045e+02
3.006700000000000159e+02
3.009100000000000250e+02
3.026899999999999977e+02
3.028199999999999932e+02
3.037900000000000205e+02
3.048899999999999864e+02
3.049499999999999886e+02
3.058100000000000023e+02
3.073899999999999864e+02
3.083000000000000114e+02
3.107300000000000182e+02
3.110699999999999932e+02
3.117699999999999818e+02
3.128000000000000114e+02
3.130799999999999841e+02
3.137400000000000091e+02
3.137900000000000205e+02
3.146399999999999864e+02
3.157699999999999818e+02
3.168700000000000045e+02
3.178299999999999841e+02
3.184399999999999977e+02
3.187599999999999909e+02
3.207200000000000273e+02
3.218600000000000136e+02
3.226800000000000068e+02
3.239000000000000341e+02
3.242900000000000205e+02
3.246999999999999886e+02
3.256399999999999864e+02
3.263199999999999932e+02
3.270099999999999909e+02
3.276899999999999977e+02
3.309800000000000182e+02
3.316600000000000250e+02
3.329499999999999886e+02
3.336800000000000068e+02
3.338899999999999864e+02
3.349700000000000273e+02
3.350600000000000023e+02
3.359100000000000250e+02
3.370300000000000296e+02
3.371299999999999955e+02
3.380300000000000296e+02
3.396500000000000341e+02
3.410400000000000205e+02
3.417300000000000182e+02
3.423500000000000227e+02
3.430600000000000023e+02
3.435699999999999932e+02
3.443799999999999955e+02
3.450799999999999841e+02
3.455900000000000318e+02
3.467900000000000205e+02
3.471000000000000227e+02
3.512400000000000091e+02
3.513100000000000023e+02
3.523000000000000114e+02
3.533400000000000318e+02
3.534300000000000068e+02
3.543199999999999932e+02
3.554100000000000250e+02
3.554499999999999886e+02
3.574700000000000273e+02
3.595900000000000318e+02
3.608799999999999955e+02
3.611600000000000250e+02
3.625500000000000114e+02
3.632699999999999818e+02
3.645699999999999932e+02
3.652900000000000205e+02
3.655000000000000000e+02
3.675000000000000000e+02
3.675199999999999818e+02
3.690600000000000023e+02
3.696899999999999977e+02
3.712800000000000296e+02
3.717200000000000273e+02
3.721200000000000045e+02
3.733100000000000023e+02
3.740099999999999909e+02
3.741399999999999864e+02
3.754399999999999977e+02
3.760600000000000023e+02
3.775400000000000205e+02
3.804000000000000341e+02
3.812099999999999795e+02
3.821200000000000045e+02
3.825099999999999909e+02
3.832300000000000182e+02
3.840699999999999932e+02
3.841299999999999955e+02
3.852699999999999818e+02
3.860900000000000318e+02
3.873199999999999932e+02
3.874000000000000341e+02
3.896899999999999977e+02
3.904399999999999977e+02
3.917900000000000205e+02
3.920900000000000318e+02
3.924499999999999886e+02
3.941100000000000136e+02
3.943199999999999932e+02
3.963500000000000227e+02
3.969200000000000159e+02
3.973700000000000045e+02
3.983700000000000045e+02
3.991299999999999955e+02
3.993899999999999864e+02
4.011100000000000136e+02
4.014100000000000250e+02
4.025699999999999932e+02
4.031500000000000341e+02
4.034300000000000068e+02
4.045900000000000318e+02
4.054800000000000182e+02
4.056700000000000159e+02
4.077200000000000273e+02
4.080400000000000205e+02
4.094399999999999977e+02
4.104300000000000068e+02
4.114900000000000091e+02
4.119499999999999886e+02
4.124499999999999886e+02
4.139700000000000273e+02
4.140799999999999841e+02
4.157400000000000091e+02
4.161100000000000136e+02
4.177599999999999909e+02
4.186899999999999977e+02
4.189499999999999886e+02
4.203000000000000114e+02
4.218799999999999955e+02
4.223500000000000227e+02
4.238899999999999864e+02
4.241700000000000159e+02
4.255600000000000023e+02
4.261899999999999977e+02
4.275799999999999841e+02
4.282500000000000000e+02
4.301600000000000250e+02
4.307900000000000205e+02
4.323199999999999932e+02
4.328100000000000023e+02
4.335500000000000114e+02
4.343400000000000318e+02
4.355699999999999932e+02
4.360199999999999818e+02
4.376200000000000045e+02
4.380600000000000023e+02
4.384800000000000182e+02
4.386100000000000136e+02
4.410799999999999841e+02
4.412100000000000364e+02
4.425500000000000114e+02
4.432300000000000182e+02
4.444200000000000159e+02
4.445699999999999932e+02
4.458299999999999841e+02
4.464399999999999977e+02
4.478600000000000136e+02
4.479399999999999977e+02
4.481100000000000136e+02
4.495500000000000114e+02
4.503799999999999955e+02
4.518400000000000318e+02
4.524100000000000250e+02
4.538600000000000136e+02
4.541200000000000045e+02
4.554499999999999886e+02
4.561500000000000341e+02
4.572599999999999909e+02
4.576700000000000159e+02
4.591200000000000045e+02
4.592900000000000205e+02
4.598100000000000023e+02
4.608799999999999955e+02
4.613600000000000136e+02
4.629000000000000341e+02
4.633799999999999955e+02
4.634399999999999977e+02
4.654000000000000341e+02
4.654600000000000364e+02
4.658799999999999955e+02
4.677599999999999909e+02
4.679200000000000159e+02
4.683600000000000136e+02
4.686899999999999977e+02
4.700500000000000114e+02
4.701000000000000227e+02
4.704399999999999977e+02
4.720699999999999932e+02
4.724900000000000091e+02
4.738299999999999841e+02
4.745099999999999909e+02
4.758500000000000227e+02
4.759399999999999977e+02
4.776399999999999864e+02
4.779800000000000182e+02
4.785400000000000205e+02
4.787699999999999818e+02
4.808000000000000114e+02
4.810400000000000205e+02
4.816999999999999886e+02
4.830900000000000318e+02
4.837100000000000364e+02
4.837699999999999818e+02
4.858899999999999864e+02
4.871700000000000159e+02
4.886100000000000136e+02
4.888500000000000227e+02
4.906399999999999864e+02
4.906399999999999864e+02
4.921200000000000045e+02
4.926800000000000068e+02
4.940699999999999932e+02
4.941500000000000341e+02
4.960900000000000318e+02
4.963100000000000023e+02
4.975699999999999932e+02
4.978500000000000227e+02
4.999399999999999977e+02
5.004399999999999977e+02
5.020600000000000023e+02
5.025000000000000000e+02
5.040699999999999932e+02
5.041899999999999977e+02
5.053799999999999955e+02
5.062200000000000273e+02
5.074000000000000341e+02
5.084100000000000250e+02
5.087400000000000091e+02
5.089100000000000250e+02
5.099300000000000068e+02
5.119700000000000273e+02
5.121800000000000637e+02
5.142000000000000455e+02
5.143400000000000318e+02
5.163999999999999773e+02
5.166200000000000045e+02
5.178799999999999955e+02
5.181499999999999773e+02
5.182400000000000091e+02
5.186699999999999591e+02
5.202699999999999818e+02
5.205299999999999727e+02
5.205499999999999545e+02
5.222000000000000455e+02
5.225600000000000591e+02
5.233300000000000409e+02
5.242100000000000364e+02
5.253500000000000227e+02
5.257899999999999636e+02
5.274099999999999682e+02
5.278500000000000227e+02
5.287599999999999909e+02
5.293700000000000045e+02
5.299900000000000091e+02
5.317699999999999818e+02
5.320199999999999818e+02
5.337300000000000182e+02
5.337899999999999636e+02
5.357699999999999818e+02
5.358200000000000500e+02
5.364099999999999682e+02
5.374400000000000546e+02
5.394600000000000364e+02
5.397200000000000273e+02
5.404700000000000273e+02
5.417300000000000182e+02
5.425000000000000000e+02
5.437300000000000182e+02
5.437400000000000091e+02
5.457500000000000000e+02
5.459800000000000182e+02
5.468200000000000500e+02
5.474500000000000455e+02
5.486299999999999955e+02
5.489400000000000546e+02
5.500700000000000500e+02
5.519300000000000637e+02
5.521000000000000227e+02
5.539199999999999591e+02
5.539500000000000455e+02
5.559400000000000546e+02
5.564900000000000091e+02
5.566299999999999955e+02
5.579900000000000091e+02
5.582599999999999909e+02
5.586900000000000546e+02
5.587500000000000000e+02
5.604500000000000455e+02
5.615099999999999909e+02
5.616800000000000637e+02
5.635199999999999818e+02
5.641699999999999591e+02
5.662000000000000455e+02
5.664400000000000546e+02
5.684800000000000182e+02
5.687899999999999636e+02
5.693000000000000682e+02
5.697300000000000182e+02
5.717500000000000000e+02
5.718500000000000227e+02
5.738700000000000045e+02
5.740700000000000500e+02
5.760900000000000318e+02
5.764800000000000182e+02
5.778300000000000409e+02
5.785099999999999909e+02
5.796200000000000045e+02
5.816399999999999864e+02
5.818999999999999773e+02
5.839099999999999682e+02
5.844400000000000546e+02
5.855399999999999636e+02
5.866100000000000136e+02
5.867799999999999727e+02
5.869600000000000364e+02
5.890199999999999818e+02
5.897000000000000455e+02
5.905800000000000409e+02
5.917200000000000273e+02
5.921100000000000136e+02
5.941299999999999955e+02
5.950700000000000500e+02
5.960800000000000409e+02
5.975399999999999636e+02
5.981000000000000227e+02
5.987400000000000091e+02
5.999099999999999682e+02
5.999400000000000546e+02
6.009600000000000364e+02
6.025700000000000500e+02
6.029800000000000182e+02
6.043100000000000591e+02
6.050600000000000591e+02
6.056100000000000136e+02
6.063300000000000409e+02
6.068899999999999864e+02
6.075500000000000682e+02
6.093200000000000500e+02
6.096299999999999955e+02
6.111800000000000637e+02
6.113500000000000227e+02
6.113700000000000045e+02
6.132000000000000455e+02
6.138300000000000409e+02
6.156900000000000546e+02
6.158600000000000136e+02
6.160500000000000682e+02
6.178500000000000227e+02
6.179300000000000637e+02
6.180700000000000500e+02
6.195900000000000318e+02
6.197899999999999636e+02
6.217799999999999727e+02
6.218000000000000682e+02
6.230600000000000591e+02
6.238100000000000591e+02
6.250000000000000000e+02
6.270900000000000318e+02
6.271299999999999955e+02
6.273100000000000591e+02
6.291299999999999955e+02
6.292500000000000000e+02
6.294900000000000091e+02
6.312799999999999727e+02
6.313300000000000409e+02
6.317100000000000364e+02
6.337300000000000182e+02
6.338799999999999955e+02
6.358999999999999773e+02
6.366900000000000546e+02
6.366900000000000546e+02
6.383300000000000409e+02
6.387300000000000182e+02
6.387400000000000091e+02
6.404400000000000546e+02
6.414700000000000273e+02
6.435099999999999909e+02
6.441800000000000637e+02
6.461900000000000546e+02
6.481200000000000045e+02
6.484400000000000546e+02
6.486599999999999682e+02
6.495900000000000318e+02
6.506900000000000546e+02
6.516000000000000227e+02
6.536299999999999955e+02
6.536299999999999955e+02
6.556499999999999773e+02
6.559800000000000182e+02
6.578799999999999955e+02
6.584500000000000455e+02
6.592899999999999636e+02
6.602799999999999727e+02
6.613300000000000409e+02
6.615500000000000682e+02
6.635700000000000500e+02
6.641200000000000045e+02
6.659700000000000273e+02
6.661499999999999773e+02
6.683500000000000227e+02
6.690299999999999727e+02
6.694400000000000546e+02
6.699800000000000182e+02
6.705900000000000318e+02
6.714800000000000182e+02
6.726100000000000136e+02
6.742300000000000182e+02
6.746399999999999864e+02
6.762500000000000000e+02
6.764500000000000455e+02
6.767400000000000091e+02
6.784700000000000273e+02
6.787799999999999727e+02
6.792699999999999818e+02
6.808000000000000682e+02
6.813400000000000318e+02
6.818100000000000591e+02
6.828300000000000409e+02
6.840199999999999818e+02
6.849700000000000273e+02
6.860399999999999636e+02
6.860399999999999636e+02
6.869400000000000546e+02
6.889600000000000364e+02
6.889900000000000091e+02
6.910099999999999909e+02
6.910600000000000591e+02
6.912300000000000182e+02
6.930900000000000318e+02
6.940099999999999909e+02
6.951399999999999864e+02
6.962500000000000000e+02
6.965500000000000682e+02
6.969400000000000546e+02
6.980399999999999636e+02
6.985900000000000318e+02
6.989900000000000091e+02
6.992300000000000182e+02
7.000900000000000318e+02
7.013600000000000136e+02
7.033799999999999955e+02
7.044500000000000455e+02
7.064700000000000273e+02
7.065000000000000000e+02
7.074099999999999682e+02
7.086200000000000045e+02
7.087599999999999909e+02
7.095700000000000500e+02
7.107899999999999636e+02
7.113400000000000318e+02
7.134099999999999682e+02
7.135900000000000318e+02
7.156100000000000136e+02
7.162599999999999909e+02
7.181200000000000045e+02
7.188799999999999955e+02
7.213100000000000591e+02
7.215000000000000000e+02
7.233300000000000409e+02
7.244300000000000637e+02
7.263700000000000045e+02
7.264500000000000455e+02
7.278100000000000591e+02
7.290500000000000682e+02
7.298700000000000045e+02
7.309900000000000091e+02
7.311000000000000227e+02
7.320199999999999818e+02
7.340500000000000682e+02
7.342699999999999818e+02
7.345000000000000000e+02
7.362799999999999727e+02
7.370600000000000591e+02
7.376299999999999955e+02
7.379600000000000364e+02
7.396800000000000637e+02
7.396900000000000546e+02
7.400199999999999818e+02
7.413300000000000409e+02
7.417500000000000000e+02
7.425500000000000682e+02
7.433400000000000318e+02
7.436900000000000546e+02
7.457300000000000182e+02
7.459500000000000455e+02
7.480299999999999727e+02
7.491299999999999955e+02
7.510099999999999909e+02
7.510199999999999818e+02
7.512000000000000455e+02
7.530800000000000409e+02
7.535399999999999636e+02
7.538700000000000045e+02
7.551200000000000045e+02
7.551299999999999955e+02
7.557500000000000000e+02
7.558899999999999864e+02
7.570000000000000000e+02
7.583200000000000500e+02
7.584900000000000091e+02
7.590500000000000682e+02
7.605199999999999818e+02
7.610500000000000682e+02
7.611699999999999591e+02
7.631900000000000546e+02
7.642500000000000000e+02
7.654099999999999682e+02
7.662699999999999818e+02
7.674700000000000273e+02
7.680299999999999727e+02
7.683500000000000227e+02
7.700700000000000500e+02
7.703899999999999864e+02
7.711100000000000136e+02
7.721299999999999955e+02
7.731299999999999955e+02
7.732200000000000273e+02
7.748799999999999955e+02
7.751900000000000546e+02
7.766000000000000227e+02
7.768999999999999773e+02
7.771299999999999955e+02
7.783799999999999955e+02
7.791900000000000546e+02
7.804099999999999682e+02
7.804500000000000455e+02
7.812100000000000364e+02
7.824900000000000091e+02
7.842699999999999818e+02
7.846399999999999864e+02
7.855299999999999727e+02
7.863000000000000682e+02
7.875399999999999636e+02
7.887599999999999909e+02
7.895700000000000500e+02
7.901599999999999682e+02
7.914400000000000546e+02
7.922000000000000455e+02
7.929500000000000455e+02
7.937899999999999636e+02
7.942599999999999909e+02
7.942899999999999636e+02
7.962699999999999818e+02
7.962699999999999818e+02
7.971800000000000637e+02
7.980900000000000318e+02
7.992400000000000091e+02
7.997899999999999636e+02
8.007100000000000364e+02
8.011599999999999682e+02
8.028400000000000318e+02
8.034800000000000182e+02
8.034900000000000091e+02
8.045299999999999727e+02
8.065500000000000682e+02
8.066299999999999955e+02
8.068000000000000682e+02
8.084600000000000364e+02
8.087200000000000273e+02
8.101900000000000546e+02
8.107500000000000000e+02
8.120399999999999636e+02
8.122100000000000364e+02
8.129400000000000546e+02
8.142300000000000182e+02
8.142500000000000000e+02
8.148700000000000045e+02
8.162500000000000000e+02
8.172500000000000000e+02
8.177899999999999636e+02
8.182200000000000273e+02
8.202400000000000091e+02
8.203200000000000500e+02
8.207000000000000455e+02
8.222799999999999727e+02
8.227200000000000273e+02
8.231800000000000637e+02
8.237200000000000273e+02
8.247500000000000000e+02
8.248500000000000227e+02
8.257400000000000091e+02
8.277599999999999909e+02
8.279200000000000728e+02
8.279600000000000364e+02
8.299600000000000364e+02
8.300199999999999818e+02
8.308000000000000682e+02
8.317100000000000364e+02
8.328200000000000500e+02
8.331100000000000136e+02
8.345399999999999636e+02
8.346800000000000637e+02
8.363799999999999955e+02
8.367000000000000455e+02
8.379600000000000364e+02
8.379800000000000182e+02
8.400099999999999909e+02
8.400099999999999909e+02
8.415399999999999636e+02
8.434099999999999682e+02
8.435800000000000409e+02
8.443799999999999955e+02
8.463600000000000136e+02
8.464099999999999682e+02
8.481299999999999955e+02
8.484500000000000455e+02
8.501700000000000728e+02
8.509099999999999682e+02
8.510299999999999727e+02
8.530500000000000682e+02
8.538899999999999864e+02
8.548200000000000500e+02
8.559200000000000728e+02
8.584700000000000273e+02
8.589700000000000273e+02
8.605099999999999909e+02
8.611800000000000637e+02
8.624800000000000182e+02
8.629400000000000546e+02
8.632100000000000364e+02
8.643400000000000318e+02
8.651200000000000045e+02
8.663799999999999955e+02
8.678799999999999955e+02
8.684500000000000455e+02
8.698999999999999773e+02
8.707200000000000273e+02
8.712699999999999818e+02
8.733000000000000682e+02
8.742699999999999818e+02
8.746000000000000227e+02
8.763200000000000500e+02
8.766299999999999955e+02
8.775399999999999636e+02
8.778600000000000136e+02
8.795800000000000409e+02
8.799200000000000728e+02
8.810000000000000000e+02
8.819600000000000364e+02
8.830099999999999909e+02
8.848600000000000136e+02
8.851200000000000045e+02
8.868799999999999955e+02
8.873500000000000227e+02
8.876800000000000637e+02
8.877000000000000455e+02
8.893799999999999955e+02
8.897200000000000273e+02
8.909700000000000273e+02
8.918600000000000136e+02
8.929900000000000091e+02
8.947000000000000455e+02
8.950500000000000682e+02
8.967200000000000273e+02
8.973600000000000136e+02
8.980600000000000591e+02
8.982300000000000182e+02
9.000700000000000500e+02
9.024200000000000728e+02
9.025199999999999818e+02
9.046100000000000136e+02
9.046900000000000546e+02
9.067100000000000364e+02
9.076499999999999773e+02
9.091000000000000227e+02
9.099400000000000546e+02
9.103300000000000409e+02
9.111499999999999773e+02
9.123500000000000227e+02
9.130399999999999636e+02
9.144400000000000546e+02
9.146000000000000227e+02
9.146399999999999864e+02
9.164800000000000182e+02
9.166599999999999682e+02
9.167400000000000091e+02
9.187699999999999818e+02
9.198700000000000045e+02
9.206599999999999682e+02
9.226900000000000546e+02
9.232799999999999727e+02
9.242400000000000091e+02
9.242500000000000000e+02
9.262599999999999909e+02
9.263200000000000500e+02
9.265299999999999727e+02
9.273700000000000045e+02
9.283200000000000500e+02
9.285700000000000500e+02
9.293999999999999773e+02
9.303300000000000409e+02
9.313700000000000045e+02
9.316299999999999955e+02
9.322500000000000000e+02
9.323500000000000227e+02
9.344400000000000546e+02
9.347699999999999818e+02
9.348000000000000682e+02
9.367899999999999636e+02
9.369800000000000182e+02
9.372599999999999909e+02
9.382000000000000455e+02
9.390099999999999909e+02
9.402599999999999909e+02
9.404099999999999682e+02
9.410500000000000682e+02
9.424400000000000546e+02
9.427200000000000273e+02
9.443999999999999773e+02
9.444600000000000364e+02
9.444900000000000091e+02
9.463700000000000045e+02
9.464300000000000637e+02
9.483899999999999864e+02
9.487300000000000182e+02
9.487500000000000000e+02
9.498799999999999955e+02
9.513500000000000227e+02
9.519200000000000728e+02
9.541900000000000546e+02
9.549099999999999682e+02
9.553799999999999955e+02
9.562100000000000364e+02
9.567699999999999818e+02
9.581599999999999682e+02
9.582400000000000091e+02
9.588000000000000682e+02
9.600700000000000500e+02
9.601800000000000637e+02
9.606900000000000546e+02
9.608899999999999864e+02
9.621000000000000227e+02
9.639200000000000728e+02
9.641499999999999773e+02
9.643300000000000409e+02
9.659800000000000182e+02
9.661700000000000728e+02
9.667899999999999636e+02
9.674200000000000728e+02
9.680099999999999909e+02
9.682200000000000273e+02
9.694600000000000364e+02
9.705900000000000318e+02
9.726100000000000136e+02
9.740800000000000409e+02
9.743400000000000318e+02
9.743600000000000136e+02
9.746800000000000637e+02
9.761599999999999682e+02
9.770500000000000682e+02
9.778500000000000227e+02
9.782500000000000000e+02
9.791299999999999955e+02
9.799099999999999682e+02
9.800399999999999636e+02
9.806000000000000227e+02
9.811599999999999682e+02
9.826299999999999955e+02
9.835700000000000500e+02
9.838300000000000409e+02
9.840700000000000500e+02
9.860800000000000409e+02
9.873200000000000500e+02
9.881399999999999864e+02
9.886800000000000637e+02
9.893999999999999773e+02
9.903300000000000409e+02
9.907100000000000364e+02
9.911900000000000546e+02
9.923500000000000227e+02
9.936499999999999773e+02
9.939400000000000546e+02
9.944600000000000364e+02
9.959700000000000273e+02
9.971000000000000227e+02
9.981299999999999955e+02
9.990299999999999727e+02
9.997100000000000364e+02
9.997599999999999909e+02
