3.709999999999999964e+00
3.850000000000000089e+00
4.350000000000000533e+00
4.600000000000000533e+00
4.959999999999999964e+00
5.900000000000000355e+00
6.060000000000000497e+00
1.373000000000000043e+01
1.400000000000000000e+01
1.401999999999999957e+01
1.432000000000000028e+01
1.435999999999999943e+01
1.474000000000000021e+01
1.592999999999999972e+01
2.366000000000000014e+01
2.371999999999999886e+01
2.389000000000000057e+01
2.410999999999999943e+01
2.446999999999999886e+01
2.569999999999999929e+01
2.590000000000000213e+01
2.610000000000000142e+01
3.385999999999999943e+01
3.392999999999999972e+01
3.398000000000000398e+01
3.411999999999999744e+01
3.550000000000000000e+01
3.623000000000000398e+01
3.639000000000000057e+01
4.353999999999999915e+01
4.363000000000000256e+01
4.389999999999999858e+01
4.448000000000000398e+01
4.466000000000000369e+01
4.588000000000000256e+01
4.596999999999999886e+01
4.614000000000000057e+01
5.382000000000000028e+01
5.389000000000000057e+01
5.393999999999999773e+01
5.398000000000000398e+01
5.491000000000000369e+01
5.610999999999999943e+01
5.612000000000000455e+01
5.625000000000000000e+01
6.385000000000000142e+01
6.389000000000000057e+01
6.410999999999999943e+01
6.443999999999999773e+01
6.454000000000000625e+01
7.332999999999999829e+01
7.359000000000000341e+01
7.390000000000000568e+01
7.420000000000000284e+01
7.475000000000000000e+01
7.562000000000000455e+01
7.606000000000000227e+01
8.368999999999999773e+01
8.387999999999999545e+01
8.392000000000000171e+01
8.448999999999999488e+01
8.604000000000000625e+01
8.620000000000000284e+01
9.312999999999999545e+01
9.332000000000000739e+01
9.371999999999999886e+01
9.425000000000000000e+01
9.562000000000000455e+01
9.585000000000000853e+01
1.036200000000000045e+02
1.036500000000000057e+02
1.038100000000000023e+02
1.039800000000000040e+02
1.044300000000000068e+02
1.059900000000000091e+02
1.061400000000000006e+02
1.132000000000000028e+02
1.132300000000000040e+02
1.136800000000000068e+02
1.142300000000000040e+02
1.147800000000000011e+02
1.154600000000000080e+02
1.155199999999999960e+02
1.166599999999999966e+02
1.228900000000000006e+02
1.241099999999999994e+02
1.245000000000000000e+02
1.249200000000000017e+02
1.255199999999999960e+02
1.333400000000000034e+02
1.336100000000000136e+02
1.336899999999999977e+02
1.339499999999999886e+02
1.350600000000000023e+02
1.357199999999999989e+02
1.362800000000000011e+02
1.430800000000000125e+02
1.432800000000000011e+02
1.434099999999999966e+02
1.441700000000000159e+02
1.453100000000000023e+02
1.457400000000000091e+02
1.462100000000000080e+02
1.465800000000000125e+02
1.520999999999999943e+02
1.525300000000000011e+02
1.541400000000000148e+02
1.542000000000000171e+02
1.545999999999999943e+02
1.563199999999999932e+02
1.625500000000000114e+02
1.634200000000000159e+02
1.634699999999999989e+02
1.638300000000000125e+02
1.638900000000000148e+02
1.654000000000000057e+02
1.657000000000000171e+02
1.660300000000000011e+02
1.724500000000000171e+02
1.725300000000000011e+02
1.735999999999999943e+02
1.740099999999999909e+02
1.745699999999999932e+02
1.749099999999999966e+02
1.752000000000000171e+02
1.759500000000000171e+02
1.762199999999999989e+02
1.772000000000000171e+02
1.827800000000000011e+02
1.828600000000000136e+02
1.837199999999999989e+02
1.842000000000000171e+02
1.844500000000000171e+02
1.851100000000000136e+02
1.863900000000000148e+02
1.868000000000000114e+02
1.930600000000000023e+02
1.931599999999999966e+02
1.933499999999999943e+02
1.938199999999999932e+02
1.956299999999999955e+02
1.961200000000000045e+02
2.022800000000000011e+02
2.026700000000000159e+02
2.031800000000000068e+02
2.043499999999999943e+02
2.054000000000000057e+02
2.056800000000000068e+02
2.065200000000000102e+02
2.070600000000000023e+02
2.126100000000000136e+02
2.133100000000000023e+02
2.143100000000000023e+02
2.157500000000000000e+02
2.158499999999999943e+02
2.166700000000000159e+02
2.224300000000000068e+02
2.230200000000000102e+02
2.235900000000000034e+02
2.251200000000000045e+02
2.252000000000000171e+02
2.260900000000000034e+02
2.265500000000000114e+02
2.326700000000000159e+02
2.330399999999999920e+02
2.334300000000000068e+02
2.347199999999999989e+02
2.352599999999999909e+02
2.415000000000000000e+02
2.429000000000000057e+02
2.429800000000000182e+02
2.439399999999999977e+02
2.452000000000000171e+02
2.453600000000000136e+02
2.461299999999999955e+02
2.520399999999999920e+02
2.530900000000000034e+02
2.533900000000000148e+02
2.544099999999999966e+02
2.554300000000000068e+02
2.559200000000000159e+02
2.572500000000000000e+02
2.621600000000000250e+02
2.629300000000000068e+02
2.640900000000000318e+02
2.645300000000000296e+02
2.652599999999999909e+02
2.656299999999999955e+02
2.662500000000000000e+02
2.719399999999999977e+02
2.730600000000000023e+02
2.740199999999999818e+02
2.742699999999999818e+02
2.753400000000000318e+02
2.762699999999999818e+02
2.763899999999999864e+02
2.815699999999999932e+02
2.820500000000000114e+02
2.828100000000000023e+02
2.837300000000000182e+02
2.843600000000000136e+02
2.852800000000000296e+02
2.856999999999999886e+02
2.862800000000000296e+02
2.890099999999999909e+02
2.919200000000000159e+02
2.921500000000000341e+02
2.930099999999999909e+02
2.944499999999999886e+02
2.946600000000000250e+02
2.951399999999999864e+02
2.958100000000000023e+02
2.987699999999999818e+02
3.013400000000000318e+02
3.015500000000000114e+02
3.032800000000000296e+02
3.035500000000000114e+02
3.045099999999999909e+02
3.055300000000000296e+02
3.070699999999999932e+02
3.075699999999999932e+02
3.115199999999999818e+02
3.121000000000000227e+02
3.124000000000000341e+02
3.136800000000000068e+02
3.143899999999999864e+02
3.146600000000000250e+02
3.158299999999999841e+02
3.196500000000000341e+02
3.214399999999999977e+02
3.221999999999999886e+02
3.230799999999999841e+02
3.248100000000000023e+02
3.256999999999999886e+02
3.261800000000000068e+02
3.275900000000000318e+02
3.322099999999999795e+02
3.332800000000000296e+02
3.344000000000000341e+02
3.356000000000000227e+02
3.357200000000000273e+02
3.369599999999999795e+02
3.405099999999999909e+02
3.416999999999999886e+02
3.429300000000000068e+02
3.439200000000000159e+02
3.451999999999999886e+02
3.458000000000000114e+02
3.461100000000000136e+02
3.482300000000000182e+02
3.515400000000000205e+02
3.519700000000000273e+02
3.527900000000000205e+02
3.542900000000000205e+02
3.543199999999999932e+02
3.549700000000000273e+02
3.563000000000000114e+02
3.566000000000000227e+02
3.613000000000000114e+02
3.617699999999999818e+02
3.630500000000000114e+02
3.638400000000000318e+02
3.660500000000000114e+02
3.661200000000000045e+02
3.711399999999999864e+02
3.716899999999999977e+02
3.726800000000000068e+02
3.745099999999999909e+02
3.751399999999999864e+02
3.761399999999999864e+02
3.808400000000000318e+02
3.816200000000000045e+02
3.826399999999999864e+02
3.838199999999999932e+02
3.844300000000000068e+02
3.847900000000000205e+02
3.860799999999999841e+02
3.905099999999999909e+02
3.914200000000000159e+02
3.924800000000000182e+02
3.948299999999999841e+02
3.948799999999999955e+02
3.978600000000000136e+02
3.981200000000000045e+02
3.999000000000000341e+02
4.016200000000000045e+02
4.029600000000000364e+02
4.042200000000000273e+02
4.063899999999999864e+02
4.069900000000000091e+02
4.086700000000000159e+02
4.090199999999999818e+02
4.106600000000000250e+02
4.116399999999999864e+02
4.124300000000000068e+02
4.145300000000000296e+02
4.146500000000000341e+02
4.161299999999999955e+02
4.185500000000000114e+02
4.195600000000000023e+02
4.208100000000000023e+02
4.224600000000000364e+02
4.244600000000000364e+02
4.247200000000000273e+02
4.261299999999999955e+02
4.266100000000000136e+02
4.288799999999999955e+02
4.304499999999999886e+02
4.312100000000000364e+02
4.332599999999999909e+02
4.334100000000000250e+02
4.341100000000000136e+02
4.369600000000000364e+02
4.394800000000000182e+02
4.415500000000000114e+02
4.428000000000000114e+02
4.438799999999999955e+02
4.450300000000000296e+02
4.451700000000000159e+02
4.462800000000000296e+02
4.488600000000000136e+02
4.503000000000000114e+02
4.512800000000000296e+02
4.523700000000000045e+02
4.546999999999999886e+02
4.549100000000000250e+02
4.562599999999999909e+02
4.569600000000000364e+02
4.593400000000000318e+02
4.594600000000000364e+02
4.603500000000000227e+02
4.614000000000000341e+02
4.631500000000000341e+02
4.641999999999999886e+02
4.654700000000000273e+02
4.667100000000000364e+02
4.668000000000000114e+02
4.684499999999999886e+02
4.691999999999999886e+02
4.704000000000000341e+02
4.727400000000000091e+02
4.731399999999999864e+02
4.742699999999999818e+02
4.765300000000000296e+02
4.765600000000000023e+02
4.804600000000000364e+02
4.815400000000000205e+02
4.822100000000000364e+02
4.846200000000000045e+02
4.850000000000000000e+02
4.874600000000000364e+02
4.894800000000000182e+02
4.910199999999999818e+02
4.928600000000000136e+02
4.949300000000000068e+02
4.951600000000000250e+02
4.972700000000000387e+02
4.991999999999999886e+02
5.010699999999999932e+02
5.024499999999999886e+02
5.045200000000000387e+02
5.049100000000000250e+02
5.067400000000000091e+02
5.071200000000000045e+02
5.096100000000000136e+02
5.111399999999999864e+02
5.126200000000000045e+02
5.148899999999999864e+02
5.149800000000000182e+02
5.175399999999999636e+02
5.190099999999999909e+02
5.195099999999999909e+02
5.211800000000000637e+02
5.228100000000000591e+02
5.243500000000000227e+02
5.280700000000000500e+02
5.296900000000000546e+02
5.306800000000000637e+02
5.322799999999999727e+02
5.347999999999999545e+02
5.358100000000000591e+02
5.362300000000000182e+02
5.396699999999999591e+02
5.402500000000000000e+02
5.407999999999999545e+02
5.431599999999999682e+02
5.446299999999999955e+02
5.483500000000000227e+02
5.490600000000000591e+02
5.504199999999999591e+02
5.523000000000000682e+02
5.528600000000000136e+02
5.544600000000000364e+02
5.546000000000000227e+02
5.567200000000000273e+02
5.570700000000000500e+02
5.599300000000000637e+02
5.600700000000000500e+02
5.610000000000000000e+02
5.628200000000000500e+02
5.645199999999999818e+02
5.674800000000000182e+02
5.693700000000000045e+02
5.702000000000000455e+02
5.703200000000000500e+02
5.723899999999999864e+02
5.746000000000000227e+02
5.748100000000000591e+02
5.773100000000000591e+02
5.773899999999999864e+02
5.789300000000000637e+02
5.802699999999999818e+02
5.823799999999999955e+02
5.847699999999999818e+02
5.848700000000000045e+02
5.871900000000000546e+02
5.873300000000000409e+02
5.875199999999999818e+02
5.902300000000000182e+02
5.926299999999999955e+02
5.930299999999999727e+02
5.952400000000000091e+02
5.953400000000000318e+02
5.968300000000000409e+02
5.992899999999999636e+02
5.993400000000000318e+02
6.003200000000000500e+02
6.022000000000000455e+02
6.046000000000000227e+02
6.048000000000000682e+02
6.075700000000000500e+02
6.101399999999999864e+02
6.119700000000000273e+02
6.141599999999999682e+02
6.143600000000000136e+02
6.168000000000000682e+02
6.174199999999999591e+02
6.181499999999999773e+02
6.201200000000000045e+02
6.203899999999999864e+02
6.223999999999999773e+02
6.224099999999999682e+02
6.246399999999999864e+02
6.253899999999999864e+02
6.274600000000000364e+02
6.284400000000000546e+02
6.302300000000000182e+02
6.320800000000000409e+02
6.345399999999999636e+02
6.367799999999999727e+02
6.372100000000000364e+02
6.372799999999999727e+02
6.395500000000000682e+02
6.399700000000000273e+02
6.419600000000000364e+02
6.443000000000000682e+02
6.446399999999999864e+02
6.469700000000000273e+02
6.485099999999999909e+02
6.494300000000000637e+02
6.506100000000000136e+02
6.517599999999999909e+02
6.522599999999999909e+02
6.543000000000000682e+02
6.545800000000000409e+02
6.568600000000000136e+02
6.581800000000000637e+02
6.593999999999999773e+02
6.597200000000000273e+02
6.622899999999999636e+02
6.646200000000000045e+02
6.677899999999999636e+02
6.689600000000000364e+02
6.697599999999999909e+02
6.713300000000000409e+02
6.719900000000000091e+02
6.743700000000000045e+02
6.745800000000000409e+02
6.773100000000000591e+02
6.779800000000000182e+02
6.789300000000000637e+02
6.798300000000000409e+02
6.821399999999999864e+02
6.825900000000000318e+02
6.843300000000000409e+02
6.866299999999999955e+02
6.871100000000000136e+02
6.877799999999999727e+02
6.898200000000000500e+02
6.916800000000000637e+02
6.918999999999999773e+02
6.941900000000000546e+02
6.945000000000000000e+02
6.968300000000000409e+02
6.980000000000000000e+02
6.985900000000000318e+02
6.991900000000000546e+02
7.007400000000000091e+02
7.016000000000000227e+02
7.023300000000000409e+02
7.045900000000000318e+02
7.048899999999999864e+02
7.072000000000000455e+02
7.079199999999999591e+02
7.081900000000000546e+02
7.097300000000000182e+02
7.119199999999999591e+02
7.141800000000000637e+02
7.148300000000000409e+02
7.189300000000000637e+02
7.192500000000000000e+02
7.220800000000000409e+02
7.252400000000000091e+02
7.272000000000000455e+02
7.281699999999999591e+02
7.294600000000000364e+02
7.322799999999999727e+02
7.328700000000000045e+02
7.347000000000000455e+02
7.374400000000000546e+02
7.387200000000000273e+02
7.390500000000000682e+02
7.412200000000000273e+02
7.420800000000000409e+02
7.443000000000000682e+02
7.445199999999999818e+02
7.466000000000000227e+02
7.483300000000000409e+02
7.500299999999999727e+02
7.519900000000000091e+02
7.542400000000000091e+02
7.550299999999999727e+02
7.566399999999999864e+02
7.589500000000000455e+02
7.593100000000000591e+02
7.613400000000000318e+02
7.621699999999999591e+02
7.645500000000000682e+02
7.646700000000000728e+02
7.664200000000000728e+02
7.670500000000000682e+02
7.691200000000000045e+02
7.694800000000000182e+02
7.719700000000000273e+02
7.742400000000000091e+02
7.751800000000000637e+02
7.770800000000000409e+02
7.776700000000000728e+02
7.778700000000000045e+02
7.788300000000000409e+02
7.819099999999999682e+02
7.820099999999999909e+02
7.851100000000000136e+02
7.853600000000000136e+02
7.867000000000000455e+02
7.874300000000000637e+02
7.880199999999999818e+02
7.891900000000000546e+02
7.916800000000000637e+02
7.940199999999999818e+02
7.950199999999999818e+02
7.969200000000000728e+02
7.981499999999999773e+02
7.990800000000000409e+02
8.015299999999999727e+02
8.038899999999999864e+02
8.050000000000000000e+02
8.089400000000000546e+02
8.090600000000000591e+02
8.112799999999999727e+02
8.113200000000000500e+02
8.134800000000000182e+02
8.160600000000000591e+02
8.186100000000000136e+02
8.189400000000000546e+02
8.220000000000000000e+02
8.244200000000000728e+02
8.249200000000000728e+02
8.252500000000000000e+02
8.267300000000000182e+02
8.283400000000000318e+02
8.285900000000000318e+02
8.308500000000000227e+02
8.315099999999999909e+02
8.337200000000000273e+02
8.357899999999999636e+02
8.383400000000000318e+02
8.387000000000000455e+02
8.413100000000000591e+02
8.420199999999999818e+02
8.447500000000000000e+02
8.485099999999999909e+02
8.502599999999999909e+02
8.507400000000000091e+02
8.516299999999999955e+02
8.538899999999999864e+02
8.552799999999999727e+02
8.558400000000000318e+02
8.575399999999999636e+02
8.588999999999999773e+02
8.602000000000000455e+02
8.623300000000000409e+02
8.633400000000000318e+02
8.654500000000000455e+02
8.659700000000000273e+02
8.683600000000000136e+02
8.687799999999999727e+02
8.708100000000000591e+02
8.718000000000000682e+02
8.749900000000000091e+02
8.761200000000000045e+02
8.779700000000000273e+02
8.787599999999999909e+02
8.817599999999999909e+02
8.843700000000000045e+02
8.854300000000000637e+02
8.880000000000000000e+02
8.884800000000000182e+02
8.885500000000000682e+02
8.915399999999999636e+02
8.937100000000000364e+02
8.953500000000000227e+02
8.958300000000000409e+02
8.985399999999999636e+02
8.993000000000000682e+02
9.027400000000000091e+02
9.060800000000000409e+02
9.081100000000000136e+02
9.100199999999999818e+02
9.110900000000000318e+02
9.133700000000000045e+02
9.134400000000000546e+02
9.150700000000000500e+02
9.151399999999999864e+02
9.172699999999999818e+02
9.174700000000000273e+02
9.194900000000000091e+02
9.200800000000000409e+02
9.215800000000000409e+02
9.247799999999999727e+02
9.250299999999999727e+02
9.283600000000000136e+02
9.286100000000000136e+02
9.287000000000000455e+02
9.311399999999999864e+02
9.328999999999999773e+02
9.332899999999999636e+02
9.353899999999999864e+02
9.356100000000000136e+02
9.376900000000000546e+02
9.386599999999999682e+02
9.397100000000000364e+02
9.412200000000000273e+02
9.414200000000000728e+02
9.436599999999999682e+02
9.453899999999999864e+02
9.459700000000000273e+02
9.482799999999999727e+02
9.501299999999999955e+02
9.512699999999999818e+02
9.537200000000000273e+02
9.547699999999999818e+02
9.572799999999999727e+02
9.578799999999999955e+02
9.592699999999999818e+02
9.610900000000000318e+02
9.635900000000000318e+02
9.648200000000000500e+02
9.648899999999999864e+02
9.678600000000000136e+02
9.682799999999999727e+02
9.685800000000000409e+02
9.714099999999999682e+02
9.738700000000000045e+02
9.748400000000000318e+02
9.771800000000000637e+02
9.783300000000000409e+02
9.791499999999999773e+02
9.816599999999999682e+02
9.851200000000000045e+02
9.873000000000000682e+02
9.881599999999999682e+02
9.893899999999999864e+02
9.906700000000000728e+02
9.928799999999999955e+02
9.959099999999999682e+02
9.974500000000000455e+02
9.994400000000000546e+02
