1.867500000000000000e+02
1.059600000000000080e+02
3.467099999999999795e+02
6.560500000000000682e+02
7.406699999999999591e+02
8.207500000000000000e+02
9.494200000000000728e+02
6.114000000000000057e+01
1.210499999999999972e+02
1.253400000000000034e+02
2.012599999999999909e+02
2.174300000000000068e+02
2.534900000000000091e+02
2.579200000000000159e+02
3.055799999999999841e+02
3.093000000000000114e+02
3.417900000000000205e+02
4.135500000000000114e+02
4.772800000000000296e+02
5.776299999999999955e+02
6.335399999999999636e+02
6.492200000000000273e+02
6.591299999999999955e+02
7.381100000000000136e+02
7.577899999999999636e+02
8.356399999999999864e+02
8.418500000000000227e+02
8.794400000000000546e+02
9.254900000000000091e+02
9.376599999999999682e+02
9.716700000000000728e+02
5.664999999999999858e+01
1.129099999999999966e+02
1.206500000000000057e+02
1.966100000000000136e+02
2.207599999999999909e+02
2.364900000000000091e+02
3.528199999999999932e+02
3.564599999999999795e+02
3.718899999999999864e+02
3.755799999999999841e+02
4.199000000000000341e+02
4.283600000000000136e+02
4.324600000000000364e+02
4.364100000000000250e+02
5.322000000000000455e+02
6.068000000000000682e+02
6.746900000000000546e+02
7.587000000000000455e+02
7.629500000000000455e+02
7.664099999999999682e+02
8.464800000000000182e+02
8.560800000000000409e+02
8.621599999999999682e+02
8.758200000000000500e+02
8.942200000000000273e+02
9.080099999999999909e+02
9.102000000000000455e+02
9.542799999999999727e+02
9.680600000000000591e+02
9.739800000000000182e+02
9.777500000000000000e+02
6.867000000000000171e+01
2.083000000000000114e+02
2.511299999999999955e+02
3.666600000000000250e+02
4.456299999999999955e+02
6.937500000000000000e+02
7.369600000000000364e+02
7.652599999999999909e+02
7.675399999999999636e+02
7.714700000000000273e+02
8.405500000000000682e+02
8.885399999999999636e+02
8.946499999999999773e+02
9.320700000000000500e+02
9.877699999999999818e+02
1.322000000000000064e+01
7.024500000000000455e+02
