6.490000000000000213e+00
7.440000000000000391e+00
7.669999999999999929e+00
1.150999999999999979e+01
1.254000000000000092e+01
1.355000000000000071e+01
1.453000000000000114e+01
2.067000000000000171e+01
2.250000000000000000e+01
2.550000000000000000e+01
2.566000000000000014e+01
2.862999999999999901e+01
2.942000000000000171e+01
2.976000000000000156e+01
3.249000000000000199e+01
3.560000000000000142e+01
3.855000000000000426e+01
4.075000000000000000e+01
4.336999999999999744e+01
4.427000000000000313e+01
4.743999999999999773e+01
4.835000000000000142e+01
4.860999999999999943e+01
5.053999999999999915e+01
5.259000000000000341e+01
5.431000000000000227e+01
5.485000000000000142e+01
5.489000000000000057e+01
5.525000000000000000e+01
5.655000000000000426e+01
5.942000000000000171e+01
6.125999999999999801e+01
6.462999999999999545e+01
6.693000000000000682e+01
6.757999999999999829e+01
6.971999999999999886e+01
7.151999999999999602e+01
7.378000000000000114e+01
7.904999999999999716e+01
8.071000000000000796e+01
8.101999999999999602e+01
8.573999999999999488e+01
8.814000000000000057e+01
8.873999999999999488e+01
9.040999999999999659e+01
9.103000000000000114e+01
9.109000000000000341e+01
9.189000000000000057e+01
9.262000000000000455e+01
9.639000000000000057e+01
9.670000000000000284e+01
1.023599999999999994e+02
1.025900000000000034e+02
1.061400000000000006e+02
1.111299999999999955e+02
1.115600000000000023e+02
1.117500000000000000e+02
1.149300000000000068e+02
1.174300000000000068e+02
1.185600000000000023e+02
1.198700000000000045e+02
1.237300000000000040e+02
1.265000000000000000e+02
1.280699999999999932e+02
1.307700000000000102e+02
1.340399999999999920e+02
1.378900000000000148e+02
1.407199999999999989e+02
1.412000000000000171e+02
1.437899999999999920e+02
1.438199999999999932e+02
1.444699999999999989e+02
1.504699999999999989e+02
1.506899999999999977e+02
1.529099999999999966e+02
1.584500000000000171e+02
1.597800000000000011e+02
1.639099999999999966e+02
1.662299999999999898e+02
1.667000000000000171e+02
1.667400000000000091e+02
1.700500000000000114e+02
1.713499999999999943e+02
1.723600000000000136e+02
1.728400000000000034e+02
1.762400000000000091e+02
1.765800000000000125e+02
1.766299999999999955e+02
1.789799999999999898e+02
1.829200000000000159e+02
1.840000000000000000e+02
1.875200000000000102e+02
1.908100000000000023e+02
1.916100000000000136e+02
1.919000000000000057e+02
1.957400000000000091e+02
1.976400000000000148e+02
2.010600000000000023e+02
2.010800000000000125e+02
2.041700000000000159e+02
2.099900000000000091e+02
2.111299999999999955e+02
2.189000000000000057e+02
2.207100000000000080e+02
2.241899999999999977e+02
2.252000000000000171e+02
2.282500000000000000e+02
2.297899999999999920e+02
2.298100000000000023e+02
2.323000000000000114e+02
2.333799999999999955e+02
2.368100000000000023e+02
2.451400000000000148e+02
2.453400000000000034e+02
2.472800000000000011e+02
2.473700000000000045e+02
2.504500000000000171e+02
2.531100000000000136e+02
2.555500000000000114e+02
2.594499999999999886e+02
2.631899999999999977e+02
2.638199999999999932e+02
2.663100000000000023e+02
2.708000000000000114e+02
2.742699999999999818e+02
2.742900000000000205e+02
2.823799999999999955e+02
2.858899999999999864e+02
2.896500000000000341e+02
2.926399999999999864e+02
2.976000000000000227e+02
3.004599999999999795e+02
3.026800000000000068e+02
3.116899999999999977e+02
3.130000000000000000e+02
3.188199999999999932e+02
3.214900000000000091e+02
3.336999999999999886e+02
3.344000000000000341e+02
3.354399999999999977e+02
3.364499999999999886e+02
3.403100000000000023e+02
3.460000000000000000e+02
3.462699999999999818e+02
3.505199999999999818e+02
3.521399999999999864e+02
3.533799999999999955e+02
3.565099999999999909e+02
3.569300000000000068e+02
3.601899999999999977e+02
3.607900000000000205e+02
3.613799999999999955e+02
3.645900000000000318e+02
3.690600000000000023e+02
3.693799999999999955e+02
3.716899999999999977e+02
3.730500000000000114e+02
3.746299999999999955e+02
3.803899999999999864e+02
3.831999999999999886e+02
3.849800000000000182e+02
3.864800000000000182e+02
3.900000000000000000e+02
3.902599999999999909e+02
3.928400000000000318e+02
3.935000000000000000e+02
3.958799999999999955e+02
3.989000000000000341e+02
3.994200000000000159e+02
4.021100000000000136e+02
4.036600000000000250e+02
4.052800000000000296e+02
4.059000000000000341e+02
4.059000000000000341e+02
4.084200000000000159e+02
4.126999999999999886e+02
4.128500000000000227e+02
4.143100000000000023e+02
4.150199999999999818e+02
4.191700000000000159e+02
4.206800000000000068e+02
4.233700000000000045e+02
4.237900000000000205e+02
4.257800000000000296e+02
4.272800000000000296e+02
4.312200000000000273e+02
4.342400000000000091e+02
4.350799999999999841e+02
4.382300000000000182e+02
4.385400000000000205e+02
4.415699999999999932e+02
4.429200000000000159e+02
4.452599999999999909e+02
4.458199999999999932e+02
4.469399999999999977e+02
4.491399999999999864e+02
4.491800000000000068e+02
4.524600000000000364e+02
4.542800000000000296e+02
4.560300000000000296e+02
4.563000000000000114e+02
4.589700000000000273e+02
4.613700000000000045e+02
4.617300000000000182e+02
4.618400000000000318e+02
4.640799999999999841e+02
4.650400000000000205e+02
4.680300000000000296e+02
4.721999999999999886e+02
4.770799999999999841e+02
4.772699999999999818e+02
4.778299999999999841e+02
4.813799999999999955e+02
4.830000000000000000e+02
4.831500000000000341e+02
4.861999999999999886e+02
4.871999999999999886e+02
4.892800000000000296e+02
4.920300000000000296e+02
4.961000000000000227e+02
4.970799999999999841e+02
4.991800000000000068e+02
5.011399999999999864e+02
5.041800000000000068e+02
5.070600000000000023e+02
5.081899999999999977e+02
5.082700000000000387e+02
5.101000000000000227e+02
5.110400000000000205e+02
5.141000000000000227e+02
5.161800000000000637e+02
5.190700000000000500e+02
5.200700000000000500e+02
5.229099999999999682e+02
5.230000000000000000e+02
5.291399999999999864e+02
5.311699999999999591e+02
5.340299999999999727e+02
5.410900000000000318e+02
5.460199999999999818e+02
5.512300000000000182e+02
5.515000000000000000e+02
5.540199999999999818e+02
5.542500000000000000e+02
5.557200000000000273e+02
5.562000000000000455e+02
5.570399999999999636e+02
5.591499999999999773e+02
5.608700000000000045e+02
5.621200000000000045e+02
5.640000000000000000e+02
5.657100000000000364e+02
5.669099999999999682e+02
5.682100000000000364e+02
5.687799999999999727e+02
5.719700000000000273e+02
5.719900000000000091e+02
5.742599999999999909e+02
5.776100000000000136e+02
5.799800000000000182e+02
5.808200000000000500e+02
5.828700000000000045e+02
5.842300000000000182e+02
5.907799999999999727e+02
5.911699999999999591e+02
5.949800000000000182e+02
5.952799999999999727e+02
5.956399999999999864e+02
5.983799999999999955e+02
5.986599999999999682e+02
5.992000000000000455e+02
6.011800000000000637e+02
6.023799999999999955e+02
6.063700000000000045e+02
6.087899999999999636e+02
6.103700000000000045e+02
6.144099999999999682e+02
6.159700000000000273e+02
6.176100000000000136e+02
6.203799999999999955e+02
6.208600000000000136e+02
6.239700000000000273e+02
6.309199999999999591e+02
6.332400000000000091e+02
6.333500000000000227e+02
6.377799999999999727e+02
6.394900000000000091e+02
6.419900000000000091e+02
6.433600000000000136e+02
6.454600000000000364e+02
6.460800000000000409e+02
6.495800000000000409e+02
6.526800000000000637e+02
6.531900000000000546e+02
6.558899999999999864e+02
6.561000000000000227e+02
6.606499999999999773e+02
6.662599999999999909e+02
6.688999999999999773e+02
6.752799999999999727e+02
6.816100000000000136e+02
6.859400000000000546e+02
6.926599999999999682e+02
6.956299999999999955e+02
6.988799999999999955e+02
7.016699999999999591e+02
7.033300000000000409e+02
7.049199999999999591e+02
7.083899999999999864e+02
7.107100000000000364e+02
7.148200000000000500e+02
7.199700000000000273e+02
7.265000000000000000e+02
7.267799999999999727e+02
7.287699999999999818e+02
7.312799999999999727e+02
7.348300000000000409e+02
7.382599999999999909e+02
7.392000000000000455e+02
7.410099999999999909e+02
7.418000000000000682e+02
7.435299999999999727e+02
7.462899999999999636e+02
7.475000000000000000e+02
7.507899999999999636e+02
7.548200000000000500e+02
7.563600000000000136e+02
7.598600000000000136e+02
7.600600000000000591e+02
7.642300000000000182e+02
7.684400000000000546e+02
7.728500000000000227e+02
7.756100000000000136e+02
7.840900000000000318e+02
7.990199999999999818e+02
8.041499999999999773e+02
8.042400000000000091e+02
8.073200000000000500e+02
8.079099999999999682e+02
8.091100000000000136e+02
8.101000000000000227e+02
8.137799999999999727e+02
8.145700000000000500e+02
8.154500000000000455e+02
8.177699999999999818e+02
8.238100000000000591e+02
8.238600000000000136e+02
8.282500000000000000e+02
8.289500000000000455e+02
8.334900000000000091e+02
8.362799999999999727e+02
8.382100000000000364e+02
8.402500000000000000e+02
8.464400000000000546e+02
8.479800000000000182e+02
8.505399999999999636e+02
8.527100000000000364e+02
8.531299999999999955e+02
8.534200000000000728e+02
8.561900000000000546e+02
8.563100000000000591e+02
8.590000000000000000e+02
8.624900000000000091e+02
8.629600000000000364e+02
8.708700000000000045e+02
8.738600000000000136e+02
8.780500000000000682e+02
8.820099999999999909e+02
8.845800000000000409e+02
8.862100000000000364e+02
8.867899999999999636e+02
8.890800000000000409e+02
8.919600000000000364e+02
8.924400000000000546e+02
8.943700000000000045e+02
8.960700000000000500e+02
8.984300000000000637e+02
9.055600000000000591e+02
9.063400000000000318e+02
9.126700000000000728e+02
9.134200000000000728e+02
9.137699999999999818e+02
9.139800000000000182e+02
9.163100000000000591e+02
9.172200000000000273e+02
9.177899999999999636e+02
9.209800000000000182e+02
9.254900000000000091e+02
9.270000000000000000e+02
9.306499999999999773e+02
9.308100000000000591e+02
9.359300000000000637e+02
9.399300000000000637e+02
9.448400000000000318e+02
9.495299999999999727e+02
9.507799999999999727e+02
9.524900000000000091e+02
9.537699999999999818e+02
9.587899999999999636e+02
9.597100000000000364e+02
9.616800000000000637e+02
9.625000000000000000e+02
9.628700000000000045e+02
9.658899999999999864e+02
9.669600000000000364e+02
9.695500000000000682e+02
9.708899999999999864e+02
9.733300000000000409e+02
9.735199999999999818e+02
9.747400000000000091e+02
9.787000000000000455e+02
9.795199999999999818e+02
9.809400000000000546e+02
9.848700000000000045e+02
9.857599999999999909e+02
9.867300000000000182e+02
9.896700000000000728e+02
9.927799999999999727e+02
9.928200000000000500e+02
9.937599999999999909e+02
9.976800000000000637e+02
9.979300000000000637e+02
9.998600000000000136e+02
