2.339999999999999858e+00
2.419999999999999929e+00
2.470000000000000195e+00
4.459999999999999964e+00
6.250000000000000000e+00
6.410000000000000142e+00
7.429999999999999716e+00
7.459999999999999964e+00
8.290000000000000924e+00
9.550000000000000711e+00
9.560000000000000497e+00
1.041000000000000014e+01
1.120000000000000107e+01
1.149000000000000021e+01
1.158000000000000007e+01
1.337000000000000099e+01
1.359999999999999964e+01
1.425999999999999979e+01
1.540000000000000036e+01
1.551999999999999957e+01
1.565000000000000036e+01
1.623000000000000043e+01
1.630999999999999872e+01
1.742999999999999972e+01
1.769000000000000128e+01
1.771999999999999886e+01
1.946999999999999886e+01
2.028000000000000114e+01
2.032000000000000028e+01
2.149000000000000199e+01
2.151999999999999957e+01
2.230999999999999872e+01
2.355999999999999872e+01
2.428000000000000114e+01
2.458999999999999986e+01
2.526000000000000156e+01
2.537000000000000099e+01
2.650000000000000000e+01
2.726000000000000156e+01
2.728999999999999915e+01
2.740000000000000213e+01
2.862000000000000099e+01
2.931000000000000227e+01
2.942999999999999972e+01
2.953000000000000114e+01
3.158999999999999986e+01
3.241000000000000369e+01
3.314000000000000057e+01
3.363000000000000256e+01
3.446999999999999886e+01
3.517000000000000171e+01
3.656000000000000227e+01
3.749000000000000199e+01
3.821000000000000085e+01
3.860999999999999943e+01
3.952000000000000313e+01
3.959000000000000341e+01
4.025000000000000000e+01
4.064000000000000057e+01
4.106000000000000227e+01
4.160999999999999943e+01
4.266000000000000369e+01
4.332999999999999829e+01
4.398000000000000398e+01
4.410999999999999943e+01
4.468999999999999773e+01
4.521999999999999886e+01
4.607000000000000028e+01
4.618999999999999773e+01
4.660000000000000142e+01
4.675000000000000000e+01
4.725000000000000000e+01
4.866000000000000369e+01
4.878999999999999915e+01
5.014000000000000057e+01
5.021000000000000085e+01
5.156000000000000227e+01
5.225999999999999801e+01
5.264999999999999858e+01
5.364000000000000057e+01
5.421999999999999886e+01
5.450000000000000000e+01
5.652000000000000313e+01
5.817000000000000171e+01
5.856000000000000227e+01
6.035000000000000142e+01
6.064999999999999858e+01
6.078999999999999915e+01
6.120000000000000284e+01
6.316000000000000369e+01
6.476999999999999602e+01
6.507000000000000739e+01
6.550000000000000000e+01
6.628000000000000114e+01
6.715000000000000568e+01
6.773000000000000398e+01
6.925000000000000000e+01
6.992000000000000171e+01
7.065000000000000568e+01
7.109000000000000341e+01
7.128000000000000114e+01
7.246000000000000796e+01
7.278000000000000114e+01
7.284000000000000341e+01
7.314000000000000057e+01
7.337000000000000455e+01
7.515999999999999659e+01
7.543000000000000682e+01
7.551000000000000512e+01
7.575000000000000000e+01
7.682000000000000739e+01
7.756000000000000227e+01
7.800000000000000000e+01
7.814000000000000057e+01
7.892000000000000171e+01
7.962999999999999545e+01
8.031000000000000227e+01
8.165000000000000568e+01
8.287999999999999545e+01
8.368000000000000682e+01
8.532999999999999829e+01
8.570000000000000284e+01
8.659000000000000341e+01
8.787000000000000455e+01
8.825000000000000000e+01
8.859000000000000341e+01
8.912000000000000455e+01
8.990999999999999659e+01
9.037000000000000455e+01
9.064000000000000057e+01
9.195000000000000284e+01
9.243000000000000682e+01
9.243999999999999773e+01
9.268000000000000682e+01
9.268999999999999773e+01
9.300000000000000000e+01
9.401999999999999602e+01
9.446000000000000796e+01
9.471000000000000796e+01
9.504000000000000625e+01
9.653000000000000114e+01
9.676999999999999602e+01
9.681000000000000227e+01
9.707000000000000739e+01
9.751000000000000512e+01
9.832999999999999829e+01
9.882000000000000739e+01
9.887000000000000455e+01
9.999000000000000909e+01
1.009600000000000080e+02
1.013400000000000034e+02
1.015799999999999983e+02
1.030000000000000000e+02
1.033700000000000045e+02
1.038299999999999983e+02
1.062199999999999989e+02
1.068299999999999983e+02
1.102000000000000028e+02
1.107300000000000040e+02
1.111000000000000085e+02
1.129600000000000080e+02
1.132100000000000080e+02
1.135499999999999972e+02
1.152199999999999989e+02
1.153299999999999983e+02
1.156500000000000057e+02
1.172699999999999960e+02
1.173900000000000006e+02
1.186000000000000085e+02
1.192999999999999972e+02
1.196400000000000006e+02
1.213400000000000034e+02
1.216700000000000017e+02
1.217600000000000051e+02
1.220799999999999983e+02
1.235900000000000034e+02
1.242100000000000080e+02
1.257300000000000040e+02
1.265900000000000034e+02
1.271099999999999994e+02
1.278200000000000074e+02
1.283600000000000136e+02
1.291500000000000057e+02
1.293199999999999932e+02
1.330900000000000034e+02
1.336800000000000068e+02
1.338499999999999943e+02
1.347800000000000011e+02
1.352299999999999898e+02
1.360699999999999932e+02
1.368700000000000045e+02
1.381599999999999966e+02
1.389000000000000057e+02
1.393400000000000034e+02
1.397000000000000171e+02
1.413799999999999955e+02
1.416200000000000045e+02
1.421800000000000068e+02
1.426200000000000045e+02
1.445099999999999909e+02
1.450900000000000034e+02
1.457100000000000080e+02
1.466700000000000159e+02
1.471200000000000045e+02
1.473199999999999932e+02
1.477599999999999909e+02
1.487000000000000171e+02
1.491899999999999977e+02
1.493600000000000136e+02
1.513799999999999955e+02
1.514099999999999966e+02
1.531599999999999966e+02
1.535000000000000000e+02
1.555999999999999943e+02
1.563799999999999955e+02
1.567000000000000171e+02
1.572299999999999898e+02
1.592599999999999909e+02
1.595099999999999909e+02
1.599000000000000057e+02
1.604099999999999966e+02
1.611100000000000136e+02
1.619900000000000091e+02
1.650500000000000114e+02
1.657500000000000000e+02
1.672000000000000171e+02
1.677800000000000011e+02
1.682800000000000011e+02
1.698100000000000023e+02
1.704099999999999966e+02
1.712599999999999909e+02
1.740099999999999909e+02
1.743300000000000125e+02
1.773600000000000136e+02
1.775500000000000114e+02
1.780200000000000102e+02
1.786599999999999966e+02
1.799300000000000068e+02
1.808700000000000045e+02
1.820600000000000023e+02
1.841100000000000136e+02
1.845000000000000000e+02
1.848300000000000125e+02
1.866400000000000148e+02
1.878000000000000114e+02
1.885399999999999920e+02
1.886599999999999966e+02
1.907000000000000171e+02
1.916700000000000159e+02
1.922100000000000080e+02
1.939000000000000057e+02
1.945200000000000102e+02
1.949099999999999966e+02
1.956700000000000159e+02
1.968400000000000034e+02
1.971200000000000045e+02
1.989300000000000068e+02
1.991700000000000159e+02
2.001700000000000159e+02
2.012500000000000000e+02
2.015399999999999920e+02
2.024099999999999966e+02
2.034800000000000182e+02
2.036500000000000057e+02
2.057800000000000011e+02
2.070200000000000102e+02
2.073700000000000045e+02
2.075600000000000023e+02
2.082300000000000182e+02
2.091500000000000057e+02
2.095900000000000034e+02
2.102700000000000102e+02
2.106100000000000136e+02
2.116100000000000136e+02
2.120699999999999932e+02
2.129600000000000080e+02
2.142199999999999989e+02
2.155800000000000125e+02
2.157100000000000080e+02
2.180399999999999920e+02
2.181599999999999966e+02
2.198499999999999943e+02
2.209099999999999966e+02
2.215300000000000011e+02
2.230000000000000000e+02
2.246800000000000068e+02
2.269699999999999989e+02
2.271800000000000068e+02
2.278700000000000045e+02
2.292800000000000011e+02
2.302000000000000171e+02
2.311400000000000148e+02
2.313199999999999932e+02
2.331800000000000068e+02
2.338400000000000034e+02
2.351800000000000068e+02
2.370300000000000011e+02
2.376400000000000148e+02
2.377800000000000011e+02
2.406500000000000057e+02
2.417400000000000091e+02
2.429500000000000171e+02
2.433000000000000114e+02
2.445999999999999943e+02
2.449000000000000057e+02
2.501800000000000068e+02
2.502100000000000080e+02
2.515300000000000011e+02
2.522500000000000000e+02
2.527600000000000193e+02
2.531700000000000159e+02
2.535900000000000034e+02
2.551899999999999977e+02
2.552000000000000171e+02
2.561700000000000159e+02
2.566200000000000045e+02
2.572800000000000296e+02
2.577699999999999818e+02
2.597200000000000273e+02
2.631700000000000159e+02
2.647200000000000273e+02
2.651700000000000159e+02
2.674499999999999886e+02
2.682300000000000182e+02
2.695699999999999932e+02
2.704200000000000159e+02
2.725900000000000318e+02
2.746700000000000159e+02
2.751100000000000136e+02
2.767500000000000000e+02
2.772099999999999795e+02
2.781200000000000045e+02
2.792599999999999909e+02
2.792800000000000296e+02
2.796899999999999977e+02
2.814900000000000091e+02
2.821800000000000068e+02
2.836399999999999864e+02
2.836999999999999886e+02
2.855300000000000296e+02
2.858799999999999955e+02
2.871000000000000227e+02
2.871600000000000250e+02
2.879000000000000341e+02
2.895000000000000000e+02
2.911700000000000159e+02
2.922699999999999818e+02
2.952900000000000205e+02
2.964499999999999886e+02
2.974399999999999977e+02
2.977099999999999795e+02
2.977500000000000000e+02
2.997099999999999795e+02
3.001999999999999886e+02
3.005900000000000318e+02
3.017900000000000205e+02
3.021800000000000068e+02
3.022400000000000091e+02
3.037300000000000182e+02
3.037699999999999818e+02
3.044100000000000250e+02
3.044700000000000273e+02
3.065300000000000296e+02
3.069100000000000250e+02
3.076500000000000341e+02
3.085500000000000114e+02
3.098000000000000114e+02
3.106000000000000227e+02
3.107300000000000182e+02
3.111500000000000341e+02
3.126299999999999955e+02
3.145099999999999909e+02
3.145799999999999841e+02
3.162200000000000273e+02
3.169200000000000159e+02
3.177699999999999818e+02
3.185400000000000205e+02
3.200699999999999932e+02
3.205600000000000023e+02
3.207099999999999795e+02
3.208799999999999955e+02
3.227699999999999818e+02
3.228799999999999955e+02
3.256800000000000068e+02
3.257300000000000182e+02
3.263500000000000227e+02
3.268899999999999864e+02
3.285099999999999909e+02
3.301500000000000341e+02
3.303600000000000136e+02
3.306299999999999955e+02
3.319800000000000182e+02
3.323899999999999864e+02
3.326700000000000159e+02
3.341999999999999886e+02
3.350799999999999841e+02
3.371200000000000045e+02
3.376899999999999977e+02
3.401399999999999864e+02
3.408899999999999864e+02
3.424599999999999795e+02
3.435699999999999932e+02
3.445099999999999909e+02
3.450799999999999841e+02
3.465600000000000023e+02
3.480000000000000000e+02
3.484599999999999795e+02
3.492800000000000296e+02
3.506299999999999955e+02
3.523100000000000023e+02
3.523899999999999864e+02
3.526600000000000250e+02
3.558299999999999841e+02
3.562300000000000182e+02
3.565600000000000023e+02
3.576899999999999977e+02
3.578500000000000227e+02
3.595400000000000205e+02
3.600699999999999932e+02
3.605300000000000296e+02
3.615699999999999932e+02
3.621399999999999864e+02
3.626899999999999977e+02
3.642300000000000182e+02
3.654200000000000159e+02
3.655099999999999909e+02
3.655699999999999932e+02
3.662900000000000205e+02
3.686100000000000136e+02
3.689499999999999886e+02
3.703600000000000136e+02
3.707599999999999909e+02
3.708000000000000114e+02
3.711500000000000341e+02
3.713199999999999932e+02
3.728100000000000023e+02
3.734100000000000250e+02
3.738500000000000227e+02
3.741899999999999977e+02
3.751299999999999955e+02
3.762599999999999909e+02
3.768199999999999932e+02
3.774200000000000159e+02
3.775799999999999841e+02
3.783299999999999841e+02
3.783600000000000136e+02
3.797800000000000296e+02
3.807500000000000000e+02
3.836999999999999886e+02
3.842800000000000296e+02
3.857300000000000182e+02
3.863299999999999841e+02
3.863500000000000227e+02
3.871999999999999886e+02
3.877800000000000296e+02
3.899800000000000182e+02
3.900699999999999932e+02
3.902599999999999909e+02
3.907800000000000296e+02
3.907800000000000296e+02
3.925000000000000000e+02
3.928100000000000023e+02
3.928500000000000227e+02
3.930900000000000318e+02
3.945500000000000114e+02
3.947100000000000364e+02
3.951299999999999955e+02
3.971700000000000159e+02
3.987400000000000091e+02
4.000400000000000205e+02
4.008000000000000114e+02
4.021200000000000045e+02
4.024900000000000091e+02
4.031000000000000227e+02
4.046200000000000045e+02
4.048100000000000023e+02
4.051500000000000341e+02
4.051999999999999886e+02
4.053199999999999932e+02
4.068500000000000227e+02
4.079600000000000364e+02
4.085199999999999818e+02
4.085500000000000114e+02
4.101600000000000250e+02
4.106500000000000341e+02
4.107599999999999909e+02
4.110600000000000023e+02
4.114499999999999886e+02
4.121899999999999977e+02
4.128299999999999841e+02
4.134700000000000273e+02
4.141700000000000159e+02
4.142100000000000364e+02
4.149200000000000159e+02
4.156500000000000341e+02
4.159200000000000159e+02
4.175600000000000023e+02
4.176899999999999977e+02
4.179600000000000364e+02
4.180900000000000318e+02
4.182599999999999909e+02
4.188799999999999955e+02
4.196000000000000227e+02
4.208799999999999955e+02
4.211299999999999955e+02
4.229200000000000159e+02
4.231999999999999886e+02
4.232200000000000273e+02
4.234300000000000068e+02
4.247500000000000000e+02
4.258299999999999841e+02
4.268000000000000114e+02
4.274700000000000273e+02
4.281899999999999977e+02
4.286500000000000341e+02
4.288500000000000227e+02
4.288500000000000227e+02
4.295099999999999909e+02
4.302100000000000364e+02
4.322500000000000000e+02
4.324900000000000091e+02
4.345600000000000023e+02
4.347100000000000364e+02
4.347800000000000296e+02
4.350900000000000318e+02
4.371399999999999864e+02
4.386200000000000045e+02
4.388000000000000114e+02
4.400099999999999909e+02
4.407200000000000273e+02
4.408600000000000136e+02
4.414100000000000250e+02
4.415500000000000114e+02
4.429000000000000341e+02
4.430799999999999841e+02
4.436200000000000045e+02
4.442200000000000273e+02
4.451200000000000045e+02
4.457500000000000000e+02
4.471500000000000341e+02
4.477200000000000273e+02
4.478299999999999841e+02
4.493100000000000023e+02
4.493500000000000227e+02
4.498899999999999864e+02
4.500500000000000114e+02
4.519200000000000159e+02
4.523899999999999864e+02
4.531000000000000227e+02
4.535300000000000296e+02
4.539399999999999977e+02
4.551500000000000341e+02
4.556500000000000341e+02
4.559900000000000091e+02
4.572200000000000273e+02
4.575000000000000000e+02
4.577599999999999909e+02
4.578799999999999955e+02
4.580900000000000318e+02
4.592599999999999909e+02
4.599900000000000091e+02
4.613500000000000227e+02
4.616200000000000045e+02
4.618299999999999841e+02
4.620199999999999818e+02
4.638600000000000136e+02
4.640600000000000023e+02
4.642200000000000273e+02
4.657500000000000000e+02
4.659000000000000341e+02
4.662800000000000296e+02
4.670000000000000000e+02
4.674600000000000364e+02
4.679300000000000068e+02
4.690500000000000114e+02
4.692699999999999818e+02
4.695699999999999932e+02
4.707300000000000182e+02
4.710799999999999841e+02
4.718799999999999955e+02
4.732100000000000364e+02
4.735500000000000114e+02
4.739100000000000250e+02
4.740799999999999841e+02
4.746100000000000136e+02
4.759300000000000068e+02
4.761100000000000136e+02
4.771399999999999864e+02
4.777400000000000091e+02
4.780199999999999818e+02
4.783100000000000023e+02
4.789900000000000091e+02
4.798700000000000045e+02
4.800600000000000023e+02
4.810699999999999932e+02
4.810900000000000318e+02
4.829900000000000091e+02
4.839700000000000273e+02
4.849300000000000068e+02
4.850500000000000114e+02
4.851100000000000136e+02
4.869499999999999886e+02
4.879499999999999886e+02
4.890000000000000000e+02
4.892800000000000296e+02
4.899900000000000091e+02
4.909700000000000273e+02
4.910400000000000205e+02
4.919900000000000091e+02
4.930200000000000387e+02
4.931600000000000250e+02
4.941200000000000045e+02
4.950699999999999932e+02
4.951800000000000068e+02
4.969700000000000273e+02
4.969700000000000273e+02
4.971100000000000136e+02
4.991399999999999864e+02
4.999200000000000159e+02
4.999900000000000091e+02
5.011800000000000068e+02
5.019700000000000273e+02
5.020200000000000387e+02
5.020400000000000205e+02
5.032400000000000091e+02
5.040699999999999932e+02
5.059600000000000364e+02
5.061100000000000136e+02
5.069300000000000068e+02
5.081299999999999955e+02
5.081500000000000341e+02
5.089000000000000341e+02
5.101999999999999886e+02
5.102100000000000364e+02
5.109700000000000273e+02
5.109900000000000091e+02
5.120000000000000000e+02
5.122699999999999818e+02
5.129199999999999591e+02
5.131100000000000136e+02
5.140099999999999909e+02
5.148100000000000591e+02
5.148200000000000500e+02
5.151499999999999773e+02
5.169099999999999682e+02
5.169700000000000273e+02
5.179199999999999591e+02
5.188799999999999955e+02
5.189700000000000273e+02
5.190399999999999636e+02
5.198500000000000227e+02
5.199800000000000182e+02
5.209400000000000546e+02
5.210099999999999909e+02
5.219700000000000273e+02
5.220800000000000409e+02
5.230900000000000318e+02
5.238700000000000045e+02
5.241000000000000227e+02
5.268999999999999773e+02
5.269300000000000637e+02
5.287699999999999818e+02
5.290000000000000000e+02
5.290099999999999909e+02
5.298700000000000045e+02
5.301900000000000546e+02
5.308100000000000591e+02
5.310399999999999636e+02
5.319199999999999591e+02
5.322500000000000000e+02
5.331000000000000227e+02
5.340499999999999545e+02
5.342999999999999545e+02
5.358400000000000318e+02
5.360800000000000409e+02
5.363799999999999955e+02
5.368300000000000409e+02
5.371299999999999955e+02
5.378700000000000045e+02
5.381200000000000045e+02
5.398500000000000227e+02
5.399199999999999591e+02
5.401499999999999773e+02
5.409500000000000455e+02
5.411100000000000136e+02
5.428799999999999955e+02
5.433500000000000227e+02
5.437699999999999818e+02
5.440600000000000591e+02
5.442000000000000455e+02
5.445900000000000318e+02
5.449099999999999682e+02
5.458300000000000409e+02
5.461000000000000227e+02
5.462500000000000000e+02
5.469500000000000455e+02
5.472899999999999636e+02
5.475199999999999818e+02
5.478799999999999955e+02
5.481299999999999955e+02
5.483300000000000409e+02
5.489800000000000182e+02
5.507100000000000364e+02
5.510099999999999909e+02
5.510399999999999636e+02
5.511900000000000546e+02
5.525600000000000591e+02
5.530399999999999636e+02
5.530700000000000500e+02
5.550900000000000318e+02
5.551200000000000045e+02
5.551399999999999864e+02
5.568200000000000500e+02
5.578100000000000591e+02
5.581299999999999955e+02
5.593100000000000591e+02
5.601699999999999591e+02
5.608400000000000318e+02
5.612899999999999636e+02
5.625600000000000591e+02
5.630299999999999727e+02
5.633400000000000318e+02
5.646000000000000227e+02
5.648700000000000045e+02
5.651000000000000227e+02
5.662400000000000091e+02
5.668899999999999864e+02
5.671399999999999864e+02
5.686299999999999955e+02
5.689400000000000546e+02
5.711000000000000227e+02
5.712899999999999636e+02
5.715700000000000500e+02
5.717500000000000000e+02
5.733700000000000045e+02
5.733999999999999773e+02
5.753100000000000591e+02
5.756299999999999955e+02
5.759800000000000182e+02
5.764900000000000091e+02
5.773700000000000045e+02
5.780199999999999818e+02
5.785800000000000409e+02
5.793999999999999773e+02
5.806599999999999682e+02
5.811499999999999773e+02
5.814600000000000364e+02
5.824500000000000455e+02
5.827699999999999818e+02
5.831900000000000546e+02
5.848400000000000318e+02
5.852799999999999727e+02
5.853799999999999955e+02
5.861699999999999591e+02
5.868600000000000136e+02
5.873300000000000409e+02
5.874099999999999682e+02
5.874800000000000182e+02
5.888899999999999864e+02
5.909199999999999591e+02
5.915600000000000591e+02
5.921499999999999773e+02
5.929400000000000546e+02
5.931100000000000136e+02
5.945700000000000500e+02
5.949900000000000091e+02
5.951499999999999773e+02
5.965900000000000318e+02
5.966399999999999864e+02
5.970299999999999727e+02
5.972799999999999727e+02
5.990700000000000500e+02
5.995700000000000500e+02
6.001299999999999955e+02
6.016100000000000136e+02
6.018500000000000227e+02
6.020399999999999636e+02
6.032500000000000000e+02
6.034600000000000364e+02
6.036800000000000637e+02
6.041100000000000136e+02
6.053600000000000136e+02
6.054900000000000091e+02
6.057599999999999909e+02
6.065500000000000682e+02
6.085800000000000409e+02
6.090900000000000318e+02
6.093200000000000500e+02
6.097899999999999636e+02
6.112799999999999727e+02
6.118200000000000500e+02
6.120700000000000500e+02
6.134300000000000637e+02
6.147000000000000455e+02
6.157400000000000091e+02
6.161399999999999864e+02
6.168700000000000045e+02
6.169300000000000637e+02
6.177799999999999727e+02
6.190700000000000500e+02
6.191000000000000227e+02
6.193300000000000409e+02
6.212899999999999636e+02
6.214700000000000273e+02
6.217599999999999909e+02
6.238200000000000500e+02
6.242000000000000455e+02
6.242200000000000273e+02
6.246900000000000546e+02
6.259500000000000455e+02
6.263300000000000409e+02
6.279800000000000182e+02
6.283799999999999955e+02
6.295299999999999727e+02
6.298200000000000500e+02
6.308400000000000318e+02
6.311599999999999682e+02
6.315700000000000500e+02
6.332300000000000182e+02
6.333000000000000682e+02
6.341200000000000045e+02
6.346299999999999955e+02
6.352699999999999818e+02
6.373500000000000227e+02
6.376000000000000227e+02
6.376800000000000637e+02
6.383600000000000136e+02
6.397200000000000273e+02
6.399500000000000455e+02
6.402699999999999818e+02
6.412200000000000273e+02
6.428600000000000136e+02
6.432300000000000182e+02
6.451200000000000045e+02
6.457000000000000455e+02
6.469800000000000182e+02
6.472200000000000273e+02
6.486399999999999864e+02
6.493100000000000591e+02
6.507400000000000091e+02
6.523700000000000045e+02
6.527699999999999818e+02
6.536900000000000546e+02
6.544099999999999682e+02
6.548300000000000409e+02
6.550600000000000591e+02
6.560299999999999727e+02
6.562799999999999727e+02
6.568500000000000227e+02
6.573400000000000318e+02
6.588999999999999773e+02
6.601399999999999864e+02
6.609199999999999591e+02
6.620000000000000000e+02
6.637799999999999727e+02
6.638999999999999773e+02
6.645000000000000000e+02
6.666800000000000637e+02
6.669800000000000182e+02
6.687200000000000273e+02
6.690399999999999636e+02
6.700800000000000409e+02
6.710700000000000500e+02
6.718999999999999773e+02
6.725800000000000409e+02
6.726200000000000045e+02
6.727300000000000182e+02
6.731399999999999864e+02
6.733100000000000591e+02
6.757400000000000091e+02
6.760900000000000318e+02
6.761800000000000637e+02
6.769900000000000091e+02
6.777699999999999818e+02
6.781399999999999864e+02
6.785399999999999636e+02
6.791299999999999955e+02
6.811299999999999955e+02
6.824300000000000637e+02
6.826499999999999773e+02
6.828300000000000409e+02
6.832699999999999818e+02
6.842000000000000455e+02
6.847599999999999909e+02
6.865700000000000500e+02
6.867200000000000273e+02
6.892000000000000455e+02
6.895900000000000318e+02
6.910399999999999636e+02
6.912500000000000000e+02
6.916100000000000136e+02
6.918500000000000227e+02
6.938999999999999773e+02
6.945800000000000409e+02
6.953999999999999773e+02
6.970099999999999909e+02
7.005000000000000000e+02
7.007699999999999818e+02
7.009800000000000182e+02
7.029800000000000182e+02
7.050399999999999636e+02
7.061000000000000227e+02
7.077699999999999818e+02
7.084400000000000546e+02
7.087100000000000364e+02
7.090399999999999636e+02
7.093200000000000500e+02
7.117500000000000000e+02
7.120099999999999909e+02
7.125700000000000500e+02
7.147699999999999818e+02
7.152300000000000182e+02
7.177599999999999909e+02
7.183000000000000682e+02
7.186900000000000546e+02
7.218300000000000409e+02
7.219800000000000182e+02
7.230800000000000409e+02
7.238600000000000136e+02
7.243600000000000136e+02
7.269700000000000273e+02
7.283200000000000500e+02
7.284600000000000364e+02
7.293000000000000682e+02
7.304199999999999591e+02
7.323700000000000045e+02
7.325099999999999909e+02
7.347200000000000273e+02
7.362899999999999636e+02
7.371299999999999955e+02
7.388200000000000500e+02
7.401599999999999682e+02
7.413600000000000136e+02
7.415700000000000500e+02
7.417000000000000455e+02
7.425000000000000000e+02
7.441599999999999682e+02
7.442699999999999818e+02
7.468300000000000409e+02
7.496200000000000045e+02
7.497500000000000000e+02
7.541599999999999682e+02
7.547300000000000182e+02
7.552400000000000091e+02
7.558200000000000500e+02
7.568100000000000591e+02
7.572699999999999818e+02
7.612500000000000000e+02
7.618100000000000591e+02
7.622599999999999909e+02
7.647599999999999909e+02
7.652599999999999909e+02
7.682400000000000091e+02
7.683100000000000591e+02
7.697200000000000273e+02
7.712200000000000273e+02
7.723000000000000682e+02
7.733899999999999864e+02
7.736599999999999682e+02
7.761299999999999955e+02
7.765600000000000591e+02
7.792400000000000091e+02
7.802599999999999909e+02
7.810000000000000000e+02
7.817599999999999909e+02
7.818700000000000045e+02
7.839900000000000091e+02
7.843200000000000500e+02
7.867500000000000000e+02
7.868000000000000682e+02
7.888500000000000227e+02
7.901299999999999955e+02
7.901399999999999864e+02
7.921900000000000546e+02
7.925900000000000318e+02
7.931700000000000728e+02
7.958999999999999773e+02
7.959700000000000273e+02
7.963200000000000500e+02
7.979400000000000546e+02
7.980500000000000682e+02
7.988200000000000500e+02
8.000099999999999909e+02
8.010800000000000409e+02
8.020600000000000591e+02
8.024600000000000364e+02
8.029800000000000182e+02
8.045600000000000591e+02
8.048600000000000136e+02
8.051100000000000136e+02
8.053400000000000318e+02
8.068600000000000136e+02
8.074600000000000364e+02
8.078700000000000045e+02
8.095099999999999909e+02
8.102000000000000455e+02
8.121700000000000728e+02
8.141399999999999864e+02
8.144400000000000546e+02
8.164300000000000637e+02
8.165199999999999818e+02
8.175800000000000409e+02
8.192400000000000091e+02
8.201399999999999864e+02
8.206399999999999864e+02
8.211000000000000227e+02
8.215099999999999909e+02
8.241299999999999955e+02
8.253400000000000318e+02
8.261599999999999682e+02
8.276499999999999773e+02
8.280700000000000500e+02
8.282400000000000091e+02
8.297599999999999909e+02
8.330199999999999818e+02
8.330600000000000591e+02
8.332100000000000364e+02
8.343700000000000045e+02
8.365600000000000591e+02
8.372599999999999909e+02
8.379200000000000728e+02
8.392899999999999636e+02
8.399500000000000455e+02
8.405099999999999909e+02
8.415099999999999909e+02
8.427300000000000182e+02
8.436200000000000045e+02
8.442699999999999818e+02
8.446700000000000728e+02
8.448100000000000591e+02
8.468500000000000227e+02
8.472500000000000000e+02
8.483999999999999773e+02
8.491299999999999955e+02
8.504800000000000182e+02
8.507500000000000000e+02
8.508799999999999955e+02
8.511700000000000728e+02
8.522200000000000273e+02
8.536800000000000637e+02
8.542400000000000091e+02
8.542599999999999909e+02
8.544200000000000728e+02
8.563600000000000136e+02
8.566599999999999682e+02
8.579300000000000637e+02
8.587400000000000091e+02
8.601800000000000637e+02
8.603100000000000591e+02
8.619200000000000728e+02
8.623300000000000409e+02
8.632599999999999909e+02
8.638500000000000227e+02
8.643799999999999955e+02
8.652899999999999636e+02
8.658999999999999773e+02
8.664400000000000546e+02
8.667699999999999818e+02
8.673600000000000136e+02
8.686499999999999773e+02
8.688000000000000682e+02
8.693899999999999864e+02
8.707300000000000182e+02
8.708500000000000227e+02
8.719400000000000546e+02
8.722500000000000000e+02
8.729099999999999682e+02
8.733300000000000409e+02
8.743700000000000045e+02
8.746100000000000136e+02
8.749300000000000637e+02
8.762000000000000455e+02
8.762799999999999727e+02
8.764600000000000364e+02
8.776900000000000546e+02
8.777300000000000182e+02
8.783300000000000409e+02
8.798000000000000682e+02
8.798700000000000045e+02
8.812500000000000000e+02
8.813100000000000591e+02
8.829800000000000182e+02
8.841499999999999773e+02
8.842300000000000182e+02
8.847300000000000182e+02
8.848000000000000682e+02
8.868300000000000409e+02
8.871800000000000637e+02
8.888799999999999955e+02
8.892300000000000182e+02
8.906299999999999955e+02
8.909099999999999682e+02
8.923400000000000318e+02
8.928700000000000045e+02
8.931700000000000728e+02
8.943600000000000136e+02
8.957699999999999818e+02
8.959600000000000364e+02
8.963899999999999864e+02
8.978100000000000591e+02
8.982100000000000364e+02
8.993600000000000136e+02
8.998400000000000318e+02
9.002599999999999909e+02
9.014300000000000637e+02
9.018799999999999955e+02
9.034700000000000273e+02
9.044600000000000364e+02
9.048500000000000227e+02
9.055099999999999909e+02
9.064900000000000091e+02
9.068400000000000318e+02
9.071100000000000136e+02
9.075500000000000682e+02
9.079099999999999682e+02
9.086800000000000637e+02
9.088799999999999955e+02
9.091800000000000637e+02
9.095900000000000318e+02
9.108799999999999955e+02
9.125800000000000409e+02
9.130600000000000591e+02
9.132799999999999727e+02
9.154900000000000091e+02
9.158200000000000500e+02
9.161200000000000045e+02
9.178799999999999955e+02
9.182899999999999636e+02
9.191100000000000136e+02
9.199400000000000546e+02
9.210000000000000000e+02
9.212000000000000455e+02
9.223999999999999773e+02
9.225000000000000000e+02
9.227500000000000000e+02
9.230700000000000500e+02
9.244700000000000273e+02
9.245399999999999636e+02
9.247799999999999727e+02
9.251200000000000045e+02
9.268100000000000591e+02
9.269200000000000728e+02
9.284500000000000455e+02
9.288400000000000318e+02
9.300600000000000591e+02
9.310199999999999818e+02
9.312799999999999727e+02
9.325199999999999818e+02
9.326399999999999864e+02
9.328700000000000045e+02
9.334500000000000455e+02
9.347200000000000273e+02
9.349300000000000637e+02
9.359800000000000182e+02
9.364400000000000546e+02
9.375900000000000318e+02
9.384700000000000273e+02
9.388400000000000318e+02
9.396399999999999864e+02
9.405199999999999818e+02
9.409800000000000182e+02
9.417100000000000364e+02
9.432799999999999727e+02
9.435000000000000000e+02
9.437500000000000000e+02
9.439500000000000455e+02
9.452500000000000000e+02
9.453600000000000136e+02
9.455199999999999818e+02
9.459900000000000091e+02
9.466399999999999864e+02
9.480099999999999909e+02
9.493700000000000045e+02
9.496399999999999864e+02
9.500500000000000682e+02
9.512400000000000091e+02
9.516800000000000637e+02
9.533300000000000409e+02
9.537100000000000364e+02
9.542300000000000182e+02
9.543100000000000591e+02
9.548000000000000682e+02
9.554800000000000182e+02
9.567500000000000000e+02
9.568500000000000227e+02
9.583999999999999773e+02
9.587699999999999818e+02
9.597500000000000000e+02
9.613600000000000136e+02
9.616399999999999864e+02
9.619300000000000637e+02
9.621599999999999682e+02
9.637599999999999909e+02
9.653100000000000591e+02
9.663799999999999955e+02
9.667000000000000455e+02
9.668200000000000500e+02
9.684200000000000728e+02
9.687699999999999818e+02
9.688500000000000227e+02
9.708000000000000682e+02
9.712799999999999727e+02
9.713799999999999955e+02
9.728300000000000409e+02
9.745299999999999727e+02
9.747200000000000273e+02
9.757899999999999636e+02
9.766200000000000045e+02
9.785099999999999909e+02
9.786800000000000637e+02
9.803799999999999955e+02
9.807200000000000273e+02
9.815000000000000000e+02
9.826299999999999955e+02
9.834200000000000728e+02
9.836800000000000637e+02
9.845099999999999909e+02
9.864800000000000182e+02
9.865900000000000318e+02
9.866299999999999955e+02
9.885299999999999727e+02
9.886299999999999955e+02
9.887200000000000273e+02
9.896700000000000728e+02
9.906499999999999773e+02
9.907200000000000273e+02
9.913899999999999864e+02
9.926000000000000227e+02
9.926800000000000637e+02
9.928600000000000136e+02
9.935299999999999727e+02
9.944099999999999682e+02
9.946499999999999773e+02
9.955600000000000591e+02
9.955600000000000591e+02
9.957500000000000000e+02
9.966900000000000546e+02
9.985900000000000318e+02
9.987200000000000273e+02
9.993300000000000409e+02
