1.552899999999999920e+02
6.369000000000000483e+01
7.881000000000000227e+01
8.370000000000000284e+01
1.751599999999999966e+02
2.353100000000000023e+02
3.056299999999999955e+02
3.716200000000000045e+02
3.744399999999999977e+02
3.812500000000000000e+02
4.070199999999999818e+02
4.223100000000000023e+02
5.615399999999999636e+02
6.209500000000000455e+02
8.300700000000000500e+02
8.504600000000000364e+02
1.641000000000000014e+01
2.742000000000000171e+01
5.532000000000000028e+01
6.323000000000000398e+01
6.679999999999999716e+01
8.631000000000000227e+01
9.470000000000000284e+01
1.351299999999999955e+02
2.008600000000000136e+02
2.407400000000000091e+02
2.499699999999999989e+02
2.533199999999999932e+02
2.616100000000000136e+02
2.649900000000000091e+02
2.976399999999999864e+02
3.458299999999999841e+02
3.663199999999999932e+02
3.770000000000000000e+02
3.791000000000000227e+02
3.908199999999999932e+02
4.091200000000000045e+02
4.275099999999999909e+02
4.390600000000000023e+02
4.490600000000000023e+02
4.521600000000000250e+02
4.764499999999999886e+02
4.817800000000000296e+02
4.858500000000000227e+02
4.920099999999999909e+02
5.061100000000000136e+02
5.086999999999999886e+02
5.107500000000000000e+02
5.261200000000000045e+02
5.286000000000000227e+02
5.377699999999999818e+02
5.435800000000000409e+02
5.508200000000000500e+02
5.541499999999999773e+02
5.572699999999999818e+02
5.739400000000000546e+02
6.247500000000000000e+02
6.287699999999999818e+02
6.471699999999999591e+02
6.540299999999999727e+02
6.560800000000000409e+02
6.648200000000000500e+02
6.687899999999999636e+02
6.820600000000000591e+02
6.920199999999999818e+02
7.108400000000000318e+02
7.151200000000000045e+02
7.240299999999999727e+02
7.411800000000000637e+02
7.609199999999999591e+02
7.630700000000000500e+02
7.666599999999999682e+02
7.705900000000000318e+02
7.793899999999999864e+02
7.931000000000000227e+02
7.995199999999999818e+02
8.025000000000000000e+02
8.067799999999999727e+02
8.118000000000000682e+02
8.241299999999999955e+02
8.312500000000000000e+02
8.333899999999999864e+02
8.501200000000000045e+02
8.525099999999999909e+02
8.562599999999999909e+02
8.818799999999999955e+02
9.005199999999999818e+02
9.100600000000000591e+02
9.132699999999999818e+02
9.239800000000000182e+02
9.267300000000000182e+02
9.308999999999999773e+02
9.343799999999999955e+02
9.365700000000000500e+02
9.390500000000000682e+02
9.561299999999999955e+02
9.753500000000000227e+02
9.824099999999999682e+02
9.855299999999999727e+02
9.890500000000000682e+02
9.993000000000000682e+02
8.970000000000000639e+00
3.242999999999999972e+01
5.881000000000000227e+01
1.028799999999999955e+02
1.335699999999999932e+02
1.769000000000000057e+02
1.887700000000000102e+02
1.957100000000000080e+02
2.051200000000000045e+02
2.295200000000000102e+02
2.458900000000000148e+02
2.503499999999999943e+02
2.529300000000000068e+02
2.920099999999999909e+02
2.978199999999999932e+02
3.002300000000000182e+02
3.471600000000000250e+02
3.538600000000000136e+02
3.599200000000000159e+02
3.867599999999999909e+02
3.958899999999999864e+02
4.157699999999999818e+02
4.181600000000000250e+02
4.209000000000000341e+02
4.418700000000000045e+02
4.444800000000000182e+02
4.686399999999999864e+02
4.815900000000000318e+02
5.416499999999999773e+02
5.498799999999999955e+02
5.781000000000000227e+02
5.942599999999999909e+02
6.210900000000000318e+02
6.467200000000000273e+02
6.520199999999999818e+02
6.977599999999999909e+02
8.000900000000000318e+02
8.058700000000000045e+02
8.673400000000000318e+02
8.847699999999999818e+02
8.900900000000000318e+02
9.307699999999999818e+02
9.416399999999999864e+02
9.497699999999999818e+02
9.679099999999999682e+02
9.775299999999999727e+02
