3.300000000000000266e+00
6.709999999999999964e+00
8.870000000000000995e+00
1.099000000000000021e+01
1.292999999999999972e+01
1.483999999999999986e+01
2.099000000000000199e+01
2.287999999999999901e+01
2.503000000000000114e+01
2.503999999999999915e+01
2.715000000000000213e+01
2.892999999999999972e+01
2.939000000000000057e+01
3.291000000000000369e+01
3.310000000000000142e+01
3.667000000000000171e+01
3.692000000000000171e+01
3.707000000000000028e+01
3.907999999999999829e+01
3.917000000000000171e+01
4.056000000000000227e+01
4.070000000000000284e+01
4.277000000000000313e+01
4.285999999999999943e+01
4.298000000000000398e+01
4.311999999999999744e+01
4.643999999999999773e+01
4.700999999999999801e+01
5.262000000000000455e+01
5.263000000000000256e+01
5.692999999999999972e+01
5.835000000000000142e+01
6.307000000000000028e+01
6.926000000000000512e+01
7.062000000000000455e+01
7.104000000000000625e+01
7.325000000000000000e+01
7.671000000000000796e+01
7.851999999999999602e+01
8.051000000000000512e+01
8.093999999999999773e+01
8.267000000000000171e+01
8.450000000000000000e+01
8.485999999999999943e+01
8.707000000000000739e+01
9.643999999999999773e+01
1.028100000000000023e+02
1.055499999999999972e+02
1.070799999999999983e+02
1.082999999999999972e+02
1.092699999999999960e+02
1.105900000000000034e+02
1.127999999999999972e+02
1.129399999999999977e+02
1.175799999999999983e+02
1.184399999999999977e+02
1.186899999999999977e+02
1.222100000000000080e+02
1.227900000000000063e+02
1.233700000000000045e+02
1.252900000000000063e+02
1.265700000000000074e+02
1.382199999999999989e+02
1.386400000000000148e+02
1.436400000000000148e+02
1.445200000000000102e+02
1.446899999999999977e+02
1.476800000000000068e+02
1.549099999999999966e+02
1.579399999999999977e+02
1.582400000000000091e+02
1.591700000000000159e+02
1.605500000000000114e+02
1.612700000000000102e+02
1.619799999999999898e+02
1.683199999999999932e+02
1.743400000000000034e+02
1.765600000000000023e+02
1.769300000000000068e+02
1.787500000000000000e+02
1.793100000000000023e+02
1.834500000000000171e+02
1.854399999999999977e+02
1.916299999999999955e+02
1.927100000000000080e+02
1.950200000000000102e+02
1.995999999999999943e+02
2.007199999999999989e+02
2.063900000000000148e+02
2.066500000000000057e+02
2.083300000000000125e+02
2.089500000000000171e+02
2.098400000000000034e+02
2.109399999999999977e+02
2.115300000000000011e+02
2.138300000000000125e+02
2.154200000000000159e+02
2.186200000000000045e+02
2.243199999999999932e+02
2.322199999999999989e+02
2.323100000000000023e+02
2.326500000000000057e+02
2.350999999999999943e+02
2.356500000000000057e+02
2.381200000000000045e+02
2.386299999999999955e+02
2.387400000000000091e+02
2.412899999999999920e+02
2.422000000000000171e+02
2.471200000000000045e+02
2.481299999999999955e+02
2.514900000000000091e+02
2.555900000000000034e+02
2.582699999999999818e+02
2.698400000000000318e+02
2.730300000000000296e+02
2.732900000000000205e+02
2.759300000000000068e+02
2.809399999999999977e+02
2.850500000000000114e+02
2.865300000000000296e+02
2.878199999999999932e+02
2.928700000000000045e+02
2.975000000000000000e+02
3.004399999999999977e+02
3.077500000000000000e+02
3.086600000000000250e+02
3.103600000000000136e+02
3.115600000000000023e+02
3.137300000000000182e+02
3.139700000000000273e+02
3.198600000000000136e+02
3.204800000000000182e+02
3.208400000000000318e+02
3.211899999999999977e+02
3.213799999999999955e+02
3.224800000000000182e+02
3.297800000000000296e+02
3.305199999999999818e+02
3.313400000000000318e+02
3.426399999999999864e+02
3.444399999999999977e+02
3.491200000000000045e+02
3.515000000000000000e+02
3.557200000000000273e+02
3.557800000000000296e+02
3.570799999999999841e+02
3.604700000000000273e+02
3.613899999999999864e+02
3.647300000000000182e+02
3.648000000000000114e+02
3.673799999999999955e+02
3.699499999999999886e+02
3.703500000000000227e+02
3.770699999999999932e+02
3.851500000000000341e+02
3.862500000000000000e+02
3.869399999999999977e+02
3.894499999999999886e+02
3.899000000000000341e+02
3.906800000000000068e+02
3.919900000000000091e+02
3.935699999999999932e+02
3.936999999999999886e+02
3.974000000000000341e+02
3.977300000000000182e+02
3.991399999999999864e+02
4.012900000000000205e+02
4.086899999999999977e+02
4.098199999999999932e+02
4.127300000000000182e+02
4.138100000000000023e+02
4.142300000000000182e+02
4.180900000000000318e+02
4.192300000000000182e+02
4.271800000000000068e+02
4.285900000000000318e+02
4.319800000000000182e+02
4.335000000000000000e+02
4.375000000000000000e+02
4.388500000000000227e+02
4.435699999999999932e+02
4.441899999999999977e+02
4.448700000000000045e+02
4.462599999999999909e+02
4.502300000000000182e+02
4.530199999999999818e+02
4.637100000000000364e+02
4.645400000000000205e+02
4.673199999999999932e+02
4.694200000000000159e+02
4.694200000000000159e+02
4.734499999999999886e+02
4.750500000000000114e+02
4.755000000000000000e+02
4.794700000000000273e+02
4.823400000000000318e+02
4.835799999999999841e+02
4.836700000000000159e+02
4.870300000000000296e+02
4.872599999999999909e+02
4.885500000000000114e+02
4.903899999999999864e+02
4.934499999999999886e+02
4.943000000000000114e+02
4.953500000000000227e+02
5.013199999999999932e+02
5.051600000000000250e+02
5.061999999999999886e+02
5.072200000000000273e+02
5.135099999999999909e+02
5.194700000000000273e+02
5.205800000000000409e+02
5.234400000000000546e+02
5.245700000000000500e+02
5.284500000000000455e+02
5.301599999999999682e+02
5.309099999999999682e+02
5.310000000000000000e+02
5.405199999999999818e+02
5.493100000000000591e+02
5.512400000000000091e+02
5.624199999999999591e+02
5.633999999999999773e+02
5.635900000000000318e+02
5.653700000000000045e+02
5.674500000000000455e+02
5.675399999999999636e+02
5.709500000000000455e+02
5.774500000000000455e+02
5.788100000000000591e+02
5.814300000000000637e+02
5.821399999999999864e+02
5.822699999999999818e+02
5.865500000000000682e+02
5.871599999999999682e+02
5.903100000000000591e+02
5.952599999999999909e+02
5.967899999999999636e+02
5.981599999999999682e+02
6.025900000000000318e+02
6.069600000000000364e+02
6.083300000000000409e+02
6.099800000000000182e+02
6.148400000000000318e+02
6.173899999999999864e+02
6.189800000000000182e+02
6.217100000000000364e+02
6.295600000000000591e+02
6.334400000000000546e+02
6.357400000000000091e+02
6.383200000000000500e+02
6.395099999999999909e+02
6.461599999999999682e+02
6.500500000000000682e+02
6.514800000000000182e+02
6.544800000000000182e+02
6.561000000000000227e+02
6.617000000000000455e+02
6.621599999999999682e+02
6.688799999999999955e+02
6.721499999999999773e+02
6.768500000000000227e+02
6.775800000000000409e+02
6.782000000000000455e+02
6.800700000000000500e+02
6.860500000000000682e+02
6.877000000000000455e+02
6.882699999999999818e+02
6.888799999999999955e+02
6.894300000000000637e+02
6.902000000000000455e+02
6.918200000000000500e+02
6.995099999999999909e+02
7.015900000000000318e+02
7.030600000000000591e+02
7.122100000000000364e+02
7.167100000000000364e+02
7.194300000000000637e+02
7.257599999999999909e+02
7.277899999999999636e+02
7.296100000000000136e+02
7.321800000000000637e+02
7.363200000000000500e+02
7.368999999999999773e+02
7.391599999999999682e+02
7.420399999999999636e+02
7.437799999999999727e+02
7.450299999999999727e+02
7.461299999999999955e+02
7.494400000000000546e+02
7.513400000000000318e+02
7.531000000000000227e+02
7.533700000000000045e+02
7.535600000000000591e+02
7.596200000000000045e+02
7.667799999999999727e+02
7.690500000000000682e+02
7.728700000000000045e+02
7.740800000000000409e+02
7.741299999999999955e+02
7.766100000000000136e+02
7.770500000000000682e+02
7.798100000000000591e+02
7.822300000000000182e+02
7.850500000000000682e+02
7.850900000000000318e+02
7.865700000000000500e+02
7.905000000000000000e+02
7.916900000000000546e+02
7.946499999999999773e+02
7.958999999999999773e+02
7.978899999999999864e+02
7.994900000000000091e+02
8.028799999999999955e+02
8.129800000000000182e+02
8.133600000000000136e+02
8.146599999999999682e+02
8.183700000000000045e+02
8.220399999999999636e+02
8.281599999999999682e+02
8.289600000000000364e+02
8.320399999999999636e+02
8.365000000000000000e+02
8.386800000000000637e+02
8.387100000000000364e+02
8.421299999999999955e+02
8.439800000000000182e+02
8.444300000000000637e+02
8.450299999999999727e+02
8.465500000000000682e+02
8.477500000000000000e+02
8.478999999999999773e+02
8.544700000000000273e+02
8.565500000000000682e+02
8.582599999999999909e+02
8.585700000000000500e+02
8.606700000000000728e+02
8.650399999999999636e+02
8.696599999999999682e+02
8.710500000000000682e+02
8.760199999999999818e+02
8.767100000000000364e+02
8.797899999999999636e+02
8.821200000000000045e+02
8.840000000000000000e+02
8.846900000000000546e+02
8.858200000000000500e+02
8.878100000000000591e+02
8.884900000000000091e+02
8.901599999999999682e+02
8.952599999999999909e+02
8.991800000000000637e+02
8.998700000000000045e+02
9.043200000000000500e+02
9.099700000000000273e+02
9.136900000000000546e+02
9.157200000000000273e+02
9.158700000000000045e+02
9.256800000000000637e+02
9.279900000000000091e+02
9.305600000000000591e+02
9.339200000000000728e+02
9.356499999999999773e+02
9.378200000000000500e+02
9.379300000000000637e+02
9.398899999999999864e+02
9.416800000000000637e+02
9.436200000000000045e+02
9.437200000000000273e+02
9.439600000000000364e+02
9.461499999999999773e+02
9.497699999999999818e+02
9.519300000000000637e+02
9.540700000000000500e+02
9.582300000000000182e+02
9.599600000000000364e+02
9.617200000000000273e+02
9.657599999999999909e+02
9.681200000000000045e+02
9.699800000000000182e+02
9.702400000000000091e+02
9.721399999999999864e+02
9.758100000000000591e+02
9.796700000000000728e+02
9.797200000000000273e+02
9.838400000000000318e+02
9.838700000000000045e+02
9.839099999999999682e+02
9.859700000000000273e+02
9.897500000000000000e+02
9.917799999999999727e+02
9.938100000000000591e+02
9.938400000000000318e+02
9.996599999999999682e+02
9.998000000000000682e+02
