7.487000000000000455e+01
8.037999999999999545e+01
9.732000000000000739e+01
1.047199999999999989e+02
1.226200000000000045e+02
1.276000000000000085e+02
2.746200000000000045e+02
2.963000000000000114e+02
3.038500000000000227e+02
3.116999999999999886e+02
3.197800000000000296e+02
3.860799999999999841e+02
4.662400000000000091e+02
4.691399999999999864e+02
5.229500000000000455e+02
5.278999999999999773e+02
5.638400000000000318e+02
5.880600000000000591e+02
6.532500000000000000e+02
6.934500000000000455e+02
7.110500000000000682e+02
7.735800000000000409e+02
8.405299999999999727e+02
8.868300000000000409e+02
5.003000000000000114e+01
5.682999999999999829e+01
6.551000000000000512e+01
1.094300000000000068e+02
1.404500000000000171e+02
1.472800000000000011e+02
1.962000000000000171e+02
2.360200000000000102e+02
2.409000000000000057e+02
2.889700000000000273e+02
3.215900000000000318e+02
3.273700000000000045e+02
3.653700000000000045e+02
3.980099999999999909e+02
4.096200000000000045e+02
4.338500000000000227e+02
4.754000000000000341e+02
4.898899999999999864e+02
5.105000000000000000e+02
5.485700000000000500e+02
6.370900000000000318e+02
6.847699999999999818e+02
7.005700000000000500e+02
7.068600000000000136e+02
7.633300000000000409e+02
7.787799999999999727e+02
8.727200000000000273e+02
8.789800000000000182e+02
8.926299999999999955e+02
9.289700000000000273e+02
9.761000000000000227e+02
9.903600000000000136e+02
9.936599999999999682e+02
9.965000000000000000e+02
2.810000000000000142e+01
5.907999999999999829e+01
7.353000000000000114e+01
7.742000000000000171e+01
8.795000000000000284e+01
1.172900000000000063e+02
1.430699999999999932e+02
1.526599999999999966e+02
2.125099999999999909e+02
2.186700000000000159e+02
2.280900000000000034e+02
2.372199999999999989e+02
2.665000000000000000e+02
2.919599999999999795e+02
3.049100000000000250e+02
3.070699999999999932e+02
3.117200000000000273e+02
3.232200000000000273e+02
3.757400000000000091e+02
3.811100000000000136e+02
3.863600000000000136e+02
4.857900000000000205e+02
5.111899999999999977e+02
5.210900000000000318e+02
5.626599999999999682e+02
5.827300000000000182e+02
6.029199999999999591e+02
6.623700000000000045e+02
7.125199999999999818e+02
7.222100000000000364e+02
7.338200000000000500e+02
7.500700000000000500e+02
8.075800000000000409e+02
8.115700000000000500e+02
8.272100000000000364e+02
8.850399999999999636e+02
9.189500000000000455e+02
9.395399999999999636e+02
1.602299999999999898e+02
2.119300000000000068e+02
2.203499999999999943e+02
3.467400000000000091e+02
3.730900000000000318e+02
5.733899999999999864e+02
6.024600000000000364e+02
6.135299999999999727e+02
7.665199999999999818e+02
8.659500000000000455e+02
8.999200000000000728e+02
9.455099999999999909e+02
4.033799999999999955e+02
3.083600000000000136e+02
7.359600000000000364e+02
8.034400000000000546e+02
8.634200000000000728e+02
