8.070000000000000284e+00
1.539000000000000057e+01
3.144999999999999929e+01
9.371999999999999886e+01
1.741500000000000057e+02
1.773400000000000034e+02
1.877700000000000102e+02
2.396800000000000068e+02
2.455900000000000034e+02
2.520300000000000011e+02
2.910600000000000023e+02
2.968500000000000227e+02
2.991800000000000068e+02
3.653199999999999932e+02
3.857200000000000273e+02
3.949600000000000364e+02
4.201200000000000045e+02
4.408199999999999932e+02
4.768799999999999955e+02
4.805300000000000296e+02
5.252000000000000455e+02
5.385600000000000591e+02
5.407200000000000273e+02
5.426599999999999682e+02
5.532500000000000000e+02
5.605399999999999636e+02
6.207500000000000000e+02
6.279199999999999591e+02
7.231000000000000227e+02
7.402000000000000455e+02
7.599199999999999591e+02
7.697400000000000091e+02
7.783600000000000136e+02
7.922200000000000273e+02
8.324200000000000728e+02
8.491200000000000045e+02
8.664800000000000182e+02
8.854700000000000273e+02
8.890600000000000591e+02
9.359099999999999682e+02
9.406200000000000045e+02
9.488000000000000682e+02
9.671100000000000136e+02
9.743200000000000500e+02
9.845000000000000000e+02
