1.037000000000000099e+01
2.996999999999999886e+01
3.692000000000000171e+01
3.978999999999999915e+01
7.104000000000000625e+01
1.035199999999999960e+02
1.507000000000000171e+02
1.526400000000000148e+02
1.563600000000000136e+02
1.581700000000000159e+02
1.772100000000000080e+02
2.360500000000000114e+02
2.458199999999999932e+02
3.102699999999999818e+02
3.172400000000000091e+02
3.271700000000000159e+02
3.561200000000000045e+02
3.664200000000000159e+02
3.669599999999999795e+02
4.146500000000000341e+02
4.406700000000000159e+02
5.187100000000000364e+02
5.436000000000000227e+02
6.619900000000000091e+02
6.783700000000000045e+02
6.856200000000000045e+02
8.272200000000000273e+02
8.446399999999999864e+02
8.594700000000000273e+02
9.399300000000000637e+02
9.545299999999999727e+02
9.674099999999999682e+02
