5.270000000000000462e+00
5.959999999999999964e+00
7.810000000000000497e+00
8.210000000000000853e+00
1.000000000000000000e+01
1.054000000000000092e+01
1.176999999999999957e+01
1.240000000000000036e+01
1.281000000000000050e+01
1.453000000000000114e+01
1.496000000000000085e+01
1.558000000000000007e+01
1.660999999999999943e+01
1.707000000000000028e+01
1.778000000000000114e+01
1.876999999999999957e+01
1.930000000000000071e+01
2.101000000000000156e+01
2.287000000000000099e+01
2.419000000000000128e+01
5.624000000000000199e+01
5.785000000000000142e+01
5.885000000000000142e+01
5.956000000000000227e+01
6.003000000000000114e+01
6.107000000000000028e+01
6.159000000000000341e+01
6.228999999999999915e+01
6.317000000000000171e+01
6.371999999999999886e+01
6.528000000000000114e+01
6.564000000000000057e+01
6.604999999999999716e+01
6.743000000000000682e+01
6.779999999999999716e+01
6.956000000000000227e+01
7.017000000000000171e+01
7.170000000000000284e+01
7.359000000000000341e+01
1.061700000000000017e+02
1.076099999999999994e+02
1.083100000000000023e+02
1.091899999999999977e+02
1.106000000000000085e+02
1.106599999999999966e+02
1.128599999999999994e+02
1.128900000000000006e+02
1.150000000000000000e+02
1.151099999999999994e+02
1.157500000000000000e+02
1.170900000000000034e+02
1.173400000000000034e+02
1.179399999999999977e+02
1.192800000000000011e+02
1.196500000000000057e+02
1.201800000000000068e+02
1.214900000000000091e+02
1.560000000000000000e+02
1.575099999999999909e+02
1.582400000000000091e+02
1.584300000000000068e+02
1.596299999999999955e+02
1.604000000000000057e+02
1.608499999999999943e+02
1.608700000000000045e+02
1.618000000000000114e+02
1.625999999999999943e+02
1.633799999999999955e+02
1.638900000000000148e+02
1.648700000000000045e+02
1.660000000000000000e+02
1.662800000000000011e+02
1.670200000000000102e+02
1.680999999999999943e+02
1.692700000000000102e+02
1.695800000000000125e+02
1.705000000000000000e+02
1.720800000000000125e+02
1.733400000000000034e+02
2.046299999999999955e+02
2.066100000000000136e+02
2.073400000000000034e+02
2.087300000000000182e+02
2.088300000000000125e+02
2.095300000000000011e+02
2.108199999999999932e+02
2.114800000000000182e+02
2.116500000000000057e+02
2.129300000000000068e+02
2.138600000000000136e+02
2.143499999999999943e+02
2.150300000000000011e+02
2.160200000000000102e+02
2.166500000000000057e+02
2.171200000000000045e+02
2.181299999999999955e+02
2.193400000000000034e+02
2.205900000000000034e+02
2.226400000000000148e+02
2.552600000000000193e+02
2.559300000000000068e+02
2.566299999999999955e+02
2.576800000000000068e+02
2.584300000000000068e+02
2.588199999999999932e+02
2.598100000000000023e+02
2.610400000000000205e+02
2.621899999999999977e+02
2.623100000000000023e+02
2.632200000000000273e+02
2.643199999999999932e+02
2.645400000000000205e+02
2.653400000000000318e+02
2.667699999999999818e+02
2.669700000000000273e+02
2.676899999999999977e+02
2.689499999999999886e+02
2.696299999999999955e+02
2.702099999999999795e+02
2.717300000000000182e+02
2.724399999999999977e+02
2.750300000000000296e+02
3.048600000000000136e+02
3.055500000000000114e+02
3.071200000000000045e+02
3.076500000000000341e+02
3.076800000000000068e+02
3.089399999999999977e+02
3.092300000000000182e+02
3.097500000000000000e+02
3.113400000000000318e+02
3.116700000000000159e+02
3.118700000000000045e+02
3.126000000000000227e+02
3.136800000000000068e+02
3.139800000000000182e+02
3.141200000000000045e+02
3.157900000000000205e+02
3.160400000000000205e+02
3.160799999999999841e+02
3.179700000000000273e+02
3.183500000000000227e+02
3.184800000000000182e+02
3.204399999999999977e+02
3.206600000000000250e+02
3.231600000000000250e+02
3.541000000000000227e+02
3.554800000000000182e+02
3.564000000000000341e+02
3.576500000000000341e+02
3.579300000000000068e+02
3.596899999999999977e+02
3.598500000000000227e+02
3.609000000000000341e+02
3.619399999999999977e+02
3.620199999999999818e+02
3.635300000000000296e+02
3.640400000000000205e+02
3.641600000000000250e+02
3.661299999999999955e+02
3.661399999999999864e+02
3.664100000000000250e+02
3.683000000000000114e+02
3.691200000000000045e+02
3.704800000000000182e+02
3.713299999999999841e+02
3.728299999999999841e+02
4.048700000000000045e+02
4.058600000000000136e+02
4.070000000000000000e+02
4.073199999999999932e+02
4.090699999999999932e+02
4.092400000000000091e+02
4.094800000000000182e+02
4.100600000000000023e+02
4.114700000000000273e+02
4.117599999999999909e+02
4.129499999999999886e+02
4.137100000000000364e+02
4.139399999999999977e+02
4.158899999999999864e+02
4.161600000000000250e+02
4.165600000000000023e+02
4.179900000000000091e+02
4.183299999999999841e+02
4.203199999999999932e+02
4.215500000000000114e+02
4.241100000000000136e+02
4.541200000000000045e+02
4.545000000000000000e+02
4.546899999999999977e+02
4.550400000000000205e+02
4.569800000000000182e+02
4.573600000000000136e+02
4.574800000000000182e+02
4.593199999999999932e+02
4.595000000000000000e+02
4.598899999999999864e+02
4.617699999999999818e+02
4.618600000000000136e+02
4.631100000000000136e+02
4.639100000000000250e+02
4.640500000000000114e+02
4.658600000000000136e+02
4.659900000000000091e+02
4.663299999999999841e+02
4.681200000000000045e+02
4.684800000000000182e+02
4.702900000000000205e+02
4.727900000000000205e+02
5.035900000000000318e+02
5.060000000000000000e+02
5.070400000000000205e+02
5.071100000000000136e+02
5.082400000000000091e+02
5.093799999999999955e+02
5.098500000000000227e+02
5.103899999999999864e+02
5.114900000000000091e+02
5.122000000000000455e+02
5.124800000000000182e+02
5.135900000000000318e+02
5.143600000000000136e+02
5.147899999999999636e+02
5.156800000000000637e+02
5.170900000000000318e+02
5.177999999999999545e+02
5.197000000000000455e+02
5.199800000000000182e+02
5.222300000000000182e+02
5.536399999999999864e+02
5.540900000000000318e+02
5.548999999999999773e+02
5.559300000000000637e+02
5.562200000000000273e+02
5.571399999999999864e+02
5.584500000000000455e+02
5.593999999999999773e+02
5.594300000000000637e+02
5.605700000000000500e+02
5.615399999999999636e+02
5.627699999999999818e+02
5.640199999999999818e+02
5.649199999999999591e+02
5.654900000000000091e+02
5.661000000000000227e+02
5.675399999999999636e+02
5.683100000000000591e+02
5.697400000000000091e+02
5.705099999999999909e+02
5.732500000000000000e+02
6.019199999999999591e+02
6.049300000000000637e+02
6.049500000000000455e+02
6.058500000000000227e+02
6.073999999999999773e+02
6.079900000000000091e+02
6.081100000000000136e+02
6.101399999999999864e+02
6.102300000000000182e+02
6.102300000000000182e+02
6.123799999999999955e+02
6.124300000000000637e+02
6.129600000000000364e+02
6.145099999999999909e+02
6.145199999999999818e+02
6.166299999999999955e+02
6.166800000000000637e+02
6.188200000000000500e+02
6.194400000000000546e+02
6.209900000000000091e+02
6.220299999999999727e+02
6.232400000000000091e+02
6.536900000000000546e+02
6.552699999999999818e+02
6.556499999999999773e+02
6.566900000000000546e+02
6.581499999999999773e+02
6.589099999999999682e+02
6.590700000000000500e+02
6.604700000000000273e+02
6.611900000000000546e+02
6.616299999999999955e+02
6.618700000000000045e+02
6.625700000000000500e+02
6.633100000000000591e+02
6.647100000000000364e+02
6.655000000000000000e+02
6.668100000000000591e+02
6.685600000000000591e+02
6.690099999999999909e+02
6.715399999999999636e+02
7.016100000000000136e+02
7.035700000000000500e+02
7.038600000000000136e+02
7.048600000000000136e+02
7.058600000000000136e+02
7.062300000000000182e+02
7.073700000000000045e+02
7.076399999999999864e+02
7.081200000000000045e+02
7.087200000000000273e+02
7.095099999999999909e+02
7.104700000000000273e+02
7.110500000000000682e+02
7.117200000000000273e+02
7.126399999999999864e+02
7.138200000000000500e+02
7.142699999999999818e+02
7.148799999999999955e+02
7.159500000000000455e+02
7.175099999999999909e+02
7.181000000000000227e+02
7.202400000000000091e+02
7.227400000000000091e+02
7.514400000000000546e+02
7.522899999999999636e+02
7.542699999999999818e+02
7.549099999999999682e+02
7.554199999999999591e+02
7.575900000000000318e+02
7.577100000000000364e+02
7.577500000000000000e+02
7.597400000000000091e+02
7.598300000000000409e+02
7.600099999999999909e+02
7.620000000000000000e+02
7.628500000000000227e+02
7.630900000000000318e+02
7.641100000000000136e+02
7.650900000000000318e+02
7.662100000000000364e+02
7.686900000000000546e+02
7.695299999999999727e+02
7.709300000000000637e+02
7.745900000000000318e+02
8.009500000000000455e+02
8.041599999999999682e+02
8.043600000000000136e+02
8.050299999999999727e+02
8.051800000000000637e+02
8.067400000000000091e+02
8.074400000000000546e+02
8.076200000000000045e+02
8.090600000000000591e+02
8.096499999999999773e+02
8.097500000000000000e+02
8.118200000000000500e+02
8.118799999999999955e+02
8.139700000000000273e+02
8.141000000000000227e+02
8.160000000000000000e+02
8.161200000000000045e+02
8.163300000000000409e+02
8.185099999999999909e+02
8.186800000000000637e+02
8.209500000000000455e+02
8.243500000000000227e+02
8.518899999999999864e+02
8.530099999999999909e+02
8.540399999999999636e+02
8.540600000000000591e+02
8.551299999999999955e+02
8.565700000000000500e+02
8.568200000000000500e+02
8.571000000000000227e+02
8.573400000000000318e+02
8.591900000000000546e+02
8.595199999999999818e+02
8.612400000000000091e+02
8.613500000000000227e+02
8.618700000000000045e+02
8.635199999999999818e+02
8.641000000000000227e+02
8.656599999999999682e+02
8.657500000000000000e+02
8.673899999999999864e+02
8.677699999999999818e+02
8.700099999999999909e+02
8.983999999999999773e+02
9.007300000000000182e+02
9.013999999999999773e+02
9.029300000000000637e+02
9.030700000000000500e+02
9.053300000000000409e+02
9.057699999999999818e+02
9.067200000000000273e+02
9.075000000000000000e+02
9.080099999999999909e+02
9.089500000000000455e+02
9.096200000000000045e+02
9.102300000000000182e+02
9.110299999999999727e+02
9.125299999999999727e+02
9.130600000000000591e+02
9.133500000000000227e+02
9.148400000000000318e+02
9.154700000000000273e+02
9.155500000000000682e+02
9.180900000000000318e+02
9.202100000000000364e+02
9.224500000000000455e+02
9.486499999999999773e+02
9.491599999999999682e+02
9.518200000000000500e+02
9.522899999999999636e+02
9.541900000000000546e+02
9.545700000000000500e+02
9.548799999999999955e+02
9.567899999999999636e+02
9.568400000000000318e+02
9.573600000000000136e+02
9.589099999999999682e+02
9.591499999999999773e+02
9.595600000000000591e+02
9.611599999999999682e+02
9.617100000000000364e+02
9.620900000000000318e+02
9.635600000000000591e+02
9.637899999999999636e+02
9.654400000000000546e+02
9.657500000000000000e+02
9.658899999999999864e+02
9.680800000000000409e+02
9.703500000000000227e+02
9.725700000000000500e+02
