5.700000000000000178e+00
2.265000000000000213e+01
4.003999999999999915e+01
5.687000000000000455e+01
5.889000000000000057e+01
7.146000000000000796e+01
7.500000000000000000e+01
9.026999999999999602e+01
1.033700000000000045e+02
1.065300000000000011e+02
1.540000000000000000e+02
1.560099999999999909e+02
1.700200000000000102e+02
1.727000000000000171e+02
1.879300000000000068e+02
2.040999999999999943e+02
2.211100000000000136e+02
2.348000000000000114e+02
2.375800000000000125e+02
2.398000000000000114e+02
2.533499999999999943e+02
2.691200000000000045e+02
2.711299999999999955e+02
2.873600000000000136e+02
3.042500000000000000e+02
3.178299999999999841e+02
3.203400000000000318e+02
3.353799999999999955e+02
3.373899999999999864e+02
3.713400000000000318e+02
3.857699999999999818e+02
3.887500000000000000e+02
4.005000000000000000e+02
4.025199999999999818e+02
4.049900000000000091e+02
4.185699999999999932e+02
4.339600000000000364e+02
4.368199999999999932e+02
4.496399999999999864e+02
4.516600000000000250e+02
4.536700000000000159e+02
4.671000000000000227e+02
4.691100000000000136e+02
4.833199999999999932e+02
4.853400000000000318e+02
5.019399999999999977e+02
5.039499999999999886e+02
5.188899999999999864e+02
5.326399999999999864e+02
5.346499999999999773e+02
5.491800000000000637e+02
5.663700000000000045e+02
5.706100000000000136e+02
5.843799999999999955e+02
5.991200000000000045e+02
6.158500000000000227e+02
6.312899999999999636e+02
6.333000000000000682e+02
6.477500000000000000e+02
6.518200000000000500e+02
6.651499999999999773e+02
6.671599999999999682e+02
6.804500000000000455e+02
6.827500000000000000e+02
6.852500000000000000e+02
6.976699999999999591e+02
6.996900000000000546e+02
7.017000000000000455e+02
7.144500000000000455e+02
7.172000000000000455e+02
7.317799999999999727e+02
7.337899999999999636e+02
7.464199999999999591e+02
7.487699999999999818e+02
7.515900000000000318e+02
7.643100000000000591e+02
7.663200000000000500e+02
7.815099999999999909e+02
7.835800000000000409e+02
7.967599999999999909e+02
7.992799999999999727e+02
8.129900000000000091e+02
8.153799999999999955e+02
8.310800000000000409e+02
8.438100000000000591e+02
8.458700000000000045e+02
8.479700000000000273e+02
8.647699999999999818e+02
8.803300000000000409e+02
8.825000000000000000e+02
8.948100000000000591e+02
8.970700000000000500e+02
9.135199999999999818e+02
9.155500000000000682e+02
9.294099999999999682e+02
9.454200000000000728e+02
9.474300000000000637e+02
9.625800000000000409e+02
9.777799999999999727e+02
9.800800000000000409e+02
9.831499999999999773e+02
9.956800000000000637e+02
7.600000000000000533e+00
4.175999999999999801e+01
1.388100000000000023e+02
1.872299999999999898e+02
2.694200000000000159e+02
2.714399999999999977e+02
3.011100000000000136e+02
3.199800000000000182e+02
3.837599999999999909e+02
4.319900000000000091e+02
5.145099999999999909e+02
8.113600000000000136e+02
8.275199999999999818e+02
8.460700000000000500e+02
9.402000000000000455e+02
9.424099999999999682e+02
9.751900000000000546e+02
2.696100000000000136e+02
8.732300000000000182e+02
9.396900000000000546e+02
2.431500000000000057e+02
6.141699999999999591e+02
6.980000000000000426e+00
2.337999999999999901e+01
7.429999999999999716e+01
7.732000000000000739e+01
1.407199999999999989e+02
1.428700000000000045e+02
1.572700000000000102e+02
1.752100000000000080e+02
1.928300000000000125e+02
2.111599999999999966e+02
2.251400000000000148e+02
2.444699999999999989e+02
2.598400000000000318e+02
2.766899999999999977e+02
2.924000000000000341e+02
3.266800000000000068e+02
3.291399999999999864e+02
3.451899999999999977e+02
3.635500000000000114e+02
3.763700000000000045e+02
3.798899999999999864e+02
4.118600000000000136e+02
4.265000000000000000e+02
4.286000000000000227e+02
4.306299999999999955e+02
4.458500000000000227e+02
4.595799999999999841e+02
4.784000000000000341e+02
4.816200000000000045e+02
5.127599999999999909e+02
5.292699999999999818e+02
5.965099999999999909e+02
6.311699999999999591e+02
6.331800000000000637e+02
6.636100000000000136e+02
6.800900000000000318e+02
6.842500000000000000e+02
6.982400000000000091e+02
7.151599999999999682e+02
7.465299999999999727e+02
7.835500000000000682e+02
8.160500000000000682e+02
8.188000000000000682e+02
8.648899999999999864e+02
8.674900000000000091e+02
8.836100000000000136e+02
8.991700000000000728e+02
9.181100000000000136e+02
9.839300000000000637e+02
5.139999999999999680e+00
7.160000000000000142e+00
9.570000000000000284e+00
2.157000000000000028e+01
2.358999999999999986e+01
2.653999999999999915e+01
4.021000000000000085e+01
4.221999999999999886e+01
5.553000000000000114e+01
5.784000000000000341e+01
7.223000000000000398e+01
7.471000000000000796e+01
7.673999999999999488e+01
9.059000000000000341e+01
1.084399999999999977e+02
1.223900000000000006e+02
1.394099999999999966e+02
1.414200000000000159e+02
1.434399999999999977e+02
1.577199999999999989e+02
1.597700000000000102e+02
1.741500000000000057e+02
1.776100000000000136e+02
1.893600000000000136e+02
1.920000000000000000e+02
2.061100000000000136e+02
2.082000000000000171e+02
2.234000000000000057e+02
2.259699999999999989e+02
2.279800000000000182e+02
2.419000000000000057e+02
2.439200000000000159e+02
2.583899999999999864e+02
2.746299999999999955e+02
2.766399999999999864e+02
2.919800000000000182e+02
2.939900000000000091e+02
3.064900000000000091e+02
3.095000000000000000e+02
3.245799999999999841e+02
3.265900000000000318e+02
3.294100000000000250e+02
3.419300000000000068e+02
3.439399999999999977e+02
3.460000000000000000e+02
3.596899999999999977e+02
3.752599999999999909e+02
3.773000000000000114e+02
3.912500000000000000e+02
3.936000000000000227e+02
4.097900000000000205e+02
4.261399999999999864e+02
4.281899999999999977e+02
4.422800000000000296e+02
4.443100000000000023e+02
4.463199999999999932e+02
4.589700000000000273e+02
4.618100000000000023e+02
4.755099999999999909e+02
4.775199999999999818e+02
4.795300000000000296e+02
4.917400000000000091e+02
4.937599999999999909e+02
4.957700000000000387e+02
5.088199999999999932e+02
5.120700000000000500e+02
5.147100000000000364e+02
5.253600000000000136e+02
5.273899999999999864e+02
5.294300000000000637e+02
5.448799999999999955e+02
5.480399999999999636e+02
5.616399999999999864e+02
5.637899999999999636e+02
5.758000000000000682e+02
5.778100000000000591e+02
5.808500000000000227e+02
5.945900000000000318e+02
5.966000000000000227e+02
6.099700000000000273e+02
6.119800000000000182e+02
6.140000000000000000e+02
6.266100000000000136e+02
6.286299999999999955e+02
6.308100000000000591e+02
6.432799999999999727e+02
6.453100000000000591e+02
6.598000000000000682e+02
6.618200000000000500e+02
6.638400000000000318e+02
6.768899999999999864e+02
6.806599999999999682e+02
6.948000000000000682e+02
6.980299999999999727e+02
7.130600000000000591e+02
7.285000000000000000e+02
7.438300000000000409e+02
7.476900000000000546e+02
7.614600000000000364e+02
7.638000000000000682e+02
7.659099999999999682e+02
7.775700000000000500e+02
7.799300000000000637e+02
7.819400000000000546e+02
7.962899999999999636e+02
7.985199999999999818e+02
8.107200000000000273e+02
8.128300000000000409e+02
8.148400000000000318e+02
8.276299999999999955e+02
8.311399999999999864e+02
8.449500000000000455e+02
8.474900000000000091e+02
8.621299999999999955e+02
8.651200000000000045e+02
8.799600000000000364e+02
8.955099999999999909e+02
8.975199999999999818e+02
9.101700000000000728e+02
9.121800000000000637e+02
9.142599999999999909e+02
9.171299999999999955e+02
9.312899999999999636e+02
9.450900000000000318e+02
9.471200000000000045e+02
9.491599999999999682e+02
9.626299999999999955e+02
9.648400000000000318e+02
9.668600000000000136e+02
9.796800000000000637e+02
9.822799999999999727e+02
9.842900000000000773e+02
9.962699999999999818e+02
9.982799999999999727e+02
5.400000000000000355e+00
7.410000000000000142e+00
9.540000000000000924e+00
2.126999999999999957e+01
2.376000000000000156e+01
2.578000000000000114e+01
3.853000000000000114e+01
4.128000000000000114e+01
4.359000000000000341e+01
5.559000000000000341e+01
5.760000000000000142e+01
5.996000000000000085e+01
7.214000000000000057e+01
7.418999999999999773e+01
7.621999999999999886e+01
8.787000000000000455e+01
8.987999999999999545e+01
9.265000000000000568e+01
1.042999999999999972e+02
1.063100000000000023e+02
1.083200000000000074e+02
1.103299999999999983e+02
1.215700000000000074e+02
1.235900000000000034e+02
1.262400000000000091e+02
1.384900000000000091e+02
1.410600000000000023e+02
1.431700000000000159e+02
1.554900000000000091e+02
1.575000000000000000e+02
1.595099999999999909e+02
1.729000000000000057e+02
1.749099999999999966e+02
1.771599999999999966e+02
1.887599999999999909e+02
1.907700000000000102e+02
1.927800000000000011e+02
2.068300000000000125e+02
2.088400000000000034e+02
2.108499999999999943e+02
2.224800000000000182e+02
2.244900000000000091e+02
2.269000000000000057e+02
2.387700000000000102e+02
2.408199999999999932e+02
2.429000000000000057e+02
2.568500000000000227e+02
2.588700000000000045e+02
2.613600000000000136e+02
2.728100000000000023e+02
2.748199999999999932e+02
2.768299999999999841e+02
2.905600000000000023e+02
2.925900000000000318e+02
3.056200000000000045e+02
3.076299999999999955e+02
3.099100000000000250e+02
3.251600000000000250e+02
3.272099999999999795e+02
3.399399999999999977e+02
3.419499999999999886e+02
3.448400000000000318e+02
3.552900000000000205e+02
3.575099999999999909e+02
3.597300000000000182e+02
3.726700000000000159e+02
3.746899999999999977e+02
3.767300000000000182e+02
3.900799999999999841e+02
3.920900000000000318e+02
3.941100000000000136e+02
4.066700000000000159e+02
4.087300000000000182e+02
4.111399999999999864e+02
4.240199999999999818e+02
4.269800000000000182e+02
4.412800000000000296e+02
4.432900000000000205e+02
4.558299999999999841e+02
4.578400000000000318e+02
4.598500000000000227e+02
4.618799999999999955e+02
4.744399999999999977e+02
4.765000000000000000e+02
4.906200000000000045e+02
4.936600000000000250e+02
4.957100000000000364e+02
5.074700000000000273e+02
5.230800000000000409e+02
5.265199999999999818e+02
5.290399999999999636e+02
5.394199999999999591e+02
5.418200000000000500e+02
5.438500000000000227e+02
5.565600000000000591e+02
5.585900000000000318e+02
5.606000000000000227e+02
5.626200000000000045e+02
5.727100000000000364e+02
5.748000000000000682e+02
5.768300000000000409e+02
5.908600000000000136e+02
5.928700000000000045e+02
6.075700000000000500e+02
6.103300000000000409e+02
6.123600000000000136e+02
6.230900000000000318e+02
6.251000000000000227e+02
6.271100000000000136e+02
6.410900000000000318e+02
6.431000000000000227e+02
6.455800000000000409e+02
6.582100000000000364e+02
6.602400000000000091e+02
6.628700000000000045e+02
6.749300000000000637e+02
6.769500000000000455e+02
6.789700000000000273e+02
6.901499999999999773e+02
6.922200000000000273e+02
6.942400000000000091e+02
6.962599999999999909e+02
7.089199999999999591e+02
7.109300000000000637e+02
7.243799999999999955e+02
7.264099999999999682e+02
7.284199999999999591e+02
7.402500000000000000e+02
7.422699999999999818e+02
7.442799999999999727e+02
7.578799999999999955e+02
7.598999999999999773e+02
7.619099999999999682e+02
7.639199999999999591e+02
7.742200000000000273e+02
7.762300000000000182e+02
7.793500000000000227e+02
7.909300000000000637e+02
7.929500000000000455e+02
7.965000000000000000e+02
8.064300000000000637e+02
8.084400000000000546e+02
8.104500000000000455e+02
8.124700000000000273e+02
8.241700000000000728e+02
8.264600000000000364e+02
8.286499999999999773e+02
8.407799999999999727e+02
8.437500000000000000e+02
8.457599999999999909e+02
8.568200000000000500e+02
8.593999999999999773e+02
8.614099999999999682e+02
8.749600000000000364e+02
8.769800000000000182e+02
8.789900000000000091e+02
8.810000000000000000e+02
8.918200000000000500e+02
8.938300000000000409e+02
8.958500000000000227e+02
9.087899999999999636e+02
9.108100000000000591e+02
9.128999999999999773e+02
9.259600000000000364e+02
9.279700000000000273e+02
9.299800000000000182e+02
9.418700000000000045e+02
9.438799999999999955e+02
9.459400000000000546e+02
9.584200000000000728e+02
9.605399999999999636e+02
9.644800000000000182e+02
9.761900000000000546e+02
9.782000000000000455e+02
9.802300000000000182e+02
9.899500000000000455e+02
9.919600000000000364e+02
9.939700000000000273e+02
4.240000000000000213e+00
6.250000000000000000e+00
8.259999999999999787e+00
2.187999999999999901e+01
2.396000000000000085e+01
2.662000000000000099e+01
3.856000000000000227e+01
4.057000000000000028e+01
4.278000000000000114e+01
5.457999999999999829e+01
5.662000000000000455e+01
5.863000000000000256e+01
6.064000000000000057e+01
7.187000000000000455e+01
7.457999999999999829e+01
8.815999999999999659e+01
9.051000000000000512e+01
9.265999999999999659e+01
1.044300000000000068e+02
1.064500000000000028e+02
1.084699999999999989e+02
1.217999999999999972e+02
1.238100000000000023e+02
1.258200000000000074e+02
1.377299999999999898e+02
1.399000000000000057e+02
1.419699999999999989e+02
1.440300000000000011e+02
1.547800000000000011e+02
1.567899999999999920e+02
1.588000000000000114e+02
1.712800000000000011e+02
1.734900000000000091e+02
1.759900000000000091e+02
1.878400000000000034e+02
1.898499999999999943e+02
1.920800000000000125e+02
2.041100000000000136e+02
2.069099999999999966e+02
2.090900000000000034e+02
2.206800000000000068e+02
2.226899999999999977e+02
2.247100000000000080e+02
2.385600000000000023e+02
2.409000000000000057e+02
2.541700000000000159e+02
2.561800000000000068e+02
2.581899999999999977e+02
2.716800000000000068e+02
2.742300000000000182e+02
2.762400000000000091e+02
2.878299999999999841e+02
2.898500000000000227e+02
2.918899999999999864e+02
3.052900000000000205e+02
3.073000000000000114e+02
3.093100000000000023e+02
3.221999999999999886e+02
3.242500000000000000e+02
3.267099999999999795e+02
3.388700000000000045e+02
3.409000000000000341e+02
3.543500000000000227e+02
3.563600000000000136e+02
3.583700000000000045e+02
3.603899999999999864e+02
3.721299999999999955e+02
3.746200000000000045e+02
3.880600000000000023e+02
3.900799999999999841e+02
3.920900000000000318e+02
3.941000000000000227e+02
4.050699999999999932e+02
4.070799999999999841e+02
4.090900000000000318e+02
4.216500000000000341e+02
4.238299999999999841e+02
4.258500000000000227e+02
4.378899999999999864e+02
4.401299999999999955e+02
4.421700000000000159e+02
4.545500000000000114e+02
4.567400000000000091e+02
4.587599999999999909e+02
4.721299999999999955e+02
4.747400000000000091e+02
4.876299999999999955e+02
4.896399999999999864e+02
4.916500000000000341e+02
5.047800000000000296e+02
5.070300000000000296e+02
5.090900000000000318e+02
5.209300000000000637e+02
5.229400000000000546e+02
5.249500000000000455e+02
5.269800000000000182e+02
5.382400000000000091e+02
5.402500000000000000e+02
5.422599999999999909e+02
5.541399999999999864e+02
5.561499999999999773e+02
5.581699999999999591e+02
5.602899999999999636e+02
5.714300000000000637e+02
5.734400000000000546e+02
5.755800000000000409e+02
5.877000000000000455e+02
5.897899999999999636e+02
5.918200000000000500e+02
6.044199999999999591e+02
6.064500000000000455e+02
6.086100000000000136e+02
6.217400000000000091e+02
6.240099999999999909e+02
6.260399999999999636e+02
6.378400000000000318e+02
6.398700000000000045e+02
6.420500000000000682e+02
6.546399999999999864e+02
6.568899999999999864e+02
6.711599999999999682e+02
6.733500000000000227e+02
6.753999999999999773e+02
6.868600000000000136e+02
6.894400000000000546e+02
6.915199999999999818e+02
6.942400000000000091e+02
7.047100000000000364e+02
7.067200000000000273e+02
7.087400000000000091e+02
7.107500000000000000e+02
7.219500000000000455e+02
7.240299999999999727e+02
7.260399999999999636e+02
7.367799999999999727e+02
7.389099999999999682e+02
7.409199999999999591e+02
7.429400000000000546e+02
7.450299999999999727e+02
7.556699999999999591e+02
7.576900000000000546e+02
7.601100000000000136e+02
7.709099999999999682e+02
7.729200000000000728e+02
7.749300000000000637e+02
7.769400000000000546e+02
7.888999999999999773e+02
7.909200000000000728e+02
7.929400000000000546e+02
8.041299999999999955e+02
8.061499999999999773e+02
8.081599999999999682e+02
8.101700000000000728e+02
8.206200000000000045e+02
8.226499999999999773e+02
8.246599999999999682e+02
8.266700000000000728e+02
8.376000000000000227e+02
8.396200000000000045e+02
8.416399999999999864e+02
8.436700000000000728e+02
8.534400000000000546e+02
8.554600000000000364e+02
8.576100000000000136e+02
8.596200000000000045e+02
8.707100000000000364e+02
8.727200000000000273e+02
8.754300000000000637e+02
8.892100000000000364e+02
8.912300000000000182e+02
8.937300000000000182e+02
9.036000000000000227e+02
9.056700000000000728e+02
9.079600000000000364e+02
9.207899999999999636e+02
9.228000000000000682e+02
9.248700000000000045e+02
9.279600000000000364e+02
9.373100000000000591e+02
9.394200000000000728e+02
9.414300000000000637e+02
9.552699999999999818e+02
9.573100000000000591e+02
9.593200000000000500e+02
9.701200000000000045e+02
9.721399999999999864e+02
9.741499999999999773e+02
9.761599999999999682e+02
9.878200000000000500e+02
9.898300000000000409e+02
9.918500000000000227e+02
9.938700000000000045e+02
4.389999999999999680e+00
6.400000000000000355e+00
8.410000000000000142e+00
1.041999999999999993e+01
2.137999999999999901e+01
2.339000000000000057e+01
2.542999999999999972e+01
3.900000000000000000e+01
4.103000000000000114e+01
4.303999999999999915e+01
5.539000000000000057e+01
5.742000000000000171e+01
7.090999999999999659e+01
7.292000000000000171e+01
7.493999999999999773e+01
7.696000000000000796e+01
8.776000000000000512e+01
8.976999999999999602e+01
9.178000000000000114e+01
1.049800000000000040e+02
1.072300000000000040e+02
1.095400000000000063e+02
1.204399999999999977e+02
1.224600000000000080e+02
1.247800000000000011e+02
1.274900000000000091e+02
1.380200000000000102e+02
1.400300000000000011e+02
1.425800000000000125e+02
1.551100000000000136e+02
1.576299999999999955e+02
1.700900000000000034e+02
1.721200000000000045e+02
1.746100000000000136e+02
1.880800000000000125e+02
1.900900000000000034e+02
1.921100000000000136e+02
2.034699999999999989e+02
2.055500000000000114e+02
2.083900000000000148e+02
2.202700000000000102e+02
2.222800000000000011e+02
2.243100000000000023e+02
2.372700000000000102e+02
2.392800000000000011e+02
2.415200000000000102e+02
2.532100000000000080e+02
2.554399999999999977e+02
2.575699999999999932e+02
2.700000000000000000e+02
2.720099999999999909e+02
2.740199999999999818e+02
2.760400000000000205e+02
2.872599999999999909e+02
2.892699999999999818e+02
2.912900000000000205e+02
3.031500000000000341e+02
3.051800000000000068e+02
3.071999999999999886e+02
3.202200000000000273e+02
3.222300000000000182e+02
3.242500000000000000e+02
3.368500000000000227e+02
3.388600000000000136e+02
3.409000000000000341e+02
3.429200000000000159e+02
3.538299999999999841e+02
3.558400000000000318e+02
3.580799999999999841e+02
3.711999999999999886e+02
3.732099999999999795e+02
3.869100000000000250e+02
3.898600000000000136e+02
3.922900000000000205e+02
4.039399999999999977e+02
4.060199999999999818e+02
4.200400000000000205e+02
4.222400000000000091e+02
4.371999999999999886e+02
4.397800000000000296e+02
4.422900000000000205e+02
4.531000000000000227e+02
4.551100000000000136e+02
4.572500000000000000e+02
4.700099999999999909e+02
4.721299999999999955e+02
4.741600000000000250e+02
4.868500000000000227e+02
4.889000000000000341e+02
4.909100000000000250e+02
5.025799999999999841e+02
5.047700000000000387e+02
5.071600000000000250e+02
5.187699999999999818e+02
5.213400000000000318e+02
5.233700000000000045e+02
5.362100000000000364e+02
5.382200000000000273e+02
5.402300000000000182e+02
5.512100000000000364e+02
5.545900000000000318e+02
5.571699999999999591e+02
5.700000000000000000e+02
5.722200000000000273e+02
5.743899999999999864e+02
5.863500000000000227e+02
5.883999999999999773e+02
5.904300000000000637e+02
6.029300000000000637e+02
6.049400000000000546e+02
6.069500000000000455e+02
6.089700000000000273e+02
6.187400000000000091e+02
6.207500000000000000e+02
6.227599999999999909e+02
6.247799999999999727e+02
6.356599999999999682e+02
6.376699999999999591e+02
6.399099999999999682e+02
6.527300000000000182e+02
6.557699999999999818e+02
6.692799999999999727e+02
6.713000000000000682e+02
6.733400000000000318e+02
6.844099999999999682e+02
6.864300000000000637e+02
6.884500000000000455e+02
6.905099999999999909e+02
7.018999999999999773e+02
7.040600000000000591e+02
7.060800000000000409e+02
7.092000000000000455e+02
7.172100000000000364e+02
7.192899999999999636e+02
7.213200000000000500e+02
7.236900000000000546e+02
7.355199999999999818e+02
7.375299999999999727e+02
7.395399999999999636e+02
7.522000000000000455e+02
7.542699999999999818e+02
7.562799999999999727e+02
7.676200000000000045e+02
7.696299999999999955e+02
7.716399999999999864e+02
7.736599999999999682e+02
7.843600000000000136e+02
7.863700000000000045e+02
7.883799999999999955e+02
7.915299999999999727e+02
8.023600000000000136e+02
8.046499999999999773e+02
8.075600000000000591e+02
8.177899999999999636e+02
8.203799999999999955e+02
8.223899999999999864e+02
8.246900000000000546e+02
8.358899999999999864e+02
8.378999999999999773e+02
8.408700000000000045e+02
8.516900000000000546e+02
8.537000000000000455e+02
8.557100000000000364e+02
8.677300000000000182e+02
8.697400000000000091e+02
8.717500000000000000e+02
8.738999999999999773e+02
8.848799999999999955e+02
8.876100000000000136e+02
8.900600000000000591e+02
9.008200000000000500e+02
9.028300000000000409e+02
9.048400000000000318e+02
9.182899999999999636e+02
9.203000000000000682e+02
9.230299999999999727e+02
9.342599999999999909e+02
9.366200000000000045e+02
9.386299999999999955e+02
9.406599999999999682e+02
9.509099999999999682e+02
9.529300000000000637e+02
9.549400000000000546e+02
9.570199999999999818e+02
9.679200000000000728e+02
9.699300000000000637e+02
9.719400000000000546e+02
9.739900000000000091e+02
9.837799999999999727e+02
9.857900000000000773e+02
9.878100000000000591e+02
4.219999999999999751e+00
6.339999999999999858e+00
8.460000000000000853e+00
2.285000000000000142e+01
2.682000000000000028e+01
3.842999999999999972e+01
4.127000000000000313e+01
5.437000000000000455e+01
5.638000000000000256e+01
5.842000000000000171e+01
7.107999999999999829e+01
7.321000000000000796e+01
7.521999999999999886e+01
8.818999999999999773e+01
9.020000000000000284e+01
1.045700000000000074e+02
1.065900000000000034e+02
1.090199999999999960e+02
1.214399999999999977e+02
1.238599999999999994e+02
1.375399999999999920e+02
1.410800000000000125e+02
1.535000000000000000e+02
1.555200000000000102e+02
1.588600000000000136e+02
1.701599999999999966e+02
1.721700000000000159e+02
1.741800000000000068e+02
1.874699999999999989e+02
1.894799999999999898e+02
2.036500000000000057e+02
2.059399999999999977e+02
2.079699999999999989e+02
2.212700000000000102e+02
2.233900000000000148e+02
2.362500000000000000e+02
2.382700000000000102e+02
2.402899999999999920e+02
2.528400000000000034e+02
2.548499999999999943e+02
2.693400000000000318e+02
2.714800000000000182e+02
2.734900000000000091e+02
2.871600000000000250e+02
2.891700000000000159e+02
2.912800000000000296e+02
3.027400000000000091e+02
3.048199999999999932e+02
3.068400000000000318e+02
3.199300000000000068e+02
3.220900000000000318e+02
3.242400000000000091e+02
3.374599999999999795e+02
3.531399999999999864e+02
3.551700000000000159e+02
3.571999999999999886e+02
3.688500000000000227e+02
3.709399999999999977e+02
3.729599999999999795e+02
3.855300000000000296e+02
3.875400000000000205e+02
3.895500000000000114e+02
4.012699999999999818e+02
4.046899999999999977e+02
4.178700000000000045e+02
4.204200000000000159e+02
4.232500000000000000e+02
4.350600000000000023e+02
4.370699999999999932e+02
4.400900000000000318e+02
4.509499999999999886e+02
4.535099999999999909e+02
4.555199999999999818e+02
4.696200000000000045e+02
4.716500000000000341e+02
4.736999999999999886e+02
4.852900000000000205e+02
4.874200000000000159e+02
4.906100000000000136e+02
5.014700000000000273e+02
5.035200000000000387e+02
5.058700000000000045e+02
5.190099999999999909e+02
5.218600000000000136e+02
5.332699999999999818e+02
5.352799999999999727e+02
5.376100000000000136e+02
5.503600000000000136e+02
5.523700000000000045e+02
5.543799999999999955e+02
5.563899999999999864e+02
5.673899999999999864e+02
5.715800000000000409e+02
5.838700000000000045e+02
5.858999999999999773e+02
6.009300000000000637e+02
6.029500000000000455e+02
6.059099999999999682e+02
6.162200000000000273e+02
6.185600000000000591e+02
6.210000000000000000e+02
6.230199999999999818e+02
6.334900000000000091e+02
6.355000000000000000e+02
6.375099999999999909e+02
6.496399999999999864e+02
6.518600000000000136e+02
6.655600000000000591e+02
6.675700000000000500e+02
6.695800000000000409e+02
6.716699999999999591e+02
6.821599999999999682e+02
6.841699999999999591e+02
6.861800000000000637e+02
6.998700000000000045e+02
7.023899999999999864e+02
7.046900000000000546e+02
7.158899999999999864e+02
7.178999999999999773e+02
7.218799999999999955e+02
7.321000000000000227e+02
7.341299999999999955e+02
7.361399999999999864e+02
7.383500000000000227e+02
7.484400000000000546e+02
7.504500000000000455e+02
7.524700000000000273e+02
7.654099999999999682e+02
7.674200000000000728e+02
7.696499999999999773e+02
7.818100000000000591e+02
7.838200000000000500e+02
7.858300000000000409e+02
7.878500000000000227e+02
7.983999999999999773e+02
8.006299999999999955e+02
8.026700000000000728e+02
8.135099999999999909e+02
8.171000000000000227e+02
8.194200000000000728e+02
8.307500000000000000e+02
8.327899999999999636e+02
8.348000000000000682e+02
8.482500000000000000e+02
8.502599999999999909e+02
8.522699999999999818e+02
8.631399999999999864e+02
8.651499999999999773e+02
8.671700000000000728e+02
8.701599999999999682e+02
8.799500000000000455e+02
8.819600000000000364e+02
8.839700000000000273e+02
8.865000000000000000e+02
8.987699999999999818e+02
9.141499999999999773e+02
9.161700000000000728e+02
9.181800000000000637e+02
9.301000000000000227e+02
9.321100000000000136e+02
9.341399999999999864e+02
9.370299999999999727e+02
9.483600000000000136e+02
9.503700000000000045e+02
9.532500000000000000e+02
9.658000000000000682e+02
9.690199999999999818e+02
9.793600000000000136e+02
9.813700000000000045e+02
9.838700000000000045e+02
9.858899999999999864e+02
9.964300000000000637e+02
9.984600000000000364e+02
