8.839999999999999858e+00
1.298000000000000043e+01
1.446000000000000085e+01
2.240000000000000213e+01
4.003999999999999915e+01
4.607999999999999829e+01
4.891000000000000369e+01
5.228000000000000114e+01
6.142999999999999972e+01
6.640999999999999659e+01
7.220000000000000284e+01
7.798999999999999488e+01
9.837999999999999545e+01
1.137199999999999989e+02
1.154399999999999977e+02
1.157400000000000091e+02
1.198799999999999955e+02
1.291800000000000068e+02
1.319900000000000091e+02
1.472599999999999909e+02
1.505500000000000114e+02
1.527400000000000091e+02
1.559200000000000159e+02
1.560399999999999920e+02
1.640999999999999943e+02
1.714099999999999966e+02
1.732100000000000080e+02
1.864600000000000080e+02
1.865699999999999932e+02
1.935300000000000011e+02
2.017599999999999909e+02
2.052000000000000171e+02
2.095000000000000000e+02
2.191299999999999955e+02
2.199600000000000080e+02
2.251700000000000159e+02
2.287899999999999920e+02
2.306200000000000045e+02
2.365200000000000102e+02
2.452199999999999989e+02
2.457100000000000080e+02
2.523499999999999943e+02
2.565900000000000318e+02
2.648700000000000045e+02
2.666200000000000045e+02
2.712400000000000091e+02
2.742300000000000182e+02
2.767500000000000000e+02
2.849700000000000273e+02
2.971299999999999955e+02
3.034499999999999886e+02
3.084000000000000341e+02
3.100699999999999932e+02
3.156899999999999977e+02
3.174200000000000159e+02
3.264800000000000182e+02
3.297099999999999795e+02
3.343500000000000227e+02
3.383600000000000136e+02
3.624599999999999795e+02
3.658600000000000136e+02
3.669499999999999886e+02
3.716500000000000341e+02
3.768600000000000136e+02
3.840900000000000318e+02
4.036399999999999864e+02
4.050300000000000296e+02
4.146299999999999955e+02
4.179000000000000341e+02
4.224900000000000091e+02
4.239800000000000182e+02
4.319100000000000250e+02
4.345900000000000318e+02
4.405199999999999818e+02
4.429499999999999886e+02
4.523400000000000318e+02
4.568600000000000136e+02
4.571000000000000227e+02
4.621100000000000136e+02
4.628799999999999955e+02
4.727500000000000000e+02
4.792400000000000091e+02
4.797400000000000091e+02
4.893100000000000023e+02
4.951700000000000159e+02
4.959300000000000068e+02
5.115799999999999841e+02
5.150299999999999727e+02
5.186100000000000136e+02
5.336000000000000227e+02
5.431699999999999591e+02
5.433799999999999955e+02
5.470700000000000500e+02
5.731399999999999864e+02
5.932699999999999818e+02
6.132599999999999909e+02
6.168600000000000136e+02
6.253799999999999955e+02
6.321299999999999955e+02
6.463300000000000409e+02
6.485199999999999818e+02
6.487899999999999636e+02
6.563100000000000591e+02
6.620000000000000000e+02
6.655500000000000682e+02
6.693899999999999864e+02
6.694600000000000364e+02
6.708700000000000045e+02
6.775900000000000318e+02
6.834900000000000091e+02
7.014199999999999591e+02
7.061100000000000136e+02
7.102000000000000455e+02
7.184900000000000091e+02
7.208999999999999773e+02
7.355900000000000318e+02
7.406100000000000136e+02
7.538500000000000227e+02
7.589800000000000182e+02
7.889800000000000182e+02
7.922899999999999636e+02
7.930600000000000591e+02
8.013500000000000227e+02
8.017699999999999818e+02
8.064300000000000637e+02
8.080800000000000409e+02
8.117200000000000273e+02
8.171800000000000637e+02
8.198600000000000136e+02
8.273500000000000227e+02
8.341399999999999864e+02
8.419300000000000637e+02
8.446000000000000227e+02
8.610000000000000000e+02
8.669500000000000455e+02
8.849400000000000546e+02
8.876700000000000728e+02
8.983799999999999955e+02
8.988999999999999773e+02
9.015900000000000318e+02
9.054400000000000546e+02
9.083700000000000045e+02
9.382100000000000364e+02
9.412400000000000091e+02
9.442400000000000091e+02
9.513999999999999773e+02
9.545199999999999818e+02
9.601700000000000728e+02
9.612200000000000273e+02
9.796100000000000136e+02
9.915700000000000500e+02
