4.850000000000000533e+00
8.849999999999999645e+00
8.870000000000000995e+00
1.509999999999999964e+01
1.899000000000000199e+01
4.905000000000000426e+01
5.116000000000000369e+01
7.476999999999999602e+01
7.885000000000000853e+01
8.504999999999999716e+01
9.292000000000000171e+01
9.312999999999999545e+01
1.104600000000000080e+02
1.144000000000000057e+02
1.148599999999999994e+02
1.263800000000000097e+02
1.345000000000000000e+02
1.367199999999999989e+02
1.568400000000000034e+02
1.711100000000000136e+02
1.714200000000000159e+02
1.724900000000000091e+02
1.801200000000000045e+02
1.848700000000000045e+02
1.897299999999999898e+02
2.001899999999999977e+02
2.043400000000000034e+02
2.097599999999999909e+02
2.108400000000000034e+02
2.183199999999999932e+02
2.193499999999999943e+02
2.273300000000000125e+02
2.299900000000000091e+02
2.449800000000000182e+02
2.473499999999999943e+02
2.486700000000000159e+02
2.498300000000000125e+02
2.705799999999999841e+02
2.728799999999999955e+02
2.756100000000000136e+02
2.856399999999999864e+02
2.946600000000000250e+02
2.969200000000000159e+02
3.022400000000000091e+02
3.267800000000000296e+02
3.330000000000000000e+02
3.451399999999999864e+02
3.460600000000000023e+02
3.521999999999999886e+02
3.851800000000000068e+02
3.953400000000000318e+02
3.967500000000000000e+02
3.989800000000000182e+02
4.003700000000000045e+02
4.011399999999999864e+02
4.080000000000000000e+02
4.151800000000000068e+02
4.322800000000000296e+02
4.399200000000000159e+02
4.473899999999999864e+02
4.506500000000000341e+02
4.611899999999999977e+02
4.726299999999999955e+02
4.774499999999999886e+02
4.783899999999999864e+02
4.792900000000000205e+02
5.012599999999999909e+02
5.104700000000000273e+02
5.132699999999999818e+02
5.264300000000000637e+02
5.275499999999999545e+02
5.295000000000000000e+02
5.325199999999999818e+02
5.491800000000000637e+02
5.624199999999999591e+02
5.664300000000000637e+02
5.722200000000000273e+02
5.754099999999999682e+02
5.766100000000000136e+02
5.796900000000000546e+02
5.843400000000000318e+02
5.858500000000000227e+02
5.903200000000000500e+02
5.952300000000000182e+02
5.960399999999999636e+02
6.045500000000000682e+02
6.088799999999999955e+02
6.154400000000000546e+02
6.187100000000000364e+02
6.233200000000000500e+02
6.307100000000000364e+02
6.359600000000000364e+02
6.469199999999999591e+02
6.628799999999999955e+02
6.642300000000000182e+02
6.707899999999999636e+02
6.723400000000000318e+02
6.776299999999999955e+02
6.889199999999999591e+02
6.918700000000000045e+02
6.920700000000000500e+02
7.020500000000000682e+02
7.063999999999999773e+02
7.075000000000000000e+02
7.095900000000000318e+02
7.149600000000000364e+02
7.182699999999999818e+02
7.317400000000000091e+02
7.500500000000000682e+02
7.646399999999999864e+02
7.696299999999999955e+02
7.726700000000000728e+02
7.741599999999999682e+02
7.805600000000000591e+02
7.845600000000000591e+02
7.939600000000000364e+02
7.953200000000000500e+02
7.992799999999999727e+02
8.018899999999999864e+02
8.076700000000000728e+02
8.246000000000000227e+02
8.301100000000000136e+02
8.308899999999999864e+02
8.345700000000000500e+02
8.444400000000000546e+02
8.450299999999999727e+02
8.501599999999999682e+02
8.780399999999999636e+02
8.803200000000000500e+02
8.984700000000000273e+02
9.064099999999999682e+02
9.108500000000000227e+02
9.117899999999999636e+02
9.135299999999999727e+02
9.146800000000000637e+02
9.177500000000000000e+02
9.275099999999999909e+02
9.361499999999999773e+02
9.377899999999999636e+02
9.500000000000000000e+02
9.536499999999999773e+02
9.540099999999999909e+02
9.563100000000000591e+02
9.578999999999999773e+02
9.621499999999999773e+02
9.736599999999999682e+02
9.760299999999999727e+02
9.820299999999999727e+02
9.918999999999999773e+02
9.959700000000000273e+02
9.960099999999999909e+02
