7.600000000000000533e+00
1.844999999999999929e+01
5.328999999999999915e+01
7.239000000000000057e+01
7.462000000000000455e+01
8.001000000000000512e+01
8.807999999999999829e+01
9.123000000000000398e+01
9.701000000000000512e+01
1.044099999999999966e+02
1.188200000000000074e+02
1.222199999999999989e+02
1.273500000000000085e+02
1.500099999999999909e+02
1.921400000000000148e+02
2.121299999999999955e+02
2.198199999999999932e+02
2.317800000000000011e+02
2.363900000000000148e+02
2.620000000000000000e+02
2.640400000000000205e+02
2.704700000000000273e+02
2.743199999999999932e+02
2.959900000000000091e+02
3.035799999999999841e+02
3.114900000000000091e+02
3.195699999999999932e+02
3.217099999999999795e+02
3.282800000000000296e+02
3.631399999999999864e+02
3.857300000000000182e+02
3.908199999999999932e+02
3.953000000000000114e+02
4.122300000000000182e+02
4.545799999999999841e+02
4.580600000000000023e+02
4.618100000000000023e+02
4.660099999999999909e+02
4.688899999999999864e+02
4.840900000000000318e+02
4.987599999999999909e+02
5.051899999999999977e+02
5.126699999999999591e+02
5.218100000000000591e+02
5.270900000000000318e+02
5.318300000000000409e+02
5.353400000000000318e+02
5.442999999999999545e+02
5.463500000000000227e+02
5.507300000000000182e+02
5.634600000000000364e+02
5.794400000000000546e+02
5.878500000000000227e+02
6.039400000000000546e+02
6.085199999999999818e+02
6.127100000000000364e+02
6.193600000000000136e+02
6.450199999999999818e+02
6.478999999999999773e+02
6.528999999999999773e+02
6.703500000000000227e+02
6.842599999999999909e+02
6.863200000000000500e+02
6.932400000000000091e+02
7.068200000000000500e+02
7.108200000000000500e+02
7.284600000000000364e+02
7.429500000000000455e+02
7.733799999999999955e+02
7.906800000000000637e+02
8.051299999999999955e+02
8.134700000000000273e+02
8.403300000000000409e+02
8.866100000000000136e+02
8.888999999999999773e+02
8.925000000000000000e+02
9.135800000000000409e+02
9.195600000000000591e+02
9.352100000000000364e+02
9.732200000000000273e+02
9.893400000000000318e+02
1.117999999999999972e+01
1.503000000000000114e+01
1.855000000000000071e+01
2.564000000000000057e+01
2.948000000000000043e+01
3.575000000000000000e+01
4.248000000000000398e+01
4.803000000000000114e+01
5.012000000000000455e+01
5.442999999999999972e+01
5.648000000000000398e+01
6.139999999999999858e+01
6.345000000000000284e+01
6.548000000000000398e+01
6.923000000000000398e+01
9.860000000000000853e+01
1.091099999999999994e+02
1.171000000000000085e+02
1.256500000000000057e+02
1.299699999999999989e+02
1.327400000000000091e+02
1.401200000000000045e+02
1.470399999999999920e+02
1.522800000000000011e+02
1.654600000000000080e+02
1.682899999999999920e+02
1.718600000000000136e+02
1.784799999999999898e+02
1.895500000000000114e+02
1.935000000000000000e+02
1.958499999999999943e+02
2.002800000000000011e+02
2.042700000000000102e+02
2.123799999999999955e+02
2.197700000000000102e+02
2.358000000000000114e+02
2.407000000000000171e+02
2.469500000000000171e+02
2.574200000000000159e+02
2.619700000000000273e+02
2.684399999999999977e+02
2.887599999999999909e+02
2.908299999999999841e+02
2.932200000000000273e+02
2.973100000000000023e+02
3.068700000000000045e+02
3.093400000000000318e+02
3.172800000000000296e+02
3.213000000000000114e+02
3.271500000000000341e+02
3.579700000000000273e+02
3.651999999999999886e+02
3.758400000000000318e+02
3.802099999999999795e+02
3.974300000000000068e+02
4.075300000000000296e+02
4.095600000000000023e+02
4.229800000000000182e+02
4.331899999999999977e+02
4.416000000000000227e+02
4.466200000000000045e+02
4.593299999999999841e+02
4.626800000000000068e+02
4.647300000000000182e+02
4.751299999999999955e+02
4.806600000000000250e+02
4.842599999999999909e+02
4.896800000000000068e+02
5.015500000000000114e+02
5.035900000000000318e+02
5.101600000000000250e+02
5.384099999999999682e+02
5.455900000000000318e+02
5.481599999999999682e+02
5.531599999999999682e+02
5.597500000000000000e+02
5.632000000000000455e+02
5.732300000000000182e+02
5.810800000000000409e+02
5.837899999999999636e+02
5.863999999999999773e+02
5.997899999999999636e+02
6.073899999999999864e+02
6.158300000000000409e+02
6.206599999999999682e+02
6.241299999999999955e+02
6.271900000000000546e+02
6.295600000000000591e+02
6.366900000000000546e+02
6.436900000000000546e+02
6.457699999999999818e+02
6.616599999999999682e+02
6.685700000000000500e+02
6.714500000000000455e+02
6.735700000000000500e+02
6.821399999999999864e+02
6.844500000000000455e+02
6.875600000000000591e+02
6.953600000000000136e+02
7.000800000000000409e+02
7.025299999999999727e+02
7.064800000000000182e+02
7.280800000000000409e+02
7.438300000000000409e+02
7.535600000000000591e+02
7.565800000000000409e+02
7.630600000000000591e+02
7.685600000000000591e+02
7.785099999999999909e+02
8.021100000000000136e+02
8.160500000000000682e+02
8.270500000000000682e+02
8.290900000000000318e+02
8.311299999999999955e+02
8.626200000000000045e+02
8.713400000000000318e+02
8.745000000000000000e+02
8.787200000000000273e+02
8.909099999999999682e+02
9.001000000000000227e+02
9.288100000000000591e+02
9.328600000000000136e+02
9.467799999999999727e+02
9.558899999999999864e+02
9.662400000000000091e+02
9.719200000000000728e+02
9.757799999999999727e+02
9.839200000000000728e+02
9.898000000000000682e+02
9.933400000000000318e+02
9.963300000000000409e+02
1.157000000000000028e+01
2.483000000000000185e+01
2.805000000000000071e+01
3.278999999999999915e+01
3.982999999999999829e+01
4.357000000000000028e+01
5.853000000000000114e+01
6.284000000000000341e+01
6.584000000000000341e+01
7.318999999999999773e+01
7.717000000000000171e+01
7.940000000000000568e+01
8.734000000000000341e+01
1.002600000000000051e+02
1.125600000000000023e+02
1.169800000000000040e+02
1.225600000000000023e+02
1.364600000000000080e+02
1.428100000000000023e+02
1.523400000000000034e+02
1.672199999999999989e+02
1.860999999999999943e+02
1.898199999999999932e+02
1.947000000000000171e+02
1.969699999999999989e+02
1.996299999999999955e+02
2.120000000000000000e+02
2.161100000000000136e+02
2.183900000000000148e+02
2.230000000000000000e+02
2.279000000000000057e+02
2.368900000000000148e+02
2.608799999999999955e+02
2.662500000000000000e+02
2.718400000000000318e+02
2.743299999999999841e+02
2.777900000000000205e+02
2.916600000000000250e+02
3.046399999999999864e+02
3.066899999999999977e+02
3.115000000000000000e+02
3.229499999999999886e+02
3.441899999999999977e+02
3.616100000000000136e+02
3.752900000000000205e+02
3.809100000000000250e+02
3.857599999999999909e+02
3.897800000000000296e+02
4.051999999999999886e+02
4.089600000000000364e+02
4.214900000000000091e+02
4.330199999999999818e+02
4.440699999999999932e+02
4.542200000000000273e+02
4.747200000000000273e+02
4.767599999999999909e+02
4.812699999999999818e+02
4.853000000000000114e+02
4.893199999999999932e+02
4.917599999999999909e+02
5.012700000000000387e+02
5.107900000000000205e+02
5.131499999999999773e+02
5.152000000000000455e+02
5.182400000000000091e+02
5.207300000000000182e+02
5.267400000000000091e+02
5.321599999999999682e+02
5.560500000000000682e+02
5.624500000000000455e+02
5.645199999999999818e+02
5.739800000000000182e+02
5.823400000000000318e+02
5.915900000000000318e+02
6.027000000000000455e+02
6.405600000000000591e+02
6.614300000000000637e+02
6.653500000000000227e+02
6.798400000000000318e+02
6.818799999999999955e+02
6.843000000000000682e+02
6.956699999999999591e+02
6.997899999999999636e+02
7.061800000000000637e+02
7.120800000000000409e+02
7.219400000000000546e+02
7.257799999999999727e+02
7.290700000000000500e+02
7.335500000000000682e+02
7.380700000000000500e+02
7.411299999999999955e+02
7.498999999999999773e+02
7.606499999999999773e+02
7.795299999999999727e+02
8.014300000000000637e+02
8.072500000000000000e+02
8.113600000000000136e+02
8.269099999999999682e+02
8.299099999999999682e+02
8.328899999999999864e+02
8.376800000000000637e+02
8.457400000000000091e+02
8.534400000000000546e+02
8.597200000000000273e+02
8.662300000000000182e+02
8.817599999999999909e+02
8.848300000000000409e+02
8.957599999999999909e+02
9.184099999999999682e+02
9.393700000000000045e+02
9.490800000000000409e+02
9.664900000000000091e+02
9.714300000000000637e+02
9.950000000000000000e+02
7.156000000000000227e+01
1.008299999999999983e+02
1.290699999999999932e+02
1.599399999999999977e+02
1.977700000000000102e+02
2.116599999999999966e+02
2.200600000000000023e+02
2.614900000000000091e+02
2.657599999999999909e+02
3.465500000000000114e+02
3.487099999999999795e+02
3.729200000000000159e+02
4.035099999999999909e+02
4.492200000000000273e+02
4.531999999999999886e+02
4.947500000000000000e+02
5.022100000000000364e+02
5.319199999999999591e+02
5.360299999999999727e+02
5.443100000000000591e+02
5.731699999999999591e+02
5.776200000000000045e+02
6.022699999999999818e+02
6.132899999999999636e+02
6.363500000000000227e+02
6.731399999999999864e+02
6.793300000000000409e+02
7.074199999999999591e+02
7.208000000000000682e+02
7.660500000000000682e+02
7.724900000000000091e+02
7.759099999999999682e+02
8.047100000000000364e+02
8.116299999999999955e+02
8.234300000000000637e+02
8.435199999999999818e+02
8.475700000000000500e+02
8.524300000000000637e+02
8.568899999999999864e+02
8.657400000000000091e+02
8.995600000000000591e+02
9.172699999999999818e+02
9.344099999999999682e+02
9.450500000000000682e+02
9.617200000000000273e+02
9.810700000000000500e+02
9.855600000000000591e+02
1.634000000000000057e+02
2.524600000000000080e+02
6.522500000000000000e+02
1.811100000000000136e+02
5.618999999999999773e+02
4.031999999999999886e+02
4.596299999999999955e+02
8.243100000000000591e+02
4.795000000000000284e+01
5.848000000000000398e+01
7.509000000000000341e+01
8.965000000000000568e+01
1.300000000000000000e+02
2.401400000000000148e+02
2.639800000000000182e+02
3.081600000000000250e+02
4.446600000000000250e+02
5.884500000000000455e+02
5.943400000000000318e+02
6.694099999999999682e+02
6.928500000000000227e+02
7.081800000000000637e+02
7.356900000000000546e+02
8.032500000000000000e+02
8.053000000000000682e+02
8.421900000000000546e+02
8.631499999999999773e+02
8.843799999999999955e+02
8.899900000000000091e+02
9.326200000000000045e+02
9.540199999999999818e+02
9.619700000000000273e+02
