8.710000000000000853e+00
1.678999999999999915e+01
3.348000000000000398e+01
3.957000000000000028e+01
9.878000000000000114e+01
1.004900000000000091e+02
1.419399999999999977e+02
1.677899999999999920e+02
1.755399999999999920e+02
2.064900000000000091e+02
2.172899999999999920e+02
2.293900000000000148e+02
2.387100000000000080e+02
2.513499999999999943e+02
2.772699999999999818e+02
2.892099999999999795e+02
3.004300000000000068e+02
3.030900000000000318e+02
3.117300000000000182e+02
3.183199999999999932e+02
3.226299999999999955e+02
3.475500000000000114e+02
3.598899999999999864e+02
3.698700000000000045e+02
4.130099999999999909e+02
4.206399999999999864e+02
4.383500000000000227e+02
4.389900000000000091e+02
4.734600000000000364e+02
4.759499999999999886e+02
4.865600000000000023e+02
5.325199999999999818e+02
5.393899999999999864e+02
5.855199999999999818e+02
6.976100000000000136e+02
7.229700000000000273e+02
7.284199999999999591e+02
7.412899999999999636e+02
8.021599999999999682e+02
8.174800000000000182e+02
8.212799999999999727e+02
8.610600000000000591e+02
8.851299999999999955e+02
8.898100000000000591e+02
9.003300000000000409e+02
9.256599999999999682e+02
9.733600000000000136e+02
9.990400000000000773e+02
8.710000000000000853e+00
1.678999999999999915e+01
3.350000000000000000e+01
3.957000000000000028e+01
9.878000000000000114e+01
1.004900000000000091e+02
1.419399999999999977e+02
1.677899999999999920e+02
1.755500000000000114e+02
2.064900000000000091e+02
2.172899999999999920e+02
2.293900000000000148e+02
2.387100000000000080e+02
2.513499999999999943e+02
2.772699999999999818e+02
2.892099999999999795e+02
3.004399999999999977e+02
3.030900000000000318e+02
3.117400000000000091e+02
3.183299999999999841e+02
3.226399999999999864e+02
3.475600000000000023e+02
3.599000000000000341e+02
3.698799999999999955e+02
4.130699999999999932e+02
4.206399999999999864e+02
4.383500000000000227e+02
4.390000000000000000e+02
4.734600000000000364e+02
4.759499999999999886e+02
4.865600000000000023e+02
5.325199999999999818e+02
5.393899999999999864e+02
5.855199999999999818e+02
6.976100000000000136e+02
7.229700000000000273e+02
7.284199999999999591e+02
7.412899999999999636e+02
8.021599999999999682e+02
8.174800000000000182e+02
8.212799999999999727e+02
8.610600000000000591e+02
8.851299999999999955e+02
8.898100000000000591e+02
9.003300000000000409e+02
9.256599999999999682e+02
9.733600000000000136e+02
9.990400000000000773e+02
8.710000000000000853e+00
1.678999999999999915e+01
3.350999999999999801e+01
3.957000000000000028e+01
9.878000000000000114e+01
1.004900000000000091e+02
1.419399999999999977e+02
1.677899999999999920e+02
1.755600000000000023e+02
2.064900000000000091e+02
2.172899999999999920e+02
2.293900000000000148e+02
2.387100000000000080e+02
2.513499999999999943e+02
2.772699999999999818e+02
2.892099999999999795e+02
3.004399999999999977e+02
3.030900000000000318e+02
3.117400000000000091e+02
3.183400000000000318e+02
3.226399999999999864e+02
3.475600000000000023e+02
3.599200000000000159e+02
3.698799999999999955e+02
4.131000000000000227e+02
4.206500000000000341e+02
4.383500000000000227e+02
4.390099999999999909e+02
4.734600000000000364e+02
4.759499999999999886e+02
4.865699999999999932e+02
5.325199999999999818e+02
5.393899999999999864e+02
5.855199999999999818e+02
6.976100000000000136e+02
7.229700000000000273e+02
7.284199999999999591e+02
7.412899999999999636e+02
8.021599999999999682e+02
8.174800000000000182e+02
8.212799999999999727e+02
8.610600000000000591e+02
8.851299999999999955e+02
8.898100000000000591e+02
9.003300000000000409e+02
9.256599999999999682e+02
9.733600000000000136e+02
9.990400000000000773e+02
4.190000000000000391e+00
7.530000000000000249e+00
8.710000000000000853e+00
1.678999999999999915e+01
2.260999999999999943e+01
3.353999999999999915e+01
3.478000000000000114e+01
3.957000000000000028e+01
3.977000000000000313e+01
5.285000000000000142e+01
6.310000000000000142e+01
6.512999999999999545e+01
7.290000000000000568e+01
8.160999999999999943e+01
8.873999999999999488e+01
9.606000000000000227e+01
9.857999999999999829e+01
9.878000000000000114e+01
1.035199999999999960e+02
1.077900000000000063e+02
1.198799999999999955e+02
1.371500000000000057e+02
1.419399999999999977e+02
1.453300000000000125e+02
1.626800000000000068e+02
1.677899999999999920e+02
1.699799999999999898e+02
1.755800000000000125e+02
1.872800000000000011e+02
1.929300000000000068e+02
1.966899999999999977e+02
2.064900000000000091e+02
2.157500000000000000e+02
2.293900000000000148e+02
2.295999999999999943e+02
2.350500000000000114e+02
2.385200000000000102e+02
2.387100000000000080e+02
2.405699999999999932e+02
2.537199999999999989e+02
2.593299999999999841e+02
2.892099999999999795e+02
2.953299999999999841e+02
3.004499999999999886e+02
3.031000000000000227e+02
3.117400000000000091e+02
3.124900000000000091e+02
3.179800000000000182e+02
3.183500000000000227e+02
3.274000000000000341e+02
3.327699999999999818e+02
3.400199999999999818e+02
3.456700000000000159e+02
3.475600000000000023e+02
3.577500000000000000e+02
3.599399999999999977e+02
3.604100000000000250e+02
3.783500000000000227e+02
3.856100000000000136e+02
4.131299999999999955e+02
4.166100000000000136e+02
4.206500000000000341e+02
4.380799999999999841e+02
4.383500000000000227e+02
4.480900000000000318e+02
4.643100000000000023e+02
4.683400000000000318e+02
4.729600000000000364e+02
4.734600000000000364e+02
4.778500000000000227e+02
4.881600000000000250e+02
4.916500000000000341e+02
5.101999999999999886e+02
5.214700000000000273e+02
5.243899999999999864e+02
5.325199999999999818e+02
5.338600000000000136e+02
5.379400000000000546e+02
5.393999999999999773e+02
5.433200000000000500e+02
5.489199999999999591e+02
5.509600000000000364e+02
5.558999999999999773e+02
5.601499999999999773e+02
5.698400000000000318e+02
5.767599999999999909e+02
5.855199999999999818e+02
5.927000000000000455e+02
5.986299999999999955e+02
6.063899999999999864e+02
6.128899999999999864e+02
6.186100000000000136e+02
6.208500000000000227e+02
6.292300000000000182e+02
6.312599999999999909e+02
6.430700000000000500e+02
6.515600000000000591e+02
6.630600000000000591e+02
6.684500000000000455e+02
6.722599999999999909e+02
6.973700000000000045e+02
6.976100000000000136e+02
7.006000000000000227e+02
7.036900000000000546e+02
7.059600000000000364e+02
7.099199999999999591e+02
7.413000000000000682e+02
7.487500000000000000e+02
7.628100000000000591e+02
7.663000000000000682e+02
7.703700000000000045e+02
7.791100000000000136e+02
7.852500000000000000e+02
7.928400000000000318e+02
7.998000000000000682e+02
8.021599999999999682e+02
8.174800000000000182e+02
8.212799999999999727e+02
8.265199999999999818e+02
8.318999999999999773e+02
8.457599999999999909e+02
8.522599999999999909e+02
8.562300000000000182e+02
8.651100000000000136e+02
8.745900000000000318e+02
8.851299999999999955e+02
8.872899999999999636e+02
8.898100000000000591e+02
8.949500000000000455e+02
9.003000000000000682e+02
9.098300000000000409e+02
9.130500000000000682e+02
9.256599999999999682e+02
9.263700000000000045e+02
9.733600000000000136e+02
9.892400000000000091e+02
9.990400000000000773e+02
9.992200000000000273e+02
4.450000000000000178e+00
7.570000000000000284e+00
8.710000000000000853e+00
1.678999999999999915e+01
2.266000000000000014e+01
3.486999999999999744e+01
3.957000000000000028e+01
6.321999999999999886e+01
6.526000000000000512e+01
7.301000000000000512e+01
8.160999999999999943e+01
8.873999999999999488e+01
9.878000000000000114e+01
1.078299999999999983e+02
1.198900000000000006e+02
1.372100000000000080e+02
1.419399999999999977e+02
1.627400000000000091e+02
1.677899999999999920e+02
1.756200000000000045e+02
1.873000000000000114e+02
1.929699999999999989e+02
1.967199999999999989e+02
2.064900000000000091e+02
2.157899999999999920e+02
2.293900000000000148e+02
2.296200000000000045e+02
2.387100000000000080e+02
2.892099999999999795e+02
3.004499999999999886e+02
3.031000000000000227e+02
3.117500000000000000e+02
3.183700000000000045e+02
3.274300000000000068e+02
3.327699999999999818e+02
3.400500000000000114e+02
3.457400000000000091e+02
3.475699999999999932e+02
3.577800000000000296e+02
3.783500000000000227e+02
3.856299999999999955e+02
4.131899999999999977e+02
4.166500000000000341e+02
4.206500000000000341e+02
4.380900000000000318e+02
4.383500000000000227e+02
4.481000000000000227e+02
4.729900000000000091e+02
4.734600000000000364e+02
4.778799999999999955e+02
4.881600000000000250e+02
4.916899999999999977e+02
5.103299999999999841e+02
5.214800000000000182e+02
5.244199999999999591e+02
5.325199999999999818e+02
5.380000000000000000e+02
5.393999999999999773e+02
5.433300000000000409e+02
5.489700000000000273e+02
5.559600000000000364e+02
5.855299999999999727e+02
5.935900000000000318e+02
5.986399999999999864e+02
6.063899999999999864e+02
6.129300000000000637e+02
6.186299999999999955e+02
6.300700000000000500e+02
6.630800000000000409e+02
6.976100000000000136e+02
7.006399999999999864e+02
7.037400000000000091e+02
7.060700000000000500e+02
7.413000000000000682e+02
7.628200000000000500e+02
7.663400000000000318e+02
7.703700000000000045e+02
7.791599999999999682e+02
7.928500000000000227e+02
8.021599999999999682e+02
8.174800000000000182e+02
8.212799999999999727e+02
8.265500000000000682e+02
8.319400000000000546e+02
8.522799999999999727e+02
8.562899999999999636e+02
8.651100000000000136e+02
8.750299999999999727e+02
8.851299999999999955e+02
8.898100000000000591e+02
8.949900000000000091e+02
9.098899999999999864e+02
9.256599999999999682e+02
9.263999999999999773e+02
9.733600000000000136e+02
9.990400000000000773e+02
9.992200000000000273e+02
4.490000000000000213e+00
8.710000000000000853e+00
1.678999999999999915e+01
3.957999999999999829e+01
6.517000000000000171e+01
8.162000000000000455e+01
8.873999999999999488e+01
9.878000000000000114e+01
1.198900000000000006e+02
1.419399999999999977e+02
1.677899999999999920e+02
1.873300000000000125e+02
1.967800000000000011e+02
2.064900000000000091e+02
2.158499999999999943e+02
2.293900000000000148e+02
2.296599999999999966e+02
2.387100000000000080e+02
2.892099999999999795e+02
3.004499999999999886e+02
3.031000000000000227e+02
3.117500000000000000e+02
3.184000000000000341e+02
3.274700000000000273e+02
3.327800000000000296e+02
3.400900000000000318e+02
3.475699999999999932e+02
3.578000000000000114e+02
3.783600000000000136e+02
3.856500000000000341e+02
4.167699999999999818e+02
4.206600000000000250e+02
4.381100000000000136e+02
4.383500000000000227e+02
4.481000000000000227e+02
4.730099999999999909e+02
4.734600000000000364e+02
4.779000000000000341e+02
4.881700000000000159e+02
4.917200000000000273e+02
5.103799999999999955e+02
5.214900000000000091e+02
5.244600000000000364e+02
5.325199999999999818e+02
5.394099999999999682e+02
5.433300000000000409e+02
5.855299999999999727e+02
5.936100000000000136e+02
5.986499999999999773e+02
6.063899999999999864e+02
6.129900000000000091e+02
6.186699999999999591e+02
6.631100000000000136e+02
6.976100000000000136e+02
7.413100000000000591e+02
7.628300000000000409e+02
7.664099999999999682e+02
7.703700000000000045e+02
7.928700000000000045e+02
8.021599999999999682e+02
8.174800000000000182e+02
8.212799999999999727e+02
8.265800000000000409e+02
8.319800000000000182e+02
8.523000000000000682e+02
8.651200000000000045e+02
8.851299999999999955e+02
8.898100000000000591e+02
9.256700000000000728e+02
9.264400000000000546e+02
9.733600000000000136e+02
9.990400000000000773e+02
9.992200000000000273e+02
8.710000000000000853e+00
1.678999999999999915e+01
3.957999999999999829e+01
8.162999999999999545e+01
8.873999999999999488e+01
9.878000000000000114e+01
1.199000000000000057e+02
1.419399999999999977e+02
1.677899999999999920e+02
1.874099999999999966e+02
2.064900000000000091e+02
2.293900000000000148e+02
2.387100000000000080e+02
2.892099999999999795e+02
3.004599999999999795e+02
3.031000000000000227e+02
3.117500000000000000e+02
3.327800000000000296e+02
3.475799999999999841e+02
3.578500000000000227e+02
3.783700000000000045e+02
3.856899999999999977e+02
4.168100000000000023e+02
4.206700000000000159e+02
4.381200000000000045e+02
4.383500000000000227e+02
4.481100000000000136e+02
4.730500000000000114e+02
4.734600000000000364e+02
4.779499999999999886e+02
4.881700000000000159e+02
4.917400000000000091e+02
5.104300000000000068e+02
5.215199999999999818e+02
5.325199999999999818e+02
5.433400000000000318e+02
5.855299999999999727e+02
5.936399999999999864e+02
5.986699999999999591e+02
6.063899999999999864e+02
6.130700000000000500e+02
6.187599999999999909e+02
6.631699999999999591e+02
6.976100000000000136e+02
7.413100000000000591e+02
7.628400000000000318e+02
7.703799999999999955e+02
7.928899999999999864e+02
8.021599999999999682e+02
8.174800000000000182e+02
8.212799999999999727e+02
8.523600000000000136e+02
8.651200000000000045e+02
8.851299999999999955e+02
8.898100000000000591e+02
9.256700000000000728e+02
9.733600000000000136e+02
9.990400000000000773e+02
9.992200000000000273e+02
8.162999999999999545e+01
8.873999999999999488e+01
1.199000000000000057e+02
3.327900000000000205e+02
3.783700000000000045e+02
4.168400000000000318e+02
4.381500000000000341e+02
4.481100000000000136e+02
4.881800000000000068e+02
4.917700000000000387e+02
5.104600000000000364e+02
5.433400000000000318e+02
5.986900000000000546e+02
6.063999999999999773e+02
6.131299999999999955e+02
7.628500000000000227e+02
7.703799999999999955e+02
7.929300000000000637e+02
8.525299999999999727e+02
8.651299999999999955e+02
9.992200000000000273e+02
8.164000000000000057e+01
8.873999999999999488e+01
1.199099999999999966e+02
3.327900000000000205e+02
3.783799999999999955e+02
4.168799999999999955e+02
4.481100000000000136e+02
4.881899999999999977e+02
4.918000000000000114e+02
5.105000000000000000e+02
5.433400000000000318e+02
5.987400000000000091e+02
6.063999999999999773e+02
6.132699999999999818e+02
7.628600000000000136e+02
7.703799999999999955e+02
8.651299999999999955e+02
9.992200000000000273e+02
8.165000000000000568e+01
8.873999999999999488e+01
1.004800000000000040e+02
1.197100000000000080e+02
1.199099999999999966e+02
2.172899999999999920e+02
2.513400000000000034e+02
2.772699999999999818e+02
3.226200000000000045e+02
3.328000000000000114e+02
3.698600000000000136e+02
3.783799999999999955e+02
3.808100000000000023e+02
4.389600000000000364e+02
4.481200000000000045e+02
4.759399999999999977e+02
4.865600000000000023e+02
4.881899999999999977e+02
5.433500000000000227e+02
5.807200000000000273e+02
6.063999999999999773e+02
6.210399999999999636e+02
7.229700000000000273e+02
7.284199999999999591e+02
7.365299999999999727e+02
7.628799999999999955e+02
7.703899999999999864e+02
8.033300000000000409e+02
8.290700000000000500e+02
8.321100000000000136e+02
8.519400000000000546e+02
8.610600000000000591e+02
8.651299999999999955e+02
8.783100000000000591e+02
9.003200000000000500e+02
9.992300000000000182e+02
8.165999999999999659e+01
8.873999999999999488e+01
1.004800000000000040e+02
1.199200000000000017e+02
2.172899999999999920e+02
2.513400000000000034e+02
2.772699999999999818e+02
3.226200000000000045e+02
3.328100000000000023e+02
3.698600000000000136e+02
3.783899999999999864e+02
4.389600000000000364e+02
4.481200000000000045e+02
4.759399999999999977e+02
4.865600000000000023e+02
4.881999999999999886e+02
5.433500000000000227e+02
5.807400000000000091e+02
6.063999999999999773e+02
6.210900000000000318e+02
7.229700000000000273e+02
7.284199999999999591e+02
7.365800000000000409e+02
7.628899999999999864e+02
7.703899999999999864e+02
8.033700000000000045e+02
8.321800000000000637e+02
8.610600000000000591e+02
8.651399999999999864e+02
9.003200000000000500e+02
9.992300000000000182e+02
8.168000000000000682e+01
8.873999999999999488e+01
1.004800000000000040e+02
1.199300000000000068e+02
2.172899999999999920e+02
2.513499999999999943e+02
2.772699999999999818e+02
3.226200000000000045e+02
3.328100000000000023e+02
3.698600000000000136e+02
3.784000000000000341e+02
4.389700000000000273e+02
4.481299999999999955e+02
4.759399999999999977e+02
4.865600000000000023e+02
4.882100000000000364e+02
5.433600000000000136e+02
5.807500000000000000e+02
6.063999999999999773e+02
7.229700000000000273e+02
7.284199999999999591e+02
7.629099999999999682e+02
7.703899999999999864e+02
8.034200000000000728e+02
8.610600000000000591e+02
8.651399999999999864e+02
9.003200000000000500e+02
9.992300000000000182e+02
8.875000000000000000e+01
1.004800000000000040e+02
1.199500000000000028e+02
2.172899999999999920e+02
2.513499999999999943e+02
2.772699999999999818e+02
3.226200000000000045e+02
3.328299999999999841e+02
3.698600000000000136e+02
3.784200000000000159e+02
4.389700000000000273e+02
4.481399999999999864e+02
4.759399999999999977e+02
4.865600000000000023e+02
4.882300000000000182e+02
5.433600000000000136e+02
5.807699999999999818e+02
6.063999999999999773e+02
7.229700000000000273e+02
7.284199999999999591e+02
7.703999999999999773e+02
8.610600000000000591e+02
8.651499999999999773e+02
9.003200000000000500e+02
9.992300000000000182e+02
8.710000000000000853e+00
1.678999999999999915e+01
3.345000000000000284e+01
3.956000000000000227e+01
5.242000000000000171e+01
9.878000000000000114e+01
1.004800000000000040e+02
1.139099999999999966e+02
1.419399999999999977e+02
1.677899999999999920e+02
1.755200000000000102e+02
2.064900000000000091e+02
2.172899999999999920e+02
2.293900000000000148e+02
2.387100000000000080e+02
2.513499999999999943e+02
2.772699999999999818e+02
2.892099999999999795e+02
3.004200000000000159e+02
3.030900000000000318e+02
3.117200000000000273e+02
3.182900000000000205e+02
3.226299999999999955e+02
3.475500000000000114e+02
3.598600000000000136e+02
3.633199999999999932e+02
3.698700000000000045e+02
3.864700000000000273e+02
4.129499999999999886e+02
4.206299999999999955e+02
4.383500000000000227e+02
4.389800000000000182e+02
4.734499999999999886e+02
4.759399999999999977e+02
4.865600000000000023e+02
5.325199999999999818e+02
5.393799999999999955e+02
5.783400000000000318e+02
5.808000000000000682e+02
5.855199999999999818e+02
6.165000000000000000e+02
6.416900000000000546e+02
6.620900000000000318e+02
6.976100000000000136e+02
7.229700000000000273e+02
7.231200000000000045e+02
7.284199999999999591e+02
7.412799999999999727e+02
7.886499999999999773e+02
8.021599999999999682e+02
8.174800000000000182e+02
8.212799999999999727e+02
8.258799999999999955e+02
8.403300000000000409e+02
8.610600000000000591e+02
8.851299999999999955e+02
8.898100000000000591e+02
9.003200000000000500e+02
9.256599999999999682e+02
9.733600000000000136e+02
9.990400000000000773e+02
8.710000000000000853e+00
1.678999999999999915e+01
3.346000000000000085e+01
3.956000000000000227e+01
5.245000000000000284e+01
9.878000000000000114e+01
1.004800000000000040e+02
1.419399999999999977e+02
1.677899999999999920e+02
1.755300000000000011e+02
2.064900000000000091e+02
2.172899999999999920e+02
2.293900000000000148e+02
2.387100000000000080e+02
2.513499999999999943e+02
2.772699999999999818e+02
2.892099999999999795e+02
3.004300000000000068e+02
3.030900000000000318e+02
3.117300000000000182e+02
3.183000000000000114e+02
3.226299999999999955e+02
3.475500000000000114e+02
3.598700000000000045e+02
3.698700000000000045e+02
3.865000000000000000e+02
4.129700000000000273e+02
4.206299999999999955e+02
4.383500000000000227e+02
4.389800000000000182e+02
4.734499999999999886e+02
4.759399999999999977e+02
4.865600000000000023e+02
5.325199999999999818e+02
5.393799999999999955e+02
5.783600000000000136e+02
5.855199999999999818e+02
6.166000000000000227e+02
6.976100000000000136e+02
7.229700000000000273e+02
7.284199999999999591e+02
7.412799999999999727e+02
7.886800000000000637e+02
8.021599999999999682e+02
8.174800000000000182e+02
8.212799999999999727e+02
8.259300000000000637e+02
8.403600000000000136e+02
8.610600000000000591e+02
8.851299999999999955e+02
8.898100000000000591e+02
9.003200000000000500e+02
9.256599999999999682e+02
9.733600000000000136e+02
9.990400000000000773e+02
8.710000000000000853e+00
1.678999999999999915e+01
3.346999999999999886e+01
3.956000000000000227e+01
5.248000000000000398e+01
9.878000000000000114e+01
1.004900000000000091e+02
1.419399999999999977e+02
1.677899999999999920e+02
1.755399999999999920e+02
2.064900000000000091e+02
2.172899999999999920e+02
2.293900000000000148e+02
2.387100000000000080e+02
2.513499999999999943e+02
2.772699999999999818e+02
2.892099999999999795e+02
3.004300000000000068e+02
3.030900000000000318e+02
3.117300000000000182e+02
3.183100000000000023e+02
3.226299999999999955e+02
3.475500000000000114e+02
3.598799999999999955e+02
3.698700000000000045e+02
4.129800000000000182e+02
4.206299999999999955e+02
4.383500000000000227e+02
4.389900000000000091e+02
4.734499999999999886e+02
4.759399999999999977e+02
4.865600000000000023e+02
5.325199999999999818e+02
5.393799999999999955e+02
5.855199999999999818e+02
6.976100000000000136e+02
7.229700000000000273e+02
7.284199999999999591e+02
7.412799999999999727e+02
8.021599999999999682e+02
8.174800000000000182e+02
8.212799999999999727e+02
8.403999999999999773e+02
8.610600000000000591e+02
8.851299999999999955e+02
8.898100000000000591e+02
9.003200000000000500e+02
9.256599999999999682e+02
9.733600000000000136e+02
9.990400000000000773e+02
