6.500000000000000000e+00
7.850000000000000533e+00
8.669999999999999929e+00
1.068999999999999950e+01
1.077999999999999936e+01
1.260999999999999943e+01
1.288000000000000078e+01
1.289000000000000057e+01
1.496000000000000085e+01
1.516000000000000014e+01
1.517999999999999972e+01
1.601000000000000156e+01
1.707000000000000028e+01
1.728999999999999915e+01
1.765000000000000213e+01
1.921999999999999886e+01
1.944999999999999929e+01
1.983000000000000185e+01
2.180000000000000071e+01
2.250000000000000000e+01
2.323000000000000043e+01
5.605000000000000426e+01
5.627000000000000313e+01
5.687000000000000455e+01
5.846000000000000085e+01
5.905000000000000426e+01
6.000000000000000000e+01
6.064000000000000057e+01
6.116000000000000369e+01
6.278000000000000114e+01
6.282000000000000028e+01
6.332999999999999829e+01
6.496000000000000796e+01
6.496999999999999886e+01
6.582000000000000739e+01
6.707000000000000739e+01
6.793999999999999773e+01
6.804999999999999716e+01
6.929000000000000625e+01
7.039000000000000057e+01
7.148999999999999488e+01
7.281000000000000227e+01
7.371000000000000796e+01
1.062199999999999989e+02
1.080700000000000074e+02
1.086000000000000085e+02
1.099800000000000040e+02
1.105799999999999983e+02
1.107800000000000011e+02
1.128200000000000074e+02
1.129200000000000017e+02
1.135300000000000011e+02
1.149699999999999989e+02
1.150100000000000051e+02
1.157300000000000040e+02
1.171400000000000006e+02
1.172300000000000040e+02
1.180199999999999960e+02
1.193100000000000023e+02
1.194099999999999966e+02
1.215799999999999983e+02
1.220000000000000000e+02
1.560300000000000011e+02
1.578100000000000023e+02
1.581299999999999955e+02
1.583700000000000045e+02
1.605699999999999932e+02
1.606400000000000148e+02
1.606700000000000159e+02
1.628300000000000125e+02
1.628499999999999943e+02
1.630999999999999943e+02
1.649900000000000091e+02
1.650000000000000000e+02
1.658600000000000136e+02
1.671400000000000148e+02
1.681299999999999955e+02
1.692599999999999909e+02
1.705099999999999909e+02
1.707100000000000080e+02
1.717199999999999989e+02
2.063400000000000034e+02
2.067199999999999989e+02
2.072300000000000182e+02
2.090800000000000125e+02
2.094900000000000091e+02
2.095600000000000023e+02
2.097400000000000091e+02
2.115000000000000000e+02
2.116100000000000136e+02
2.119600000000000080e+02
2.137000000000000171e+02
2.138300000000000125e+02
2.146400000000000148e+02
2.158499999999999943e+02
2.161599999999999966e+02
2.171899999999999977e+02
2.180000000000000000e+02
2.186200000000000045e+02
2.202300000000000182e+02
2.559800000000000182e+02
2.566399999999999864e+02
2.571999999999999886e+02
2.583999999999999773e+02
2.587900000000000205e+02
2.600799999999999841e+02
2.605400000000000205e+02
2.609800000000000182e+02
2.623400000000000318e+02
2.626399999999999864e+02
2.631800000000000068e+02
2.649300000000000068e+02
2.650799999999999841e+02
2.652099999999999795e+02
2.653999999999999773e+02
2.670400000000000205e+02
2.675900000000000318e+02
2.692200000000000273e+02
2.698799999999999955e+02
2.714800000000000182e+02
3.049100000000000250e+02
3.054100000000000250e+02
3.070900000000000318e+02
3.073799999999999955e+02
3.077500000000000000e+02
3.084000000000000341e+02
3.093299999999999841e+02
3.098700000000000045e+02
3.103500000000000227e+02
3.114599999999999795e+02
3.122699999999999818e+02
3.125600000000000023e+02
3.135600000000000023e+02
3.144499999999999886e+02
3.154800000000000182e+02
3.157400000000000091e+02
3.167900000000000205e+02
3.178600000000000136e+02
3.197599999999999909e+02
3.198700000000000045e+02
3.201299999999999955e+02
3.222200000000000273e+02
3.225400000000000205e+02
3.554700000000000273e+02
3.558299999999999841e+02
3.577099999999999795e+02
3.581299999999999955e+02
3.581800000000000068e+02
3.586200000000000045e+02
3.602599999999999909e+02
3.606100000000000136e+02
3.610699999999999932e+02
3.624200000000000159e+02
3.637500000000000000e+02
3.645300000000000296e+02
3.651899999999999977e+02
3.658899999999999864e+02
3.666800000000000068e+02
3.673500000000000227e+02
3.682400000000000091e+02
3.688100000000000023e+02
3.704000000000000341e+02
3.710699999999999932e+02
3.739499999999999886e+02
4.043400000000000318e+02
4.057500000000000000e+02
4.062800000000000296e+02
4.068400000000000318e+02
4.084300000000000068e+02
4.087100000000000364e+02
4.089399999999999977e+02
4.105300000000000296e+02
4.110300000000000296e+02
4.112300000000000182e+02
4.126600000000000250e+02
4.131100000000000136e+02
4.135000000000000000e+02
4.147500000000000000e+02
4.153600000000000136e+02
4.168299999999999841e+02
4.179499999999999886e+02
4.189499999999999886e+02
4.202500000000000000e+02
4.215600000000000023e+02
4.538400000000000318e+02
4.548299999999999841e+02
4.562100000000000364e+02
4.563000000000000114e+02
4.571000000000000227e+02
4.583400000000000318e+02
4.586100000000000136e+02
4.600600000000000023e+02
4.605400000000000205e+02
4.607699999999999818e+02
4.628700000000000045e+02
4.629100000000000250e+02
4.634300000000000068e+02
4.650400000000000205e+02
4.650799999999999841e+02
4.671600000000000250e+02
4.672800000000000296e+02
4.694000000000000341e+02
4.694900000000000091e+02
4.716000000000000227e+02
5.034499999999999886e+02
5.050099999999999909e+02
5.058700000000000045e+02
5.063199999999999932e+02
5.067400000000000091e+02
5.074499999999999886e+02
5.086299999999999955e+02
5.090900000000000318e+02
5.092300000000000182e+02
5.096200000000000045e+02
5.113000000000000114e+02
5.117300000000000182e+02
5.133999999999999773e+02
5.134199999999999591e+02
5.141100000000000136e+02
5.156699999999999591e+02
5.164199999999999591e+02
5.177999999999999545e+02
5.185600000000000591e+02
5.204199999999999591e+02
5.209500000000000455e+02
5.545900000000000318e+02
5.546100000000000136e+02
5.555199999999999818e+02
5.558999999999999773e+02
5.568100000000000591e+02
5.570099999999999909e+02
5.580299999999999727e+02
5.593700000000000045e+02
5.593899999999999864e+02
5.601299999999999955e+02
5.616299999999999955e+02
5.617799999999999727e+02
5.623999999999999773e+02
5.639400000000000546e+02
5.640000000000000000e+02
5.645199999999999818e+02
5.663899999999999864e+02
5.664700000000000273e+02
5.666100000000000136e+02
5.687100000000000364e+02
5.696100000000000136e+02
5.708400000000000318e+02
6.040800000000000409e+02
6.043400000000000318e+02
6.054300000000000637e+02
6.069400000000000546e+02
6.071000000000000227e+02
6.083600000000000136e+02
6.092599999999999909e+02
6.094099999999999682e+02
6.105000000000000000e+02
6.114900000000000091e+02
6.116399999999999864e+02
6.126100000000000136e+02
6.138700000000000045e+02
6.147400000000000091e+02
6.161699999999999591e+02
6.169199999999999591e+02
6.183500000000000227e+02
6.191200000000000045e+02
6.218200000000000500e+02
6.535199999999999818e+02
6.566800000000000637e+02
6.567699999999999818e+02
6.586399999999999864e+02
6.588799999999999955e+02
6.588999999999999773e+02
6.609900000000000091e+02
6.609900000000000091e+02
6.612699999999999818e+02
6.631100000000000136e+02
6.631599999999999682e+02
6.640299999999999727e+02
6.652300000000000182e+02
6.652799999999999727e+02
6.672899999999999636e+02
6.675099999999999909e+02
6.695099999999999909e+02
6.701000000000000227e+02
6.722400000000000091e+02
7.015600000000000591e+02
7.024600000000000364e+02
7.041599999999999682e+02
7.049099999999999682e+02
7.063300000000000409e+02
7.065099999999999909e+02
7.075600000000000591e+02
7.085299999999999727e+02
7.086800000000000637e+02
7.101000000000000227e+02
7.107899999999999636e+02
7.108200000000000500e+02
7.128600000000000136e+02
7.129700000000000273e+02
7.129800000000000182e+02
7.150900000000000318e+02
7.153899999999999864e+02
7.173300000000000409e+02
7.177400000000000091e+02
7.194800000000000182e+02
7.218500000000000227e+02
7.508600000000000136e+02
7.524500000000000455e+02
7.541699999999999591e+02
7.548100000000000591e+02
7.553300000000000409e+02
7.563500000000000227e+02
7.569800000000000182e+02
7.585900000000000318e+02
7.587100000000000364e+02
7.591299999999999955e+02
7.607100000000000364e+02
7.612000000000000455e+02
7.612799999999999727e+02
7.629600000000000364e+02
7.634400000000000546e+02
7.651100000000000136e+02
7.654800000000000182e+02
7.656599999999999682e+02
7.674200000000000728e+02
7.695399999999999636e+02
7.721900000000000546e+02
8.024500000000000455e+02
8.026700000000000728e+02
8.047300000000000182e+02
8.051000000000000227e+02
8.057400000000000091e+02
8.069800000000000182e+02
8.073100000000000591e+02
8.078700000000000045e+02
8.093100000000000591e+02
8.094200000000000728e+02
8.099800000000000182e+02
8.115299999999999727e+02
8.123000000000000682e+02
8.127200000000000273e+02
8.136599999999999682e+02
8.144800000000000182e+02
8.157699999999999818e+02
8.167799999999999727e+02
8.178600000000000136e+02
8.199700000000000273e+02
8.200299999999999727e+02
8.223899999999999864e+02
8.498000000000000682e+02
8.522699999999999818e+02
8.528999999999999773e+02
8.544500000000000455e+02
8.560900000000000318e+02
8.561700000000000728e+02
8.566399999999999864e+02
8.567500000000000000e+02
8.581900000000000546e+02
8.590199999999999818e+02
8.591000000000000227e+02
8.603300000000000409e+02
8.615199999999999818e+02
8.620399999999999636e+02
8.624800000000000182e+02
8.638000000000000682e+02
8.646700000000000728e+02
8.661399999999999864e+02
8.668799999999999955e+02
8.690600000000000591e+02
8.717699999999999818e+02
9.008700000000000045e+02
9.022400000000000091e+02
9.035199999999999818e+02
9.047899999999999636e+02
9.049200000000000728e+02
9.057200000000000273e+02
9.070299999999999727e+02
9.077500000000000000e+02
9.079200000000000728e+02
9.091399999999999864e+02
9.099800000000000182e+02
9.101299999999999955e+02
9.114500000000000455e+02
9.120900000000000318e+02
9.123300000000000409e+02
9.137599999999999909e+02
9.142100000000000364e+02
9.162799999999999727e+02
9.165399999999999636e+02
9.185099999999999909e+02
9.207899999999999636e+02
9.475000000000000000e+02
9.501800000000000637e+02
9.525299999999999727e+02
9.525700000000000500e+02
9.545099999999999909e+02
9.548899999999999864e+02
9.551000000000000227e+02
9.570600000000000591e+02
9.574400000000000546e+02
9.574500000000000455e+02
9.592100000000000364e+02
9.597000000000000455e+02
9.608200000000000500e+02
9.613300000000000409e+02
9.621399999999999864e+02
9.634300000000000637e+02
9.642699999999999818e+02
9.643100000000000591e+02
9.655800000000000409e+02
9.664500000000000455e+02
9.677400000000000091e+02
9.699600000000000364e+02
9.728899999999999864e+02
