2.550000000000000266e+00
2.569999999999999840e+00
2.680000000000000160e+00
2.979999999999999982e+00
3.050000000000000266e+00
4.589999999999999858e+00
4.600000000000000533e+00
4.709999999999999964e+00
4.870000000000000107e+00
4.959999999999999964e+00
5.000000000000000000e+00
6.600000000000000533e+00
6.620000000000000107e+00
6.830000000000000071e+00
6.839999999999999858e+00
6.910000000000000142e+00
7.020000000000000462e+00
8.640000000000000568e+00
8.650000000000000355e+00
8.759999999999999787e+00
9.050000000000000711e+00
1.054000000000000092e+01
1.066999999999999993e+01
1.088000000000000078e+01
1.108000000000000007e+01
1.247000000000000064e+01
1.258000000000000007e+01
1.310999999999999943e+01
1.442999999999999972e+01
1.451999999999999957e+01
1.475000000000000000e+01
1.497000000000000064e+01
1.646000000000000085e+01
1.655999999999999872e+01
1.657000000000000028e+01
1.678000000000000114e+01
1.860000000000000142e+01
1.860999999999999943e+01
1.878999999999999915e+01
1.882000000000000028e+01
1.891000000000000014e+01
2.062999999999999901e+01
2.064000000000000057e+01
2.087999999999999901e+01
2.266000000000000014e+01
2.269999999999999929e+01
2.278000000000000114e+01
2.291000000000000014e+01
2.307000000000000028e+01
2.437000000000000099e+01
2.467999999999999972e+01
2.473000000000000043e+01
2.490000000000000213e+01
2.621000000000000085e+01
2.671000000000000085e+01
2.673000000000000043e+01
2.675000000000000000e+01
2.692999999999999972e+01
2.839000000000000057e+01
2.844000000000000128e+01
2.876999999999999957e+01
2.876999999999999957e+01
2.878999999999999915e+01
2.910999999999999943e+01
3.048000000000000043e+01
3.053000000000000114e+01
3.081000000000000227e+01
3.081000000000000227e+01
3.114000000000000057e+01
3.253000000000000114e+01
3.259000000000000341e+01
3.267999999999999972e+01
3.282999999999999829e+01
3.282999999999999829e+01
3.485999999999999943e+01
3.485999999999999943e+01
3.492000000000000171e+01
3.517999999999999972e+01
3.632000000000000028e+01
3.689000000000000057e+01
3.689999999999999858e+01
3.698000000000000398e+01
3.720000000000000284e+01
3.835000000000000142e+01
3.892000000000000171e+01
3.900000000000000000e+01
4.032000000000000028e+01
4.046999999999999886e+01
4.092999999999999972e+01
4.103000000000000114e+01
4.249000000000000199e+01
4.289999999999999858e+01
4.296999999999999886e+01
4.303999999999999915e+01
4.318999999999999773e+01
4.439999999999999858e+01
4.463000000000000256e+01
4.510000000000000142e+01
4.645000000000000284e+01
4.659000000000000341e+01
4.668999999999999773e+01
4.685000000000000142e+01
4.714000000000000057e+01
4.823000000000000398e+01
4.848000000000000398e+01
4.862000000000000455e+01
4.877000000000000313e+01
4.917999999999999972e+01
5.050999999999999801e+01
5.064999999999999858e+01
5.232000000000000028e+01
5.253000000000000114e+01
5.263000000000000256e+01
5.268999999999999773e+01
5.318999999999999773e+01
5.345000000000000284e+01
5.414999999999999858e+01
5.437000000000000455e+01
5.459000000000000341e+01
5.639000000000000057e+01
5.648000000000000398e+01
5.660999999999999943e+01
5.689999999999999858e+01
5.718999999999999773e+01
5.842000000000000171e+01
5.852000000000000313e+01
5.863000000000000256e+01
5.899000000000000199e+01
5.925999999999999801e+01
5.939000000000000057e+01
6.017000000000000171e+01
6.046000000000000085e+01
6.057000000000000028e+01
6.064999999999999858e+01
6.260000000000000142e+01
6.260999999999999943e+01
6.267999999999999972e+01
6.431000000000000227e+01
6.473000000000000398e+01
6.504999999999999716e+01
6.634000000000000341e+01
6.653000000000000114e+01
6.675000000000000000e+01
6.682000000000000739e+01
6.714000000000000057e+01
6.862000000000000455e+01
6.878000000000000114e+01
6.890000000000000568e+01
6.946000000000000796e+01
7.064000000000000057e+01
7.092000000000000171e+01
7.220000000000000284e+01
7.242000000000000171e+01
7.265999999999999659e+01
7.298000000000000398e+01
7.309000000000000341e+01
7.446999999999999886e+01
7.490000000000000568e+01
7.501000000000000512e+01
7.573000000000000398e+01
7.593999999999999773e+01
7.650000000000000000e+01
7.693000000000000682e+01
7.704000000000000625e+01
7.728000000000000114e+01
7.785999999999999943e+01
7.851999999999999602e+01
7.907999999999999829e+01
7.964000000000000057e+01
8.003000000000000114e+01
8.037000000000000455e+01
8.054000000000000625e+01
8.115000000000000568e+01
8.143000000000000682e+01
8.240000000000000568e+01
8.256000000000000227e+01
8.318000000000000682e+01
8.389000000000000057e+01
8.398999999999999488e+01
8.443999999999999773e+01
8.457999999999999829e+01
8.521999999999999886e+01
8.531000000000000227e+01
8.648000000000000398e+01
8.660999999999999943e+01
8.734000000000000341e+01
8.801999999999999602e+01
8.851999999999999602e+01
8.865000000000000568e+01
8.882000000000000739e+01
8.937999999999999545e+01
9.010999999999999943e+01
9.060999999999999943e+01
9.068000000000000682e+01
9.096999999999999886e+01
9.182000000000000739e+01
9.264000000000000057e+01
9.301000000000000512e+01
9.354000000000000625e+01
9.387999999999999545e+01
9.442000000000000171e+01
9.468999999999999773e+01
9.512999999999999545e+01
9.557999999999999829e+01
9.592000000000000171e+01
9.645000000000000284e+01
9.673000000000000398e+01
9.725000000000000000e+01
9.795000000000000284e+01
9.849000000000000909e+01
9.887999999999999545e+01
9.998000000000000398e+01
1.005300000000000011e+02
1.010900000000000034e+02
1.014900000000000091e+02
1.020000000000000000e+02
1.024399999999999977e+02
1.025499999999999972e+02
1.031299999999999955e+02
1.040700000000000074e+02
1.045900000000000034e+02
1.047900000000000063e+02
1.051599999999999966e+02
1.068700000000000045e+02
1.071800000000000068e+02
1.077300000000000040e+02
1.081299999999999955e+02
1.092100000000000080e+02
1.094200000000000017e+02
1.101800000000000068e+02
1.105000000000000000e+02
1.112400000000000091e+02
1.115900000000000034e+02
1.122999999999999972e+02
1.125199999999999960e+02
1.132999999999999972e+02
1.143299999999999983e+02
1.146200000000000045e+02
1.153200000000000074e+02
1.157100000000000080e+02
1.163599999999999994e+02
1.167000000000000028e+02
1.173400000000000034e+02
1.181400000000000006e+02
1.183799999999999955e+02
1.187199999999999989e+02
1.193700000000000045e+02
1.195100000000000051e+02
1.202199999999999989e+02
1.204200000000000017e+02
1.207800000000000011e+02
1.214399999999999977e+02
1.215900000000000034e+02
1.224399999999999977e+02
1.228100000000000023e+02
1.234699999999999989e+02
1.244699999999999989e+02
1.248400000000000034e+02
1.255300000000000011e+02
1.258100000000000023e+02
1.265000000000000000e+02
1.278500000000000085e+02
1.285200000000000102e+02
1.285800000000000125e+02
1.287299999999999898e+02
1.307599999999999909e+02
1.312599999999999909e+02
1.316599999999999966e+02
1.321899999999999977e+02
1.333000000000000114e+02
1.336999999999999886e+02
1.340900000000000034e+02
1.342199999999999989e+02
1.349000000000000057e+02
1.353499999999999943e+02
1.362700000000000102e+02
1.369799999999999898e+02
1.373900000000000148e+02
1.378100000000000023e+02
1.382899999999999920e+02
1.390099999999999909e+02
1.394300000000000068e+02
1.398799999999999955e+02
1.403100000000000023e+02
1.410399999999999920e+02
1.414500000000000171e+02
1.418000000000000114e+02
1.423400000000000034e+02
1.430800000000000125e+02
1.432700000000000102e+02
1.433900000000000148e+02
1.435000000000000000e+02
1.439000000000000057e+02
1.443600000000000136e+02
1.444000000000000057e+02
1.463900000000000148e+02
1.467299999999999898e+02
1.473499999999999943e+02
1.474000000000000057e+02
1.484200000000000159e+02
1.487700000000000102e+02
1.496299999999999955e+02
1.497400000000000091e+02
1.498100000000000023e+02
1.508100000000000023e+02
1.516599999999999966e+02
1.519300000000000068e+02
1.520200000000000102e+02
1.528300000000000125e+02
1.535600000000000023e+02
1.540800000000000125e+02
1.541299999999999955e+02
1.548499999999999943e+02
1.553900000000000148e+02
1.555900000000000034e+02
1.561299999999999955e+02
1.561500000000000057e+02
1.568700000000000045e+02
1.574099999999999966e+02
1.576200000000000045e+02
1.581700000000000159e+02
1.586400000000000148e+02
1.588900000000000148e+02
1.595600000000000023e+02
1.596599999999999966e+02
1.597700000000000102e+02
1.602199999999999989e+02
1.609399999999999977e+02
1.616800000000000068e+02
1.622700000000000102e+02
1.629799999999999898e+02
1.635900000000000034e+02
1.638799999999999955e+02
1.643300000000000125e+02
1.652500000000000000e+02
1.656200000000000045e+02
1.663499999999999943e+02
1.665900000000000034e+02
1.673300000000000125e+02
1.683700000000000045e+02
1.686400000000000148e+02
1.691500000000000057e+02
1.694600000000000080e+02
1.699000000000000057e+02
1.704500000000000171e+02
1.706700000000000159e+02
1.706899999999999977e+02
1.713100000000000023e+02
1.716200000000000045e+02
1.727000000000000171e+02
1.733499999999999943e+02
1.737500000000000000e+02
1.748300000000000125e+02
1.752400000000000091e+02
1.758400000000000034e+02
1.760500000000000114e+02
1.768400000000000034e+02
1.778799999999999955e+02
1.788700000000000045e+02
1.790000000000000000e+02
1.792000000000000171e+02
1.800399999999999920e+02
1.809200000000000159e+02
1.812199999999999989e+02
1.829900000000000091e+02
1.832400000000000091e+02
1.832500000000000000e+02
1.840099999999999909e+02
1.843300000000000125e+02
1.850200000000000102e+02
1.852899999999999920e+02
1.863600000000000136e+02
1.872199999999999989e+02
1.873300000000000125e+02
1.880999999999999943e+02
1.883400000000000034e+02
1.885600000000000023e+02
1.893600000000000136e+02
1.897800000000000011e+02
1.907199999999999989e+02
1.907400000000000091e+02
1.913799999999999955e+02
1.918199999999999932e+02
1.925699999999999932e+02
1.927500000000000000e+02
1.934099999999999966e+02
1.939399999999999977e+02
1.941500000000000057e+02
1.947800000000000011e+02
1.955000000000000000e+02
1.968000000000000114e+02
1.977800000000000011e+02
1.979600000000000080e+02
1.985200000000000102e+02
2.000200000000000102e+02
2.005600000000000023e+02
2.006899999999999977e+02
2.013300000000000125e+02
2.016899999999999977e+02
2.021800000000000068e+02
2.023199999999999932e+02
2.027300000000000182e+02
2.037300000000000182e+02
2.042500000000000000e+02
2.043799999999999955e+02
2.047500000000000000e+02
2.050300000000000011e+02
2.064099999999999966e+02
2.067800000000000011e+02
2.071100000000000136e+02
2.072899999999999920e+02
2.075399999999999920e+02
2.088100000000000023e+02
2.093000000000000114e+02
2.095300000000000011e+02
2.096100000000000136e+02
2.102800000000000011e+02
2.108300000000000125e+02
2.113300000000000125e+02
2.115500000000000114e+02
2.117400000000000091e+02
2.128700000000000045e+02
2.137599999999999909e+02
2.148600000000000136e+02
2.149099999999999966e+02
2.152300000000000182e+02
2.158000000000000114e+02
2.162000000000000171e+02
2.170699999999999932e+02
2.175399999999999920e+02
2.178199999999999932e+02
2.183100000000000023e+02
2.190999999999999943e+02
2.195699999999999932e+02
2.198700000000000045e+02
2.216500000000000057e+02
2.219800000000000182e+02
2.220399999999999920e+02
2.224500000000000171e+02
2.230800000000000125e+02
2.236800000000000068e+02
2.240000000000000000e+02
2.241299999999999955e+02
2.246100000000000136e+02
2.269800000000000182e+02
2.271200000000000045e+02
2.274800000000000182e+02
2.290600000000000023e+02
2.293600000000000136e+02
2.295500000000000114e+02
2.305999999999999943e+02
2.309699999999999989e+02
2.316100000000000136e+02
2.317700000000000102e+02
2.322599999999999909e+02
2.336599999999999966e+02
2.339399999999999977e+02
2.345099999999999909e+02
2.345600000000000023e+02
2.350399999999999920e+02
2.356899999999999977e+02
2.359699999999999989e+02
2.364200000000000159e+02
2.365399999999999920e+02
2.367800000000000011e+02
2.377199999999999989e+02
2.380000000000000000e+02
2.385699999999999932e+02
2.388100000000000023e+02
2.397599999999999909e+02
2.400200000000000102e+02
2.405999999999999943e+02
2.420099999999999909e+02
2.420399999999999920e+02
2.427000000000000171e+02
2.436899999999999977e+02
2.447300000000000182e+02
2.455999999999999943e+02
2.463900000000000148e+02
2.467500000000000000e+02
2.474000000000000057e+02
2.476400000000000148e+02
2.487800000000000011e+02
2.489500000000000171e+02
2.496299999999999955e+02
2.498400000000000034e+02
2.508199999999999932e+02
2.511800000000000068e+02
2.518799999999999955e+02
2.528700000000000045e+02
2.544600000000000080e+02
2.552800000000000011e+02
2.558600000000000136e+02
2.565000000000000000e+02
2.565600000000000023e+02
2.577699999999999818e+02
2.580699999999999932e+02
2.585900000000000318e+02
2.586399999999999864e+02
2.589399999999999977e+02
2.597400000000000091e+02
2.598000000000000114e+02
2.601200000000000045e+02
2.624800000000000182e+02
2.630099999999999909e+02
2.634800000000000182e+02
2.637699999999999818e+02
2.645600000000000023e+02
2.647800000000000296e+02
2.655099999999999909e+02
2.655900000000000318e+02
2.666000000000000227e+02
2.668100000000000023e+02
2.674100000000000250e+02
2.686100000000000136e+02
2.686299999999999955e+02
2.695199999999999818e+02
2.696700000000000159e+02
2.708000000000000114e+02
2.708600000000000136e+02
2.713600000000000136e+02
2.716899999999999977e+02
2.725500000000000114e+02
2.728799999999999955e+02
2.731500000000000341e+02
2.738100000000000023e+02
2.751399999999999864e+02
2.754100000000000250e+02
2.758500000000000227e+02
2.774399999999999977e+02
2.787099999999999795e+02
2.789800000000000182e+02
2.794300000000000068e+02
2.800400000000000205e+02
2.807400000000000091e+02
2.808199999999999932e+02
2.815699999999999932e+02
2.822599999999999909e+02
2.840600000000000023e+02
2.847400000000000091e+02
2.853700000000000045e+02
2.856999999999999886e+02
2.861100000000000136e+02
2.867099999999999795e+02
2.867599999999999909e+02
2.875300000000000296e+02
2.877599999999999909e+02
2.887900000000000205e+02
2.888000000000000114e+02
2.895799999999999841e+02
2.896000000000000227e+02
2.898100000000000023e+02
2.908299999999999841e+02
2.937400000000000091e+02
2.943700000000000045e+02
2.943799999999999955e+02
2.956200000000000045e+02
2.968299999999999841e+02
2.976500000000000341e+02
2.980099999999999909e+02
2.988899999999999864e+02
2.990000000000000000e+02
2.997200000000000273e+02
3.000600000000000023e+02
3.001200000000000045e+02
3.017500000000000000e+02
3.023899999999999864e+02
3.026500000000000341e+02
3.038299999999999841e+02
3.038299999999999841e+02
3.044100000000000250e+02
3.049900000000000091e+02
3.058700000000000045e+02
3.058799999999999955e+02
3.077699999999999818e+02
3.079300000000000068e+02
3.083199999999999932e+02
3.092500000000000000e+02
3.110600000000000023e+02
3.112800000000000296e+02
3.124399999999999977e+02
3.134900000000000091e+02
3.145000000000000000e+02
3.145500000000000114e+02
3.150000000000000000e+02
3.162200000000000273e+02
3.165500000000000114e+02
3.175400000000000205e+02
3.183500000000000227e+02
3.184900000000000091e+02
3.191100000000000136e+02
3.191700000000000159e+02
3.195799999999999841e+02
3.203700000000000045e+02
3.206600000000000250e+02
3.211600000000000250e+02
3.212200000000000273e+02
3.229300000000000068e+02
3.237099999999999795e+02
3.239000000000000341e+02
3.251500000000000341e+02
3.263100000000000023e+02
3.272200000000000273e+02
3.279599999999999795e+02
3.283199999999999932e+02
3.284200000000000159e+02
3.303500000000000227e+02
3.310699999999999932e+02
3.319499999999999886e+02
3.323899999999999864e+02
3.324200000000000159e+02
3.328199999999999932e+02
3.331700000000000159e+02
3.354200000000000159e+02
3.354700000000000273e+02
3.362800000000000296e+02
3.365199999999999818e+02
3.375000000000000000e+02
3.376899999999999977e+02
3.384599999999999795e+02
3.404399999999999977e+02
3.409900000000000091e+02
3.413500000000000227e+02
3.418899999999999864e+02
3.430300000000000296e+02
3.436600000000000250e+02
3.469900000000000091e+02
3.477099999999999795e+02
3.488799999999999955e+02
3.490300000000000296e+02
3.500900000000000318e+02
3.502900000000000205e+02
3.509200000000000159e+02
3.510699999999999932e+02
3.512500000000000000e+02
3.523600000000000136e+02
3.531100000000000136e+02
3.535699999999999932e+02
3.544100000000000250e+02
3.552500000000000000e+02
3.554200000000000159e+02
3.557200000000000273e+02
3.564599999999999795e+02
3.572800000000000296e+02
3.577400000000000091e+02
3.585199999999999818e+02
3.595799999999999841e+02
3.601600000000000250e+02
3.607200000000000273e+02
3.610600000000000023e+02
3.633400000000000318e+02
3.643700000000000045e+02
3.645400000000000205e+02
3.655900000000000318e+02
3.670199999999999818e+02
3.676700000000000159e+02
3.682900000000000205e+02
3.683299999999999841e+02
3.700799999999999841e+02
3.719599999999999795e+02
3.738899999999999864e+02
3.739800000000000182e+02
3.747900000000000205e+02
3.748000000000000114e+02
3.761600000000000250e+02
3.764000000000000341e+02
3.768199999999999932e+02
3.785300000000000296e+02
3.795600000000000023e+02
3.795900000000000318e+02
3.802300000000000182e+02
3.810699999999999932e+02
3.828700000000000045e+02
3.840600000000000023e+02
3.849499999999999886e+02
3.850699999999999932e+02
3.859000000000000341e+02
3.870400000000000205e+02
3.879399999999999977e+02
3.890699999999999932e+02
3.894700000000000273e+02
3.899800000000000182e+02
3.905600000000000023e+02
3.919700000000000273e+02
3.923199999999999932e+02
3.928000000000000114e+02
3.928299999999999841e+02
3.931399999999999864e+02
3.953700000000000045e+02
3.956000000000000227e+02
3.962100000000000364e+02
3.967200000000000273e+02
3.976700000000000159e+02
3.982900000000000205e+02
3.991200000000000045e+02
4.003600000000000136e+02
4.025900000000000318e+02
4.027800000000000296e+02
4.041100000000000136e+02
4.043600000000000136e+02
4.048100000000000023e+02
4.073700000000000045e+02
4.085799999999999841e+02
4.094100000000000250e+02
4.099499999999999886e+02
4.114800000000000182e+02
4.122400000000000091e+02
4.135400000000000205e+02
4.136600000000000250e+02
4.137599999999999909e+02
4.138100000000000023e+02
4.142599999999999909e+02
4.163400000000000318e+02
4.168199999999999932e+02
4.178500000000000227e+02
4.184600000000000364e+02
4.188700000000000045e+02
4.199499999999999886e+02
4.211100000000000136e+02
4.213000000000000114e+02
4.219300000000000068e+02
4.231500000000000341e+02
4.234000000000000341e+02
4.235900000000000318e+02
4.237200000000000273e+02
4.265799999999999841e+02
4.270400000000000205e+02
4.271500000000000341e+02
4.281999999999999886e+02
4.292300000000000182e+02
4.312800000000000296e+02
4.316399999999999864e+02
4.321800000000000068e+02
4.322100000000000364e+02
4.337200000000000273e+02
4.342699999999999818e+02
4.355099999999999909e+02
4.355199999999999818e+02
4.363000000000000114e+02
4.375900000000000318e+02
4.383899999999999864e+02
4.409800000000000182e+02
4.413799999999999955e+02
4.415000000000000000e+02
4.435300000000000296e+02
4.439800000000000182e+02
4.440699999999999932e+02
4.455600000000000023e+02
4.460199999999999818e+02
4.468899999999999864e+02
4.477300000000000182e+02
4.486500000000000341e+02
4.498100000000000023e+02
4.499200000000000159e+02
4.509800000000000182e+02
4.518500000000000227e+02
4.522400000000000091e+02
4.524399999999999977e+02
4.543299999999999841e+02
4.550400000000000205e+02
4.557800000000000296e+02
4.579100000000000250e+02
4.613299999999999841e+02
4.618199999999999932e+02
4.620799999999999841e+02
4.633000000000000114e+02
4.635500000000000114e+02
4.641800000000000068e+02
4.668899999999999864e+02
4.689499999999999886e+02
4.689700000000000273e+02
4.692599999999999909e+02
4.706000000000000227e+02
4.710000000000000000e+02
4.713199999999999932e+02
4.730699999999999932e+02
4.731299999999999955e+02
4.733700000000000045e+02
4.749600000000000364e+02
4.751600000000000250e+02
4.751800000000000068e+02
4.772100000000000364e+02
4.781399999999999864e+02
4.793000000000000114e+02
4.806800000000000068e+02
4.822200000000000273e+02
4.830099999999999909e+02
4.845300000000000296e+02
4.847699999999999818e+02
4.852900000000000205e+02
4.853299999999999841e+02
4.871000000000000227e+02
4.873500000000000227e+02
4.874300000000000068e+02
4.900099999999999909e+02
4.901899999999999977e+02
4.902200000000000273e+02
4.920600000000000023e+02
4.931500000000000341e+02
4.940799999999999841e+02
4.943400000000000318e+02
4.963899999999999864e+02
4.967700000000000387e+02
4.972400000000000091e+02
4.981000000000000227e+02
5.000900000000000318e+02
5.002500000000000000e+02
5.022300000000000182e+02
5.023600000000000136e+02
5.033799999999999955e+02
5.048100000000000023e+02
5.049600000000000364e+02
5.062400000000000091e+02
5.069600000000000364e+02
5.071000000000000227e+02
5.071299999999999955e+02
5.091800000000000068e+02
5.092100000000000364e+02
5.122000000000000455e+02
5.149500000000000455e+02
5.161800000000000637e+02
5.182300000000000182e+02
5.191000000000000227e+02
5.193500000000000227e+02
5.199500000000000455e+02
5.203899999999999864e+02
5.209600000000000364e+02
5.211299999999999955e+02
5.221499999999999773e+02
5.222999999999999545e+02
5.232200000000000273e+02
5.252500000000000000e+02
5.259500000000000455e+02
5.280600000000000591e+02
5.281100000000000136e+02
5.283200000000000500e+02
5.291399999999999864e+02
5.301699999999999591e+02
5.311599999999999682e+02
5.318700000000000045e+02
5.340499999999999545e+02
5.352400000000000091e+02
5.365299999999999727e+02
5.369800000000000182e+02
5.371699999999999591e+02
5.375499999999999545e+02
5.380000000000000000e+02
5.397100000000000364e+02
5.400399999999999636e+02
5.401599999999999682e+02
5.416299999999999955e+02
5.422100000000000364e+02
5.432699999999999818e+02
5.441100000000000136e+02
5.443300000000000409e+02
5.453400000000000318e+02
5.465299999999999727e+02
5.469300000000000637e+02
5.470099999999999909e+02
5.490500000000000682e+02
5.491900000000000546e+02
5.496599999999999682e+02
5.505700000000000500e+02
5.511399999999999864e+02
5.512300000000000182e+02
5.514199999999999591e+02
5.528500000000000227e+02
5.538600000000000136e+02
5.544300000000000637e+02
5.550199999999999818e+02
5.550199999999999818e+02
5.575399999999999636e+02
5.579700000000000273e+02
5.580299999999999727e+02
5.611599999999999682e+02
5.615500000000000682e+02
5.615900000000000318e+02
5.632799999999999727e+02
5.633999999999999773e+02
5.636100000000000136e+02
5.643600000000000136e+02
5.653500000000000227e+02
5.657100000000000364e+02
5.659700000000000273e+02
5.669099999999999682e+02
5.674199999999999591e+02
5.685700000000000500e+02
5.692300000000000182e+02
5.706699999999999591e+02
5.712899999999999636e+02
5.734300000000000637e+02
5.742200000000000273e+02
5.754700000000000273e+02
5.772000000000000455e+02
5.775299999999999727e+02
5.785800000000000409e+02
5.795600000000000591e+02
5.804199999999999591e+02
5.811599999999999682e+02
5.817699999999999818e+02
5.824600000000000364e+02
5.846699999999999591e+02
5.854099999999999682e+02
5.868500000000000227e+02
5.873899999999999864e+02
5.875000000000000000e+02
5.900700000000000500e+02
5.903000000000000682e+02
5.908500000000000227e+02
5.921399999999999864e+02
5.935199999999999818e+02
5.945000000000000000e+02
5.957500000000000000e+02
5.965399999999999636e+02
5.974900000000000091e+02
5.979600000000000364e+02
5.998400000000000318e+02
6.005199999999999818e+02
6.005299999999999727e+02
6.014900000000000091e+02
6.022699999999999818e+02
6.031499999999999773e+02
6.037599999999999909e+02
6.044500000000000455e+02
6.053799999999999955e+02
6.058300000000000409e+02
6.062000000000000455e+02
6.064300000000000637e+02
6.079400000000000546e+02
6.081399999999999864e+02
6.090900000000000318e+02
6.100000000000000000e+02
6.103400000000000318e+02
6.105199999999999818e+02
6.108400000000000318e+02
6.113999999999999773e+02
6.129099999999999682e+02
6.141000000000000227e+02
6.147799999999999727e+02
6.151200000000000045e+02
6.161299999999999955e+02
6.174800000000000182e+02
6.187300000000000182e+02
6.190900000000000318e+02
6.203500000000000227e+02
6.215000000000000000e+02
6.220700000000000500e+02
6.242000000000000455e+02
6.248500000000000227e+02
6.265399999999999636e+02
6.272500000000000000e+02
6.274900000000000091e+02
6.285900000000000318e+02
6.289900000000000091e+02
6.293899999999999864e+02
6.295900000000000318e+02
6.304099999999999682e+02
6.306399999999999864e+02
6.330099999999999909e+02
6.331599999999999682e+02
6.341299999999999955e+02
6.350099999999999909e+02
6.350399999999999636e+02
6.356399999999999864e+02
6.367799999999999727e+02
6.376000000000000227e+02
6.380900000000000318e+02
6.383600000000000136e+02
6.387899999999999636e+02
6.415600000000000591e+02
6.418100000000000591e+02
6.429800000000000182e+02
6.436000000000000227e+02
6.437799999999999727e+02
6.438600000000000136e+02
6.458999999999999773e+02
6.459199999999999591e+02
6.473999999999999773e+02
6.479600000000000364e+02
6.488899999999999864e+02
6.493200000000000500e+02
6.494500000000000455e+02
6.514800000000000182e+02
6.516000000000000227e+02
6.526000000000000227e+02
6.535299999999999727e+02
6.538999999999999773e+02
6.539700000000000273e+02
6.548300000000000409e+02
6.559700000000000273e+02
6.565000000000000000e+02
6.565600000000000591e+02
6.573000000000000682e+02
6.586599999999999682e+02
6.588400000000000318e+02
6.588600000000000136e+02
6.600700000000000500e+02
6.609199999999999591e+02
6.612599999999999909e+02
6.618000000000000682e+02
6.621000000000000227e+02
6.633500000000000227e+02
6.641499999999999773e+02
6.651800000000000637e+02
6.658999999999999773e+02
6.666599999999999682e+02
6.676100000000000136e+02
6.684099999999999682e+02
6.686699999999999591e+02
6.687200000000000273e+02
6.697000000000000455e+02
6.704099999999999682e+02
6.710800000000000409e+02
6.711200000000000045e+02
6.717300000000000182e+02
6.718200000000000500e+02
6.727799999999999727e+02
6.732000000000000455e+02
6.737699999999999818e+02
6.739700000000000273e+02
6.753400000000000318e+02
6.758400000000000318e+02
6.760500000000000682e+02
6.766499999999999773e+02
6.773999999999999773e+02
6.779199999999999591e+02
6.798500000000000227e+02
6.799500000000000455e+02
6.806800000000000637e+02
6.825500000000000682e+02
6.827300000000000182e+02
6.833600000000000136e+02
6.851599999999999682e+02
6.855700000000000500e+02
6.857799999999999727e+02
6.862100000000000364e+02
6.876100000000000136e+02
6.884500000000000455e+02
6.889800000000000182e+02
6.893899999999999864e+02
6.899700000000000273e+02
6.900199999999999818e+02
6.900399999999999636e+02
6.908500000000000227e+02
6.912799999999999727e+02
6.924600000000000364e+02
6.938200000000000500e+02
6.952100000000000364e+02
6.958799999999999955e+02
6.963200000000000500e+02
6.979600000000000364e+02
6.988999999999999773e+02
7.000000000000000000e+02
7.005800000000000409e+02
7.015000000000000000e+02
7.020399999999999636e+02
7.026299999999999955e+02
7.028100000000000591e+02
7.045800000000000409e+02
7.051599999999999682e+02
7.074400000000000546e+02
7.079600000000000364e+02
7.093899999999999864e+02
7.094700000000000273e+02
7.100299999999999727e+02
7.108300000000000409e+02
7.117699999999999818e+02
7.127799999999999727e+02
7.135900000000000318e+02
7.138500000000000227e+02
7.158100000000000591e+02
7.159199999999999591e+02
7.163400000000000318e+02
7.178700000000000045e+02
7.179500000000000455e+02
7.183700000000000045e+02
7.190800000000000409e+02
7.201100000000000136e+02
7.217500000000000000e+02
7.230099999999999909e+02
7.232300000000000182e+02
7.254500000000000455e+02
7.255600000000000591e+02
7.259900000000000091e+02
7.268999999999999773e+02
7.270600000000000591e+02
7.275800000000000409e+02
7.278700000000000045e+02
7.280099999999999909e+02
7.281000000000000227e+02
7.285600000000000591e+02
7.296499999999999773e+02
7.300600000000000591e+02
7.306100000000000136e+02
7.306699999999999591e+02
7.318600000000000136e+02
7.321100000000000136e+02
7.328899999999999864e+02
7.339099999999999682e+02
7.341200000000000045e+02
7.341699999999999591e+02
7.349300000000000637e+02
7.355800000000000409e+02
7.362000000000000455e+02
7.364600000000000364e+02
7.369900000000000091e+02
7.375199999999999818e+02
7.390199999999999818e+02
7.394800000000000182e+02
7.416499999999999773e+02
7.416499999999999773e+02
7.421200000000000045e+02
7.428300000000000409e+02
7.436699999999999591e+02
7.436900000000000546e+02
7.441200000000000045e+02
7.446599999999999682e+02
7.448600000000000136e+02
7.456900000000000546e+02
7.459300000000000637e+02
7.461499999999999773e+02
7.467400000000000091e+02
7.481900000000000546e+02
7.483999999999999773e+02
7.487699999999999818e+02
7.498500000000000227e+02
7.504300000000000637e+02
7.523500000000000227e+02
7.524900000000000091e+02
7.531200000000000045e+02
7.533500000000000227e+02
7.548999999999999773e+02
7.550700000000000500e+02
7.553000000000000682e+02
7.557300000000000182e+02
7.569600000000000364e+02
7.575700000000000500e+02
7.577400000000000091e+02
7.577500000000000000e+02
7.586299999999999955e+02
7.595900000000000318e+02
7.598500000000000227e+02
7.606399999999999864e+02
7.618799999999999955e+02
7.625099999999999909e+02
7.626800000000000637e+02
7.636000000000000227e+02
7.639300000000000637e+02
7.645500000000000682e+02
7.647400000000000091e+02
7.656599999999999682e+02
7.659900000000000091e+02
7.665900000000000318e+02
7.677000000000000455e+02
7.685700000000000500e+02
7.686800000000000637e+02
7.692799999999999727e+02
7.706299999999999955e+02
7.707100000000000364e+02
7.713200000000000500e+02
7.715399999999999636e+02
7.724600000000000364e+02
7.727300000000000182e+02
7.727699999999999818e+02
7.735800000000000409e+02
7.737100000000000364e+02
7.751000000000000227e+02
7.756800000000000637e+02
7.756900000000000546e+02
7.762400000000000091e+02
7.771299999999999955e+02
7.777300000000000182e+02
7.784099999999999682e+02
7.792200000000000273e+02
7.797500000000000000e+02
7.809800000000000182e+02
7.818000000000000682e+02
7.823400000000000318e+02
7.828799999999999955e+02
7.836000000000000227e+02
7.839400000000000546e+02
7.843799999999999955e+02
7.849099999999999682e+02
7.858500000000000227e+02
7.859700000000000273e+02
7.863300000000000409e+02
7.865600000000000591e+02
7.870299999999999727e+02
7.872100000000000364e+02
7.879300000000000637e+02
7.888200000000000500e+02
7.893899999999999864e+02
7.894800000000000182e+02
7.905000000000000000e+02
7.908500000000000227e+02
7.914500000000000455e+02
7.915399999999999636e+02
7.921299999999999955e+02
7.928999999999999773e+02
7.936000000000000227e+02
7.943500000000000227e+02
7.947000000000000455e+02
7.949200000000000728e+02
7.951499999999999773e+02
7.956499999999999773e+02
7.970299999999999727e+02
7.975099999999999909e+02
7.977100000000000364e+02
7.984200000000000728e+02
7.995399999999999636e+02
7.997300000000000182e+02
7.997799999999999727e+02
8.004800000000000182e+02
8.017599999999999909e+02
8.020800000000000409e+02
8.026599999999999682e+02
8.026700000000000728e+02
8.029099999999999682e+02
8.037899999999999636e+02
8.039600000000000364e+02
8.047000000000000455e+02
8.047100000000000364e+02
8.058300000000000409e+02
8.058500000000000227e+02
8.060299999999999727e+02
8.069300000000000637e+02
8.080800000000000409e+02
8.083700000000000045e+02
8.089600000000000364e+02
8.100199999999999818e+02
8.103899999999999864e+02
8.110099999999999909e+02
8.110500000000000682e+02
8.114200000000000728e+02
8.124600000000000364e+02
8.130399999999999636e+02
8.132300000000000182e+02
8.138999999999999773e+02
8.144900000000000091e+02
8.152699999999999818e+02
8.153799999999999955e+02
8.165600000000000591e+02
8.175500000000000682e+02
8.185600000000000591e+02
8.186000000000000227e+02
8.190199999999999818e+02
8.196000000000000227e+02
8.199099999999999682e+02
8.209700000000000273e+02
8.211000000000000227e+02
8.216200000000000045e+02
8.222300000000000182e+02
8.236800000000000637e+02
8.242899999999999636e+02
8.262300000000000182e+02
8.268799999999999955e+02
8.274200000000000728e+02
8.282799999999999727e+02
8.285800000000000409e+02
8.290199999999999818e+02
8.294800000000000182e+02
8.303400000000000318e+02
8.315600000000000591e+02
8.323300000000000409e+02
8.335900000000000318e+02
8.346599999999999682e+02
8.350900000000000318e+02
8.356399999999999864e+02
8.361399999999999864e+02
8.366800000000000637e+02
8.368400000000000318e+02
8.371599999999999682e+02
8.376900000000000546e+02
8.382300000000000182e+02
8.387000000000000455e+02
8.397400000000000091e+02
8.399600000000000364e+02
8.417599999999999909e+02
8.421399999999999864e+02
8.422200000000000273e+02
8.430199999999999818e+02
8.430299999999999727e+02
8.437799999999999727e+02
8.441800000000000637e+02
8.450399999999999636e+02
8.450600000000000591e+02
8.458100000000000591e+02
8.462200000000000273e+02
8.478300000000000409e+02
8.483700000000000045e+02
8.498799999999999955e+02
8.504400000000000546e+02
8.506700000000000728e+02
8.507799999999999727e+02
8.519200000000000728e+02
8.524600000000000364e+02
8.532300000000000182e+02
8.544900000000000091e+02
8.548100000000000591e+02
8.552799999999999727e+02
8.553500000000000227e+02
8.565199999999999818e+02
8.573899999999999864e+02
8.585399999999999636e+02
8.585399999999999636e+02
8.588600000000000136e+02
8.595500000000000682e+02
8.606000000000000227e+02
8.610099999999999909e+02
8.616000000000000227e+02
8.620500000000000682e+02
8.636499999999999773e+02
8.641700000000000728e+02
8.645399999999999636e+02
8.650500000000000682e+02
8.651900000000000546e+02
8.656900000000000546e+02
8.670600000000000591e+02
8.671100000000000136e+02
8.673500000000000227e+02
8.677100000000000364e+02
8.681399999999999864e+02
8.697200000000000273e+02
8.707899999999999636e+02
8.722300000000000182e+02
8.730800000000000409e+02
8.737000000000000455e+02
8.746700000000000728e+02
8.757200000000000273e+02
8.761599999999999682e+02
8.777699999999999818e+02
8.782200000000000273e+02
8.786800000000000637e+02
8.789500000000000455e+02
8.797899999999999636e+02
8.802599999999999909e+02
8.807799999999999727e+02
8.818200000000000500e+02
8.822799999999999727e+02
8.822899999999999636e+02
8.831299999999999955e+02
8.838500000000000227e+02
8.843100000000000591e+02
8.846599999999999682e+02
8.858700000000000045e+02
8.863700000000000045e+02
8.870399999999999636e+02
8.883899999999999864e+02
8.883999999999999773e+02
8.886700000000000728e+02
8.892200000000000273e+02
8.896800000000000637e+02
8.906499999999999773e+02
8.913100000000000591e+02
8.917400000000000091e+02
8.920099999999999909e+02
8.926499999999999773e+02
8.929900000000000091e+02
8.933700000000000045e+02
8.937799999999999727e+02
8.940900000000000318e+02
8.945900000000000318e+02
8.947100000000000364e+02
8.954099999999999682e+02
8.958400000000000318e+02
8.961499999999999773e+02
8.967599999999999909e+02
8.978600000000000136e+02
8.981800000000000637e+02
8.987000000000000455e+02
8.991599999999999682e+02
8.998799999999999955e+02
9.002500000000000000e+02
9.005099999999999909e+02
9.011800000000000637e+02
9.019099999999999682e+02
9.022899999999999636e+02
9.028600000000000136e+02
9.039300000000000637e+02
9.043200000000000500e+02
9.054800000000000182e+02
9.059600000000000364e+02
9.069300000000000637e+02
9.070600000000000591e+02
9.075399999999999636e+02
9.080000000000000000e+02
9.080299999999999727e+02
9.085199999999999818e+02
9.089700000000000273e+02
9.096100000000000136e+02
9.100199999999999818e+02
9.105299999999999727e+02
9.105700000000000500e+02
9.116599999999999682e+02
9.121100000000000136e+02
9.125800000000000409e+02
9.125800000000000409e+02
9.130000000000000000e+02
9.136700000000000728e+02
9.141299999999999955e+02
9.143999999999999773e+02
9.150399999999999636e+02
9.156800000000000637e+02
9.161599999999999682e+02
9.164200000000000728e+02
9.166900000000000546e+02
9.168400000000000318e+02
9.172000000000000455e+02
9.177799999999999727e+02
9.182599999999999909e+02
9.184900000000000091e+02
9.190199999999999818e+02
9.198100000000000591e+02
9.205299999999999727e+02
9.206200000000000045e+02
9.213600000000000136e+02
9.218300000000000409e+02
9.219500000000000455e+02
9.233799999999999955e+02
9.238799999999999955e+02
9.240099999999999909e+02
9.243300000000000409e+02
9.254200000000000728e+02
9.259099999999999682e+02
9.266100000000000136e+02
9.276299999999999955e+02
9.276900000000000546e+02
9.280099999999999909e+02
9.289500000000000455e+02
9.299600000000000364e+02
9.301900000000000546e+02
9.311200000000000045e+02
9.313500000000000227e+02
9.315199999999999818e+02
9.319900000000000091e+02
9.333700000000000045e+02
9.335399999999999636e+02
9.340600000000000591e+02
9.347100000000000364e+02
9.353899999999999864e+02
9.355700000000000500e+02
9.361000000000000227e+02
9.374099999999999682e+02
9.376000000000000227e+02
9.380800000000000409e+02
9.381399999999999864e+02
9.390199999999999818e+02
9.394900000000000091e+02
9.396200000000000045e+02
9.401599999999999682e+02
9.402699999999999818e+02
9.415299999999999727e+02
9.416499999999999773e+02
9.422300000000000182e+02
9.435500000000000682e+02
9.436599999999999682e+02
9.439900000000000091e+02
9.450700000000000500e+02
9.457400000000000091e+02
9.460099999999999909e+02
9.474200000000000728e+02
9.477699999999999818e+02
9.480099999999999909e+02
9.480399999999999636e+02
9.494600000000000364e+02
9.497899999999999636e+02
9.500700000000000500e+02
9.502799999999999727e+02
9.510900000000000318e+02
9.514900000000000091e+02
9.518100000000000591e+02
9.520900000000000318e+02
9.523200000000000500e+02
9.535099999999999909e+02
9.538400000000000318e+02
9.541200000000000045e+02
9.550900000000000318e+02
9.555600000000000591e+02
9.558600000000000136e+02
9.559300000000000637e+02
9.561499999999999773e+02
9.563999999999999773e+02
9.573200000000000500e+02
9.578899999999999864e+02
9.581700000000000728e+02
9.594700000000000273e+02
9.595700000000000500e+02
9.599099999999999682e+02
9.616499999999999773e+02
9.619300000000000637e+02
9.621399999999999864e+02
9.632100000000000364e+02
9.633400000000000318e+02
9.635399999999999636e+02
9.637400000000000091e+02
9.639700000000000273e+02
9.657899999999999636e+02
9.659800000000000182e+02
9.671900000000000546e+02
9.672400000000000091e+02
9.678100000000000591e+02
9.680000000000000000e+02
9.681700000000000728e+02
9.693200000000000500e+02
9.698200000000000500e+02
9.698400000000000318e+02
9.700600000000000591e+02
9.702100000000000364e+02
9.718600000000000136e+02
9.718999999999999773e+02
9.722400000000000091e+02
9.733100000000000591e+02
9.733200000000000500e+02
9.734700000000000273e+02
9.739099999999999682e+02
9.753700000000000045e+02
9.754900000000000091e+02
9.755000000000000000e+02
9.775500000000000682e+02
9.776599999999999682e+02
9.778799999999999955e+02
9.790900000000000318e+02
9.795700000000000500e+02
9.796399999999999864e+02
9.796800000000000637e+02
9.800000000000000000e+02
9.802300000000000182e+02
9.813999999999999773e+02
9.816000000000000227e+02
9.816700000000000728e+02
9.833700000000000045e+02
9.836299999999999955e+02
9.836800000000000637e+02
9.837500000000000000e+02
9.840199999999999818e+02
9.856200000000000045e+02
9.856900000000000546e+02
9.856900000000000546e+02
9.859099999999999682e+02
9.876399999999999864e+02
9.877200000000000273e+02
9.877599999999999909e+02
9.879600000000000364e+02
9.897200000000000273e+02
9.897500000000000000e+02
9.897599999999999909e+02
9.897799999999999727e+02
9.900000000000000000e+02
9.917900000000000773e+02
9.918000000000000682e+02
9.918000000000000682e+02
9.919200000000000728e+02
9.920400000000000773e+02
9.933300000000000409e+02
9.938100000000000591e+02
9.938200000000000500e+02
9.938999999999999773e+02
9.953999999999999773e+02
9.958500000000000227e+02
9.959500000000000455e+02
9.974500000000000455e+02
9.974500000000000455e+02
9.975299999999999727e+02
9.977000000000000455e+02
9.993700000000000045e+02
9.994700000000000273e+02
9.996299999999999955e+02
