6.740000000000000213e+00
5.532999999999999829e+01
5.755000000000000426e+01
6.473999999999999488e+01
9.151999999999999602e+01
1.064900000000000091e+02
1.080900000000000034e+02
1.122500000000000000e+02
1.187999999999999972e+02
1.266500000000000057e+02
1.586800000000000068e+02
1.877599999999999909e+02
2.187899999999999920e+02
2.236400000000000148e+02
2.299200000000000159e+02
2.326100000000000136e+02
2.598799999999999955e+02
2.667099999999999795e+02
2.745099999999999909e+02
2.834499999999999886e+02
3.218199999999999932e+02
3.660300000000000296e+02
3.823199999999999932e+02
3.910099999999999909e+02
3.946600000000000250e+02
3.991500000000000341e+02
4.145900000000000318e+02
4.152400000000000091e+02
4.337900000000000205e+02
4.653899999999999864e+02
4.991200000000000045e+02
5.002900000000000205e+02
5.543700000000000045e+02
5.688300000000000409e+02
5.770800000000000409e+02
5.986299999999999955e+02
6.072799999999999727e+02
6.206200000000000045e+02
6.332799999999999727e+02
6.389500000000000455e+02
6.607699999999999818e+02
6.765399999999999636e+02
6.860700000000000500e+02
7.043999999999999773e+02
7.202899999999999636e+02
7.290099999999999909e+02
7.645299999999999727e+02
8.082699999999999818e+02
8.154300000000000637e+02
8.273200000000000500e+02
8.467500000000000000e+02
8.525500000000000682e+02
8.739700000000000273e+02
8.921599999999999682e+02
9.148200000000000500e+02
9.789700000000000273e+02
9.859300000000000637e+02
