3.419999999999999929e+00
1.018999999999999950e+01
1.360999999999999943e+01
1.628000000000000114e+01
1.676999999999999957e+01
1.876000000000000156e+01
2.021000000000000085e+01
2.292000000000000171e+01
2.471999999999999886e+01
2.940000000000000213e+01
2.958000000000000185e+01
3.570000000000000284e+01
3.752000000000000313e+01
4.070000000000000284e+01
4.417999999999999972e+01
4.755000000000000426e+01
4.987000000000000455e+01
5.648000000000000398e+01
6.114999999999999858e+01
6.968000000000000682e+01
7.096000000000000796e+01
7.371000000000000796e+01
7.676000000000000512e+01
8.043000000000000682e+01
8.193999999999999773e+01
9.209000000000000341e+01
1.068299999999999983e+02
1.119699999999999989e+02
1.156700000000000017e+02
1.160199999999999960e+02
1.191099999999999994e+02
1.192999999999999972e+02
1.314600000000000080e+02
1.380099999999999909e+02
1.417700000000000102e+02
1.443799999999999955e+02
1.459300000000000068e+02
1.480000000000000000e+02
1.505500000000000114e+02
1.533300000000000125e+02
1.613000000000000114e+02
1.675200000000000102e+02
1.700699999999999932e+02
1.732599999999999909e+02
1.839099999999999966e+02
1.848400000000000034e+02
1.876899999999999977e+02
1.917100000000000080e+02
1.918400000000000034e+02
2.062000000000000171e+02
2.093100000000000023e+02
2.192899999999999920e+02
2.197899999999999920e+02
2.213900000000000148e+02
2.224300000000000068e+02
2.269200000000000159e+02
2.289200000000000159e+02
2.306500000000000057e+02
2.358300000000000125e+02
2.388700000000000045e+02
2.573000000000000114e+02
2.609399999999999977e+02
2.648899999999999864e+02
2.655400000000000205e+02
2.688899999999999864e+02
2.734100000000000250e+02
2.748799999999999955e+02
2.768600000000000136e+02
2.795099999999999909e+02
2.856299999999999955e+02
2.864399999999999977e+02
2.876700000000000159e+02
2.961100000000000136e+02
3.029300000000000068e+02
3.035799999999999841e+02
3.048100000000000023e+02
3.156200000000000045e+02
3.160199999999999818e+02
3.206100000000000136e+02
3.208199999999999932e+02
3.309700000000000273e+02
3.329000000000000341e+02
3.341299999999999955e+02
3.381399999999999864e+02
3.425300000000000296e+02
3.449399999999999977e+02
3.459300000000000068e+02
3.486299999999999955e+02
3.519000000000000341e+02
3.566899999999999977e+02
3.606999999999999886e+02
3.621200000000000045e+02
3.626200000000000045e+02
3.686100000000000136e+02
3.731999999999999886e+02
3.750500000000000114e+02
3.755900000000000318e+02
3.773299999999999841e+02
3.825099999999999909e+02
3.834100000000000250e+02
3.864399999999999977e+02
3.950699999999999932e+02
4.023700000000000045e+02
4.050199999999999818e+02
4.113600000000000136e+02
4.243100000000000023e+02
4.267699999999999818e+02
4.268899999999999864e+02
4.369900000000000091e+02
4.523100000000000023e+02
4.531100000000000136e+02
4.576500000000000341e+02
4.607200000000000273e+02
4.614499999999999886e+02
4.760699999999999932e+02
4.762300000000000182e+02
4.781100000000000136e+02
4.804100000000000250e+02
4.834700000000000273e+02
4.924600000000000364e+02
4.965400000000000205e+02
4.976299999999999955e+02
5.000699999999999932e+02
5.009800000000000182e+02
5.067700000000000387e+02
5.076399999999999864e+02
5.094800000000000182e+02
5.134700000000000273e+02
5.190499999999999545e+02
5.220199999999999818e+02
5.237899999999999636e+02
5.272799999999999727e+02
5.309700000000000273e+02
5.350399999999999636e+02
5.407599999999999909e+02
5.419700000000000273e+02
5.452500000000000000e+02
5.477799999999999727e+02
5.516100000000000136e+02
5.557400000000000091e+02
5.573600000000000136e+02
5.577400000000000091e+02
5.581699999999999591e+02
5.627799999999999727e+02
5.676499999999999773e+02
5.726100000000000136e+02
5.755000000000000000e+02
5.823000000000000682e+02
5.853899999999999864e+02
5.896399999999999864e+02
5.934199999999999591e+02
5.962300000000000182e+02
5.971900000000000546e+02
5.999700000000000273e+02
6.046499999999999773e+02
6.110700000000000500e+02
6.125099999999999909e+02
6.135399999999999636e+02
6.312500000000000000e+02
6.340700000000000500e+02
6.359300000000000637e+02
6.389500000000000455e+02
6.418700000000000045e+02
6.482699999999999818e+02
6.495199999999999818e+02
6.549099999999999682e+02
6.637699999999999818e+02
6.671200000000000045e+02
6.693100000000000591e+02
6.726399999999999864e+02
6.746000000000000227e+02
6.830199999999999818e+02
6.893799999999999955e+02
6.919900000000000091e+02
6.926399999999999864e+02
7.029600000000000364e+02
7.064500000000000455e+02
7.083300000000000409e+02
7.109600000000000364e+02
7.121299999999999955e+02
7.260900000000000318e+02
7.298100000000000591e+02
7.304600000000000364e+02
7.426800000000000637e+02
7.462300000000000182e+02
7.495299999999999727e+02
7.575399999999999636e+02
7.587200000000000273e+02
7.610299999999999727e+02
7.647500000000000000e+02
7.673700000000000045e+02
7.710900000000000318e+02
7.783500000000000227e+02
7.870600000000000591e+02
7.879099999999999682e+02
7.927699999999999818e+02
8.047899999999999636e+02
8.057300000000000182e+02
8.090800000000000409e+02
8.173899999999999864e+02
8.309900000000000091e+02
8.355700000000000500e+02
8.426700000000000728e+02
8.454900000000000091e+02
8.468200000000000500e+02
8.492500000000000000e+02
8.538600000000000136e+02
8.566599999999999682e+02
8.644200000000000728e+02
8.666100000000000136e+02
8.677599999999999909e+02
8.724700000000000273e+02
8.791399999999999864e+02
8.887100000000000364e+02
8.928700000000000045e+02
8.954600000000000364e+02
8.960700000000000500e+02
8.969400000000000546e+02
9.031599999999999682e+02
9.034300000000000637e+02
9.096100000000000136e+02
9.128000000000000682e+02
9.252300000000000182e+02
9.309200000000000728e+02
9.400000000000000000e+02
9.403500000000000227e+02
9.456900000000000546e+02
9.503899999999999864e+02
9.523600000000000136e+02
9.553300000000000409e+02
9.622200000000000273e+02
9.658899999999999864e+02
9.688999999999999773e+02
9.809300000000000637e+02
9.827899999999999636e+02
9.865800000000000409e+02
9.878700000000000045e+02
9.910700000000000500e+02
9.923500000000000227e+02
9.970000000000000000e+02
9.998799999999999955e+02
