2.859999999999999876e+00
3.160000000000000142e+00
4.089999999999999858e+00
4.419999999999999929e+00
4.500000000000000000e+00
4.940000000000000391e+00
5.240000000000000213e+00
6.570000000000000284e+00
1.342999999999999972e+01
1.351999999999999957e+01
1.366000000000000014e+01
1.383000000000000007e+01
1.418999999999999950e+01
1.455000000000000071e+01
1.548000000000000043e+01
1.558999999999999986e+01
1.653999999999999915e+01
2.333000000000000185e+01
2.335000000000000142e+01
2.358999999999999986e+01
2.389000000000000057e+01
2.417999999999999972e+01
2.423000000000000043e+01
2.542999999999999972e+01
2.548000000000000043e+01
2.569999999999999929e+01
2.616000000000000014e+01
3.343999999999999773e+01
3.360999999999999943e+01
3.364000000000000057e+01
3.378999999999999915e+01
3.384000000000000341e+01
3.467000000000000171e+01
3.567000000000000171e+01
3.582999999999999829e+01
3.592000000000000171e+01
4.300000000000000000e+01
4.320000000000000284e+01
4.331000000000000227e+01
4.342000000000000171e+01
4.424000000000000199e+01
4.432000000000000028e+01
4.509000000000000341e+01
4.548000000000000398e+01
4.561999999999999744e+01
5.338000000000000256e+01
5.346000000000000085e+01
5.346000000000000085e+01
5.346999999999999886e+01
5.395000000000000284e+01
5.439000000000000057e+01
5.449000000000000199e+01
5.552000000000000313e+01
5.553000000000000114e+01
5.553999999999999915e+01
5.618999999999999773e+01
6.306000000000000227e+01
6.339999999999999858e+01
6.357999999999999829e+01
6.378999999999999915e+01
6.380000000000000426e+01
6.417000000000000171e+01
6.471000000000000796e+01
6.515000000000000568e+01
6.546999999999999886e+01
6.567000000000000171e+01
6.640999999999999659e+01
7.295000000000000284e+01
7.335000000000000853e+01
7.360000000000000853e+01
7.379000000000000625e+01
7.396000000000000796e+01
7.501000000000000512e+01
7.559000000000000341e+01
7.565000000000000568e+01
7.675000000000000000e+01
8.301999999999999602e+01
8.343999999999999773e+01
8.346999999999999886e+01
8.357000000000000739e+01
8.510999999999999943e+01
8.557999999999999829e+01
8.565000000000000568e+01
8.565000000000000568e+01
9.251999999999999602e+01
9.270000000000000284e+01
9.285999999999999943e+01
9.335999999999999943e+01
9.417000000000000171e+01
9.464000000000000057e+01
9.476999999999999602e+01
9.495000000000000284e+01
9.543000000000000682e+01
9.624000000000000909e+01
1.025600000000000023e+02
1.030600000000000023e+02
1.033400000000000034e+02
1.034000000000000057e+02
1.040799999999999983e+02
1.046800000000000068e+02
1.051099999999999994e+02
1.054500000000000028e+02
1.062900000000000063e+02
1.129200000000000017e+02
1.129300000000000068e+02
1.133400000000000034e+02
1.136400000000000006e+02
1.140300000000000011e+02
1.149800000000000040e+02
1.149800000000000040e+02
1.156400000000000006e+02
1.160000000000000000e+02
1.170600000000000023e+02
1.224500000000000028e+02
1.238900000000000006e+02
1.242800000000000011e+02
1.243299999999999983e+02
1.243700000000000045e+02
1.245100000000000051e+02
1.245199999999999960e+02
1.265000000000000000e+02
1.265900000000000034e+02
1.327500000000000000e+02
1.333600000000000136e+02
1.335000000000000000e+02
1.335000000000000000e+02
1.347700000000000102e+02
1.349200000000000159e+02
1.354000000000000057e+02
1.355399999999999920e+02
1.424799999999999898e+02
1.427500000000000000e+02
1.429000000000000057e+02
1.430500000000000114e+02
1.435800000000000125e+02
1.447899999999999920e+02
1.449099999999999966e+02
1.456400000000000148e+02
1.457500000000000000e+02
1.470900000000000034e+02
1.518000000000000114e+02
1.521400000000000148e+02
1.537599999999999909e+02
1.540000000000000000e+02
1.541200000000000045e+02
1.542899999999999920e+02
1.550500000000000114e+02
1.558400000000000034e+02
1.561599999999999966e+02
1.563199999999999932e+02
1.621500000000000057e+02
1.622899999999999920e+02
1.628799999999999955e+02
1.630600000000000023e+02
1.635399999999999920e+02
1.649399999999999977e+02
1.650000000000000000e+02
1.651800000000000068e+02
1.655800000000000125e+02
1.673400000000000034e+02
1.717500000000000000e+02
1.720300000000000011e+02
1.731400000000000148e+02
1.737100000000000080e+02
1.740800000000000125e+02
1.742299999999999898e+02
1.742400000000000091e+02
1.752199999999999989e+02
1.757700000000000102e+02
1.764699999999999989e+02
1.816700000000000159e+02
1.825800000000000125e+02
1.834300000000000068e+02
1.836200000000000045e+02
1.839300000000000068e+02
1.842199999999999989e+02
1.846700000000000159e+02
1.856599999999999966e+02
1.860900000000000034e+02
1.863100000000000023e+02
1.926200000000000045e+02
1.928100000000000023e+02
1.930399999999999920e+02
1.935300000000000011e+02
1.946400000000000148e+02
1.949900000000000091e+02
1.951400000000000148e+02
1.956599999999999966e+02
1.967599999999999909e+02
1.972300000000000182e+02
2.013300000000000125e+02
2.019699999999999989e+02
2.028400000000000034e+02
2.036800000000000068e+02
2.037599999999999909e+02
2.040500000000000114e+02
2.049900000000000091e+02
2.054200000000000159e+02
2.058400000000000034e+02
2.058400000000000034e+02
2.083400000000000034e+02
2.123799999999999955e+02
2.126400000000000148e+02
2.139399999999999977e+02
2.141200000000000045e+02
2.147000000000000171e+02
2.147100000000000080e+02
2.154900000000000091e+02
2.157300000000000182e+02
2.162300000000000182e+02
2.215699999999999932e+02
2.219800000000000182e+02
2.227599999999999909e+02
2.229399999999999977e+02
2.237800000000000011e+02
2.246599999999999966e+02
2.248900000000000148e+02
2.250699999999999932e+02
2.258700000000000045e+02
2.261100000000000136e+02
2.267899999999999920e+02
2.315399999999999920e+02
2.323799999999999955e+02
2.324399999999999977e+02
2.344699999999999989e+02
2.345000000000000000e+02
2.346599999999999966e+02
2.348799999999999955e+02
2.369800000000000182e+02
2.410099999999999909e+02
2.424399999999999977e+02
2.426700000000000159e+02
2.434300000000000068e+02
2.435399999999999920e+02
2.445600000000000023e+02
2.447300000000000182e+02
2.451299999999999955e+02
2.455999999999999943e+02
2.470000000000000000e+02
2.472600000000000193e+02
2.514399999999999977e+02
2.526599999999999966e+02
2.527500000000000000e+02
2.540300000000000011e+02
2.548000000000000114e+02
2.550300000000000011e+02
2.566399999999999864e+02
2.566700000000000159e+02
2.615099999999999909e+02
2.617699999999999818e+02
2.626399999999999864e+02
2.636600000000000250e+02
2.638400000000000318e+02
2.647699999999999818e+02
2.654800000000000182e+02
2.656999999999999886e+02
2.669100000000000250e+02
2.712900000000000205e+02
2.715799999999999841e+02
2.726600000000000250e+02
2.736600000000000250e+02
2.736800000000000068e+02
2.749100000000000250e+02
2.757400000000000091e+02
2.760799999999999841e+02
2.783500000000000227e+02
2.812099999999999795e+02
2.812300000000000182e+02
2.825900000000000318e+02
2.832699999999999818e+02
2.840199999999999818e+02
2.847500000000000000e+02
2.852800000000000296e+02
2.857900000000000205e+02
2.861800000000000068e+02
2.885500000000000114e+02
2.906299999999999955e+02
2.915500000000000114e+02
2.918500000000000227e+02
2.920900000000000318e+02
2.940000000000000000e+02
2.941399999999999864e+02
2.941500000000000341e+02
2.955500000000000114e+02
2.963500000000000227e+02
2.977800000000000296e+02
2.985400000000000205e+02
3.009200000000000159e+02
3.010500000000000114e+02
3.029900000000000091e+02
3.030000000000000000e+02
3.039800000000000182e+02
3.050799999999999841e+02
3.051899999999999977e+02
3.060500000000000114e+02
3.074900000000000091e+02
3.084200000000000159e+02
3.108600000000000136e+02
3.112099999999999795e+02
3.119399999999999977e+02
3.132500000000000000e+02
3.139800000000000182e+02
3.140099999999999909e+02
3.148700000000000045e+02
3.160500000000000114e+02
3.171800000000000068e+02
3.189700000000000273e+02
3.209900000000000091e+02
3.219599999999999795e+02
3.228000000000000114e+02
3.241500000000000341e+02
3.244100000000000250e+02
3.250600000000000023e+02
3.257300000000000182e+02
3.271800000000000068e+02
3.278899999999999864e+02
3.311200000000000045e+02
3.319599999999999795e+02
3.330500000000000114e+02
3.340400000000000205e+02
3.341899999999999977e+02
3.351200000000000045e+02
3.353000000000000114e+02
3.362500000000000000e+02
3.371299999999999955e+02
3.399300000000000068e+02
3.411500000000000341e+02
3.420900000000000318e+02
3.424700000000000273e+02
3.432400000000000091e+02
3.436600000000000250e+02
3.446899999999999977e+02
3.452500000000000000e+02
3.457200000000000273e+02
3.473500000000000227e+02
3.513500000000000227e+02
3.514599999999999795e+02
3.525400000000000205e+02
3.536000000000000227e+02
3.536700000000000159e+02
3.545900000000000318e+02
3.556000000000000227e+02
3.556600000000000250e+02
3.597800000000000296e+02
3.610300000000000296e+02
3.613400000000000318e+02
3.627699999999999818e+02
3.634800000000000182e+02
3.648500000000000227e+02
3.655600000000000023e+02
3.657400000000000091e+02
3.691600000000000250e+02
3.691700000000000159e+02
3.698700000000000045e+02
3.714000000000000341e+02
3.720300000000000296e+02
3.722500000000000000e+02
3.735699999999999932e+02
3.741800000000000068e+02
3.743600000000000136e+02
3.755300000000000296e+02
3.762900000000000205e+02
3.805400000000000205e+02
3.812800000000000296e+02
3.823000000000000114e+02
3.833400000000000318e+02
3.841999999999999886e+02
3.843400000000000318e+02
3.857500000000000000e+02
3.863299999999999841e+02
3.879700000000000273e+02
3.898600000000000136e+02
3.908500000000000227e+02
3.922100000000000364e+02
3.929000000000000341e+02
3.943700000000000045e+02
3.944800000000000182e+02
3.967200000000000273e+02
3.975199999999999818e+02
3.978199999999999932e+02
3.995300000000000296e+02
4.012900000000000205e+02
4.016399999999999864e+02
4.026700000000000159e+02
4.035699999999999932e+02
4.037599999999999909e+02
4.047699999999999818e+02
4.057200000000000273e+02
4.057900000000000205e+02
4.082599999999999909e+02
4.087200000000000273e+02
4.104000000000000341e+02
4.106899999999999977e+02
4.121200000000000045e+02
4.127599999999999909e+02
4.141899999999999977e+02
4.142100000000000364e+02
4.158600000000000136e+02
4.179399999999999977e+02
4.191200000000000045e+02
4.204300000000000068e+02
4.220699999999999932e+02
4.231200000000000045e+02
4.241200000000000045e+02
4.242699999999999818e+02
4.256700000000000159e+02
4.263400000000000318e+02
4.277400000000000091e+02
4.284200000000000159e+02
4.302500000000000000e+02
4.309600000000000364e+02
4.325000000000000000e+02
4.330300000000000296e+02
4.338799999999999955e+02
4.346000000000000227e+02
4.359800000000000182e+02
4.366200000000000045e+02
4.381100000000000136e+02
4.386200000000000045e+02
4.387900000000000205e+02
4.413400000000000318e+02
4.426200000000000045e+02
4.434000000000000341e+02
4.446999999999999886e+02
4.448000000000000114e+02
4.459700000000000273e+02
4.481700000000000159e+02
4.482699999999999818e+02
4.496899999999999977e+02
4.505500000000000114e+02
4.519900000000000091e+02
4.527500000000000000e+02
4.540799999999999841e+02
4.542800000000000296e+02
4.557200000000000273e+02
4.563600000000000136e+02
4.578799999999999955e+02
4.591800000000000068e+02
4.591899999999999977e+02
4.599600000000000364e+02
4.609600000000000364e+02
4.627400000000000091e+02
4.630600000000000023e+02
4.636200000000000045e+02
4.653199999999999932e+02
4.656999999999999886e+02
4.663199999999999932e+02
4.680000000000000000e+02
4.686200000000000045e+02
4.701700000000000159e+02
4.707300000000000182e+02
4.722599999999999909e+02
4.726399999999999864e+02
4.739600000000000364e+02
4.746999999999999886e+02
4.760500000000000114e+02
4.762599999999999909e+02
4.784900000000000091e+02
4.787400000000000091e+02
4.790000000000000000e+02
4.792699999999999818e+02
4.811299999999999955e+02
4.812100000000000364e+02
4.818500000000000227e+02
4.839100000000000250e+02
4.840600000000000023e+02
4.861700000000000159e+02
4.872699999999999818e+02
4.890699999999999932e+02
4.907900000000000205e+02
4.925699999999999932e+02
4.929800000000000182e+02
4.941999999999999886e+02
4.946500000000000341e+02
4.962700000000000387e+02
4.965200000000000387e+02
4.980200000000000387e+02
5.005799999999999841e+02
5.022100000000000364e+02
5.030900000000000318e+02
5.042599999999999909e+02
5.042700000000000387e+02
5.064700000000000273e+02
5.066100000000000136e+02
5.086399999999999864e+02
5.088799999999999955e+02
5.092599999999999909e+02
5.102200000000000273e+02
5.123300000000000409e+02
5.123600000000000136e+02
5.144400000000000546e+02
5.144600000000000364e+02
5.165900000000000318e+02
5.167599999999999909e+02
5.181399999999999864e+02
5.184099999999999682e+02
5.184800000000000182e+02
5.191299999999999955e+02
5.207400000000000091e+02
5.207799999999999727e+02
5.225299999999999727e+02
5.236699999999999591e+02
5.246000000000000227e+02
5.257300000000000182e+02
5.265299999999999727e+02
5.288500000000000227e+02
5.291000000000000227e+02
5.295199999999999818e+02
5.304199999999999591e+02
5.319600000000000364e+02
5.340900000000000318e+02
5.347200000000000273e+02
5.359199999999999591e+02
5.365099999999999909e+02
5.368899999999999864e+02
5.394099999999999682e+02
5.400199999999999818e+02
5.405900000000000318e+02
5.421399999999999864e+02
5.438799999999999955e+02
5.442000000000000455e+02
5.459400000000000546e+02
5.469600000000000364e+02
5.475500000000000682e+02
5.487799999999999727e+02
5.491100000000000136e+02
5.502200000000000273e+02
5.520500000000000682e+02
5.526200000000000045e+02
5.541000000000000227e+02
5.541299999999999955e+02
5.561699999999999591e+02
5.568500000000000227e+02
5.585199999999999818e+02
5.588400000000000318e+02
5.593700000000000045e+02
5.606200000000000045e+02
5.616699999999999591e+02
5.637300000000000182e+02
5.642500000000000000e+02
5.664700000000000273e+02
5.673100000000000591e+02
5.689199999999999591e+02
5.694600000000000364e+02
5.696000000000000227e+02
5.699500000000000455e+02
5.719900000000000091e+02
5.720199999999999818e+02
5.741100000000000136e+02
5.744600000000000364e+02
5.765500000000000682e+02
5.768899999999999864e+02
5.787699999999999818e+02
5.798700000000000045e+02
5.821299999999999955e+02
5.842300000000000182e+02
5.845700000000000500e+02
5.867799999999999727e+02
5.869400000000000546e+02
5.871200000000000045e+02
5.898500000000000227e+02
5.908000000000000682e+02
5.919400000000000546e+02
5.922300000000000182e+02
5.943100000000000591e+02
5.951599999999999682e+02
5.962899999999999636e+02
5.977300000000000182e+02
5.983600000000000136e+02
5.989900000000000091e+02
6.000700000000000500e+02
6.011299999999999955e+02
6.027400000000000091e+02
6.032000000000000455e+02
6.045199999999999818e+02
6.061699999999999591e+02
6.065700000000000500e+02
6.071200000000000045e+02
6.084099999999999682e+02
6.098200000000000500e+02
6.100800000000000409e+02
6.115099999999999909e+02
6.115099999999999909e+02
6.118700000000000045e+02
6.135800000000000409e+02
6.139700000000000273e+02
6.160900000000000318e+02
6.161000000000000227e+02
6.170399999999999636e+02
6.179099999999999682e+02
6.192599999999999909e+02
6.197899999999999636e+02
6.198700000000000045e+02
6.219199999999999591e+02
6.220700000000000500e+02
6.241499999999999773e+02
6.250900000000000318e+02
6.272400000000000091e+02
6.273000000000000682e+02
6.274600000000000364e+02
6.294400000000000546e+02
6.294500000000000455e+02
6.296599999999999682e+02
6.314800000000000182e+02
6.315299999999999727e+02
6.318400000000000318e+02
6.339400000000000546e+02
6.340700000000000500e+02
6.361699999999999591e+02
6.368400000000000318e+02
6.368799999999999955e+02
6.390900000000000318e+02
6.391599999999999682e+02
6.416299999999999955e+02
6.418400000000000318e+02
6.437400000000000091e+02
6.443600000000000136e+02
6.464099999999999682e+02
6.482400000000000091e+02
6.489500000000000455e+02
6.497799999999999727e+02
6.510600000000000591e+02
6.518200000000000500e+02
6.538100000000000591e+02
6.540299999999999727e+02
6.558999999999999773e+02
6.561399999999999864e+02
6.580099999999999909e+02
6.587200000000000273e+02
6.593999999999999773e+02
6.615800000000000409e+02
6.618000000000000682e+02
6.638799999999999955e+02
6.642500000000000000e+02
6.663899999999999864e+02
6.684900000000000091e+02
6.695800000000000409e+02
6.701499999999999773e+02
6.711900000000000546e+02
6.732500000000000000e+02
6.743300000000000409e+02
6.764099999999999682e+02
6.766200000000000045e+02
6.775199999999999818e+02
6.786800000000000637e+02
6.794900000000000091e+02
6.809800000000000182e+02
6.815900000000000318e+02
6.819300000000000637e+02
6.830800000000000409e+02
6.841399999999999864e+02
6.862100000000000364e+02
6.865600000000000591e+02
6.871100000000000136e+02
6.892000000000000455e+02
6.892000000000000455e+02
6.912400000000000091e+02
6.912899999999999636e+02
6.914199999999999591e+02
6.933300000000000409e+02
6.941599999999999682e+02
6.963700000000000045e+02
6.971499999999999773e+02
6.982799999999999727e+02
6.984400000000000546e+02
7.005500000000000682e+02
7.006299999999999955e+02
7.014800000000000182e+02
7.035700000000000500e+02
7.045900000000000318e+02
7.066800000000000637e+02
7.068100000000000591e+02
7.075500000000000682e+02
7.089300000000000637e+02
7.089600000000000364e+02
7.098600000000000136e+02
7.111399999999999864e+02
7.115500000000000682e+02
7.136499999999999773e+02
7.138500000000000227e+02
7.159199999999999591e+02
7.165399999999999636e+02
7.182300000000000182e+02
7.189700000000000273e+02
7.213999999999999773e+02
7.234800000000000182e+02
7.246200000000000045e+02
7.265099999999999909e+02
7.267300000000000182e+02
7.279600000000000364e+02
7.291599999999999682e+02
7.311200000000000045e+02
7.313899999999999864e+02
7.321200000000000045e+02
7.342200000000000273e+02
7.343700000000000045e+02
7.347500000000000000e+02
7.364400000000000546e+02
7.372300000000000182e+02
7.378999999999999773e+02
7.381800000000000637e+02
7.398200000000000500e+02
7.400199999999999818e+02
7.418000000000000682e+02
7.426499999999999773e+02
7.438300000000000409e+02
7.438999999999999773e+02
7.462200000000000273e+02
7.469099999999999682e+02
7.481299999999999955e+02
7.495299999999999727e+02
7.512000000000000455e+02
7.512100000000000364e+02
7.535399999999999636e+02
7.540000000000000000e+02
7.560399999999999636e+02
7.561000000000000227e+02
7.571800000000000637e+02
7.586599999999999682e+02
7.594700000000000273e+02
7.608200000000000500e+02
7.618500000000000227e+02
7.642200000000000273e+02
7.643999999999999773e+02
7.655800000000000409e+02
7.664900000000000091e+02
7.684600000000000364e+02
7.689400000000000546e+02
7.710900000000000318e+02
7.713500000000000227e+02
7.734099999999999682e+02
7.750099999999999909e+02
7.767400000000000091e+02
7.771200000000000045e+02
7.773200000000000500e+02
7.785399999999999636e+02
7.795000000000000000e+02
7.807100000000000364e+02
7.813400000000000318e+02
7.815700000000000500e+02
7.838200000000000500e+02
7.844500000000000455e+02
7.859800000000000182e+02
7.866000000000000227e+02
7.876700000000000728e+02
7.888999999999999773e+02
7.915299999999999727e+02
7.936000000000000227e+02
7.946499999999999773e+02
7.966800000000000637e+02
7.967100000000000364e+02
7.973600000000000136e+02
7.983000000000000682e+02
7.998799999999999955e+02
8.008799999999999955e+02
8.012899999999999636e+02
8.029500000000000455e+02
8.036200000000000045e+02
8.046399999999999864e+02
8.067100000000000364e+02
8.073200000000000500e+02
8.081800000000000637e+02
8.086800000000000637e+02
8.094500000000000455e+02
8.110700000000000500e+02
8.115700000000000500e+02
8.131399999999999864e+02
8.147699999999999818e+02
8.152500000000000000e+02
8.169099999999999682e+02
8.179400000000000546e+02
8.183100000000000591e+02
8.204900000000000091e+02
8.213999999999999773e+02
8.234800000000000182e+02
8.238700000000000045e+02
8.249800000000000182e+02
8.259500000000000455e+02
8.280700000000000500e+02
8.280900000000000318e+02
8.281499999999999773e+02
8.304099999999999682e+02
8.305900000000000318e+02
8.309900000000000091e+02
8.318999999999999773e+02
8.330900000000000318e+02
8.333100000000000591e+02
8.349300000000000637e+02
8.370099999999999909e+02
8.380600000000000591e+02
8.381800000000000637e+02
8.402100000000000364e+02
8.405700000000000500e+02
8.416399999999999864e+02
8.435800000000000409e+02
8.437799999999999727e+02
8.445099999999999909e+02
8.464500000000000455e+02
8.466700000000000728e+02
8.482400000000000091e+02
8.491499999999999773e+02
8.505299999999999727e+02
8.512899999999999636e+02
8.533500000000000227e+02
8.545500000000000682e+02
8.550500000000000682e+02
8.566200000000000045e+02
8.585900000000000318e+02
8.591399999999999864e+02
8.618100000000000591e+02
8.626599999999999682e+02
8.630900000000000318e+02
8.652200000000000273e+02
8.655600000000000591e+02
8.677000000000000455e+02
8.679900000000000091e+02
8.685299999999999727e+02
8.701100000000000136e+02
8.708500000000000227e+02
8.714400000000000546e+02
8.735399999999999636e+02
8.747200000000000273e+02
8.758700000000000045e+02
8.768400000000000318e+02
8.776700000000000728e+02
8.785600000000000591e+02
8.800199999999999818e+02
8.812200000000000273e+02
8.823700000000000045e+02
8.832899999999999636e+02
8.849800000000000182e+02
8.853100000000000591e+02
8.870700000000000500e+02
8.876499999999999773e+02
8.881100000000000136e+02
8.884200000000000728e+02
8.911000000000000227e+02
8.921299999999999955e+02
8.932100000000000364e+02
8.948899999999999864e+02
8.952300000000000182e+02
8.969800000000000182e+02
8.981800000000000637e+02
8.983600000000000136e+02
9.002400000000000091e+02
9.025800000000000409e+02
9.026800000000000637e+02
9.048799999999999955e+02
9.052000000000000455e+02
9.069700000000000273e+02
9.077599999999999909e+02
9.091800000000000637e+02
9.101299999999999955e+02
9.107500000000000000e+02
9.128100000000000591e+02
9.131399999999999864e+02
9.145800000000000409e+02
9.147899999999999636e+02
9.168100000000000591e+02
9.168600000000000136e+02
9.169800000000000182e+02
9.191800000000000637e+02
9.199500000000000455e+02
9.207799999999999727e+02
9.228700000000000045e+02
9.234300000000000637e+02
9.244099999999999682e+02
9.244300000000000637e+02
9.264900000000000091e+02
9.267699999999999818e+02
9.283999999999999773e+02
9.305600000000000591e+02
9.307100000000000364e+02
9.324300000000000637e+02
9.326200000000000045e+02
9.347000000000000455e+02
9.348799999999999955e+02
9.370099999999999909e+02
9.371399999999999864e+02
9.382899999999999636e+02
9.393100000000000591e+02
9.404300000000000637e+02
9.411700000000000728e+02
9.433200000000000500e+02
9.445700000000000500e+02
9.447799999999999727e+02
9.467300000000000182e+02
9.472599999999999909e+02
9.489200000000000728e+02
9.494099999999999682e+02
9.501900000000000546e+02
9.515199999999999818e+02
9.522599999999999909e+02
9.543999999999999773e+02
9.550700000000000500e+02
9.559200000000000728e+02
9.564700000000000273e+02
9.569099999999999682e+02
9.589700000000000273e+02
9.590800000000000409e+02
9.602500000000000000e+02
9.609500000000000455e+02
9.624099999999999682e+02
9.642000000000000455e+02
9.644800000000000182e+02
9.663600000000000136e+02
9.663700000000000045e+02
9.680500000000000682e+02
9.684500000000000455e+02
9.701599999999999682e+02
9.709400000000000546e+02
9.730099999999999909e+02
9.742599999999999909e+02
9.752599999999999909e+02
9.763899999999999864e+02
9.779800000000000182e+02
9.785399999999999636e+02
9.803700000000000045e+02
9.806200000000000045e+02
9.808700000000000045e+02
9.830000000000000000e+02
9.839400000000000546e+02
9.842200000000000273e+02
9.863100000000000591e+02
9.874600000000000364e+02
9.887500000000000000e+02
9.900900000000000318e+02
9.904400000000000546e+02
9.908500000000000227e+02
9.913500000000000227e+02
9.925500000000000682e+02
9.941100000000000136e+02
9.947000000000000455e+02
9.961800000000000637e+02
9.972000000000000455e+02
9.991499999999999773e+02
