4.120000000000000107e+00
8.259999999999999787e+00
2.428000000000000114e+01
2.826999999999999957e+01
3.674000000000000199e+01
4.042999999999999972e+01
5.682999999999999829e+01
6.487000000000000455e+01
7.276000000000000512e+01
7.682000000000000739e+01
8.034000000000000341e+01
9.301000000000000512e+01
1.007199999999999989e+02
1.055300000000000011e+02
1.215300000000000011e+02
1.248500000000000085e+02
1.372400000000000091e+02
1.532100000000000080e+02
1.574900000000000091e+02
1.661400000000000148e+02
1.780200000000000102e+02
1.822700000000000102e+02
1.856899999999999977e+02
1.937700000000000102e+02
2.023900000000000148e+02
2.222500000000000000e+02
2.264699999999999989e+02
2.306299999999999955e+02
2.386899999999999977e+02
2.426599999999999966e+02
2.509399999999999977e+02
2.623799999999999955e+02
2.708500000000000227e+02
2.754499999999999886e+02
2.945300000000000296e+02
3.030300000000000296e+02
3.064300000000000068e+02
3.151700000000000159e+02
3.272400000000000091e+02
3.314800000000000182e+02
3.384800000000000182e+02
3.477800000000000296e+02
3.553299999999999841e+02
3.674100000000000250e+02
3.753000000000000114e+02
3.879700000000000273e+02
4.004300000000000068e+02
4.091999999999999886e+02
4.243700000000000045e+02
4.357200000000000273e+02
4.559399999999999977e+02
4.601399999999999864e+02
4.647400000000000091e+02
5.011399999999999864e+02
5.058400000000000318e+02
5.092599999999999909e+02
5.131800000000000637e+02
5.179500000000000455e+02
5.212100000000000364e+02
5.249099999999999682e+02
5.284400000000000546e+02
5.304700000000000273e+02
5.363899999999999864e+02
5.572200000000000273e+02
5.611699999999999591e+02
5.701299999999999955e+02
5.735399999999999636e+02
5.903300000000000409e+02
6.134600000000000364e+02
6.375000000000000000e+02
6.615000000000000000e+02
6.858300000000000409e+02
6.935900000000000318e+02
7.023400000000000318e+02
7.103000000000000682e+02
7.143000000000000682e+02
7.348999999999999773e+02
7.518500000000000227e+02
7.749400000000000546e+02
7.808100000000000591e+02
7.845700000000000500e+02
7.909500000000000455e+02
8.032000000000000455e+02
8.068300000000000409e+02
8.113300000000000409e+02
8.245500000000000682e+02
8.271299999999999955e+02
8.532300000000000182e+02
8.554200000000000728e+02
8.611299999999999955e+02
8.763600000000000136e+02
8.799600000000000364e+02
8.846200000000000045e+02
8.913200000000000500e+02
8.956599999999999682e+02
9.001499999999999773e+02
9.075500000000000682e+02
9.160399999999999636e+02
9.182599999999999909e+02
9.264900000000000091e+02
9.366700000000000728e+02
9.407400000000000091e+02
9.523700000000000045e+02
9.543799999999999955e+02
9.563899999999999864e+02
9.687699999999999818e+02
9.708600000000000136e+02
9.763400000000000318e+02
9.848600000000000136e+02
9.868700000000000045e+02
9.888799999999999955e+02
9.950099999999999909e+02
3.879999999999999893e+00
7.810000000000000497e+00
1.589000000000000057e+01
2.039000000000000057e+01
2.412999999999999901e+01
2.794999999999999929e+01
3.224000000000000199e+01
3.623000000000000398e+01
4.423000000000000398e+01
4.859000000000000341e+01
5.209000000000000341e+01
5.638000000000000256e+01
6.468999999999999773e+01
7.278000000000000114e+01
7.621999999999999886e+01
8.010999999999999943e+01
8.439000000000000057e+01
8.871999999999999886e+01
9.215000000000000568e+01
9.696000000000000796e+01
1.005400000000000063e+02
1.045700000000000074e+02
1.087400000000000091e+02
1.123299999999999983e+02
1.207000000000000028e+02
1.251000000000000085e+02
1.287400000000000091e+02
1.332500000000000000e+02
1.367800000000000011e+02
1.447199999999999989e+02
1.490000000000000000e+02
1.527599999999999909e+02
1.575399999999999920e+02
1.608000000000000114e+02
1.693000000000000114e+02
1.730000000000000000e+02
1.767800000000000011e+02
1.810399999999999920e+02
1.849399999999999977e+02
1.886599999999999966e+02
1.928100000000000023e+02
1.971599999999999966e+02
2.011500000000000057e+02
2.049600000000000080e+02
2.086800000000000068e+02
2.169500000000000171e+02
2.214000000000000057e+02
2.250900000000000034e+02
2.292700000000000102e+02
2.376700000000000159e+02
2.416200000000000045e+02
2.453900000000000148e+02
2.499300000000000068e+02
2.570199999999999818e+02
2.616399999999999864e+02
2.651299999999999955e+02
2.732699999999999818e+02
2.776700000000000159e+02
2.811999999999999886e+02
2.853899999999999864e+02
2.897300000000000182e+02
2.938400000000000318e+02
2.970099999999999909e+02
3.012699999999999818e+02
3.054700000000000273e+02
3.093400000000000318e+02
3.136500000000000341e+02
3.179599999999999795e+02
3.213400000000000318e+02
3.256399999999999864e+02
3.294900000000000091e+02
3.339499999999999886e+02
3.372900000000000205e+02
3.418899999999999864e+02
3.451200000000000045e+02
3.508000000000000114e+02
3.584300000000000068e+02
3.619000000000000341e+02
3.659900000000000091e+02
3.699300000000000068e+02
3.736000000000000227e+02
3.779399999999999977e+02
3.820699999999999932e+02
3.874100000000000250e+02
3.941000000000000227e+02
3.983600000000000136e+02
4.015099999999999909e+02
4.035300000000000296e+02
4.056500000000000341e+02
4.076600000000000250e+02
4.106000000000000227e+02
4.149900000000000091e+02
4.178500000000000227e+02
4.217800000000000296e+02
4.263600000000000136e+02
4.297400000000000091e+02
4.347500000000000000e+02
4.382599999999999909e+02
4.505500000000000114e+02
4.585799999999999841e+02
4.622800000000000296e+02
4.663500000000000227e+02
4.706600000000000250e+02
4.787500000000000000e+02
4.833500000000000227e+02
4.865699999999999932e+02
4.919600000000000364e+02
4.939700000000000273e+02
4.988700000000000045e+02
5.039200000000000159e+02
5.065799999999999841e+02
5.105200000000000387e+02
5.149199999999999591e+02
5.186100000000000136e+02
5.225800000000000409e+02
5.304700000000000273e+02
5.346200000000000045e+02
5.396599999999999682e+02
5.426000000000000227e+02
5.446100000000000136e+02
5.507300000000000182e+02
5.527500000000000000e+02
5.588600000000000136e+02
5.640500000000000682e+02
5.665299999999999727e+02
5.703500000000000227e+02
5.723600000000000136e+02
5.743799999999999955e+02
5.785500000000000682e+02
5.805700000000000500e+02
5.840099999999999909e+02
5.879900000000000091e+02
5.923999999999999773e+02
5.954600000000000364e+02
5.986200000000000045e+02
6.029900000000000091e+02
6.106800000000000637e+02
6.153899999999999864e+02
6.205600000000000591e+02
6.308000000000000682e+02
6.365099999999999909e+02
6.396000000000000227e+02
6.435800000000000409e+02
6.483799999999999955e+02
6.510299999999999727e+02
6.530399999999999636e+02
6.550500000000000682e+02
6.591299999999999955e+02
6.611499999999999773e+02
6.689099999999999682e+02
6.714900000000000091e+02
6.762100000000000364e+02
6.791599999999999682e+02
6.834800000000000182e+02
6.875000000000000000e+02
6.958100000000000591e+02
6.994700000000000273e+02
7.046900000000000546e+02
7.085299999999999727e+02
7.110099999999999909e+02
7.130399999999999636e+02
7.153400000000000318e+02
7.173600000000000136e+02
7.193700000000000045e+02
7.230700000000000500e+02
7.273899999999999864e+02
7.293999999999999773e+02
7.315199999999999818e+02
7.351200000000000045e+02
7.373600000000000136e+02
7.393700000000000045e+02
7.413899999999999864e+02
7.436699999999999591e+02
7.492699999999999818e+02
7.519800000000000182e+02
7.560399999999999636e+02
7.580700000000000500e+02
7.605299999999999727e+02
7.632100000000000364e+02
7.652300000000000182e+02
7.681200000000000045e+02
7.717699999999999818e+02
7.773799999999999955e+02
7.818500000000000227e+02
7.838700000000000045e+02
7.874300000000000637e+02
7.917799999999999727e+02
7.941499999999999773e+02
7.961700000000000728e+02
7.981900000000000546e+02
8.003200000000000500e+02
8.046700000000000728e+02
8.076900000000000546e+02
8.119900000000000091e+02
8.140000000000000000e+02
8.176100000000000136e+02
8.199400000000000546e+02
8.219600000000000364e+02
8.239700000000000273e+02
8.259900000000000091e+02
8.281399999999999864e+02
8.301499999999999773e+02
8.330800000000000409e+02
8.357500000000000000e+02
8.403300000000000409e+02
8.440000000000000000e+02
8.518899999999999864e+02
8.560500000000000682e+02
8.582200000000000273e+02
8.612599999999999909e+02
8.644099999999999682e+02
8.665600000000000591e+02
8.685700000000000500e+02
8.724300000000000637e+02
8.744600000000000364e+02
8.764700000000000273e+02
8.785099999999999909e+02
8.819300000000000637e+02
8.854700000000000273e+02
8.886299999999999955e+02
8.917400000000000091e+02
8.959200000000000728e+02
8.979400000000000546e+02
9.002699999999999818e+02
9.057400000000000091e+02
9.077599999999999909e+02
9.126299999999999955e+02
9.160500000000000682e+02
9.184300000000000637e+02
9.247000000000000455e+02
9.281700000000000728e+02
9.303899999999999864e+02
9.348200000000000500e+02
9.368500000000000227e+02
9.409500000000000455e+02
9.460700000000000500e+02
9.483200000000000500e+02
9.525000000000000000e+02
9.547200000000000273e+02
9.567300000000000182e+02
9.606000000000000227e+02
9.705199999999999818e+02
9.725299999999999727e+02
9.745500000000000682e+02
9.768000000000000682e+02
9.822899999999999636e+02
9.868799999999999955e+02
9.888999999999999773e+02
9.925900000000000318e+02
9.946200000000000045e+02
9.988200000000000500e+02
4.169999999999999929e+00
8.019999999999999574e+00
1.201999999999999957e+01
1.601000000000000156e+01
1.980999999999999872e+01
2.439000000000000057e+01
2.760000000000000142e+01
3.198000000000000043e+01
3.607000000000000028e+01
3.989000000000000057e+01
4.396999999999999886e+01
4.782999999999999829e+01
5.253999999999999915e+01
5.595000000000000284e+01
5.992000000000000171e+01
6.398000000000000398e+01
6.793000000000000682e+01
7.160999999999999943e+01
7.604000000000000625e+01
7.960999999999999943e+01
8.426999999999999602e+01
8.859000000000000341e+01
9.185999999999999943e+01
9.642000000000000171e+01
1.002000000000000028e+02
1.036700000000000017e+02
1.080400000000000063e+02
1.120300000000000011e+02
1.166299999999999955e+02
1.197500000000000000e+02
1.242300000000000040e+02
1.283300000000000125e+02
1.320000000000000000e+02
1.360999999999999943e+02
1.404000000000000057e+02
1.438700000000000045e+02
1.482599999999999909e+02
1.520399999999999920e+02
1.561100000000000136e+02
1.596599999999999966e+02
1.638300000000000125e+02
1.676500000000000057e+02
1.720600000000000023e+02
1.756800000000000068e+02
1.815800000000000125e+02
1.841800000000000068e+02
1.889300000000000068e+02
1.919600000000000080e+02
1.960600000000000023e+02
2.003199999999999932e+02
2.040800000000000125e+02
2.083700000000000045e+02
2.127899999999999920e+02
2.157899999999999920e+02
2.201500000000000057e+02
2.241400000000000148e+02
2.283300000000000125e+02
2.319399999999999977e+02
2.365699999999999932e+02
2.402899999999999920e+02
2.441899999999999977e+02
2.483400000000000034e+02
2.520300000000000011e+02
2.562699999999999818e+02
2.603199999999999932e+02
2.645400000000000205e+02
2.677200000000000273e+02
2.725699999999999932e+02
2.763199999999999932e+02
2.805500000000000114e+02
2.842900000000000205e+02
2.882300000000000182e+02
2.918899999999999864e+02
2.959300000000000068e+02
3.004300000000000068e+02
3.040699999999999932e+02
3.084100000000000250e+02
3.125900000000000318e+02
3.160500000000000114e+02
3.200500000000000114e+02
3.221100000000000136e+02
3.242500000000000000e+02
3.285099999999999909e+02
3.333500000000000227e+02
3.362200000000000273e+02
3.404599999999999795e+02
3.442200000000000273e+02
3.485799999999999841e+02
3.521299999999999955e+02
3.558500000000000227e+02
3.578600000000000136e+02
3.602599999999999909e+02
3.645600000000000023e+02
3.684200000000000159e+02
3.725799999999999841e+02
3.761100000000000136e+02
3.804700000000000273e+02
3.843000000000000114e+02
3.879800000000000182e+02
3.930500000000000114e+02
3.960900000000000318e+02
4.007200000000000273e+02
4.040600000000000023e+02
4.083600000000000136e+02
4.124600000000000364e+02
4.168400000000000318e+02
4.208899999999999864e+02
4.243400000000000318e+02
4.280300000000000296e+02
4.300400000000000205e+02
4.329800000000000182e+02
4.363400000000000318e+02
4.404499999999999886e+02
4.444700000000000273e+02
4.491600000000000250e+02
4.522400000000000091e+02
4.542599999999999909e+02
4.565199999999999818e+02
4.602200000000000273e+02
4.644700000000000273e+02
4.680300000000000296e+02
4.724700000000000273e+02
4.761700000000000159e+02
4.813299999999999841e+02
4.842100000000000364e+02
4.862300000000000182e+02
4.888000000000000114e+02
4.922500000000000000e+02
4.962500000000000000e+02
5.005699999999999932e+02
5.043100000000000023e+02
5.063199999999999932e+02
5.094600000000000364e+02
5.124199999999999591e+02
5.144400000000000546e+02
5.164500000000000455e+02
5.209300000000000637e+02
5.244600000000000364e+02
5.284099999999999682e+02
5.304300000000000637e+02
5.324400000000000546e+02
5.362799999999999727e+02
5.382999999999999545e+02
5.404700000000000273e+02
5.449300000000000637e+02
5.481000000000000227e+02
5.525099999999999909e+02
5.580099999999999909e+02
5.608899999999999864e+02
5.647200000000000273e+02
5.681699999999999591e+02
5.723200000000000500e+02
5.762100000000000364e+02
5.805500000000000682e+02
5.825600000000000591e+02
5.852200000000000273e+02
5.884400000000000546e+02
5.928600000000000136e+02
5.968700000000000045e+02
6.003100000000000591e+02
6.040900000000000318e+02
6.061299999999999955e+02
6.081399999999999864e+02
6.101499999999999773e+02
6.126100000000000136e+02
6.162799999999999727e+02
6.183899999999999864e+02
6.204300000000000637e+02
6.243600000000000136e+02
6.284199999999999591e+02
6.322100000000000364e+02
6.362100000000000364e+02
6.382200000000000273e+02
6.402300000000000182e+02
6.443000000000000682e+02
6.482300000000000182e+02
6.502799999999999727e+02
6.524199999999999591e+02
6.564600000000000364e+02
6.608100000000000591e+02
6.628500000000000227e+02
6.648600000000000136e+02
6.690299999999999727e+02
6.710600000000000591e+02
6.743100000000000591e+02
6.767799999999999727e+02
6.806100000000000136e+02
6.845099999999999909e+02
6.865299999999999727e+02
6.885500000000000682e+02
6.936499999999999773e+02
6.967100000000000364e+02
6.987200000000000273e+02
7.007300000000000182e+02
7.045800000000000409e+02
7.068300000000000409e+02
7.109300000000000637e+02
7.129400000000000546e+02
7.165700000000000500e+02
7.185900000000000318e+02
7.206100000000000136e+02
7.226200000000000045e+02
7.255500000000000682e+02
7.284099999999999682e+02
7.304300000000000637e+02
7.345800000000000409e+02
7.367200000000000273e+02
7.405700000000000500e+02
7.425800000000000409e+02
7.446000000000000227e+02
7.487599999999999909e+02
7.507799999999999727e+02
7.528000000000000682e+02
7.561900000000000546e+02
7.582100000000000364e+02
7.625199999999999818e+02
7.647200000000000273e+02
7.685199999999999818e+02
7.705299999999999727e+02
7.728400000000000318e+02
7.748500000000000227e+02
7.770000000000000000e+02
7.810199999999999818e+02
7.849099999999999682e+02
7.870700000000000500e+02
7.902000000000000455e+02
7.925199999999999818e+02
7.965199999999999818e+02
7.985299999999999727e+02
8.009600000000000364e+02
8.048300000000000409e+02
8.101399999999999864e+02
8.125399999999999636e+02
8.166299999999999955e+02
8.186399999999999864e+02
8.214300000000000637e+02
8.250299999999999727e+02
8.270399999999999636e+02
8.290800000000000409e+02
8.331900000000000546e+02
8.390700000000000500e+02
8.410800000000000409e+02
8.445900000000000318e+02
8.466000000000000227e+02
8.486800000000000637e+02
8.528700000000000045e+02
8.548899999999999864e+02
8.568999999999999773e+02
8.589300000000000637e+02
8.625399999999999636e+02
8.656200000000000045e+02
8.688999999999999773e+02
8.729400000000000546e+02
8.749500000000000455e+02
8.769600000000000364e+02
8.802799999999999727e+02
8.829700000000000273e+02
8.851599999999999682e+02
8.871800000000000637e+02
8.904500000000000455e+02
8.933799999999999955e+02
8.974300000000000637e+02
9.026900000000000546e+02
9.047899999999999636e+02
9.087599999999999909e+02
9.125399999999999636e+02
9.149099999999999682e+02
9.169300000000000637e+02
9.189500000000000455e+02
9.209600000000000364e+02
9.245600000000000591e+02
9.287300000000000182e+02
9.307599999999999909e+02
9.327699999999999818e+02
9.347799999999999727e+02
9.368000000000000682e+02
9.388200000000000500e+02
9.409800000000000182e+02
9.430199999999999818e+02
9.450299999999999727e+02
9.470500000000000682e+02
9.491000000000000227e+02
9.527799999999999727e+02
9.548000000000000682e+02
9.569500000000000455e+02
9.589700000000000273e+02
9.621299999999999955e+02
9.650600000000000591e+02
9.676100000000000136e+02
9.696200000000000045e+02
9.724400000000000546e+02
9.748600000000000136e+02
9.773300000000000409e+02
9.793400000000000318e+02
9.813500000000000227e+02
9.847200000000000273e+02
9.867300000000000182e+02
9.887400000000000091e+02
9.907599999999999909e+02
9.933700000000000045e+02
9.953799999999999955e+02
9.973899999999999864e+02
3.970000000000000195e+00
7.750000000000000000e+00
1.176999999999999957e+01
1.591000000000000014e+01
2.008000000000000185e+01
2.371000000000000085e+01
2.785000000000000142e+01
3.174000000000000199e+01
3.546000000000000085e+01
3.992000000000000171e+01
4.357999999999999829e+01
4.773000000000000398e+01
5.203000000000000114e+01
5.532000000000000028e+01
5.960999999999999943e+01
6.392000000000000171e+01
6.756000000000000227e+01
7.140999999999999659e+01
7.582000000000000739e+01
8.003000000000000114e+01
8.409000000000000341e+01
8.746999999999999886e+01
9.157000000000000739e+01
9.590999999999999659e+01
9.993000000000000682e+01
1.037600000000000051e+02
1.075100000000000051e+02
1.117400000000000091e+02
1.155499999999999972e+02
1.193100000000000023e+02
1.234900000000000091e+02
1.278500000000000085e+02
1.316500000000000057e+02
1.356200000000000045e+02
1.395000000000000000e+02
1.436899999999999977e+02
1.476599999999999966e+02
1.515999999999999943e+02
1.551500000000000057e+02
1.592899999999999920e+02
1.634500000000000171e+02
1.674600000000000080e+02
1.711599999999999966e+02
1.793000000000000114e+02
1.833400000000000034e+02
1.875099999999999909e+02
1.913199999999999932e+02
1.951200000000000045e+02
1.989900000000000091e+02
2.010099999999999909e+02
2.030399999999999920e+02
2.071599999999999966e+02
2.111100000000000136e+02
2.150200000000000102e+02
2.195900000000000034e+02
2.231899999999999977e+02
2.270600000000000023e+02
2.313000000000000114e+02
2.348400000000000034e+02
2.397100000000000080e+02
2.434600000000000080e+02
2.476400000000000148e+02
2.514699999999999989e+02
2.555399999999999920e+02
2.593700000000000045e+02
2.635400000000000205e+02
2.675500000000000114e+02
2.712400000000000091e+02
2.756700000000000159e+02
2.791899999999999977e+02
2.827699999999999818e+02
2.873299999999999841e+02
2.911200000000000045e+02
2.958400000000000318e+02
2.990900000000000318e+02
3.035799999999999841e+02
3.073400000000000318e+02
3.108199999999999932e+02
3.147200000000000273e+02
3.191800000000000068e+02
3.227699999999999818e+02
3.270600000000000023e+02
3.306800000000000068e+02
3.348299999999999841e+02
3.390699999999999932e+02
3.432200000000000273e+02
3.470300000000000296e+02
3.510400000000000205e+02
3.549100000000000250e+02
3.595600000000000023e+02
3.631200000000000045e+02
3.664499999999999886e+02
3.684800000000000182e+02
3.709100000000000250e+02
3.746100000000000136e+02
3.792599999999999909e+02
3.832200000000000273e+02
3.870199999999999818e+02
3.909600000000000364e+02
3.950099999999999909e+02
3.987800000000000296e+02
4.029800000000000182e+02
4.064100000000000250e+02
4.111500000000000341e+02
4.147500000000000000e+02
4.184600000000000364e+02
4.224399999999999977e+02
4.261399999999999864e+02
4.281600000000000250e+02
4.304100000000000250e+02
4.348400000000000318e+02
4.389900000000000091e+02
4.410400000000000205e+02
4.436600000000000250e+02
4.471999999999999886e+02
4.515400000000000205e+02
4.544800000000000182e+02
4.581800000000000068e+02
4.601999999999999886e+02
4.622100000000000364e+02
4.642200000000000273e+02
4.664000000000000341e+02
4.684100000000000250e+02
4.710400000000000205e+02
4.749399999999999977e+02
4.787599999999999909e+02
4.821399999999999864e+02
4.841600000000000250e+02
4.870900000000000318e+02
4.904900000000000091e+02
4.951899999999999977e+02
4.986000000000000227e+02
5.026000000000000227e+02
5.064800000000000182e+02
5.108400000000000318e+02
5.149600000000000364e+02
5.183899999999999864e+02
5.204099999999999682e+02
5.232200000000000273e+02
5.269199999999999591e+02
5.304700000000000273e+02
5.347300000000000182e+02
5.382100000000000364e+02
5.402300000000000182e+02
5.423300000000000409e+02
5.461800000000000637e+02
5.481900000000000546e+02
5.508600000000000136e+02
5.544800000000000182e+02
5.579900000000000091e+02
5.600000000000000000e+02
5.623899999999999864e+02
5.662400000000000091e+02
5.702599999999999909e+02
5.743400000000000318e+02
5.763899999999999864e+02
5.783999999999999773e+02
5.804199999999999591e+02
5.839300000000000637e+02
5.859800000000000182e+02
5.880199999999999818e+02
5.900500000000000682e+02
5.947400000000000091e+02
5.979900000000000091e+02
6.022100000000000364e+02
6.055800000000000409e+02
6.075900000000000318e+02
6.108999999999999773e+02
6.136499999999999773e+02
6.158100000000000591e+02
6.186200000000000045e+02
6.225700000000000500e+02
6.266800000000000637e+02
6.298700000000000045e+02
6.318799999999999955e+02
6.344500000000000455e+02
6.380000000000000000e+02
6.400199999999999818e+02
6.420299999999999727e+02
6.458400000000000318e+02
6.478500000000000227e+02
6.500700000000000500e+02
6.520800000000000409e+02
6.540900000000000318e+02
6.596200000000000045e+02
6.621499999999999773e+02
6.655600000000000591e+02
6.700700000000000500e+02
6.734300000000000637e+02
6.754500000000000455e+02
6.776900000000000546e+02
6.797000000000000455e+02
6.817100000000000364e+02
6.837200000000000273e+02
6.858200000000000500e+02
6.878400000000000318e+02
6.911399999999999864e+02
6.940399999999999636e+02
6.977100000000000364e+02
7.032899999999999636e+02
7.058500000000000227e+02
7.098500000000000227e+02
7.118600000000000136e+02
7.138899999999999864e+02
7.172899999999999636e+02
7.193300000000000409e+02
7.215199999999999818e+02
7.235500000000000682e+02
7.261200000000000045e+02
7.281299999999999955e+02
7.301599999999999682e+02
7.332599999999999909e+02
7.352699999999999818e+02
7.375199999999999818e+02
7.395399999999999636e+02
7.417699999999999818e+02
7.438300000000000409e+02
7.463400000000000318e+02
7.503500000000000227e+02
7.542200000000000273e+02
7.574800000000000182e+02
7.613600000000000136e+02
7.639300000000000637e+02
7.659800000000000182e+02
7.696000000000000227e+02
7.716100000000000136e+02
7.736299999999999955e+02
7.756399999999999864e+02
7.776499999999999773e+02
7.796599999999999682e+02
7.816800000000000637e+02
7.853799999999999955e+02
7.873999999999999773e+02
7.898300000000000409e+02
7.935700000000000500e+02
7.956299999999999955e+02
7.976599999999999682e+02
7.996700000000000728e+02
8.016800000000000637e+02
8.056200000000000045e+02
8.076299999999999955e+02
8.097799999999999727e+02
8.134800000000000182e+02
8.154900000000000091e+02
8.175000000000000000e+02
8.198700000000000045e+02
8.233999999999999773e+02
8.254200000000000728e+02
8.276100000000000136e+02
8.296200000000000045e+02
8.334600000000000364e+02
8.356299999999999955e+02
8.376399999999999864e+02
8.422400000000000091e+02
8.450500000000000682e+02
8.478300000000000409e+02
8.530800000000000409e+02
8.550900000000000318e+02
8.571000000000000227e+02
8.591900000000000546e+02
8.612200000000000273e+02
8.632500000000000000e+02
8.652599999999999909e+02
8.693000000000000682e+02
8.731800000000000637e+02
8.751900000000000546e+02
8.772000000000000455e+02
8.793500000000000227e+02
8.813600000000000136e+02
8.839500000000000455e+02
8.873200000000000500e+02
8.893300000000000409e+02
8.913400000000000318e+02
8.933600000000000136e+02
8.953799999999999955e+02
8.973999999999999773e+02
8.994099999999999682e+02
9.014200000000000728e+02
9.051399999999999864e+02
9.091499999999999773e+02
9.111599999999999682e+02
9.133000000000000682e+02
9.153100000000000591e+02
9.187100000000000364e+02
9.207200000000000273e+02
9.227300000000000182e+02
9.248500000000000227e+02
9.268600000000000136e+02
9.291000000000000227e+02
9.311100000000000136e+02
9.331200000000000045e+02
9.354800000000000182e+02
9.374900000000000091e+02
9.395000000000000000e+02
9.415099999999999909e+02
9.435299999999999727e+02
9.456100000000000136e+02
9.493500000000000227e+02
9.513600000000000136e+02
9.533799999999999955e+02
9.571800000000000637e+02
9.591900000000000546e+02
9.646800000000000637e+02
9.666900000000000546e+02
9.687000000000000455e+02
9.711499999999999773e+02
9.731599999999999682e+02
9.751700000000000728e+02
9.771800000000000637e+02
9.807200000000000273e+02
9.827400000000000091e+02
9.847500000000000000e+02
9.868500000000000227e+02
9.888600000000000136e+02
9.926000000000000227e+02
9.946200000000000045e+02
9.968200000000000500e+02
9.991000000000000227e+02
3.709999999999999964e+00
7.660000000000000142e+00
1.191999999999999993e+01
1.626999999999999957e+01
2.026000000000000156e+01
2.371000000000000085e+01
2.766000000000000014e+01
3.148000000000000043e+01
3.571999999999999886e+01
4.002000000000000313e+01
4.349000000000000199e+01
4.770000000000000284e+01
5.185999999999999943e+01
5.520000000000000284e+01
5.978000000000000114e+01
6.346000000000000085e+01
6.732999999999999829e+01
7.142000000000000171e+01
7.559000000000000341e+01
7.971000000000000796e+01
8.385000000000000853e+01
8.798000000000000398e+01
9.148000000000000398e+01
9.604999999999999716e+01
9.923000000000000398e+01
1.035400000000000063e+02
1.075600000000000023e+02
1.112999999999999972e+02
1.152300000000000040e+02
1.195499999999999972e+02
1.237300000000000040e+02
1.274300000000000068e+02
1.308799999999999955e+02
1.352599999999999909e+02
1.387100000000000080e+02
1.430500000000000114e+02
1.471200000000000045e+02
1.505600000000000023e+02
1.550099999999999909e+02
1.597800000000000011e+02
1.631899999999999977e+02
1.667400000000000091e+02
1.713600000000000136e+02
1.745200000000000102e+02
1.792400000000000091e+02
1.827400000000000091e+02
1.867199999999999989e+02
1.910800000000000125e+02
1.943600000000000136e+02
1.963799999999999955e+02
2.031500000000000057e+02
2.071800000000000068e+02
2.107599999999999909e+02
2.143799999999999955e+02
2.187700000000000102e+02
2.222700000000000102e+02
2.264699999999999989e+02
2.312100000000000080e+02
2.346500000000000057e+02
2.380600000000000023e+02
2.425600000000000023e+02
2.467100000000000080e+02
2.501100000000000136e+02
2.543600000000000136e+02
2.584300000000000068e+02
2.628999999999999773e+02
2.661000000000000227e+02
2.698299999999999841e+02
2.740099999999999909e+02
2.780500000000000114e+02
2.821299999999999955e+02
2.860600000000000023e+02
2.905099999999999909e+02
2.947300000000000182e+02
3.019200000000000159e+02
3.061100000000000136e+02
3.098700000000000045e+02
3.137300000000000182e+02
3.181000000000000227e+02
3.212599999999999909e+02
3.300500000000000114e+02
3.333799999999999955e+02
3.374300000000000068e+02
3.422500000000000000e+02
3.459300000000000068e+02
3.490300000000000296e+02
3.541800000000000068e+02
3.576899999999999977e+02
3.612200000000000273e+02
3.632500000000000000e+02
3.652699999999999818e+02
3.673100000000000023e+02
3.706100000000000136e+02
3.744100000000000250e+02
3.776800000000000068e+02
3.817099999999999795e+02
3.853799999999999955e+02
3.892400000000000091e+02
3.931299999999999955e+02
3.978400000000000318e+02
4.018899999999999864e+02
4.058600000000000136e+02
4.129000000000000341e+02
4.174700000000000273e+02
4.213000000000000114e+02
4.259100000000000250e+02
4.292800000000000296e+02
4.323700000000000045e+02
4.368199999999999932e+02
4.408899999999999864e+02
4.445099999999999909e+02
4.531100000000000136e+02
4.567400000000000091e+02
4.614200000000000159e+02
4.649499999999999886e+02
4.693700000000000045e+02
4.727599999999999909e+02
4.765699999999999932e+02
4.806899999999999977e+02
4.827500000000000000e+02
4.847599999999999909e+02
4.889900000000000091e+02
4.922700000000000387e+02
4.964600000000000364e+02
5.016200000000000045e+02
5.047100000000000364e+02
5.092500000000000000e+02
5.120000000000000000e+02
5.183300000000000409e+02
5.204500000000000455e+02
5.245700000000000500e+02
5.282400000000000091e+02
5.302500000000000000e+02
5.364900000000000091e+02
5.417500000000000000e+02
5.443999999999999773e+02
5.485900000000000318e+02
5.537500000000000000e+02
5.564600000000000364e+02
5.585000000000000000e+02
5.608400000000000318e+02
5.641100000000000136e+02
5.661200000000000045e+02
5.687599999999999909e+02
5.720000000000000000e+02
5.755900000000000318e+02
5.800099999999999909e+02
5.855000000000000000e+02
5.880600000000000591e+02
5.901000000000000227e+02
5.921100000000000136e+02
5.966699999999999591e+02
6.004300000000000637e+02
6.056299999999999955e+02
6.090199999999999818e+02
6.130000000000000000e+02
6.169800000000000182e+02
6.203100000000000591e+02
6.251699999999999591e+02
6.283000000000000682e+02
6.320900000000000318e+02
6.358000000000000682e+02
6.378300000000000409e+02
6.434800000000000182e+02
6.455000000000000000e+02
6.475099999999999909e+02
6.510500000000000682e+02
6.530700000000000500e+02
6.558300000000000409e+02
6.609800000000000182e+02
6.684700000000000273e+02
6.715000000000000000e+02
6.735099999999999909e+02
6.755199999999999818e+02
6.791399999999999864e+02
6.828799999999999955e+02
6.852000000000000455e+02
6.879400000000000546e+02
6.911499999999999773e+02
6.931599999999999682e+02
6.968600000000000136e+02
7.006399999999999864e+02
7.044300000000000637e+02
7.068400000000000318e+02
7.112300000000000182e+02
7.146800000000000637e+02
7.166900000000000546e+02
7.241699999999999591e+02
7.269199999999999591e+02
7.289300000000000637e+02
7.309400000000000546e+02
7.329600000000000364e+02
7.350199999999999818e+02
7.389400000000000546e+02
7.445099999999999909e+02
7.470299999999999727e+02
7.505500000000000682e+02
7.525600000000000591e+02
7.545700000000000500e+02
7.565900000000000318e+02
7.602599999999999909e+02
7.641800000000000637e+02
7.669099999999999682e+02
7.703899999999999864e+02
7.723999999999999773e+02
7.746100000000000136e+02
7.766200000000000045e+02
7.786399999999999864e+02
7.806599999999999682e+02
7.826700000000000728e+02
7.877400000000000091e+02
7.901200000000000045e+02
7.943300000000000409e+02
7.963799999999999955e+02
7.987899999999999636e+02
8.039900000000000091e+02
8.061900000000000546e+02
8.115199999999999818e+02
8.146100000000000136e+02
8.179600000000000364e+02
8.199700000000000273e+02
8.225399999999999636e+02
8.273600000000000136e+02
8.305000000000000000e+02
8.325199999999999818e+02
8.394600000000000364e+02
8.422699999999999818e+02
8.474900000000000091e+02
8.507300000000000182e+02
8.538200000000000500e+02
8.598600000000000136e+02
8.622500000000000000e+02
8.658000000000000682e+02
8.721800000000000637e+02
8.756800000000000637e+02
8.777899999999999636e+02
8.798000000000000682e+02
8.818200000000000500e+02
8.838400000000000318e+02
8.860299999999999727e+02
8.901100000000000136e+02
8.921200000000000045e+02
8.954700000000000273e+02
8.977899999999999636e+02
8.998100000000000591e+02
9.018300000000000409e+02
9.038700000000000045e+02
9.058799999999999955e+02
9.078899999999999864e+02
9.113400000000000318e+02
9.134500000000000455e+02
9.154700000000000273e+02
9.174800000000000182e+02
9.216399999999999864e+02
9.236499999999999773e+02
9.260600000000000591e+02
9.293500000000000227e+02
9.313700000000000045e+02
9.333799999999999955e+02
9.353999999999999773e+02
9.378500000000000227e+02
9.411000000000000227e+02
9.431100000000000136e+02
9.451299999999999955e+02
9.476399999999999864e+02
9.498400000000000318e+02
9.535900000000000318e+02
9.556100000000000136e+02
9.613300000000000409e+02
9.650399999999999636e+02
9.675099999999999909e+02
9.695199999999999818e+02
9.715299999999999727e+02
9.749200000000000728e+02
9.790700000000000500e+02
9.810800000000000409e+02
9.831599999999999682e+02
9.851700000000000728e+02
9.871900000000000546e+02
9.893799999999999955e+02
9.913999999999999773e+02
9.934200000000000728e+02
9.971100000000000136e+02
3.850000000000000089e+00
7.850000000000000533e+00
1.172000000000000064e+01
1.625000000000000000e+01
2.358999999999999986e+01
3.147000000000000242e+01
4.325999999999999801e+01
4.824000000000000199e+01
5.178999999999999915e+01
5.562000000000000455e+01
5.957000000000000028e+01
6.378999999999999915e+01
7.503000000000000114e+01
8.310000000000000853e+01
9.104999999999999716e+01
9.539000000000000057e+01
9.945000000000000284e+01
1.031299999999999955e+02
1.065900000000000034e+02
1.111599999999999966e+02
1.155700000000000074e+02
1.232199999999999989e+02
1.270700000000000074e+02
1.307899999999999920e+02
1.350399999999999920e+02
1.390000000000000000e+02
1.425300000000000011e+02
1.467500000000000000e+02
1.505699999999999932e+02
1.549399999999999977e+02
1.585900000000000034e+02
1.625800000000000125e+02
1.657899999999999920e+02
1.702299999999999898e+02
1.738100000000000023e+02
1.826100000000000136e+02
1.862800000000000011e+02
1.942599999999999909e+02
2.061599999999999966e+02
2.105399999999999920e+02
2.142500000000000000e+02
2.222700000000000102e+02
2.261500000000000057e+02
2.304500000000000171e+02
2.346599999999999966e+02
2.458300000000000125e+02
2.493400000000000034e+02
2.541599999999999966e+02
2.573000000000000114e+02
2.657400000000000091e+02
2.731999999999999886e+02
2.809800000000000182e+02
2.900799999999999841e+02
3.011299999999999955e+02
3.129100000000000250e+02
3.207300000000000182e+02
3.293500000000000227e+02
3.330199999999999818e+02
3.366600000000000250e+02
3.408000000000000114e+02
3.531299999999999955e+02
3.574200000000000159e+02
3.608100000000000023e+02
3.643799999999999955e+02
3.686100000000000136e+02
3.764200000000000159e+02
3.811999999999999886e+02
3.844900000000000091e+02
3.880600000000000023e+02
3.915900000000000318e+02
3.974000000000000341e+02
4.038100000000000023e+02
4.082100000000000364e+02
4.124100000000000250e+02
4.199200000000000159e+02
4.239100000000000250e+02
4.280400000000000205e+02
4.317599999999999909e+02
4.358899999999999864e+02
4.400900000000000318e+02
4.478299999999999841e+02
4.550500000000000114e+02
4.637900000000000205e+02
4.670799999999999841e+02
4.751299999999999955e+02
4.796500000000000341e+02
4.824900000000000091e+02
4.845099999999999909e+02
4.905199999999999818e+02
4.956800000000000068e+02
4.983700000000000045e+02
5.040699999999999932e+02
5.073000000000000114e+02
5.120499999999999545e+02
5.155000000000000000e+02
5.276100000000000136e+02
5.303600000000000136e+02
5.384500000000000455e+02
5.473999999999999773e+02
5.504600000000000364e+02
5.553200000000000500e+02
5.578799999999999955e+02
5.627599999999999909e+02
5.655299999999999727e+02
5.675399999999999636e+02
5.753200000000000500e+02
5.791299999999999955e+02
5.816399999999999864e+02
5.865399999999999636e+02
5.948999999999999773e+02
5.974300000000000637e+02
6.138600000000000136e+02
6.182300000000000182e+02
6.265500000000000682e+02
6.340099999999999909e+02
6.379500000000000455e+02
6.428999999999999773e+02
6.579800000000000182e+02
6.620900000000000318e+02
6.656599999999999682e+02
6.700399999999999636e+02
6.860199999999999818e+02
6.888899999999999864e+02
6.925199999999999818e+02
7.013300000000000409e+02
7.059800000000000182e+02
7.081699999999999591e+02
7.162599999999999909e+02
7.322100000000000364e+02
7.342300000000000182e+02
7.379400000000000546e+02
7.414099999999999682e+02
7.461599999999999682e+02
7.494400000000000546e+02
7.558300000000000409e+02
7.596299999999999955e+02
7.616399999999999864e+02
7.678899999999999864e+02
7.726399999999999864e+02
7.759800000000000182e+02
7.797100000000000364e+02
7.848300000000000409e+02
7.871800000000000637e+02
7.891900000000000546e+02
7.996399999999999864e+02
8.016499999999999773e+02
8.050299999999999727e+02
8.070399999999999636e+02
8.090500000000000682e+02
8.111700000000000728e+02
8.153500000000000227e+02
8.244700000000000273e+02
8.306700000000000728e+02
8.365700000000000500e+02
8.405000000000000000e+02
8.443799999999999955e+02
8.511100000000000136e+02
8.543799999999999955e+02
8.642699999999999818e+02
8.768100000000000591e+02
8.809300000000000637e+02
8.866700000000000728e+02
8.909400000000000546e+02
8.966599999999999682e+02
8.997699999999999818e+02
9.038200000000000500e+02
9.257400000000000091e+02
9.316100000000000136e+02
9.360299999999999727e+02
9.391100000000000136e+02
9.419800000000000182e+02
9.503999999999999773e+02
9.552400000000000091e+02
9.572500000000000000e+02
9.592699999999999818e+02
9.710000000000000000e+02
9.856200000000000045e+02
9.894500000000000455e+02
9.929200000000000728e+02
9.949300000000000637e+02
9.988999999999999773e+02
1.983000000000000185e+01
3.616000000000000369e+01
4.345000000000000284e+01
4.778000000000000114e+01
5.560000000000000142e+01
5.887000000000000455e+01
6.296999999999999886e+01
7.121999999999999886e+01
1.035700000000000074e+02
1.188900000000000006e+02
1.223799999999999955e+02
1.346999999999999886e+02
1.496500000000000057e+02
1.658600000000000136e+02
1.705500000000000114e+02
1.858799999999999955e+02
1.939699999999999989e+02
2.289699999999999989e+02
2.609800000000000182e+02
2.720400000000000205e+02
2.763400000000000318e+02
2.843700000000000045e+02
3.199700000000000273e+02
3.352900000000000205e+02
3.677900000000000205e+02
3.799599999999999795e+02
4.186000000000000227e+02
4.302400000000000091e+02
4.347599999999999909e+02
4.506200000000000045e+02
4.585099999999999909e+02
4.661100000000000136e+02
4.700000000000000000e+02
4.968700000000000045e+02
5.017500000000000000e+02
5.060400000000000205e+02
5.218100000000000591e+02
5.292300000000000182e+02
5.333600000000000136e+02
5.369800000000000182e+02
5.454099999999999682e+02
5.490800000000000409e+02
5.887100000000000364e+02
6.126699999999999591e+02
6.163300000000000409e+02
6.316499999999999773e+02
6.380299999999999727e+02
6.401800000000000637e+02
6.514400000000000546e+02
6.876299999999999955e+02
6.917000000000000455e+02
7.249700000000000273e+02
7.815600000000000591e+02
8.058000000000000682e+02
8.158999999999999773e+02
8.296800000000000637e+02
8.507400000000000091e+02
8.609400000000000546e+02
8.688200000000000500e+02
8.871700000000000728e+02
9.169800000000000182e+02
9.394900000000000091e+02
9.440600000000000591e+02
9.476499999999999773e+02
9.522400000000000091e+02
9.892900000000000773e+02
4.596100000000000136e+02
7.865999999999999659e+01
7.771999999999999886e+01
4.259999999999999787e+00
7.339000000000000057e+01
9.348000000000000398e+01
1.376599999999999966e+02
2.716299999999999955e+02
3.000600000000000023e+02
3.044499999999999886e+02
4.089800000000000182e+02
4.338199999999999932e+02
5.551800000000000637e+02
5.595099999999999909e+02
6.803899999999999864e+02
8.347000000000000455e+02
8.388300000000000409e+02
8.913000000000000682e+02
9.583999999999999773e+02
9.645600000000000591e+02
9.882900000000000773e+02
