6.150000000000000355e+00
6.440000000000000391e+00
6.500000000000000000e+00
6.700000000000000178e+00
7.070000000000000284e+00
8.640000000000000568e+00
8.650000000000000355e+00
8.910000000000000142e+00
8.980000000000000426e+00
9.189999999999999503e+00
9.839999999999999858e+00
1.052999999999999936e+01
1.080000000000000071e+01
1.084999999999999964e+01
1.095000000000000107e+01
1.138000000000000078e+01
1.139000000000000057e+01
1.199000000000000021e+01
1.248000000000000043e+01
1.284999999999999964e+01
1.297000000000000064e+01
1.356000000000000050e+01
1.404000000000000092e+01
1.424000000000000021e+01
1.474000000000000021e+01
1.505000000000000071e+01
1.528000000000000114e+01
1.572000000000000064e+01
1.624000000000000199e+01
1.635000000000000142e+01
1.671999999999999886e+01
1.723000000000000043e+01
1.757000000000000028e+01
1.760999999999999943e+01
1.785000000000000142e+01
1.832000000000000028e+01
1.875000000000000000e+01
1.912999999999999901e+01
1.937000000000000099e+01
2.000000000000000000e+01
2.010000000000000142e+01
2.012999999999999901e+01
2.180999999999999872e+01
2.305000000000000071e+01
2.408999999999999986e+01
5.732999999999999829e+01
5.792999999999999972e+01
5.792999999999999972e+01
5.877000000000000313e+01
5.939000000000000057e+01
5.945000000000000284e+01
5.982000000000000028e+01
6.010999999999999943e+01
6.014000000000000057e+01
6.080000000000000426e+01
6.092000000000000171e+01
6.096999999999999886e+01
6.152000000000000313e+01
6.166000000000000369e+01
6.223000000000000398e+01
6.288000000000000256e+01
6.302000000000000313e+01
6.319000000000000483e+01
6.323000000000000398e+01
6.324000000000000199e+01
6.418000000000000682e+01
6.423000000000000398e+01
6.437000000000000455e+01
6.479000000000000625e+01
6.482000000000000739e+01
6.501000000000000512e+01
6.521000000000000796e+01
6.607999999999999829e+01
6.640999999999999659e+01
6.645000000000000284e+01
6.659999999999999432e+01
6.701000000000000512e+01
6.750000000000000000e+01
6.751000000000000512e+01
6.790000000000000568e+01
6.882000000000000739e+01
6.898000000000000398e+01
6.907999999999999829e+01
6.918999999999999773e+01
6.964000000000000057e+01
6.967000000000000171e+01
7.037999999999999545e+01
7.103000000000000114e+01
7.107999999999999829e+01
7.218000000000000682e+01
7.329999999999999716e+01
7.346999999999999886e+01
1.053100000000000023e+02
1.077100000000000080e+02
1.083100000000000023e+02
1.084300000000000068e+02
1.084900000000000091e+02
1.086200000000000045e+02
1.086400000000000006e+02
1.092500000000000000e+02
1.107400000000000091e+02
1.108400000000000034e+02
1.109600000000000080e+02
1.109800000000000040e+02
1.111400000000000006e+02
1.112000000000000028e+02
1.112100000000000080e+02
1.121700000000000017e+02
1.131000000000000085e+02
1.132999999999999972e+02
1.133599999999999994e+02
1.136800000000000068e+02
1.141200000000000045e+02
1.142500000000000000e+02
1.146899999999999977e+02
1.147900000000000063e+02
1.148900000000000006e+02
1.152100000000000080e+02
1.153799999999999955e+02
1.154399999999999977e+02
1.154500000000000028e+02
1.158700000000000045e+02
1.158900000000000006e+02
1.166000000000000085e+02
1.169800000000000040e+02
1.170900000000000034e+02
1.172300000000000040e+02
1.175400000000000063e+02
1.179699999999999989e+02
1.180799999999999983e+02
1.180900000000000034e+02
1.184699999999999989e+02
1.192000000000000028e+02
1.195300000000000011e+02
1.197400000000000091e+02
1.197699999999999960e+02
1.205499999999999972e+02
1.215000000000000000e+02
1.554500000000000171e+02
1.555999999999999943e+02
1.557800000000000011e+02
1.570500000000000114e+02
1.582000000000000171e+02
1.582199999999999989e+02
1.585200000000000102e+02
1.589699999999999989e+02
1.595399999999999920e+02
1.597400000000000091e+02
1.603100000000000023e+02
1.603799999999999955e+02
1.605000000000000000e+02
1.608100000000000023e+02
1.609200000000000159e+02
1.611899999999999977e+02
1.612400000000000091e+02
1.615200000000000102e+02
1.623300000000000125e+02
1.626500000000000057e+02
1.628000000000000114e+02
1.628199999999999932e+02
1.629000000000000057e+02
1.630699999999999932e+02
1.633199999999999932e+02
1.637899999999999920e+02
1.638700000000000045e+02
1.642899999999999920e+02
1.644500000000000171e+02
1.644699999999999989e+02
1.649600000000000080e+02
1.650600000000000023e+02
1.652199999999999989e+02
1.654300000000000068e+02
1.655999999999999943e+02
1.662000000000000171e+02
1.665000000000000000e+02
1.665300000000000011e+02
1.665999999999999943e+02
1.667700000000000102e+02
1.670500000000000114e+02
1.671500000000000057e+02
1.677199999999999989e+02
1.679500000000000171e+02
1.682800000000000011e+02
1.687500000000000000e+02
1.704000000000000057e+02
1.705800000000000125e+02
1.709799999999999898e+02
1.719699999999999989e+02
1.741700000000000159e+02
2.047300000000000182e+02
2.068300000000000125e+02
2.074099999999999966e+02
2.076899999999999977e+02
2.079900000000000091e+02
2.084600000000000080e+02
2.084600000000000080e+02
2.086700000000000159e+02
2.092000000000000171e+02
2.099200000000000159e+02
2.099399999999999977e+02
2.100000000000000000e+02
2.100699999999999932e+02
2.101100000000000136e+02
2.104500000000000171e+02
2.110099999999999909e+02
2.116400000000000148e+02
2.118300000000000125e+02
2.122500000000000000e+02
2.122599999999999909e+02
2.125200000000000102e+02
2.125600000000000023e+02
2.129099999999999966e+02
2.132300000000000182e+02
2.133900000000000148e+02
2.142800000000000011e+02
2.143000000000000114e+02
2.151100000000000136e+02
2.153799999999999955e+02
2.154900000000000091e+02
2.155000000000000000e+02
2.157599999999999909e+02
2.158300000000000125e+02
2.158900000000000148e+02
2.161599999999999966e+02
2.166299999999999955e+02
2.168400000000000034e+02
2.168400000000000034e+02
2.174900000000000091e+02
2.176200000000000045e+02
2.179099999999999966e+02
2.179500000000000171e+02
2.181800000000000068e+02
2.182100000000000080e+02
2.186400000000000148e+02
2.195200000000000102e+02
2.205900000000000034e+02
2.206500000000000057e+02
2.207500000000000000e+02
2.232000000000000171e+02
2.552500000000000000e+02
2.559399999999999977e+02
2.568299999999999841e+02
2.568799999999999955e+02
2.576000000000000227e+02
2.577200000000000273e+02
2.583100000000000023e+02
2.585600000000000023e+02
2.587400000000000091e+02
2.589200000000000159e+02
2.595699999999999932e+02
2.600000000000000000e+02
2.601999999999999886e+02
2.610500000000000114e+02
2.612500000000000000e+02
2.613899999999999864e+02
2.621600000000000250e+02
2.631899999999999977e+02
2.633299999999999841e+02
2.633500000000000227e+02
2.633799999999999955e+02
2.634599999999999795e+02
2.635099999999999909e+02
2.640699999999999932e+02
2.643999999999999773e+02
2.646800000000000068e+02
2.648500000000000227e+02
2.648600000000000136e+02
2.651700000000000159e+02
2.654399999999999977e+02
2.658400000000000318e+02
2.659100000000000250e+02
2.660000000000000000e+02
2.668400000000000318e+02
2.675400000000000205e+02
2.676800000000000068e+02
2.685600000000000023e+02
2.686899999999999977e+02
2.688500000000000227e+02
2.696200000000000045e+02
2.700900000000000318e+02
2.706899999999999977e+02
2.707699999999999818e+02
2.719399999999999977e+02
2.720699999999999932e+02
2.748799999999999955e+02
3.050000000000000000e+02
3.065099999999999909e+02
3.067300000000000182e+02
3.072300000000000182e+02
3.075099999999999909e+02
3.077099999999999795e+02
3.079499999999999886e+02
3.080600000000000023e+02
3.080600000000000023e+02
3.090799999999999841e+02
3.096200000000000045e+02
3.101800000000000068e+02
3.103100000000000023e+02
3.103500000000000227e+02
3.104100000000000250e+02
3.104599999999999795e+02
3.105400000000000205e+02
3.105799999999999841e+02
3.110199999999999818e+02
3.113000000000000114e+02
3.122800000000000296e+02
3.124599999999999795e+02
3.129700000000000273e+02
3.133700000000000045e+02
3.138100000000000023e+02
3.139700000000000273e+02
3.142800000000000296e+02
3.147500000000000000e+02
3.151600000000000250e+02
3.154100000000000250e+02
3.154900000000000091e+02
3.155500000000000114e+02
3.160300000000000296e+02
3.160400000000000205e+02
3.161700000000000159e+02
3.164100000000000250e+02
3.170300000000000296e+02
3.173899999999999864e+02
3.176600000000000250e+02
3.179499999999999886e+02
3.180199999999999818e+02
3.185500000000000114e+02
3.186800000000000068e+02
3.192099999999999795e+02
3.193700000000000045e+02
3.195300000000000296e+02
3.210300000000000296e+02
3.214900000000000091e+02
3.215400000000000205e+02
3.226600000000000250e+02
3.235400000000000205e+02
3.243500000000000227e+02
3.562500000000000000e+02
3.575600000000000023e+02
3.589100000000000250e+02
3.589800000000000182e+02
3.595099999999999909e+02
3.595199999999999818e+02
3.596700000000000159e+02
3.597500000000000000e+02
3.597500000000000000e+02
3.599700000000000273e+02
3.602400000000000091e+02
3.603899999999999864e+02
3.606000000000000227e+02
3.610000000000000000e+02
3.611999999999999886e+02
3.614399999999999977e+02
3.621800000000000068e+02
3.624000000000000341e+02
3.626000000000000227e+02
3.630199999999999818e+02
3.630199999999999818e+02
3.630900000000000318e+02
3.635500000000000114e+02
3.637599999999999909e+02
3.637699999999999818e+02
3.638000000000000114e+02
3.638299999999999841e+02
3.654300000000000068e+02
3.654599999999999795e+02
3.657500000000000000e+02
3.659100000000000250e+02
3.659200000000000159e+02
3.661999999999999886e+02
3.666000000000000227e+02
3.667200000000000273e+02
3.671899999999999977e+02
3.678299999999999841e+02
3.679100000000000250e+02
3.680199999999999818e+02
3.696600000000000250e+02
3.699900000000000091e+02
3.704300000000000068e+02
3.711600000000000250e+02
3.712599999999999909e+02
3.720799999999999841e+02
4.048700000000000045e+02
4.063799999999999955e+02
4.066999999999999886e+02
4.069700000000000273e+02
4.072300000000000182e+02
4.080799999999999841e+02
4.084700000000000273e+02
4.087400000000000091e+02
4.092100000000000364e+02
4.095400000000000205e+02
4.095799999999999841e+02
4.096399999999999864e+02
4.105099999999999909e+02
4.105600000000000023e+02
4.117300000000000182e+02
4.118199999999999932e+02
4.120099999999999909e+02
4.121700000000000159e+02
4.124900000000000091e+02
4.126100000000000136e+02
4.126200000000000045e+02
4.135600000000000023e+02
4.136899999999999977e+02
4.138500000000000227e+02
4.139000000000000341e+02
4.140900000000000318e+02
4.142100000000000364e+02
4.142200000000000273e+02
4.145300000000000296e+02
4.154300000000000068e+02
4.158500000000000227e+02
4.162500000000000000e+02
4.163600000000000136e+02
4.167300000000000182e+02
4.168700000000000045e+02
4.178500000000000227e+02
4.179200000000000159e+02
4.179700000000000273e+02
4.180900000000000318e+02
4.184000000000000341e+02
4.187100000000000364e+02
4.191000000000000227e+02
4.196200000000000045e+02
4.213199999999999932e+02
4.245300000000000296e+02
4.533299999999999841e+02
4.541000000000000227e+02
4.543199999999999932e+02
4.547800000000000296e+02
4.549700000000000273e+02
4.554700000000000273e+02
4.567300000000000182e+02
4.575300000000000296e+02
4.575799999999999841e+02
4.577400000000000091e+02
4.580199999999999818e+02
4.593100000000000023e+02
4.593500000000000227e+02
4.594499999999999886e+02
4.601700000000000159e+02
4.602900000000000205e+02
4.604100000000000250e+02
4.607599999999999909e+02
4.615799999999999841e+02
4.621800000000000068e+02
4.622699999999999818e+02
4.623700000000000045e+02
4.624100000000000250e+02
4.624300000000000068e+02
4.627800000000000296e+02
4.628799999999999955e+02
4.630000000000000000e+02
4.633700000000000045e+02
4.645900000000000318e+02
4.646399999999999864e+02
4.651000000000000227e+02
4.655000000000000000e+02
4.656000000000000227e+02
4.657400000000000091e+02
4.659300000000000068e+02
4.659700000000000273e+02
4.666999999999999886e+02
4.669300000000000068e+02
4.679200000000000159e+02
4.682599999999999909e+02
4.686399999999999864e+02
4.690600000000000023e+02
4.691800000000000068e+02
4.696600000000000250e+02
4.700699999999999932e+02
4.703199999999999932e+02
4.713899999999999864e+02
5.039499999999999886e+02
5.045699999999999932e+02
5.062100000000000364e+02
5.065699999999999932e+02
5.068500000000000227e+02
5.072400000000000091e+02
5.079200000000000159e+02
5.081800000000000068e+02
5.094800000000000182e+02
5.094900000000000091e+02
5.098799999999999955e+02
5.099800000000000182e+02
5.108500000000000227e+02
5.113500000000000227e+02
5.114300000000000068e+02
5.115500000000000114e+02
5.117500000000000000e+02
5.121299999999999955e+02
5.123400000000000318e+02
5.123999999999999773e+02
5.125399999999999636e+02
5.125600000000000591e+02
5.134400000000000546e+02
5.135000000000000000e+02
5.137000000000000455e+02
5.137400000000000091e+02
5.138999999999999773e+02
5.139199999999999591e+02
5.144800000000000182e+02
5.146800000000000637e+02
5.149099999999999682e+02
5.154800000000000182e+02
5.155900000000000318e+02
5.156499999999999773e+02
5.158500000000000227e+02
5.161200000000000045e+02
5.168200000000000500e+02
5.170299999999999727e+02
5.180199999999999818e+02
5.180499999999999545e+02
5.188300000000000409e+02
5.193700000000000045e+02
5.201499999999999773e+02
5.204700000000000273e+02
5.205299999999999727e+02
5.208700000000000045e+02
5.212400000000000091e+02
5.227899999999999636e+02
5.242999999999999545e+02
5.535199999999999818e+02
5.542300000000000182e+02
5.550600000000000591e+02
5.552500000000000000e+02
5.556599999999999682e+02
5.557699999999999818e+02
5.557799999999999727e+02
5.558200000000000500e+02
5.565800000000000409e+02
5.566000000000000227e+02
5.566800000000000637e+02
5.571599999999999682e+02
5.577799999999999727e+02
5.579300000000000637e+02
5.583300000000000409e+02
5.588200000000000500e+02
5.589800000000000182e+02
5.594500000000000455e+02
5.598899999999999864e+02
5.599400000000000546e+02
5.600500000000000682e+02
5.611800000000000637e+02
5.613899999999999864e+02
5.616699999999999591e+02
5.617100000000000364e+02
5.620800000000000409e+02
5.623600000000000136e+02
5.624300000000000637e+02
5.639400000000000546e+02
5.641499999999999773e+02
5.644900000000000091e+02
5.645299999999999727e+02
5.647599999999999909e+02
5.648700000000000045e+02
5.648999999999999773e+02
5.653500000000000227e+02
5.664700000000000273e+02
5.666200000000000045e+02
5.669600000000000364e+02
5.673000000000000682e+02
5.677100000000000364e+02
5.680600000000000591e+02
5.681499999999999773e+02
5.693999999999999773e+02
5.694400000000000546e+02
5.702899999999999636e+02
5.709900000000000091e+02
5.711499999999999773e+02
5.756200000000000045e+02
6.053600000000000136e+02
6.058600000000000136e+02
6.063799999999999955e+02
6.064400000000000546e+02
6.067300000000000182e+02
6.067400000000000091e+02
6.073899999999999864e+02
6.078999999999999773e+02
6.079400000000000546e+02
6.081900000000000546e+02
6.094900000000000091e+02
6.101299999999999955e+02
6.102000000000000455e+02
6.103899999999999864e+02
6.105299999999999727e+02
6.114099999999999682e+02
6.121100000000000136e+02
6.123600000000000136e+02
6.128300000000000409e+02
6.129199999999999591e+02
6.132300000000000182e+02
6.138300000000000409e+02
6.139900000000000091e+02
6.143300000000000409e+02
6.143400000000000318e+02
6.145399999999999636e+02
6.145900000000000318e+02
6.152899999999999636e+02
6.153600000000000136e+02
6.156599999999999682e+02
6.159700000000000273e+02
6.163999999999999773e+02
6.167899999999999636e+02
6.173899999999999864e+02
6.178300000000000409e+02
6.179400000000000546e+02
6.180900000000000318e+02
6.185399999999999636e+02
6.188100000000000591e+02
6.191900000000000546e+02
6.194800000000000182e+02
6.210399999999999636e+02
6.535399999999999636e+02
6.545299999999999727e+02
6.562300000000000182e+02
6.566299999999999955e+02
6.572500000000000000e+02
6.576100000000000136e+02
6.578700000000000045e+02
6.582500000000000000e+02
6.584300000000000637e+02
6.586399999999999864e+02
6.599400000000000546e+02
6.600399999999999636e+02
6.601900000000000546e+02
6.606000000000000227e+02
6.608400000000000318e+02
6.610000000000000000e+02
6.611900000000000546e+02
6.612100000000000364e+02
6.612599999999999909e+02
6.618300000000000409e+02
6.618799999999999955e+02
6.622000000000000455e+02
6.626100000000000136e+02
6.632000000000000455e+02
6.632899999999999636e+02
6.633999999999999773e+02
6.634099999999999682e+02
6.641100000000000136e+02
6.641399999999999864e+02
6.643500000000000227e+02
6.660099999999999909e+02
6.661299999999999955e+02
6.663000000000000682e+02
6.664400000000000546e+02
6.665399999999999636e+02
6.687400000000000091e+02
6.688200000000000500e+02
6.690600000000000591e+02
6.693899999999999864e+02
6.705299999999999727e+02
6.733300000000000409e+02
7.018400000000000318e+02
7.039099999999999682e+02
7.048500000000000227e+02
7.053999999999999773e+02
7.054600000000000364e+02
7.055600000000000591e+02
7.069199999999999591e+02
7.070099999999999909e+02
7.075700000000000500e+02
7.078600000000000136e+02
7.079600000000000364e+02
7.084900000000000091e+02
7.087599999999999909e+02
7.091200000000000045e+02
7.092100000000000364e+02
7.093000000000000682e+02
7.094900000000000091e+02
7.097799999999999727e+02
7.100299999999999727e+02
7.101699999999999591e+02
7.104400000000000546e+02
7.105299999999999727e+02
7.106800000000000637e+02
7.118899999999999864e+02
7.119600000000000364e+02
7.121299999999999955e+02
7.123999999999999773e+02
7.125000000000000000e+02
7.126100000000000136e+02
7.132500000000000000e+02
7.138200000000000500e+02
7.142799999999999727e+02
7.142899999999999636e+02
7.145399999999999636e+02
7.145399999999999636e+02
7.148300000000000409e+02
7.155199999999999818e+02
7.156699999999999591e+02
7.163500000000000227e+02
7.166200000000000045e+02
7.168400000000000318e+02
7.175299999999999727e+02
7.187200000000000273e+02
7.189300000000000637e+02
7.199800000000000182e+02
7.200500000000000682e+02
7.222899999999999636e+02
7.502899999999999636e+02
7.505299999999999727e+02
7.523000000000000682e+02
7.530299999999999727e+02
7.550199999999999818e+02
7.550199999999999818e+02
7.555900000000000318e+02
7.558700000000000045e+02
7.560600000000000591e+02
7.561699999999999591e+02
7.568799999999999955e+02
7.578999999999999773e+02
7.580000000000000000e+02
7.585199999999999818e+02
7.587899999999999636e+02
7.591599999999999682e+02
7.596499999999999773e+02
7.599099999999999682e+02
7.600900000000000318e+02
7.602799999999999727e+02
7.605600000000000591e+02
7.608300000000000409e+02
7.608700000000000045e+02
7.613899999999999864e+02
7.620199999999999818e+02
7.625000000000000000e+02
7.626299999999999955e+02
7.630099999999999909e+02
7.631499999999999773e+02
7.635299999999999727e+02
7.642400000000000091e+02
7.649500000000000455e+02
7.654900000000000091e+02
7.655299999999999727e+02
7.656700000000000728e+02
7.658600000000000136e+02
7.664800000000000182e+02
7.667699999999999818e+02
7.688400000000000318e+02
7.694700000000000273e+02
7.723000000000000682e+02
7.742599999999999909e+02
8.040199999999999818e+02
8.041599999999999682e+02
8.047599999999999909e+02
8.050700000000000500e+02
8.058200000000000500e+02
8.066100000000000136e+02
8.068600000000000136e+02
8.076200000000000045e+02
8.077899999999999636e+02
8.080000000000000000e+02
8.080099999999999909e+02
8.087200000000000273e+02
8.092899999999999636e+02
8.094500000000000455e+02
8.097599999999999909e+02
8.097699999999999818e+02
8.098899999999999864e+02
8.101000000000000227e+02
8.101399999999999864e+02
8.105000000000000000e+02
8.105600000000000591e+02
8.108100000000000591e+02
8.110199999999999818e+02
8.116000000000000227e+02
8.116200000000000045e+02
8.122000000000000455e+02
8.123400000000000318e+02
8.125600000000000591e+02
8.131399999999999864e+02
8.138500000000000227e+02
8.141599999999999682e+02
8.148000000000000682e+02
8.149200000000000728e+02
8.155700000000000500e+02
8.156399999999999864e+02
8.163600000000000136e+02
8.169300000000000637e+02
8.169500000000000455e+02
8.171800000000000637e+02
8.172699999999999818e+02
8.177500000000000000e+02
8.191900000000000546e+02
8.192000000000000455e+02
8.207799999999999727e+02
8.526299999999999955e+02
8.528799999999999955e+02
8.530500000000000682e+02
8.534600000000000364e+02
8.543200000000000500e+02
8.543500000000000227e+02
8.543899999999999864e+02
8.544400000000000546e+02
8.548700000000000045e+02
8.551200000000000045e+02
8.556100000000000136e+02
8.567000000000000455e+02
8.567899999999999636e+02
8.568100000000000591e+02
8.572599999999999909e+02
8.574700000000000273e+02
8.574900000000000091e+02
8.576599999999999682e+02
8.577100000000000364e+02
8.581599999999999682e+02
8.591299999999999955e+02
8.594400000000000546e+02
8.594400000000000546e+02
8.596100000000000136e+02
8.597699999999999818e+02
8.601800000000000637e+02
8.602500000000000000e+02
8.608200000000000500e+02
8.615700000000000500e+02
8.615900000000000318e+02
8.617300000000000182e+02
8.617599999999999909e+02
8.620299999999999727e+02
8.621900000000000546e+02
8.623799999999999955e+02
8.625800000000000409e+02
8.637599999999999909e+02
8.638799999999999955e+02
8.639400000000000546e+02
8.641499999999999773e+02
8.645600000000000591e+02
8.654500000000000455e+02
8.656000000000000227e+02
8.656000000000000227e+02
8.658400000000000318e+02
8.659500000000000455e+02
8.661499999999999773e+02
8.665099999999999909e+02
8.680299999999999727e+02
8.680700000000000500e+02
8.688200000000000500e+02
8.688300000000000409e+02
8.718600000000000136e+02
8.979400000000000546e+02
9.005299999999999727e+02
9.008000000000000682e+02
9.018300000000000409e+02
9.026100000000000136e+02
9.031000000000000227e+02
9.038000000000000682e+02
9.038999999999999773e+02
9.053100000000000591e+02
9.056000000000000227e+02
9.057200000000000273e+02
9.062699999999999818e+02
9.070800000000000409e+02
9.071499999999999773e+02
9.072500000000000000e+02
9.072599999999999909e+02
9.074600000000000364e+02
9.083000000000000682e+02
9.086900000000000546e+02
9.091599999999999682e+02
9.093500000000000227e+02
9.093799999999999955e+02
9.096399999999999864e+02
9.098400000000000318e+02
9.099800000000000182e+02
9.105600000000000591e+02
9.107899999999999636e+02
9.110099999999999909e+02
9.113400000000000318e+02
9.113899999999999864e+02
9.128700000000000045e+02
9.135099999999999909e+02
9.135800000000000409e+02
9.137599999999999909e+02
9.145199999999999818e+02
9.149400000000000546e+02
9.150500000000000682e+02
9.150900000000000318e+02
9.156800000000000637e+02
9.160299999999999727e+02
9.161700000000000728e+02
9.170700000000000500e+02
9.172500000000000000e+02
9.182200000000000273e+02
9.200199999999999818e+02
9.202300000000000182e+02
9.202899999999999636e+02
9.203700000000000045e+02
9.211299999999999955e+02
9.234400000000000546e+02
9.482400000000000091e+02
9.489099999999999682e+02
9.489800000000000182e+02
9.497200000000000273e+02
9.502400000000000091e+02
9.517899999999999636e+02
9.530000000000000000e+02
9.534600000000000364e+02
9.541299999999999955e+02
9.542500000000000000e+02
9.548400000000000318e+02
9.550299999999999727e+02
9.568400000000000318e+02
9.569300000000000637e+02
9.573500000000000227e+02
9.575099999999999909e+02
9.577200000000000273e+02
9.582899999999999636e+02
9.588899999999999864e+02
9.588899999999999864e+02
9.589600000000000364e+02
9.589700000000000273e+02
9.591100000000000136e+02
9.597799999999999727e+02
9.598200000000000500e+02
9.606299999999999955e+02
9.609099999999999682e+02
9.617400000000000091e+02
9.617799999999999727e+02
9.617899999999999636e+02
9.619600000000000364e+02
9.619800000000000182e+02
9.622300000000000182e+02
9.625000000000000000e+02
9.636399999999999864e+02
9.638999999999999773e+02
9.642300000000000182e+02
9.643300000000000409e+02
9.649200000000000728e+02
9.654099999999999682e+02
9.654600000000000364e+02
9.659300000000000637e+02
9.669200000000000728e+02
9.671299999999999955e+02
9.673500000000000227e+02
9.676700000000000728e+02
9.690500000000000682e+02
9.718200000000000500e+02
9.721100000000000136e+02
9.722300000000000182e+02
