4.580000000000000071e+00
4.919999999999999929e+00
5.500000000000000000e+00
5.520000000000000462e+00
5.620000000000000107e+00
6.410000000000000142e+00
6.450000000000000178e+00
6.540000000000000036e+00
6.690000000000000391e+00
6.780000000000000249e+00
6.870000000000000107e+00
7.209999999999999964e+00
7.320000000000000284e+00
8.070000000000000284e+00
8.810000000000000497e+00
2.103999999999999915e+01
2.133000000000000185e+01
2.190000000000000213e+01
2.224000000000000199e+01
2.240000000000000213e+01
2.267000000000000171e+01
2.276999999999999957e+01
2.283000000000000185e+01
2.376000000000000156e+01
2.442999999999999972e+01
2.458000000000000185e+01
2.465000000000000213e+01
2.471999999999999886e+01
2.485999999999999943e+01
2.519999999999999929e+01
2.616000000000000014e+01
3.835000000000000142e+01
3.896999999999999886e+01
3.934000000000000341e+01
3.939999999999999858e+01
3.946999999999999886e+01
3.960000000000000142e+01
3.982000000000000028e+01
4.078999999999999915e+01
4.092000000000000171e+01
4.099000000000000199e+01
4.257000000000000028e+01
4.282000000000000028e+01
5.520000000000000284e+01
5.521999999999999886e+01
5.527000000000000313e+01
5.542999999999999972e+01
5.550000000000000000e+01
5.585999999999999943e+01
5.613000000000000256e+01
5.668999999999999773e+01
5.705000000000000426e+01
5.739999999999999858e+01
5.757000000000000028e+01
5.810999999999999943e+01
5.821999999999999886e+01
5.842999999999999972e+01
7.146000000000000796e+01
7.173000000000000398e+01
7.231000000000000227e+01
7.253000000000000114e+01
7.257000000000000739e+01
7.282000000000000739e+01
7.296000000000000796e+01
7.320000000000000284e+01
7.350000000000000000e+01
7.448999999999999488e+01
7.493999999999999773e+01
7.545000000000000284e+01
8.812999999999999545e+01
8.864000000000000057e+01
8.875000000000000000e+01
8.942000000000000171e+01
8.943000000000000682e+01
8.951999999999999602e+01
8.973000000000000398e+01
8.996999999999999886e+01
9.010000000000000853e+01
9.014000000000000057e+01
9.018000000000000682e+01
9.032999999999999829e+01
9.057999999999999829e+01
9.110000000000000853e+01
9.132999999999999829e+01
1.048100000000000023e+02
1.051400000000000006e+02
1.057199999999999989e+02
1.059500000000000028e+02
1.064699999999999989e+02
1.065300000000000011e+02
1.071099999999999994e+02
1.081400000000000006e+02
1.086099999999999994e+02
1.087199999999999989e+02
1.089300000000000068e+02
1.211899999999999977e+02
1.213500000000000085e+02
1.215799999999999983e+02
1.223100000000000023e+02
1.228599999999999994e+02
1.231700000000000017e+02
1.232000000000000028e+02
1.233700000000000045e+02
1.237500000000000000e+02
1.239399999999999977e+02
1.244200000000000017e+02
1.247100000000000080e+02
1.252699999999999960e+02
1.254699999999999989e+02
1.273900000000000006e+02
1.373600000000000136e+02
1.384399999999999977e+02
1.387800000000000011e+02
1.388400000000000034e+02
1.390200000000000102e+02
1.391800000000000068e+02
1.391899999999999977e+02
1.399500000000000171e+02
1.400699999999999932e+02
1.401500000000000057e+02
1.402500000000000000e+02
1.405399999999999920e+02
1.412400000000000091e+02
1.412899999999999920e+02
1.433600000000000136e+02
1.554900000000000091e+02
1.557800000000000011e+02
1.558900000000000148e+02
1.561899999999999977e+02
1.564200000000000159e+02
1.569000000000000057e+02
1.569099999999999966e+02
1.576100000000000136e+02
1.576400000000000148e+02
1.583700000000000045e+02
1.589900000000000091e+02
1.708000000000000114e+02
1.713300000000000125e+02
1.716500000000000057e+02
1.717700000000000102e+02
1.719500000000000171e+02
1.726299999999999955e+02
1.729200000000000159e+02
1.731599999999999966e+02
1.741299999999999955e+02
1.741500000000000057e+02
1.746800000000000068e+02
1.750600000000000023e+02
1.753700000000000045e+02
1.758700000000000045e+02
1.887199999999999989e+02
1.893100000000000023e+02
1.893499999999999943e+02
1.894200000000000159e+02
1.897000000000000171e+02
1.897500000000000000e+02
1.899500000000000171e+02
1.900900000000000034e+02
1.910900000000000034e+02
1.912899999999999920e+02
1.919300000000000068e+02
1.925200000000000102e+02
2.047400000000000091e+02
2.049900000000000091e+02
2.050300000000000011e+02
2.051500000000000057e+02
2.054900000000000091e+02
2.062400000000000091e+02
2.064099999999999966e+02
2.069300000000000068e+02
2.070900000000000034e+02
2.072899999999999920e+02
2.074500000000000171e+02
2.079399999999999977e+02
2.080000000000000000e+02
2.093400000000000034e+02
2.210000000000000000e+02
2.215500000000000114e+02
2.216899999999999977e+02
2.217199999999999989e+02
2.220999999999999943e+02
2.222000000000000171e+02
2.230699999999999932e+02
2.231400000000000148e+02
2.232400000000000091e+02
2.234800000000000182e+02
2.234800000000000182e+02
2.240300000000000011e+02
2.240500000000000114e+02
2.240999999999999943e+02
2.252599999999999909e+02
2.378700000000000045e+02
2.381599999999999966e+02
2.384099999999999966e+02
2.390099999999999909e+02
2.392400000000000091e+02
2.400000000000000000e+02
2.404399999999999977e+02
2.410300000000000011e+02
2.411899999999999977e+02
2.428199999999999932e+02
2.524399999999999977e+02
2.527899999999999920e+02
2.543300000000000125e+02
2.549600000000000080e+02
2.549699999999999989e+02
2.554300000000000068e+02
2.559600000000000080e+02
2.569599999999999795e+02
2.572699999999999818e+02
2.575199999999999818e+02
2.581899999999999977e+02
2.701399999999999864e+02
2.710400000000000205e+02
2.712500000000000000e+02
2.713500000000000227e+02
2.719800000000000182e+02
2.722099999999999795e+02
2.724800000000000182e+02
2.729499999999999886e+02
2.737400000000000091e+02
2.745500000000000114e+02
2.745699999999999932e+02
2.868799999999999955e+02
2.878700000000000045e+02
2.881299999999999955e+02
2.885799999999999841e+02
2.889000000000000341e+02
2.890900000000000318e+02
2.896299999999999955e+02
2.897599999999999909e+02
2.899800000000000182e+02
2.902400000000000091e+02
2.905000000000000000e+02
2.905900000000000318e+02
2.911600000000000250e+02
2.914599999999999795e+02
2.915099999999999909e+02
2.924700000000000273e+02
2.930900000000000318e+02
3.027800000000000296e+02
3.037900000000000205e+02
3.040400000000000205e+02
3.050199999999999818e+02
3.050799999999999841e+02
3.052800000000000296e+02
3.053500000000000227e+02
3.054800000000000182e+02
3.055699999999999932e+02
3.059700000000000273e+02
3.063100000000000023e+02
3.066500000000000341e+02
3.070799999999999841e+02
3.073600000000000136e+02
3.081299999999999955e+02
3.091500000000000341e+02
3.091899999999999977e+02
3.197800000000000296e+02
3.198600000000000136e+02
3.216399999999999864e+02
3.223199999999999932e+02
3.223700000000000045e+02
3.233700000000000045e+02
3.244300000000000068e+02
3.258600000000000136e+02
3.262800000000000296e+02
3.378100000000000023e+02
3.386700000000000159e+02
3.386800000000000068e+02
3.390900000000000318e+02
3.393899999999999864e+02
3.396100000000000136e+02
3.404499999999999886e+02
3.412500000000000000e+02
3.426600000000000250e+02
3.431000000000000227e+02
3.552500000000000000e+02
3.562599999999999909e+02
3.565400000000000205e+02
3.567699999999999818e+02
3.568500000000000227e+02
3.570600000000000023e+02
3.575000000000000000e+02
3.696800000000000068e+02
3.705799999999999841e+02
3.712300000000000182e+02
3.720199999999999818e+02
3.723400000000000318e+02
3.725900000000000318e+02
3.730799999999999841e+02
3.739800000000000182e+02
3.740900000000000318e+02
3.744900000000000091e+02
3.759599999999999795e+02
3.770199999999999818e+02
3.866800000000000068e+02
3.867800000000000296e+02
3.872599999999999909e+02
3.881000000000000227e+02
3.886800000000000068e+02
3.893199999999999932e+02
3.899100000000000250e+02
3.899499999999999886e+02
3.900600000000000023e+02
3.910500000000000114e+02
3.912699999999999818e+02
3.913500000000000227e+02
3.913700000000000045e+02
3.914200000000000159e+02
3.915400000000000205e+02
4.036700000000000159e+02
4.038799999999999955e+02
4.041800000000000068e+02
4.046399999999999864e+02
4.052200000000000273e+02
4.053000000000000114e+02
4.061000000000000227e+02
4.061399999999999864e+02
4.068000000000000114e+02
4.069700000000000273e+02
4.085500000000000114e+02
4.087200000000000273e+02
4.088899999999999864e+02
4.095400000000000205e+02
4.203199999999999932e+02
4.218199999999999932e+02
4.218700000000000045e+02
4.220699999999999932e+02
4.226299999999999955e+02
4.235300000000000296e+02
4.238000000000000114e+02
4.238400000000000318e+02
4.247400000000000091e+02
4.251000000000000227e+02
4.262699999999999818e+02
4.364300000000000068e+02
4.376000000000000227e+02
4.390799999999999841e+02
4.391500000000000341e+02
4.393700000000000045e+02
4.396399999999999864e+02
4.398199999999999932e+02
4.405500000000000114e+02
4.412599999999999909e+02
4.414300000000000068e+02
4.416899999999999977e+02
4.416999999999999886e+02
4.425000000000000000e+02
4.433600000000000136e+02
4.438400000000000318e+02
4.525199999999999818e+02
4.531200000000000045e+02
4.533400000000000318e+02
4.538899999999999864e+02
4.540900000000000318e+02
4.558400000000000318e+02
4.561000000000000227e+02
4.561399999999999864e+02
4.563000000000000114e+02
4.570000000000000000e+02
4.574900000000000091e+02
4.579300000000000068e+02
4.588799999999999955e+02
4.591399999999999864e+02
4.598600000000000136e+02
4.601200000000000045e+02
4.616000000000000227e+02
4.696000000000000227e+02
4.700699999999999932e+02
4.701200000000000045e+02
4.709900000000000091e+02
4.718400000000000318e+02
4.730699999999999932e+02
4.731800000000000068e+02
4.733400000000000318e+02
4.739300000000000068e+02
4.740400000000000205e+02
4.742900000000000205e+02
4.746000000000000227e+02
4.747200000000000273e+02
4.765500000000000114e+02
4.765500000000000114e+02
4.769000000000000341e+02
4.848000000000000114e+02
4.854499999999999886e+02
4.873299999999999841e+02
4.873299999999999841e+02
4.880500000000000114e+02
4.890400000000000205e+02
4.892599999999999909e+02
4.893500000000000227e+02
4.901299999999999955e+02
4.914499999999999886e+02
4.915400000000000205e+02
4.924800000000000182e+02
4.932800000000000296e+02
5.014200000000000159e+02
5.035099999999999909e+02
5.039300000000000068e+02
5.045799999999999841e+02
5.053000000000000114e+02
5.055400000000000205e+02
5.056500000000000341e+02
5.070000000000000000e+02
5.072100000000000364e+02
5.078100000000000023e+02
5.113299999999999841e+02
5.192000000000000455e+02
5.196599999999999682e+02
5.203999999999999773e+02
5.212500000000000000e+02
5.214700000000000273e+02
5.223200000000000500e+02
5.225299999999999727e+02
5.225399999999999636e+02
5.233300000000000409e+02
5.234700000000000273e+02
5.237300000000000182e+02
5.239099999999999682e+02
5.248799999999999955e+02
5.249800000000000182e+02
5.257000000000000455e+02
5.259900000000000091e+02
5.262599999999999909e+02
5.276299999999999955e+02
5.355800000000000409e+02
5.368200000000000500e+02
5.368300000000000409e+02
5.381399999999999864e+02
5.385499999999999545e+02
5.398100000000000591e+02
5.399500000000000455e+02
5.400000000000000000e+02
5.414199999999999591e+02
5.417999999999999545e+02
5.422500000000000000e+02
5.424400000000000546e+02
5.430099999999999909e+02
5.445299999999999727e+02
5.515399999999999636e+02
5.537500000000000000e+02
5.545199999999999818e+02
5.545600000000000591e+02
5.548700000000000045e+02
5.551499999999999773e+02
5.554300000000000637e+02
5.564600000000000364e+02
5.567000000000000455e+02
5.569199999999999591e+02
5.572599999999999909e+02
5.592400000000000091e+02
5.672500000000000000e+02
5.679500000000000455e+02
5.696699999999999591e+02
5.702699999999999818e+02
5.707200000000000273e+02
5.714199999999999591e+02
5.718899999999999864e+02
5.720099999999999909e+02
5.725099999999999909e+02
5.725299999999999727e+02
5.725500000000000682e+02
5.732200000000000273e+02
5.747000000000000455e+02
5.747000000000000455e+02
5.749600000000000364e+02
5.750399999999999636e+02
5.755000000000000000e+02
5.769300000000000637e+02
5.771200000000000045e+02
5.846900000000000546e+02
5.861299999999999955e+02
5.863700000000000045e+02
5.866599999999999682e+02
5.870299999999999727e+02
5.872599999999999909e+02
5.878000000000000682e+02
5.895700000000000500e+02
5.900199999999999818e+02
5.900299999999999727e+02
5.904700000000000273e+02
5.908000000000000682e+02
5.911299999999999955e+02
5.912699999999999818e+02
5.912899999999999636e+02
5.921200000000000045e+02
5.922699999999999818e+02
5.930099999999999909e+02
6.019600000000000364e+02
6.023500000000000227e+02
6.031599999999999682e+02
6.037599999999999909e+02
6.038400000000000318e+02
6.043999999999999773e+02
6.045000000000000000e+02
6.061900000000000546e+02
6.070900000000000318e+02
6.072200000000000273e+02
6.080900000000000318e+02
6.081299999999999955e+02
6.090800000000000409e+02
6.092899999999999636e+02
6.102400000000000091e+02
6.111399999999999864e+02
6.123400000000000318e+02
6.183600000000000136e+02
6.184800000000000182e+02
6.200299999999999727e+02
6.205199999999999818e+02
6.212899999999999636e+02
6.213100000000000591e+02
6.237500000000000000e+02
6.243700000000000045e+02
6.249500000000000455e+02
6.261499999999999773e+02
6.327400000000000091e+02
6.347599999999999909e+02
6.352200000000000273e+02
6.359400000000000546e+02
6.369900000000000091e+02
6.371599999999999682e+02
6.380900000000000318e+02
6.381599999999999682e+02
6.396699999999999591e+02
6.399600000000000364e+02
6.405299999999999727e+02
6.406299999999999955e+02
6.410099999999999909e+02
6.420199999999999818e+02
6.429800000000000182e+02
6.435700000000000500e+02
6.439300000000000637e+02
6.486299999999999955e+02
6.489600000000000364e+02
6.515500000000000682e+02
6.525000000000000000e+02
6.532500000000000000e+02
6.550000000000000000e+02
6.551900000000000546e+02
6.555399999999999636e+02
6.561399999999999864e+02
6.571800000000000637e+02
6.579800000000000182e+02
6.588100000000000591e+02
6.607100000000000364e+02
6.668300000000000409e+02
6.684700000000000273e+02
6.691599999999999682e+02
6.701499999999999773e+02
6.709900000000000091e+02
6.711000000000000227e+02
6.711599999999999682e+02
6.719500000000000455e+02
6.724600000000000364e+02
6.729700000000000273e+02
6.731499999999999773e+02
6.741599999999999682e+02
6.746599999999999682e+02
6.748400000000000318e+02
6.755299999999999727e+02
6.771399999999999864e+02
6.833000000000000682e+02
6.855800000000000409e+02
6.861800000000000637e+02
6.878600000000000136e+02
6.880299999999999727e+02
6.890199999999999818e+02
6.904199999999999591e+02
6.909500000000000455e+02
6.913899999999999864e+02
6.930199999999999818e+02
6.951200000000000045e+02
7.021699999999999591e+02
7.037100000000000364e+02
7.041100000000000136e+02
7.051699999999999591e+02
7.057599999999999909e+02
7.060800000000000409e+02
7.069300000000000637e+02
7.071000000000000227e+02
7.072200000000000273e+02
7.083799999999999955e+02
7.084700000000000273e+02
7.097400000000000091e+02
7.108700000000000045e+02
7.115299999999999727e+02
7.130299999999999727e+02
7.175199999999999818e+02
7.178500000000000227e+02
7.208300000000000409e+02
7.226599999999999682e+02
7.243799999999999955e+02
7.248100000000000591e+02
7.250299999999999727e+02
7.253400000000000318e+02
7.256499999999999773e+02
7.272799999999999727e+02
7.283100000000000591e+02
7.349099999999999682e+02
7.363200000000000500e+02
7.364500000000000455e+02
7.381200000000000045e+02
7.383500000000000227e+02
7.387200000000000273e+02
7.395000000000000000e+02
7.400600000000000591e+02
7.400600000000000591e+02
7.405000000000000000e+02
7.429600000000000364e+02
7.436900000000000546e+02
7.438700000000000045e+02
7.443999999999999773e+02
7.492200000000000273e+02
7.526000000000000227e+02
7.531900000000000546e+02
7.543899999999999864e+02
7.548700000000000045e+02
7.570700000000000500e+02
7.575199999999999818e+02
7.576900000000000546e+02
7.592500000000000000e+02
7.601200000000000045e+02
7.612599999999999909e+02
7.676200000000000045e+02
7.692200000000000273e+02
7.694099999999999682e+02
7.695900000000000318e+02
7.696399999999999864e+02
7.708300000000000409e+02
7.728600000000000136e+02
7.731100000000000136e+02
7.731499999999999773e+02
7.748999999999999773e+02
7.751499999999999773e+02
7.758799999999999955e+02
7.828400000000000318e+02
7.845800000000000409e+02
7.855900000000000318e+02
7.893000000000000682e+02
7.896000000000000227e+02
7.898400000000000318e+02
7.899700000000000273e+02
7.910199999999999818e+02
7.922000000000000455e+02
7.928799999999999955e+02
7.998899999999999864e+02
8.014500000000000455e+02
8.016499999999999773e+02
8.019900000000000091e+02
8.046000000000000227e+02
8.056499999999999773e+02
8.065000000000000000e+02
8.065000000000000000e+02
8.075900000000000318e+02
8.077200000000000273e+02
8.101700000000000728e+02
8.128100000000000591e+02
8.175800000000000409e+02
8.208600000000000136e+02
8.228899999999999864e+02
8.236700000000000728e+02
8.241200000000000045e+02
8.254500000000000455e+02
8.258400000000000318e+02
8.265600000000000591e+02
8.329800000000000182e+02
8.336399999999999864e+02
8.339099999999999682e+02
8.346200000000000045e+02
8.358600000000000136e+02
8.359300000000000637e+02
8.359600000000000364e+02
8.369900000000000091e+02
8.372799999999999727e+02
8.382799999999999727e+02
8.384200000000000728e+02
8.397500000000000000e+02
8.399400000000000546e+02
8.408600000000000136e+02
8.415299999999999727e+02
8.422599999999999909e+02
8.449099999999999682e+02
8.449600000000000364e+02
8.481499999999999773e+02
8.496000000000000227e+02
8.524300000000000637e+02
8.525099999999999909e+02
8.531800000000000637e+02
8.547100000000000364e+02
8.555399999999999636e+02
8.571000000000000227e+02
8.574400000000000546e+02
8.577400000000000091e+02
8.587899999999999636e+02
8.643200000000000500e+02
8.676599999999999682e+02
8.703200000000000500e+02
8.709500000000000455e+02
8.732599999999999909e+02
8.735199999999999818e+02
8.742100000000000364e+02
8.747100000000000364e+02
8.756100000000000136e+02
8.758500000000000227e+02
8.762500000000000000e+02
8.766900000000000546e+02
8.786299999999999955e+02
8.792500000000000000e+02
8.820900000000000318e+02
8.823100000000000591e+02
8.830099999999999909e+02
8.842200000000000273e+02
8.862500000000000000e+02
8.866499999999999773e+02
8.882000000000000455e+02
8.892400000000000091e+02
8.896100000000000136e+02
8.897000000000000455e+02
8.903200000000000500e+02
8.933500000000000227e+02
8.958100000000000591e+02
8.962699999999999818e+02
8.963799999999999955e+02
8.971700000000000728e+02
8.982500000000000000e+02
9.008799999999999955e+02
9.011800000000000637e+02
9.020600000000000591e+02
9.043100000000000591e+02
9.046000000000000227e+02
9.068700000000000045e+02
9.071900000000000546e+02
9.080500000000000682e+02
9.095199999999999818e+02
9.106700000000000728e+02
9.131100000000000136e+02
9.145199999999999818e+02
9.203400000000000318e+02
9.211200000000000045e+02
9.222100000000000364e+02
9.228899999999999864e+02
9.233899999999999864e+02
9.254600000000000364e+02
9.266299999999999955e+02
9.287599999999999909e+02
9.291900000000000546e+02
9.306000000000000227e+02
9.314800000000000182e+02
9.322200000000000273e+02
9.325600000000000591e+02
9.353500000000000227e+02
9.357300000000000182e+02
9.361399999999999864e+02
9.362599999999999909e+02
9.367300000000000182e+02
9.392200000000000273e+02
9.397500000000000000e+02
9.410700000000000500e+02
9.426599999999999682e+02
9.426599999999999682e+02
9.426800000000000637e+02
9.451399999999999864e+02
9.476000000000000227e+02
9.516599999999999682e+02
9.520500000000000682e+02
9.521200000000000045e+02
9.533200000000000500e+02
9.550399999999999636e+02
9.553700000000000045e+02
9.568600000000000136e+02
9.580600000000000591e+02
9.584200000000000728e+02
9.585299999999999727e+02
9.642599999999999909e+02
9.657000000000000455e+02
9.672300000000000182e+02
9.696100000000000136e+02
9.710700000000000500e+02
9.712599999999999909e+02
9.720900000000000318e+02
9.730500000000000682e+02
9.734900000000000091e+02
9.748600000000000136e+02
9.752100000000000364e+02
9.764800000000000182e+02
9.783400000000000318e+02
9.789600000000000364e+02
9.802799999999999727e+02
9.817500000000000000e+02
9.841000000000000227e+02
9.855199999999999818e+02
9.879200000000000728e+02
9.879700000000000273e+02
9.883200000000000500e+02
9.884099999999999682e+02
9.919300000000000637e+02
9.924900000000000091e+02
9.930500000000000682e+02
9.984400000000000546e+02
9.990400000000000773e+02
