5.070000000000000284e+00
9.019999999999999574e+00
9.060000000000000497e+00
1.144500000000000028e+02
1.265600000000000023e+02
1.716200000000000045e+02
1.850300000000000011e+02
1.899000000000000057e+02
2.002500000000000000e+02
2.098700000000000045e+02
2.109200000000000159e+02
2.184500000000000171e+02
2.489300000000000068e+02
2.774499999999999886e+02
2.857599999999999909e+02
3.330699999999999932e+02
3.463100000000000023e+02
3.954900000000000091e+02
4.081600000000000250e+02
4.613199999999999932e+02
4.775600000000000023e+02
5.013400000000000318e+02
5.107300000000000182e+02
5.296100000000000136e+02
5.845199999999999818e+02
5.905099999999999909e+02
6.155500000000000682e+02
6.630500000000000682e+02
6.709300000000000637e+02
6.921900000000000546e+02
6.922400000000000091e+02
7.076000000000000227e+02
7.647500000000000000e+02
7.697899999999999636e+02
7.742699999999999818e+02
7.846599999999999682e+02
7.940500000000000682e+02
7.994900000000000091e+02
8.986800000000000637e+02
9.119600000000000364e+02
9.276599999999999682e+02
9.378799999999999955e+02
9.537699999999999818e+02
9.737599999999999909e+02
9.961599999999999682e+02
