6.890000000000000568e+00
1.318999999999999950e+01
2.485999999999999943e+01
2.915000000000000213e+01
3.707999999999999829e+01
3.723000000000000398e+01
3.921000000000000085e+01
4.077000000000000313e+01
4.082999999999999829e+01
4.296000000000000085e+01
4.309000000000000341e+01
5.285000000000000142e+01
5.843999999999999773e+01
7.071999999999999886e+01
7.118000000000000682e+01
7.342000000000000171e+01
8.465000000000000568e+01
9.662999999999999545e+01
1.072000000000000028e+02
1.095100000000000051e+02
1.107100000000000080e+02
1.129900000000000091e+02
1.222800000000000011e+02
1.229600000000000080e+02
1.267800000000000011e+02
1.477899999999999920e+02
1.550500000000000114e+02
1.606700000000000159e+02
1.613499999999999943e+02
1.700300000000000011e+02
1.770500000000000114e+02
1.794099999999999966e+02
1.855500000000000114e+02
1.951400000000000148e+02
2.066100000000000136e+02
2.099900000000000091e+02
2.116400000000000148e+02
2.139300000000000068e+02
2.156700000000000159e+02
2.358300000000000125e+02
2.389300000000000068e+02
2.482000000000000171e+02
2.516200000000000045e+02
2.734399999999999977e+02
2.811600000000000250e+02
2.852800000000000296e+02
2.879800000000000182e+02
2.947699999999999818e+02
3.138500000000000227e+02
3.427699999999999818e+02
3.445400000000000205e+02
3.492400000000000091e+02
3.558700000000000045e+02
3.772500000000000000e+02
3.921100000000000136e+02
3.978700000000000045e+02
3.992800000000000296e+02
4.099399999999999977e+02
4.143299999999999841e+02
4.376600000000000250e+02
4.450099999999999909e+02
4.735600000000000023e+02
4.870900000000000318e+02
4.874200000000000159e+02
4.924000000000000341e+02
4.944300000000000068e+02
5.309700000000000273e+02
5.312000000000000455e+02
5.514199999999999591e+02
5.636100000000000136e+02
5.655600000000000591e+02
5.905099999999999909e+02
6.191800000000000637e+02
6.396299999999999955e+02
6.462599999999999909e+02
6.502000000000000455e+02
6.516599999999999682e+02
6.741100000000000136e+02
6.770000000000000000e+02
6.801599999999999682e+02
6.903500000000000227e+02
6.996800000000000637e+02
7.298100000000000591e+02
7.452599999999999909e+02
7.514400000000000546e+02
7.535000000000000000e+02
7.772000000000000455e+02
7.799600000000000364e+02
7.843300000000000409e+02
7.925800000000000409e+02
7.980000000000000000e+02
7.996399999999999864e+02
8.366399999999999864e+02
8.389200000000000728e+02
8.567400000000000091e+02
8.585000000000000000e+02
8.607400000000000091e+02
8.697400000000000091e+02
8.859400000000000546e+02
8.861700000000000728e+02
9.137300000000000182e+02
9.158999999999999773e+02
9.159500000000000455e+02
9.281599999999999682e+02
9.340399999999999636e+02
9.380099999999999909e+02
9.401399999999999864e+02
9.439400000000000546e+02
9.516100000000000136e+02
9.520099999999999909e+02
9.583600000000000136e+02
9.618999999999999773e+02
9.658300000000000409e+02
9.701100000000000136e+02
9.798300000000000409e+02
9.998100000000000591e+02
