4.280000000000000249e+00
4.360000000000000320e+00
3.270000000000000284e+01
3.568999999999999773e+01
4.168999999999999773e+01
6.679999999999999716e+01
7.993999999999999773e+01
1.805900000000000034e+02
1.852400000000000091e+02
1.928700000000000045e+02
1.964699999999999989e+02
2.103499999999999943e+02
2.158300000000000125e+02
2.202599999999999909e+02
2.667800000000000296e+02
3.055400000000000205e+02
3.578799999999999955e+02
3.715799999999999841e+02
3.979300000000000068e+02
4.184300000000000068e+02
4.866000000000000227e+02
5.583300000000000409e+02
5.622799999999999727e+02
5.636299999999999955e+02
5.740099999999999909e+02
5.768200000000000500e+02
5.827000000000000455e+02
5.869500000000000455e+02
6.011000000000000227e+02
6.258799999999999955e+02
6.523700000000000045e+02
6.657699999999999818e+02
6.681299999999999955e+02
6.784199999999999591e+02
7.080099999999999909e+02
7.111399999999999864e+02
7.187000000000000455e+02
7.308000000000000682e+02
7.482699999999999818e+02
7.547899999999999636e+02
7.637599999999999909e+02
8.178600000000000136e+02
8.622799999999999727e+02
9.916900000000000546e+02
9.947699999999999818e+02
4.280000000000000249e+00
4.889999999999999680e+00
8.279999999999999361e+00
1.112000000000000099e+01
1.885000000000000142e+01
2.567000000000000171e+01
3.178000000000000114e+01
3.271000000000000085e+01
3.568999999999999773e+01
4.171000000000000085e+01
4.464000000000000057e+01
6.471000000000000796e+01
6.679999999999999716e+01
7.481000000000000227e+01
7.993999999999999773e+01
8.546999999999999886e+01
1.053799999999999955e+02
1.167900000000000063e+02
1.229099999999999966e+02
1.316999999999999886e+02
1.563799999999999955e+02
1.605099999999999909e+02
1.747299999999999898e+02
1.774500000000000171e+02
1.805900000000000034e+02
1.867700000000000102e+02
1.920200000000000102e+02
1.947400000000000091e+02
2.089099999999999966e+02
2.103900000000000148e+02
2.109600000000000080e+02
2.196800000000000068e+02
2.202599999999999909e+02
2.228000000000000114e+02
2.266200000000000045e+02
2.585400000000000205e+02
2.899700000000000273e+02
2.940000000000000000e+02
3.055600000000000023e+02
3.059700000000000273e+02
3.189599999999999795e+02
3.275000000000000000e+02
3.337400000000000091e+02
3.423100000000000023e+02
3.462599999999999909e+02
3.534700000000000273e+02
3.623400000000000318e+02
3.706399999999999864e+02
3.792699999999999818e+02
3.940500000000000114e+02
3.968500000000000227e+02
3.979800000000000182e+02
4.013899999999999864e+02
4.051299999999999955e+02
4.158600000000000136e+02
4.184300000000000068e+02
4.406399999999999864e+02
4.613700000000000045e+02
4.637100000000000364e+02
4.736299999999999955e+02
4.758400000000000318e+02
4.805799999999999841e+02
4.826100000000000136e+02
4.866299999999999955e+02
5.024800000000000182e+02
5.090799999999999841e+02
5.198100000000000591e+02
5.330600000000000591e+02
5.354199999999999591e+02
5.573999999999999773e+02
5.583400000000000318e+02
5.622799999999999727e+02
5.636499999999999773e+02
5.671699999999999591e+02
5.718200000000000500e+02
5.740199999999999818e+02
5.827300000000000182e+02
5.869700000000000273e+02
5.976299999999999955e+02
6.011100000000000136e+02
6.024700000000000273e+02
6.318799999999999955e+02
6.351800000000000637e+02
6.498300000000000409e+02
6.524199999999999591e+02
6.580099999999999909e+02
6.657699999999999818e+02
6.671200000000000045e+02
6.681699999999999591e+02
6.912300000000000182e+02
7.021800000000000637e+02
7.080099999999999909e+02
7.111499999999999773e+02
7.156200000000000045e+02
7.187000000000000455e+02
7.308200000000000500e+02
7.315000000000000000e+02
7.381800000000000637e+02
7.432599999999999909e+02
7.482899999999999636e+02
7.525099999999999909e+02
7.548400000000000318e+02
7.637599999999999909e+02
7.861800000000000637e+02
7.919300000000000637e+02
8.297200000000000273e+02
8.328300000000000409e+02
8.380299999999999727e+02
8.530000000000000000e+02
8.615099999999999909e+02
8.653899999999999864e+02
8.783999999999999773e+02
8.928899999999999864e+02
9.096399999999999864e+02
9.237300000000000182e+02
9.610700000000000500e+02
9.882599999999999909e+02
9.917000000000000455e+02
4.280000000000000249e+00
4.889999999999999680e+00
1.116000000000000014e+01
1.889000000000000057e+01
2.567999999999999972e+01
3.182000000000000028e+01
3.271999999999999886e+01
3.570000000000000284e+01
4.173000000000000398e+01
4.468999999999999773e+01
6.473000000000000398e+01
6.679999999999999716e+01
7.485999999999999943e+01
7.993999999999999773e+01
8.548999999999999488e+01
1.054000000000000057e+02
1.168599999999999994e+02
1.317100000000000080e+02
1.747899999999999920e+02
1.775399999999999920e+02
1.805999999999999943e+02
1.868600000000000136e+02
2.104099999999999966e+02
2.106800000000000068e+02
2.197000000000000171e+02
2.202599999999999909e+02
2.585400000000000205e+02
2.900500000000000114e+02
3.055799999999999841e+02
3.190099999999999909e+02
3.339599999999999795e+02
3.423700000000000045e+02
3.464599999999999795e+02
3.534800000000000182e+02
3.709100000000000250e+02
3.792800000000000296e+02
3.941299999999999955e+02
3.968899999999999864e+02
4.014600000000000364e+02
4.052200000000000273e+02
4.158799999999999955e+02
4.184300000000000068e+02
4.407300000000000182e+02
4.614200000000000159e+02
4.736700000000000159e+02
4.806700000000000159e+02
5.105500000000000114e+02
5.198600000000000136e+02
5.574199999999999591e+02
5.583500000000000227e+02
5.622799999999999727e+02
5.636599999999999682e+02
5.740399999999999636e+02
5.870199999999999818e+02
5.976699999999999591e+02
6.011299999999999955e+02
6.025099999999999909e+02
6.319300000000000637e+02
6.352899999999999636e+02
6.580800000000000409e+02
6.657799999999999727e+02
6.682200000000000273e+02
6.912599999999999909e+02
7.022100000000000364e+02
7.080099999999999909e+02
7.111699999999999591e+02
7.156399999999999864e+02
7.187000000000000455e+02
7.308600000000000136e+02
7.315399999999999636e+02
7.432799999999999727e+02
7.483300000000000409e+02
7.528700000000000045e+02
7.637599999999999909e+02
7.862000000000000455e+02
8.297699999999999818e+02
8.329099999999999682e+02
8.380600000000000591e+02
8.784500000000000455e+02
9.096700000000000728e+02
9.611200000000000045e+02
9.883000000000000682e+02
9.917100000000000364e+02
4.049999999999999822e+00
4.280000000000000249e+00
4.889999999999999680e+00
6.089999999999999858e+00
8.910000000000000142e+00
1.894000000000000128e+01
2.569000000000000128e+01
3.273000000000000398e+01
3.570000000000000284e+01
6.476000000000000512e+01
6.679999999999999716e+01
7.493000000000000682e+01
7.993999999999999773e+01
8.551999999999999602e+01
9.271999999999999886e+01
1.042500000000000000e+02
1.054200000000000017e+02
1.169099999999999966e+02
1.317299999999999898e+02
1.408400000000000034e+02
1.457899999999999920e+02
1.796700000000000159e+02
1.805999999999999943e+02
1.968300000000000125e+02
2.104300000000000068e+02
2.107000000000000171e+02
2.197199999999999989e+02
2.202700000000000102e+02
2.231700000000000159e+02
2.254900000000000091e+02
2.400200000000000102e+02
2.456599999999999966e+02
2.585400000000000205e+02
2.722300000000000182e+02
2.847300000000000182e+02
3.056100000000000136e+02
3.058799999999999955e+02
3.244100000000000250e+02
3.339900000000000091e+02
3.464800000000000182e+02
3.534800000000000182e+02
3.632599999999999909e+02
3.793000000000000114e+02
4.019000000000000341e+02
4.046600000000000250e+02
4.159000000000000341e+02
4.668500000000000227e+02
4.825000000000000000e+02
4.845699999999999932e+02
4.951800000000000068e+02
5.019000000000000341e+02
5.107100000000000364e+02
5.203700000000000045e+02
5.322200000000000273e+02
5.387599999999999909e+02
5.562599999999999909e+02
5.574500000000000455e+02
5.583700000000000045e+02
5.606200000000000045e+02
5.636900000000000546e+02
5.740600000000000591e+02
5.811299999999999955e+02
6.025600000000000591e+02
6.128100000000000591e+02
6.320600000000000591e+02
6.514099999999999682e+02
6.629199999999999591e+02
6.657899999999999636e+02
6.682799999999999727e+02
6.702000000000000455e+02
7.022400000000000091e+02
7.023300000000000409e+02
7.074700000000000273e+02
7.112000000000000455e+02
7.156699999999999591e+02
7.187100000000000364e+02
7.315900000000000318e+02
7.433100000000000591e+02
7.446599999999999682e+02
7.528999999999999773e+02
7.637599999999999909e+02
7.699099999999999682e+02
7.862300000000000182e+02
7.878500000000000227e+02
7.901900000000000546e+02
8.296200000000000045e+02
8.298100000000000591e+02
8.513300000000000409e+02
8.775600000000000591e+02
8.808000000000000682e+02
8.864400000000000546e+02
8.935299999999999727e+02
8.977200000000000273e+02
9.051200000000000045e+02
9.097300000000000182e+02
9.187500000000000000e+02
9.465700000000000500e+02
9.535399999999999636e+02
9.681200000000000045e+02
9.833200000000000500e+02
9.883600000000000136e+02
9.917300000000000182e+02
9.936700000000000728e+02
4.049999999999999822e+00
4.280000000000000249e+00
4.889999999999999680e+00
6.089999999999999858e+00
2.571000000000000085e+01
3.275999999999999801e+01
3.571000000000000085e+01
6.679999999999999716e+01
7.993999999999999773e+01
9.273999999999999488e+01
1.054500000000000028e+02
1.317400000000000091e+02
1.458499999999999943e+02
1.797100000000000080e+02
1.805999999999999943e+02
1.968300000000000125e+02
2.104600000000000080e+02
2.107300000000000182e+02
2.197400000000000091e+02
2.202700000000000102e+02
2.232199999999999989e+02
2.255399999999999920e+02
2.401100000000000136e+02
2.456800000000000068e+02
2.585400000000000205e+02
2.847400000000000091e+02
3.245400000000000205e+02
3.340099999999999909e+02
3.465099999999999909e+02
3.534900000000000091e+02
3.632599999999999909e+02
3.793100000000000023e+02
4.019100000000000250e+02
4.046899999999999977e+02
4.159499999999999886e+02
4.668600000000000136e+02
4.846299999999999955e+02
4.952500000000000000e+02
5.019200000000000159e+02
5.205499999999999545e+02
5.562599999999999909e+02
5.574800000000000182e+02
5.583899999999999864e+02
5.811399999999999864e+02
6.128300000000000409e+02
6.514400000000000546e+02
6.629500000000000455e+02
6.657899999999999636e+02
7.022699999999999818e+02
7.074800000000000182e+02
7.187100000000000364e+02
7.461299999999999955e+02
7.637599999999999909e+02
7.699099999999999682e+02
7.862799999999999727e+02
7.902400000000000091e+02
8.296399999999999864e+02
8.775700000000000500e+02
8.864700000000000273e+02
8.935900000000000318e+02
9.051299999999999955e+02
9.187899999999999636e+02
9.466100000000000136e+02
9.681200000000000045e+02
9.833600000000000136e+02
9.917599999999999909e+02
9.937200000000000273e+02
4.049999999999999822e+00
4.280000000000000249e+00
4.889999999999999680e+00
6.089999999999999858e+00
2.573000000000000043e+01
3.571000000000000085e+01
9.275000000000000000e+01
1.055100000000000051e+02
1.317599999999999909e+02
1.968300000000000125e+02
2.202800000000000011e+02
2.457199999999999989e+02
2.585400000000000205e+02
2.847500000000000000e+02
3.246000000000000227e+02
3.340300000000000296e+02
3.465400000000000205e+02
3.535000000000000000e+02
3.632599999999999909e+02
4.019100000000000250e+02
4.047400000000000091e+02
4.668600000000000136e+02
5.019399999999999977e+02
5.206200000000000045e+02
5.562699999999999818e+02
5.811399999999999864e+02
6.128400000000000318e+02
6.514800000000000182e+02
6.630000000000000000e+02
6.658000000000000682e+02
7.074900000000000091e+02
7.699099999999999682e+02
8.296599999999999682e+02
8.775700000000000500e+02
9.051499999999999773e+02
9.466299999999999955e+02
9.681299999999999955e+02
9.834099999999999682e+02
9.938899999999999864e+02
4.049999999999999822e+00
4.280000000000000249e+00
4.889999999999999680e+00
6.089999999999999858e+00
2.575000000000000000e+01
3.573000000000000398e+01
9.276999999999999602e+01
1.318000000000000114e+02
1.968300000000000125e+02
2.202800000000000011e+02
2.585400000000000205e+02
2.847500000000000000e+02
3.340500000000000114e+02
3.632599999999999909e+02
4.019100000000000250e+02
4.668700000000000045e+02
5.019600000000000364e+02
5.562799999999999727e+02
5.811499999999999773e+02
6.128600000000000136e+02
6.658100000000000591e+02
7.075000000000000000e+02
7.699099999999999682e+02
8.296900000000000546e+02
8.775700000000000500e+02
9.051800000000000637e+02
9.466399999999999864e+02
9.681299999999999955e+02
9.939400000000000546e+02
4.049999999999999822e+00
4.360000000000000320e+00
4.889999999999999680e+00
6.089999999999999858e+00
1.108999999999999986e+01
1.312000000000000099e+01
1.522000000000000064e+01
1.878000000000000114e+01
2.099000000000000199e+01
2.960999999999999943e+01
3.343999999999999773e+01
3.548000000000000398e+01
4.198000000000000398e+01
4.532999999999999829e+01
4.828999999999999915e+01
5.075999999999999801e+01
6.210000000000000142e+01
6.520000000000000284e+01
7.178000000000000114e+01
7.384000000000000341e+01
7.795000000000000284e+01
8.115999999999999659e+01
8.546999999999999886e+01
8.876999999999999602e+01
9.279000000000000625e+01
9.279000000000000625e+01
9.896999999999999886e+01
1.061299999999999955e+02
1.117800000000000011e+02
1.147800000000000011e+02
1.207500000000000000e+02
1.274200000000000017e+02
1.326500000000000057e+02
1.377700000000000102e+02
1.411899999999999977e+02
1.478000000000000114e+02
1.513499999999999943e+02
1.534000000000000057e+02
1.587000000000000171e+02
1.629399999999999977e+02
1.708400000000000034e+02
1.740800000000000125e+02
1.822299999999999898e+02
1.874500000000000171e+02
1.910699999999999932e+02
1.930900000000000034e+02
1.968300000000000125e+02
2.067300000000000182e+02
2.101299999999999955e+02
2.123199999999999932e+02
2.152199999999999989e+02
2.180000000000000000e+02
2.203400000000000034e+02
2.417899999999999920e+02
2.445500000000000114e+02
2.574800000000000182e+02
2.585400000000000205e+02
2.641899999999999977e+02
2.676000000000000227e+02
2.707300000000000182e+02
2.758700000000000045e+02
2.803600000000000136e+02
2.847599999999999909e+02
2.856800000000000068e+02
2.960500000000000114e+02
3.044000000000000341e+02
3.113000000000000114e+02
3.150799999999999841e+02
3.191500000000000341e+02
3.215799999999999841e+02
3.245799999999999841e+02
3.295099999999999909e+02
3.320000000000000000e+02
3.340699999999999932e+02
3.356800000000000068e+02
3.396000000000000227e+02
3.433700000000000045e+02
3.455799999999999841e+02
3.492900000000000205e+02
3.578100000000000023e+02
3.632599999999999909e+02
3.666399999999999864e+02
3.695199999999999818e+02
3.727500000000000000e+02
3.781899999999999977e+02
3.833299999999999841e+02
3.870900000000000318e+02
4.019200000000000159e+02
4.033400000000000318e+02
4.121299999999999955e+02
4.155000000000000000e+02
4.191899999999999977e+02
4.250600000000000023e+02
4.296600000000000250e+02
4.403500000000000227e+02
4.544200000000000159e+02
4.572100000000000364e+02
4.668799999999999955e+02
4.727200000000000273e+02
4.801200000000000045e+02
4.962100000000000364e+02
5.006399999999999864e+02
5.019900000000000091e+02
5.086899999999999977e+02
5.122000000000000455e+02
5.143799999999999955e+02
5.223899999999999864e+02
5.281499999999999773e+02
5.394099999999999682e+02
5.440900000000000318e+02
5.562899999999999636e+02
5.767000000000000455e+02
5.806599999999999682e+02
5.811499999999999773e+02
5.843000000000000682e+02
5.901100000000000136e+02
5.924600000000000364e+02
5.956800000000000637e+02
6.051399999999999864e+02
6.128799999999999955e+02
6.141599999999999682e+02
6.251499999999999773e+02
6.365500000000000682e+02
6.388500000000000227e+02
6.427699999999999818e+02
6.486399999999999864e+02
6.573300000000000409e+02
6.595399999999999636e+02
6.663200000000000500e+02
6.718000000000000682e+02
6.858300000000000409e+02
6.905700000000000500e+02
6.938000000000000682e+02
7.026900000000000546e+02
7.072100000000000364e+02
7.075199999999999818e+02
7.128600000000000136e+02
7.167300000000000182e+02
7.255399999999999636e+02
7.307699999999999818e+02
7.394099999999999682e+02
7.422500000000000000e+02
7.503500000000000227e+02
7.544900000000000091e+02
7.596800000000000637e+02
7.623999999999999773e+02
7.699099999999999682e+02
7.827500000000000000e+02
7.885800000000000409e+02
7.911599999999999682e+02
7.933999999999999773e+02
8.000000000000000000e+02
8.027599999999999909e+02
8.185700000000000500e+02
8.234099999999999682e+02
8.326100000000000136e+02
8.347000000000000455e+02
8.426900000000000546e+02
8.448300000000000409e+02
8.526100000000000136e+02
8.670900000000000318e+02
8.775700000000000500e+02
8.824700000000000273e+02
8.854099999999999682e+02
8.888799999999999955e+02
8.971200000000000045e+02
8.991499999999999773e+02
9.042300000000000182e+02
9.062500000000000000e+02
9.242699999999999818e+02
9.315099999999999909e+02
9.368200000000000500e+02
9.423000000000000682e+02
9.466599999999999682e+02
9.510000000000000000e+02
9.563500000000000227e+02
9.653500000000000227e+02
9.681399999999999864e+02
9.769300000000000637e+02
9.821100000000000136e+02
9.870900000000000318e+02
9.982100000000000364e+02
4.049999999999999822e+00
4.360000000000000320e+00
4.889999999999999680e+00
6.089999999999999858e+00
1.293999999999999950e+01
1.530000000000000071e+01
1.883000000000000185e+01
2.105999999999999872e+01
2.964000000000000057e+01
3.534000000000000341e+01
4.203999999999999915e+01
4.535999999999999943e+01
4.896000000000000085e+01
5.127000000000000313e+01
6.213000000000000256e+01
7.182999999999999829e+01
7.810000000000000853e+01
8.215999999999999659e+01
8.882000000000000739e+01
9.282999999999999829e+01
1.062000000000000028e+02
1.119200000000000017e+02
1.275000000000000000e+02
1.327599999999999909e+02
1.378199999999999932e+02
1.412400000000000091e+02
1.514000000000000057e+02
1.711599999999999966e+02
1.741100000000000136e+02
1.875999999999999943e+02
1.930300000000000011e+02
1.968300000000000125e+02
2.071100000000000136e+02
2.152500000000000000e+02
2.180500000000000114e+02
2.208100000000000023e+02
2.418199999999999932e+02
2.445900000000000034e+02
2.585400000000000205e+02
2.642300000000000182e+02
2.760199999999999818e+02
2.810500000000000114e+02
2.847599999999999909e+02
3.044200000000000159e+02
3.116000000000000227e+02
3.151000000000000227e+02
3.295300000000000296e+02
3.320300000000000296e+02
3.340900000000000318e+02
3.357699999999999818e+02
3.445300000000000296e+02
3.493400000000000318e+02
3.578100000000000023e+02
3.632599999999999909e+02
3.666500000000000341e+02
3.699000000000000341e+02
3.784700000000000273e+02
3.835300000000000296e+02
3.871299999999999955e+02
4.019200000000000159e+02
4.034399999999999977e+02
4.121600000000000250e+02
4.155600000000000023e+02
4.296800000000000068e+02
4.404000000000000341e+02
4.545000000000000000e+02
4.573000000000000114e+02
4.669000000000000341e+02
4.727699999999999818e+02
5.087400000000000091e+02
5.122400000000000091e+02
5.223999999999999773e+02
5.282200000000000273e+02
5.394700000000000273e+02
5.441200000000000045e+02
5.563000000000000682e+02
5.767200000000000273e+02
5.811599999999999682e+02
5.901299999999999955e+02
5.925199999999999818e+02
6.058600000000000136e+02
6.129099999999999682e+02
6.142400000000000091e+02
6.366399999999999864e+02
6.388899999999999864e+02
6.427899999999999636e+02
6.486599999999999682e+02
6.609400000000000546e+02
6.663700000000000045e+02
6.718600000000000136e+02
6.858700000000000045e+02
6.938200000000000500e+02
7.072799999999999727e+02
7.075500000000000682e+02
7.271299999999999955e+02
7.308200000000000500e+02
7.513000000000000682e+02
7.598200000000000500e+02
7.624700000000000273e+02
7.699099999999999682e+02
7.828300000000000409e+02
7.886000000000000227e+02
7.911900000000000546e+02
7.934600000000000364e+02
8.028300000000000409e+02
8.326599999999999682e+02
8.448999999999999773e+02
8.526399999999999864e+02
8.775700000000000500e+02
8.824800000000000182e+02
8.854400000000000546e+02
8.889500000000000455e+02
8.971800000000000637e+02
8.992699999999999818e+02
9.061200000000000045e+02
9.242699999999999818e+02
9.315399999999999636e+02
9.368500000000000227e+02
9.423500000000000227e+02
9.466900000000000546e+02
9.563899999999999864e+02
9.654099999999999682e+02
9.681399999999999864e+02
9.769700000000000273e+02
9.821900000000000546e+02
9.873200000000000500e+02
9.982300000000000182e+02
4.049999999999999822e+00
4.360000000000000320e+00
4.889999999999999680e+00
6.089999999999999858e+00
2.967999999999999972e+01
4.543999999999999773e+01
6.214999999999999858e+01
7.818999999999999773e+01
1.062400000000000091e+02
1.741400000000000148e+02
1.876599999999999966e+02
1.930800000000000125e+02
1.968400000000000034e+02
2.071400000000000148e+02
2.153000000000000114e+02
2.585400000000000205e+02
2.643100000000000023e+02
2.810699999999999932e+02
2.847699999999999818e+02
3.044599999999999795e+02
3.151399999999999864e+02
3.295600000000000023e+02
3.320600000000000023e+02
3.341399999999999864e+02
3.493899999999999864e+02
3.578199999999999932e+02
3.632599999999999909e+02
3.666700000000000159e+02
3.699499999999999886e+02
3.872100000000000364e+02
4.019300000000000068e+02
4.035099999999999909e+02
4.121899999999999977e+02
4.184300000000000068e+02
4.296999999999999886e+02
4.573799999999999955e+02
4.669200000000000159e+02
5.123100000000000591e+02
5.224099999999999682e+02
5.282899999999999636e+02
5.396100000000000136e+02
5.442000000000000455e+02
5.563100000000000591e+02
5.622799999999999727e+02
5.767300000000000182e+02
5.811699999999999591e+02
5.901499999999999773e+02
6.143000000000000682e+02
6.389099999999999682e+02
6.428100000000000591e+02
6.486900000000000546e+02
6.859400000000000546e+02
6.938600000000000136e+02
7.080099999999999909e+02
7.120199999999999818e+02
7.598999999999999773e+02
7.625099999999999909e+02
7.699099999999999682e+02
7.886299999999999955e+02
7.912799999999999727e+02
7.935199999999999818e+02
8.328000000000000682e+02
8.526800000000000637e+02
8.775800000000000409e+02
8.824800000000000182e+02
8.854800000000000182e+02
8.895700000000000500e+02
8.972400000000000091e+02
8.999500000000000455e+02
9.242799999999999727e+02
9.315800000000000409e+02
9.368799999999999955e+02
9.564600000000000364e+02
9.681499999999999773e+02
9.770299999999999727e+02
9.982699999999999818e+02
4.049999999999999822e+00
4.360000000000000320e+00
4.889999999999999680e+00
6.089999999999999858e+00
6.217000000000000171e+01
1.062900000000000063e+02
1.742400000000000091e+02
1.877400000000000091e+02
1.931200000000000045e+02
1.968400000000000034e+02
2.071899999999999977e+02
2.585400000000000205e+02
2.811000000000000227e+02
2.847699999999999818e+02
3.044800000000000182e+02
3.296100000000000136e+02
3.321000000000000227e+02
3.578199999999999932e+02
3.632699999999999818e+02
3.666899999999999977e+02
3.873199999999999932e+02
4.019300000000000068e+02
4.122800000000000296e+02
4.184300000000000068e+02
4.297300000000000182e+02
4.575300000000000296e+02
5.123799999999999955e+02
5.224199999999999591e+02
5.563500000000000227e+02
5.622799999999999727e+02
5.767400000000000091e+02
5.811699999999999591e+02
5.901900000000000546e+02
6.389400000000000546e+02
6.428200000000000500e+02
6.487300000000000182e+02
6.938799999999999955e+02
7.080099999999999909e+02
7.120299999999999727e+02
7.625800000000000409e+02
7.699099999999999682e+02
7.886700000000000728e+02
7.913500000000000227e+02
7.936200000000000045e+02
8.775800000000000409e+02
8.824900000000000091e+02
8.974700000000000273e+02
8.999900000000000091e+02
9.242899999999999636e+02
9.369200000000000728e+02
9.565000000000000000e+02
9.681599999999999682e+02
4.049999999999999822e+00
4.360000000000000320e+00
6.089999999999999858e+00
6.219000000000000483e+01
6.679999999999999716e+01
7.993999999999999773e+01
1.805900000000000034e+02
1.968400000000000034e+02
2.249500000000000171e+02
2.847800000000000296e+02
3.045099999999999909e+02
3.142300000000000182e+02
3.296700000000000159e+02
3.404300000000000068e+02
3.578299999999999841e+02
3.632699999999999818e+02
3.667099999999999795e+02
3.692200000000000273e+02
3.717500000000000000e+02
4.019300000000000068e+02
4.184300000000000068e+02
4.230799999999999841e+02
4.297599999999999909e+02
5.224300000000000637e+02
5.622799999999999727e+02
5.767500000000000000e+02
5.811800000000000637e+02
6.389700000000000273e+02
6.428400000000000318e+02
6.938999999999999773e+02
7.080099999999999909e+02
7.120299999999999727e+02
7.186800000000000637e+02
7.637599999999999909e+02
7.699099999999999682e+02
7.854200000000000728e+02
7.887000000000000455e+02
7.914500000000000455e+02
8.775800000000000409e+02
8.825000000000000000e+02
8.975600000000000591e+02
9.243000000000000682e+02
9.565800000000000409e+02
9.681700000000000728e+02
4.049999999999999822e+00
4.360000000000000320e+00
6.089999999999999858e+00
6.221999999999999886e+01
6.679999999999999716e+01
7.993999999999999773e+01
1.805900000000000034e+02
1.968400000000000034e+02
2.847800000000000296e+02
3.045699999999999932e+02
3.297300000000000182e+02
3.404399999999999977e+02
3.578299999999999841e+02
3.632699999999999818e+02
3.693199999999999932e+02
4.019399999999999977e+02
4.184300000000000068e+02
5.224500000000000455e+02
5.622799999999999727e+02
5.767599999999999909e+02
5.812100000000000364e+02
6.428700000000000045e+02
6.939300000000000637e+02
7.080099999999999909e+02
7.120399999999999636e+02
7.186900000000000546e+02
7.637599999999999909e+02
7.699099999999999682e+02
7.854400000000000546e+02
7.887300000000000182e+02
8.775900000000000318e+02
8.825199999999999818e+02
9.243100000000000591e+02
4.280000000000000249e+00
4.360000000000000320e+00
2.575000000000000000e+01
3.028999999999999915e+01
3.267000000000000171e+01
3.567999999999999972e+01
4.166000000000000369e+01
5.671999999999999886e+01
6.230000000000000426e+01
6.632999999999999829e+01
6.679999999999999716e+01
7.621999999999999886e+01
7.993999999999999773e+01
1.166599999999999966e+02
1.208200000000000074e+02
1.340600000000000023e+02
1.455099999999999909e+02
1.490699999999999932e+02
1.638900000000000148e+02
1.774399999999999977e+02
1.805900000000000034e+02
1.851400000000000148e+02
1.875900000000000034e+02
1.925699999999999932e+02
1.964099999999999966e+02
2.102899999999999920e+02
2.157500000000000000e+02
2.202500000000000000e+02
2.260500000000000114e+02
2.280800000000000125e+02
2.307599999999999909e+02
2.377700000000000102e+02
2.461200000000000045e+02
2.617800000000000296e+02
2.665000000000000000e+02
2.734900000000000091e+02
2.760500000000000114e+02
2.932200000000000273e+02
3.055000000000000000e+02
3.123899999999999864e+02
3.151500000000000341e+02
3.197400000000000091e+02
3.217900000000000205e+02
3.240300000000000296e+02
3.301700000000000159e+02
3.335099999999999909e+02
3.404599999999999795e+02
3.568500000000000227e+02
3.578400000000000318e+02
3.624300000000000068e+02
3.715199999999999818e+02
3.843799999999999955e+02
3.978600000000000136e+02
4.049800000000000182e+02
4.097900000000000205e+02
4.177900000000000205e+02
4.184300000000000068e+02
4.224900000000000091e+02
4.257900000000000205e+02
4.278199999999999932e+02
4.331299999999999955e+02
4.352200000000000273e+02
4.421000000000000227e+02
4.638299999999999841e+02
4.666100000000000136e+02
4.735000000000000000e+02
4.865500000000000114e+02
4.954300000000000068e+02
4.986299999999999955e+02
5.010500000000000114e+02
5.195800000000000409e+02
5.222899999999999636e+02
5.224900000000000091e+02
5.332300000000000182e+02
5.429199999999999591e+02
5.452799999999999727e+02
5.476299999999999955e+02
5.522400000000000091e+02
5.583000000000000682e+02
5.622799999999999727e+02
5.636000000000000227e+02
5.659099999999999682e+02
5.739900000000000091e+02
5.767699999999999818e+02
5.775500000000000682e+02
5.826599999999999682e+02
5.857400000000000091e+02
5.904900000000000091e+02
6.010700000000000500e+02
6.040600000000000591e+02
6.176399999999999864e+02
6.199099999999999682e+02
6.257899999999999636e+02
6.333700000000000045e+02
6.357899999999999636e+02
6.429099999999999682e+02
6.436599999999999682e+02
6.474099999999999682e+02
6.504300000000000637e+02
6.524600000000000364e+02
6.647899999999999636e+02
6.680299999999999727e+02
6.713700000000000045e+02
6.742599999999999909e+02
6.781599999999999682e+02
6.844700000000000273e+02
6.884199999999999591e+02
6.911299999999999955e+02
6.939700000000000273e+02
7.023899999999999864e+02
7.080099999999999909e+02
7.111100000000000136e+02
7.120500000000000682e+02
7.167300000000000182e+02
7.186900000000000546e+02
7.276399999999999864e+02
7.307500000000000000e+02
7.352000000000000455e+02
7.447000000000000455e+02
7.482200000000000273e+02
7.521800000000000637e+02
7.546200000000000045e+02
7.619400000000000546e+02
7.637599999999999909e+02
7.705800000000000409e+02
7.745500000000000682e+02
7.774700000000000273e+02
7.823000000000000682e+02
7.854600000000000364e+02
7.858600000000000136e+02
7.879300000000000637e+02
7.887799999999999727e+02
7.907000000000000455e+02
7.927599999999999909e+02
8.031599999999999682e+02
8.177899999999999636e+02
8.274900000000000091e+02
8.324900000000000091e+02
8.437100000000000364e+02
8.476599999999999682e+02
8.621900000000000546e+02
8.672699999999999818e+02
8.703200000000000500e+02
8.797000000000000455e+02
8.825399999999999636e+02
8.936700000000000728e+02
8.963000000000000682e+02
8.995299999999999727e+02
9.083000000000000682e+02
9.111200000000000045e+02
9.136599999999999682e+02
9.235299999999999727e+02
9.243200000000000500e+02
9.319700000000000273e+02
9.389400000000000546e+02
9.430399999999999636e+02
9.467200000000000273e+02
9.525199999999999818e+02
9.620399999999999636e+02
9.643600000000000136e+02
9.667699999999999818e+02
9.916700000000000728e+02
9.946900000000000546e+02
9.969099999999999682e+02
4.280000000000000249e+00
4.360000000000000320e+00
3.267999999999999972e+01
3.567999999999999972e+01
4.167000000000000171e+01
5.678999999999999915e+01
6.234000000000000341e+01
6.635999999999999943e+01
6.679999999999999716e+01
7.993999999999999773e+01
1.167000000000000028e+02
1.457700000000000102e+02
1.651100000000000136e+02
1.775699999999999932e+02
1.805900000000000034e+02
1.851599999999999966e+02
1.876599999999999966e+02
1.926299999999999955e+02
1.964300000000000068e+02
2.103100000000000023e+02
2.157700000000000102e+02
2.202500000000000000e+02
2.260900000000000034e+02
2.288300000000000125e+02
2.308799999999999955e+02
2.461700000000000159e+02
2.665400000000000205e+02
2.761000000000000227e+02
3.055099999999999909e+02
3.124700000000000273e+02
3.198000000000000114e+02
3.241000000000000227e+02
3.301999999999999886e+02
3.404800000000000182e+02
3.571800000000000068e+02
3.578500000000000227e+02
3.715400000000000205e+02
3.844100000000000250e+02
3.978799999999999955e+02
4.184300000000000068e+02
4.225699999999999932e+02
4.276399999999999864e+02
4.333700000000000045e+02
4.354200000000000159e+02
4.421700000000000159e+02
4.638700000000000045e+02
4.865699999999999932e+02
4.987100000000000364e+02
5.011000000000000227e+02
5.223700000000000045e+02
5.333300000000000409e+02
5.429800000000000182e+02
5.477100000000000364e+02
5.526800000000000637e+02
5.583100000000000591e+02
5.622799999999999727e+02
5.636100000000000136e+02
5.740000000000000000e+02
5.767799999999999727e+02
5.776499999999999773e+02
5.826699999999999591e+02
5.861800000000000637e+02
5.905500000000000682e+02
6.010800000000000409e+02
6.041200000000000045e+02
6.177000000000000455e+02
6.199500000000000455e+02
6.258100000000000591e+02
6.334199999999999591e+02
6.429500000000000455e+02
6.504500000000000455e+02
6.524800000000000182e+02
6.648100000000000591e+02
6.680500000000000682e+02
6.743100000000000591e+02
6.782000000000000455e+02
6.845099999999999909e+02
6.885299999999999727e+02
6.911800000000000637e+02
7.080099999999999909e+02
7.111200000000000045e+02
7.186900000000000546e+02
7.276900000000000546e+02
7.307699999999999818e+02
7.352599999999999909e+02
7.482400000000000091e+02
7.522400000000000091e+02
7.546499999999999773e+02
7.619700000000000273e+02
7.637599999999999909e+02
7.706100000000000136e+02
7.775000000000000000e+02
7.823500000000000227e+02
7.855099999999999909e+02
7.859099999999999682e+02
7.907400000000000091e+02
8.037799999999999727e+02
8.178000000000000682e+02
8.437899999999999636e+02
8.485299999999999727e+02
8.622200000000000273e+02
8.683799999999999955e+02
8.705099999999999909e+02
8.995600000000000591e+02
9.083500000000000227e+02
9.137300000000000182e+02
9.243400000000000318e+02
9.320000000000000000e+02
9.390399999999999636e+02
9.467799999999999727e+02
9.620900000000000318e+02
9.916700000000000728e+02
9.947100000000000364e+02
9.969800000000000182e+02
4.280000000000000249e+00
4.360000000000000320e+00
3.268999999999999773e+01
3.568999999999999773e+01
4.167999999999999972e+01
6.640999999999999659e+01
6.679999999999999716e+01
7.993999999999999773e+01
1.167800000000000011e+02
1.458199999999999932e+02
1.652000000000000171e+02
1.776800000000000068e+02
1.805900000000000034e+02
1.851899999999999977e+02
1.928199999999999932e+02
1.964500000000000171e+02
2.103300000000000125e+02
2.158000000000000114e+02
2.202500000000000000e+02
2.279300000000000068e+02
2.665900000000000318e+02
2.761500000000000341e+02
3.055300000000000296e+02
3.309100000000000250e+02
3.578600000000000136e+02
3.715600000000000023e+02
3.844800000000000182e+02
3.979100000000000250e+02
4.184300000000000068e+02
4.231800000000000068e+02
4.865799999999999841e+02
5.014700000000000273e+02
5.333999999999999773e+02
5.478300000000000409e+02
5.527500000000000000e+02
5.583200000000000500e+02
5.622799999999999727e+02
5.636200000000000045e+02
5.740099999999999909e+02
5.767899999999999636e+02
5.826800000000000637e+02
5.863999999999999773e+02
6.010900000000000318e+02
6.258400000000000318e+02
6.505000000000000000e+02
6.525500000000000682e+02
6.648400000000000318e+02
6.680800000000000409e+02
6.782599999999999909e+02
6.885900000000000318e+02
7.080099999999999909e+02
7.111299999999999955e+02
7.187000000000000455e+02
7.279800000000000182e+02
7.307799999999999727e+02
7.482500000000000000e+02
7.546900000000000546e+02
7.620199999999999818e+02
7.637599999999999909e+02
7.706499999999999773e+02
7.775500000000000682e+02
8.038300000000000409e+02
8.178300000000000409e+02
8.622500000000000000e+02
8.996499999999999773e+02
9.243600000000000136e+02
9.320399999999999636e+02
9.916800000000000637e+02
9.947300000000000182e+02
9.973000000000000682e+02
