3.970000000000000195e+00
4.520000000000000462e+00
4.740000000000000213e+00
4.900000000000000355e+00
5.290000000000000036e+00
5.320000000000000284e+00
5.339999999999999858e+00
5.500000000000000000e+00
5.580000000000000071e+00
5.750000000000000000e+00
5.969999999999999751e+00
6.000000000000000000e+00
1.378000000000000114e+01
1.384999999999999964e+01
1.439000000000000057e+01
1.448000000000000043e+01
1.458999999999999986e+01
1.459999999999999964e+01
1.464000000000000057e+01
1.478000000000000114e+01
1.490000000000000036e+01
1.500999999999999979e+01
1.508000000000000007e+01
1.524000000000000021e+01
1.533999999999999986e+01
1.567999999999999972e+01
1.614999999999999858e+01
2.364000000000000057e+01
2.369999999999999929e+01
2.399000000000000199e+01
2.412000000000000099e+01
2.419000000000000128e+01
2.421999999999999886e+01
2.442000000000000171e+01
2.442999999999999972e+01
2.453000000000000114e+01
2.467999999999999972e+01
2.471000000000000085e+01
2.494999999999999929e+01
2.574000000000000199e+01
2.578999999999999915e+01
2.592999999999999972e+01
2.631000000000000227e+01
3.378999999999999915e+01
3.417999999999999972e+01
3.435999999999999943e+01
3.438000000000000256e+01
3.442000000000000171e+01
3.445000000000000284e+01
3.461999999999999744e+01
3.657999999999999829e+01
4.356000000000000227e+01
4.417000000000000171e+01
4.421000000000000085e+01
4.452000000000000313e+01
4.460000000000000142e+01
4.507999999999999829e+01
4.539999999999999858e+01
4.546000000000000085e+01
5.359000000000000341e+01
5.367999999999999972e+01
5.374000000000000199e+01
5.446999999999999886e+01
5.456000000000000227e+01
5.491000000000000369e+01
5.496000000000000085e+01
5.532000000000000028e+01
5.567999999999999972e+01
5.581000000000000227e+01
5.584000000000000341e+01
6.425000000000000000e+01
6.437000000000000455e+01
6.445000000000000284e+01
6.451000000000000512e+01
6.479999999999999716e+01
6.482000000000000739e+01
6.484999999999999432e+01
6.485999999999999943e+01
6.487999999999999545e+01
6.492000000000000171e+01
6.493999999999999773e+01
6.498999999999999488e+01
6.526999999999999602e+01
7.321999999999999886e+01
7.370000000000000284e+01
7.378000000000000114e+01
7.389000000000000057e+01
7.392000000000000171e+01
7.423000000000000398e+01
7.448999999999999488e+01
7.460999999999999943e+01
7.485999999999999943e+01
7.573000000000000398e+01
8.365999999999999659e+01
8.393999999999999773e+01
8.454999999999999716e+01
8.468999999999999773e+01
8.476999999999999602e+01
8.542000000000000171e+01
8.596000000000000796e+01
8.632000000000000739e+01
9.351000000000000512e+01
9.373000000000000398e+01
9.373000000000000398e+01
9.404999999999999716e+01
9.435999999999999943e+01
9.468000000000000682e+01
9.471000000000000796e+01
9.485000000000000853e+01
9.514000000000000057e+01
9.529000000000000625e+01
9.539000000000000057e+01
9.607000000000000739e+01
9.610000000000000853e+01
1.036400000000000006e+02
1.037900000000000063e+02
1.041800000000000068e+02
1.045700000000000074e+02
1.045900000000000034e+02
1.047000000000000028e+02
1.047400000000000091e+02
1.047999999999999972e+02
1.048700000000000045e+02
1.051700000000000017e+02
1.052600000000000051e+02
1.052699999999999960e+02
1.052699999999999960e+02
1.056299999999999955e+02
1.060900000000000034e+02
1.132600000000000051e+02
1.133599999999999994e+02
1.135700000000000074e+02
1.138100000000000023e+02
1.141500000000000057e+02
1.147900000000000063e+02
1.148799999999999955e+02
1.149399999999999977e+02
1.150400000000000063e+02
1.155300000000000011e+02
1.156500000000000057e+02
1.160600000000000023e+02
1.169200000000000017e+02
1.228900000000000006e+02
1.239000000000000057e+02
1.240199999999999960e+02
1.241000000000000085e+02
1.244800000000000040e+02
1.244800000000000040e+02
1.245000000000000000e+02
1.248500000000000085e+02
1.250100000000000051e+02
1.252999999999999972e+02
1.336700000000000159e+02
1.338000000000000114e+02
1.338700000000000045e+02
1.339300000000000068e+02
1.339499999999999886e+02
1.341700000000000159e+02
1.342400000000000091e+02
1.345399999999999920e+02
1.347199999999999989e+02
1.351599999999999966e+02
1.352199999999999989e+02
1.353400000000000034e+02
1.353799999999999955e+02
1.430399999999999920e+02
1.431700000000000159e+02
1.434300000000000068e+02
1.434600000000000080e+02
1.436599999999999966e+02
1.436899999999999977e+02
1.446299999999999955e+02
1.448000000000000114e+02
1.448100000000000023e+02
1.449000000000000057e+02
1.455200000000000102e+02
1.462000000000000171e+02
1.467700000000000102e+02
1.526700000000000159e+02
1.541400000000000148e+02
1.543600000000000136e+02
1.544099999999999966e+02
1.547299999999999898e+02
1.551100000000000136e+02
1.560000000000000000e+02
1.568799999999999955e+02
1.625399999999999920e+02
1.642299999999999898e+02
1.643400000000000034e+02
1.649099999999999966e+02
1.650699999999999932e+02
1.654600000000000080e+02
1.729900000000000091e+02
1.731700000000000159e+02
1.736100000000000136e+02
1.738100000000000023e+02
1.740200000000000102e+02
1.744900000000000091e+02
1.745500000000000114e+02
1.746899999999999977e+02
1.750099999999999909e+02
1.753499999999999943e+02
1.756800000000000068e+02
1.757500000000000000e+02
1.772700000000000102e+02
1.829500000000000171e+02
1.837400000000000091e+02
1.840500000000000114e+02
1.841599999999999966e+02
1.842899999999999920e+02
1.845300000000000011e+02
1.848100000000000023e+02
1.848799999999999955e+02
1.850999999999999943e+02
1.855000000000000000e+02
1.859000000000000057e+02
1.863499999999999943e+02
1.863799999999999955e+02
1.928400000000000034e+02
1.935699999999999932e+02
1.939600000000000080e+02
1.940200000000000102e+02
1.942300000000000182e+02
1.948799999999999955e+02
1.950999999999999943e+02
1.959800000000000182e+02
2.029600000000000080e+02
2.030099999999999909e+02
2.035900000000000034e+02
2.036800000000000068e+02
2.036899999999999977e+02
2.047800000000000011e+02
2.058900000000000148e+02
2.060399999999999920e+02
2.132400000000000091e+02
2.134200000000000159e+02
2.134500000000000171e+02
2.139900000000000091e+02
2.143700000000000045e+02
2.144099999999999966e+02
2.145900000000000034e+02
2.147700000000000102e+02
2.148600000000000136e+02
2.151200000000000045e+02
2.156200000000000045e+02
2.158900000000000148e+02
2.160600000000000023e+02
2.161899999999999977e+02
2.233600000000000136e+02
2.233900000000000148e+02
2.240600000000000023e+02
2.246200000000000045e+02
2.247700000000000102e+02
2.254500000000000171e+02
2.258000000000000114e+02
2.327500000000000000e+02
2.331599999999999966e+02
2.335800000000000125e+02
2.339000000000000057e+02
2.348000000000000114e+02
2.352300000000000182e+02
2.353100000000000023e+02
2.355399999999999920e+02
2.356400000000000148e+02
2.363799999999999955e+02
2.364600000000000080e+02
2.415699999999999932e+02
2.429099999999999966e+02
2.440500000000000114e+02
2.441299999999999955e+02
2.443199999999999932e+02
2.443700000000000045e+02
2.443900000000000148e+02
2.447800000000000011e+02
2.448700000000000045e+02
2.449300000000000068e+02
2.452300000000000182e+02
2.457899999999999920e+02
2.520500000000000114e+02
2.530999999999999943e+02
2.538799999999999955e+02
2.539300000000000068e+02
2.540800000000000125e+02
2.541200000000000045e+02
2.545100000000000193e+02
2.545200000000000102e+02
2.552199999999999989e+02
2.556599999999999966e+02
2.567699999999999818e+02
2.573600000000000136e+02
2.624599999999999795e+02
2.628100000000000023e+02
2.632300000000000182e+02
2.633899999999999864e+02
2.635400000000000205e+02
2.636499999999999773e+02
2.638500000000000227e+02
2.639300000000000068e+02
2.639900000000000091e+02
2.647500000000000000e+02
2.654700000000000273e+02
2.655799999999999841e+02
2.659300000000000068e+02
2.723199999999999932e+02
2.729399999999999977e+02
2.734900000000000091e+02
2.738000000000000114e+02
2.740400000000000205e+02
2.741299999999999955e+02
2.741700000000000159e+02
2.741800000000000068e+02
2.751000000000000227e+02
2.751299999999999955e+02
2.753199999999999932e+02
2.765199999999999818e+02
2.765300000000000296e+02
2.826000000000000227e+02
2.829499999999999886e+02
2.829800000000000182e+02
2.835900000000000318e+02
2.841899999999999977e+02
2.842500000000000000e+02
2.846700000000000159e+02
2.847200000000000273e+02
2.847699999999999818e+02
2.861600000000000250e+02
2.865600000000000023e+02
2.877099999999999795e+02
2.922400000000000091e+02
2.930699999999999932e+02
2.931500000000000341e+02
2.938400000000000318e+02
2.941700000000000159e+02
2.943600000000000136e+02
2.944399999999999977e+02
2.950400000000000205e+02
2.950500000000000114e+02
2.950799999999999841e+02
2.961100000000000136e+02
2.961100000000000136e+02
3.010900000000000318e+02
3.018899999999999864e+02
3.024599999999999795e+02
3.032900000000000205e+02
3.033899999999999864e+02
3.037300000000000182e+02
3.042099999999999795e+02
3.047300000000000182e+02
3.048299999999999841e+02
3.052800000000000296e+02
3.056100000000000136e+02
3.056999999999999886e+02
3.097300000000000182e+02
3.121399999999999864e+02
3.124900000000000091e+02
3.131800000000000068e+02
3.132300000000000182e+02
3.132400000000000091e+02
3.136600000000000250e+02
3.144599999999999795e+02
3.147200000000000273e+02
3.147500000000000000e+02
3.147900000000000205e+02
3.149399999999999977e+02
3.217099999999999795e+02
3.217900000000000205e+02
3.223199999999999932e+02
3.225900000000000318e+02
3.231000000000000227e+02
3.238199999999999932e+02
3.238799999999999955e+02
3.240900000000000318e+02
3.260099999999999909e+02
3.261000000000000227e+02
3.280199999999999818e+02
3.281299999999999955e+02
3.322800000000000296e+02
3.334200000000000159e+02
3.340799999999999841e+02
3.344599999999999795e+02
3.346200000000000045e+02
3.349800000000000182e+02
3.354000000000000341e+02
3.356800000000000068e+02
3.370099999999999909e+02
3.371299999999999955e+02
3.421899999999999977e+02
3.426500000000000341e+02
3.432200000000000273e+02
3.436500000000000341e+02
3.438299999999999841e+02
3.450799999999999841e+02
3.451299999999999955e+02
3.452099999999999795e+02
3.455600000000000023e+02
3.461299999999999955e+02
3.467800000000000296e+02
3.470900000000000318e+02
3.482800000000000296e+02
3.512800000000000296e+02
3.519800000000000182e+02
3.530300000000000296e+02
3.537900000000000205e+02
3.538899999999999864e+02
3.540900000000000318e+02
3.540900000000000318e+02
3.542099999999999795e+02
3.550300000000000296e+02
3.552300000000000182e+02
3.557599999999999909e+02
3.561200000000000045e+02
3.563000000000000114e+02
3.596999999999999886e+02
3.620199999999999818e+02
3.623600000000000136e+02
3.633100000000000023e+02
3.635199999999999818e+02
3.637699999999999818e+02
3.640000000000000000e+02
3.644300000000000068e+02
3.653899999999999864e+02
3.658199999999999932e+02
3.663000000000000114e+02
3.714700000000000273e+02
3.726100000000000136e+02
3.735699999999999932e+02
3.737599999999999909e+02
3.755199999999999818e+02
3.757099999999999795e+02
3.760799999999999841e+02
3.764599999999999795e+02
3.814700000000000273e+02
3.818799999999999955e+02
3.824700000000000273e+02
3.826999999999999886e+02
3.829100000000000250e+02
3.833500000000000227e+02
3.833500000000000227e+02
3.839600000000000364e+02
3.841399999999999864e+02
3.845199999999999818e+02
3.847100000000000364e+02
3.847699999999999818e+02
3.857900000000000205e+02
3.904600000000000364e+02
3.921100000000000136e+02
3.922699999999999818e+02
3.924700000000000273e+02
3.925400000000000205e+02
3.927300000000000182e+02
3.928899999999999864e+02
3.940000000000000000e+02
3.951800000000000068e+02
3.954700000000000273e+02
3.956100000000000136e+02
4.005300000000000296e+02
4.010900000000000318e+02
4.015600000000000023e+02
4.020500000000000114e+02
4.029499999999999886e+02
4.035300000000000296e+02
4.042699999999999818e+02
4.043299999999999841e+02
4.046700000000000159e+02
4.055900000000000318e+02
4.061500000000000341e+02
4.070199999999999818e+02
4.073100000000000023e+02
4.084800000000000182e+02
4.091800000000000068e+02
4.104100000000000250e+02
4.114499999999999886e+02
4.121800000000000068e+02
4.127699999999999818e+02
4.131000000000000227e+02
4.132100000000000364e+02
4.143000000000000114e+02
4.143199999999999932e+02
4.144300000000000068e+02
4.151200000000000045e+02
4.159499999999999886e+02
4.164700000000000273e+02
4.179499999999999886e+02
4.184300000000000068e+02
4.225699999999999932e+02
4.229000000000000341e+02
4.237800000000000296e+02
4.240799999999999841e+02
4.243100000000000023e+02
4.246800000000000068e+02
4.247100000000000364e+02
4.248299999999999841e+02
4.260799999999999841e+02
4.264100000000000250e+02
4.264200000000000159e+02
4.275099999999999909e+02
4.311999999999999886e+02
4.328199999999999932e+02
4.329900000000000091e+02
4.330900000000000318e+02
4.343199999999999932e+02
4.349600000000000364e+02
4.349700000000000273e+02
4.355000000000000000e+02
4.358500000000000227e+02
4.379900000000000091e+02
4.415400000000000205e+02
4.421100000000000136e+02
4.430900000000000318e+02
4.435099999999999909e+02
4.445500000000000114e+02
4.448600000000000136e+02
4.457500000000000000e+02
4.457699999999999818e+02
4.462500000000000000e+02
4.478700000000000045e+02
4.484399999999999977e+02
4.514200000000000159e+02
4.523700000000000045e+02
4.524600000000000364e+02
4.530400000000000205e+02
4.537599999999999909e+02
4.539499999999999886e+02
4.548199999999999932e+02
4.548199999999999932e+02
4.551299999999999955e+02
4.556899999999999977e+02
4.566600000000000250e+02
4.569499999999999886e+02
4.593299999999999841e+02
4.617400000000000091e+02
4.631700000000000159e+02
4.633899999999999864e+02
4.636399999999999864e+02
4.643100000000000023e+02
4.651600000000000250e+02
4.654200000000000159e+02
4.665199999999999818e+02
4.669000000000000341e+02
4.704100000000000250e+02
4.716000000000000227e+02
4.728100000000000023e+02
4.735000000000000000e+02
4.735699999999999932e+02
4.740900000000000318e+02
4.750300000000000296e+02
4.764600000000000364e+02
4.765400000000000205e+02
4.810199999999999818e+02
4.811200000000000045e+02
4.822100000000000364e+02
4.829900000000000091e+02
4.832200000000000273e+02
4.836999999999999886e+02
4.837599999999999909e+02
4.839399999999999977e+02
4.853799999999999955e+02
4.855799999999999841e+02
4.863000000000000114e+02
4.874600000000000364e+02
4.913000000000000114e+02
4.918600000000000136e+02
4.929399999999999977e+02
4.933600000000000136e+02
4.934600000000000364e+02
4.950900000000000318e+02
4.955200000000000387e+02
4.956899999999999977e+02
4.991700000000000159e+02
5.025200000000000387e+02
5.030400000000000205e+02
5.035900000000000318e+02
5.036600000000000250e+02
5.046700000000000159e+02
5.046999999999999886e+02
5.052700000000000387e+02
5.056100000000000136e+02
5.069800000000000182e+02
5.094200000000000159e+02
5.097900000000000205e+02
5.103899999999999864e+02
5.122899999999999636e+02
5.128899999999999864e+02
5.132699999999999818e+02
5.133100000000000591e+02
5.138300000000000409e+02
5.149199999999999591e+02
5.151200000000000045e+02
5.152599999999999909e+02
5.162899999999999636e+02
5.180099999999999909e+02
5.197400000000000091e+02
5.211100000000000136e+02
5.225199999999999818e+02
5.231299999999999955e+02
5.236499999999999773e+02
5.236599999999999682e+02
5.241800000000000637e+02
5.243600000000000136e+02
5.248300000000000409e+02
5.256299999999999955e+02
5.258700000000000045e+02
5.297100000000000364e+02
5.300700000000000500e+02
5.311399999999999864e+02
5.322300000000000182e+02
5.328400000000000318e+02
5.359600000000000364e+02
5.362599999999999909e+02
5.366900000000000546e+02
5.405399999999999636e+02
5.414900000000000091e+02
5.417599999999999909e+02
5.420800000000000409e+02
5.433100000000000591e+02
5.435800000000000409e+02
5.438600000000000136e+02
5.440299999999999727e+02
5.453600000000000136e+02
5.458700000000000045e+02
5.460299999999999727e+02
5.479199999999999591e+02
5.492200000000000273e+02
5.503400000000000318e+02
5.507699999999999818e+02
5.510199999999999818e+02
5.515199999999999818e+02
5.521699999999999591e+02
5.537699999999999818e+02
5.545600000000000591e+02
5.549400000000000546e+02
5.551100000000000136e+02
5.566900000000000546e+02
5.573999999999999773e+02
5.577400000000000091e+02
5.583999999999999773e+02
5.593600000000000136e+02
5.602400000000000091e+02
5.630099999999999909e+02
5.630199999999999818e+02
5.641499999999999773e+02
5.646599999999999682e+02
5.648500000000000227e+02
5.649099999999999682e+02
5.658200000000000500e+02
5.674600000000000364e+02
5.693000000000000682e+02
5.693999999999999773e+02
5.700800000000000409e+02
5.719500000000000455e+02
5.720399999999999636e+02
5.729800000000000182e+02
5.733200000000000500e+02
5.737899999999999636e+02
5.763500000000000227e+02
5.773100000000000591e+02
5.783100000000000591e+02
5.802000000000000455e+02
5.817300000000000182e+02
5.828500000000000227e+02
5.828999999999999773e+02
5.830299999999999727e+02
5.836699999999999591e+02
5.840299999999999727e+02
5.845700000000000500e+02
5.847699999999999818e+02
5.850900000000000318e+02
5.867300000000000182e+02
5.875900000000000318e+02
5.877500000000000000e+02
5.906200000000000045e+02
5.907000000000000455e+02
5.907899999999999636e+02
5.911900000000000546e+02
5.917100000000000364e+02
5.934300000000000637e+02
5.936200000000000045e+02
5.938999999999999773e+02
5.946699999999999591e+02
5.953999999999999773e+02
5.954900000000000091e+02
5.957100000000000364e+02
5.958000000000000682e+02
5.966000000000000227e+02
5.972000000000000455e+02
5.973799999999999955e+02
5.984600000000000364e+02
5.995099999999999909e+02
6.003400000000000318e+02
6.018400000000000318e+02
6.021900000000000546e+02
6.034300000000000637e+02
6.038999999999999773e+02
6.052200000000000273e+02
6.053600000000000136e+02
6.056399999999999864e+02
6.065900000000000318e+02
6.099900000000000091e+02
6.116299999999999955e+02
6.118600000000000136e+02
6.118899999999999864e+02
6.120399999999999636e+02
6.124600000000000364e+02
6.126299999999999955e+02
6.135700000000000500e+02
6.141200000000000045e+02
6.147599999999999909e+02
6.160000000000000000e+02
6.162599999999999909e+02
6.177400000000000091e+02
6.183100000000000591e+02
6.201499999999999773e+02
6.204800000000000182e+02
6.205800000000000409e+02
6.215900000000000318e+02
6.218000000000000682e+02
6.224099999999999682e+02
6.230600000000000591e+02
6.241399999999999864e+02
6.245299999999999727e+02
6.275199999999999818e+02
6.287699999999999818e+02
6.291499999999999773e+02
6.318700000000000045e+02
6.318899999999999864e+02
6.319400000000000546e+02
6.320199999999999818e+02
6.327300000000000182e+02
6.338300000000000409e+02
6.339800000000000182e+02
6.349400000000000546e+02
6.350199999999999818e+02
6.360600000000000591e+02
6.364600000000000364e+02
6.369900000000000091e+02
6.375800000000000409e+02
6.382300000000000182e+02
6.394500000000000455e+02
6.417400000000000091e+02
6.437100000000000364e+02
6.441900000000000546e+02
6.446100000000000136e+02
6.447000000000000455e+02
6.450299999999999727e+02
6.457400000000000091e+02
6.458799999999999955e+02
6.484800000000000182e+02
6.495399999999999636e+02
6.501000000000000227e+02
6.501399999999999864e+02
6.510099999999999909e+02
6.523100000000000591e+02
6.523600000000000136e+02
6.527899999999999636e+02
6.540700000000000500e+02
6.542699999999999818e+02
6.543700000000000045e+02
6.553100000000000591e+02
6.556399999999999864e+02
6.561000000000000227e+02
6.582200000000000273e+02
6.592599999999999909e+02
6.620800000000000409e+02
6.628200000000000500e+02
6.629199999999999591e+02
6.634500000000000455e+02
6.649500000000000455e+02
6.654300000000000637e+02
6.654600000000000364e+02
6.655600000000000591e+02
6.679900000000000091e+02
6.689099999999999682e+02
6.694700000000000273e+02
6.699199999999999591e+02
6.700500000000000682e+02
6.700900000000000318e+02
6.705099999999999909e+02
6.709199999999999591e+02
6.710600000000000591e+02
6.713700000000000045e+02
6.730500000000000682e+02
6.744099999999999682e+02
6.752899999999999636e+02
6.759199999999999591e+02
6.760700000000000500e+02
6.766299999999999955e+02
6.778500000000000227e+02
6.788000000000000682e+02
6.824900000000000091e+02
6.830900000000000318e+02
6.843999999999999773e+02
6.844300000000000637e+02
6.851800000000000637e+02
6.857899999999999636e+02
6.867899999999999636e+02
6.877899999999999636e+02
6.889800000000000182e+02
6.901000000000000227e+02
6.909099999999999682e+02
6.915600000000000591e+02
6.918600000000000136e+02
6.929600000000000364e+02
6.934099999999999682e+02
6.944600000000000364e+02
6.946499999999999773e+02
6.947799999999999727e+02
6.969700000000000273e+02
6.971599999999999682e+02
6.982300000000000182e+02
6.986100000000000136e+02
6.994099999999999682e+02
7.016000000000000227e+02
7.027300000000000182e+02
7.027400000000000091e+02
7.044900000000000091e+02
7.049199999999999591e+02
7.050299999999999727e+02
7.057899999999999636e+02
7.061200000000000045e+02
7.075700000000000500e+02
7.079500000000000455e+02
7.080399999999999636e+02
7.081499999999999773e+02
7.091599999999999682e+02
7.092699999999999818e+02
7.104800000000000182e+02
7.105700000000000500e+02
7.120399999999999636e+02
7.125500000000000682e+02
7.125900000000000318e+02
7.140500000000000682e+02
7.153600000000000136e+02
7.157200000000000273e+02
7.161000000000000227e+02
7.184500000000000455e+02
7.218999999999999773e+02
7.238300000000000409e+02
7.246599999999999682e+02
7.258600000000000136e+02
7.259500000000000455e+02
7.262699999999999818e+02
7.277300000000000182e+02
7.284199999999999591e+02
7.284199999999999591e+02
7.303200000000000500e+02
7.303899999999999864e+02
7.315700000000000500e+02
7.325500000000000682e+02
7.342500000000000000e+02
7.343700000000000045e+02
7.349400000000000546e+02
7.350399999999999636e+02
7.358200000000000500e+02
7.359700000000000273e+02
7.381100000000000136e+02
7.392599999999999909e+02
7.399099999999999682e+02
7.402100000000000364e+02
7.411299999999999955e+02
7.414400000000000546e+02
7.419500000000000455e+02
7.423899999999999864e+02
7.430299999999999727e+02
7.439600000000000364e+02
7.464500000000000455e+02
7.468999999999999773e+02
7.486100000000000136e+02
7.512699999999999818e+02
7.518999999999999773e+02
7.539099999999999682e+02
7.543200000000000500e+02
7.560000000000000000e+02
7.591399999999999864e+02
7.593600000000000136e+02
7.594300000000000637e+02
7.597500000000000000e+02
7.602000000000000455e+02
7.614900000000000091e+02
7.629300000000000637e+02
7.631800000000000637e+02
7.643600000000000136e+02
7.647000000000000455e+02
7.650000000000000000e+02
7.662599999999999909e+02
7.663100000000000591e+02
7.673999999999999773e+02
7.685700000000000500e+02
7.699600000000000364e+02
7.702699999999999818e+02
7.707500000000000000e+02
7.716000000000000227e+02
7.720800000000000409e+02
7.728799999999999955e+02
7.731900000000000546e+02
7.756499999999999773e+02
7.761599999999999682e+02
7.767599999999999909e+02
7.774800000000000182e+02
7.776299999999999955e+02
7.778100000000000591e+02
7.791000000000000227e+02
7.798999999999999773e+02
7.816700000000000728e+02
7.819400000000000546e+02
7.822899999999999636e+02
7.825800000000000409e+02
7.837400000000000091e+02
7.849099999999999682e+02
7.852400000000000091e+02
7.853500000000000227e+02
7.864099999999999682e+02
7.871499999999999773e+02
7.878799999999999955e+02
7.894500000000000455e+02
7.895900000000000318e+02
7.900199999999999818e+02
7.906900000000000546e+02
7.918000000000000682e+02
7.931800000000000637e+02
7.933600000000000136e+02
7.949800000000000182e+02
7.950700000000000500e+02
7.963100000000000591e+02
7.964200000000000728e+02
7.973899999999999864e+02
7.982899999999999636e+02
8.003000000000000682e+02
8.008999999999999773e+02
8.015600000000000591e+02
8.017300000000000182e+02
8.023600000000000136e+02
8.043300000000000409e+02
8.045199999999999818e+02
8.051700000000000728e+02
8.053799999999999955e+02
8.066900000000000546e+02
8.076499999999999773e+02
8.083100000000000591e+02
8.091700000000000728e+02
8.093000000000000682e+02
8.112699999999999818e+02
8.116800000000000637e+02
8.122500000000000000e+02
8.128700000000000045e+02
8.136599999999999682e+02
8.138999999999999773e+02
8.157200000000000273e+02
8.170000000000000000e+02
8.177200000000000273e+02
8.180500000000000682e+02
8.193600000000000136e+02
8.197500000000000000e+02
8.197899999999999636e+02
8.209700000000000273e+02
8.212100000000000364e+02
8.223899999999999864e+02
8.231100000000000136e+02
8.239600000000000364e+02
8.253000000000000682e+02
8.263300000000000409e+02
8.269500000000000455e+02
8.281900000000000546e+02
8.285900000000000318e+02
8.293600000000000136e+02
8.298500000000000227e+02
8.315000000000000000e+02
8.316700000000000728e+02
8.336100000000000136e+02
8.338200000000000500e+02
8.353300000000000409e+02
8.368899999999999864e+02
8.382899999999999636e+02
8.385399999999999636e+02
8.388500000000000227e+02
8.402000000000000455e+02
8.403899999999999864e+02
8.413999999999999773e+02
8.422599999999999909e+02
8.430500000000000682e+02
8.436800000000000637e+02
8.447599999999999909e+02
8.450800000000000409e+02
8.459600000000000364e+02
8.484700000000000273e+02
8.494200000000000728e+02
8.507799999999999727e+02
8.517000000000000455e+02
8.525000000000000000e+02
8.527599999999999909e+02
8.530800000000000409e+02
8.539300000000000637e+02
8.555900000000000318e+02
8.555900000000000318e+02
8.597500000000000000e+02
8.599200000000000728e+02
8.627899999999999636e+02
8.633500000000000227e+02
8.636100000000000136e+02
8.654800000000000182e+02
8.664200000000000728e+02
8.668100000000000591e+02
8.690000000000000000e+02
8.697300000000000182e+02
8.707000000000000455e+02
8.721499999999999773e+02
8.722400000000000091e+02
8.725299999999999727e+02
8.749300000000000637e+02
8.776599999999999682e+02
8.779800000000000182e+02
8.780700000000000500e+02
8.782699999999999818e+02
8.792200000000000273e+02
8.802599999999999909e+02
8.822000000000000455e+02
8.824800000000000182e+02
8.833700000000000045e+02
8.847799999999999727e+02
8.864700000000000273e+02
8.868200000000000500e+02
8.877699999999999818e+02
8.878799999999999955e+02
8.884500000000000455e+02
8.884900000000000091e+02
8.904800000000000182e+02
8.914800000000000182e+02
8.915299999999999727e+02
8.927300000000000182e+02
8.934900000000000091e+02
8.940600000000000591e+02
8.954300000000000637e+02
8.955199999999999818e+02
8.987000000000000455e+02
8.991700000000000728e+02
8.999700000000000273e+02
9.035900000000000318e+02
9.052100000000000364e+02
9.063700000000000045e+02
9.078600000000000136e+02
9.101900000000000546e+02
9.103500000000000227e+02
9.107200000000000273e+02
9.109900000000000091e+02
9.122000000000000455e+02
9.129200000000000728e+02
9.129600000000000364e+02
9.146499999999999773e+02
9.154099999999999682e+02
9.161200000000000045e+02
9.163300000000000409e+02
9.172400000000000091e+02
9.174200000000000728e+02
9.190600000000000591e+02
9.195000000000000000e+02
9.202100000000000364e+02
9.207400000000000091e+02
9.231499999999999773e+02
9.233899999999999864e+02
9.259800000000000182e+02
9.260299999999999727e+02
9.269400000000000546e+02
9.287000000000000455e+02
9.310199999999999818e+02
9.310500000000000682e+02
9.316599999999999682e+02
9.318400000000000318e+02
9.318799999999999955e+02
9.327100000000000364e+02
9.334400000000000546e+02
9.356800000000000637e+02
9.378300000000000409e+02
9.388000000000000682e+02
9.404200000000000728e+02
9.413200000000000500e+02
9.415600000000000591e+02
9.421100000000000136e+02
9.434800000000000182e+02
9.448300000000000409e+02
9.462799999999999727e+02
9.471200000000000045e+02
9.480399999999999636e+02
9.502899999999999636e+02
9.516299999999999955e+02
9.524700000000000273e+02
9.524800000000000182e+02
9.548400000000000318e+02
9.555700000000000500e+02
9.560500000000000682e+02
9.568899999999999864e+02
9.587300000000000182e+02
9.599700000000000273e+02
9.600500000000000682e+02
9.609400000000000546e+02
9.637200000000000273e+02
9.645099999999999909e+02
9.648300000000000409e+02
9.652699999999999818e+02
9.665000000000000000e+02
9.672100000000000364e+02
9.683400000000000318e+02
9.683999999999999773e+02
9.701299999999999955e+02
9.728000000000000682e+02
9.728300000000000409e+02
9.742100000000000364e+02
9.745600000000000591e+02
9.769600000000000364e+02
9.780099999999999909e+02
9.792200000000000273e+02
9.802100000000000364e+02
9.805299999999999727e+02
9.817500000000000000e+02
9.820399999999999636e+02
9.848899999999999864e+02
9.853700000000000045e+02
9.853899999999999864e+02
9.860400000000000773e+02
9.863100000000000591e+02
9.870800000000000409e+02
9.875400000000000773e+02
9.887400000000000091e+02
9.894500000000000455e+02
9.902000000000000455e+02
9.904400000000000546e+02
9.923100000000000591e+02
9.930199999999999818e+02
9.938400000000000318e+02
9.955199999999999818e+02
9.964099999999999682e+02
9.972400000000000091e+02
9.981000000000000227e+02
9.992699999999999818e+02
