6.530000000000000249e+00
7.560000000000000497e+00
1.917999999999999972e+01
2.149000000000000199e+01
2.901999999999999957e+01
2.987000000000000099e+01
3.843999999999999773e+01
4.460000000000000142e+01
4.750000000000000000e+01
5.178999999999999915e+01
5.399000000000000199e+01
6.500000000000000000e+01
7.268000000000000682e+01
8.073000000000000398e+01
8.851999999999999602e+01
9.273999999999999488e+01
9.507000000000000739e+01
1.017000000000000028e+02
1.032300000000000040e+02
1.055100000000000051e+02
1.069500000000000028e+02
1.130300000000000011e+02
1.156599999999999966e+02
1.213900000000000006e+02
1.330600000000000023e+02
1.440099999999999909e+02
1.499799999999999898e+02
1.636800000000000068e+02
1.685699999999999932e+02
1.692299999999999898e+02
1.703199999999999932e+02
1.862800000000000011e+02
1.973199999999999932e+02
2.020999999999999943e+02
2.099900000000000091e+02
2.140600000000000023e+02
2.146100000000000136e+02
2.216700000000000159e+02
2.292199999999999989e+02
2.305000000000000000e+02
2.374699999999999989e+02
2.377700000000000102e+02
2.412599999999999909e+02
2.628799999999999955e+02
2.648500000000000227e+02
2.749399999999999977e+02
2.763700000000000045e+02
2.795900000000000318e+02
2.885300000000000296e+02
2.885500000000000114e+02
3.020300000000000296e+02
3.066899999999999977e+02
3.108199999999999932e+02
3.181800000000000068e+02
3.316500000000000341e+02
3.391500000000000341e+02
3.417800000000000296e+02
3.441700000000000159e+02
3.487300000000000182e+02
3.509800000000000182e+02
3.586899999999999977e+02
3.630400000000000205e+02
3.673299999999999841e+02
3.695600000000000023e+02
3.736600000000000250e+02
3.761100000000000136e+02
3.790300000000000296e+02
3.846299999999999955e+02
3.847500000000000000e+02
3.849900000000000091e+02
3.909200000000000159e+02
3.939900000000000091e+02
3.954200000000000159e+02
4.049499999999999886e+02
4.070300000000000296e+02
4.099200000000000159e+02
4.257800000000000296e+02
4.310600000000000023e+02
4.367100000000000364e+02
4.372599999999999909e+02
4.390500000000000114e+02
4.472400000000000091e+02
4.476500000000000341e+02
4.541899999999999977e+02
4.557699999999999818e+02
4.633600000000000136e+02
4.750199999999999818e+02
4.828100000000000023e+02
4.855300000000000296e+02
4.987900000000000205e+02
5.381599999999999682e+02
5.480299999999999727e+02
5.499099999999999682e+02
5.521299999999999955e+02
5.550099999999999909e+02
5.557000000000000455e+02
5.625399999999999636e+02
5.681299999999999955e+02
5.754400000000000546e+02
5.774600000000000364e+02
5.788799999999999955e+02
5.798100000000000591e+02
5.798400000000000318e+02
5.861699999999999591e+02
5.944400000000000546e+02
6.054400000000000546e+02
6.054500000000000455e+02
6.080000000000000000e+02
6.120299999999999727e+02
6.156100000000000136e+02
6.198000000000000682e+02
6.201499999999999773e+02
6.224900000000000091e+02
6.244500000000000455e+02
6.260600000000000591e+02
6.319900000000000091e+02
6.323799999999999955e+02
6.365500000000000682e+02
6.381000000000000227e+02
6.397799999999999727e+02
6.477000000000000455e+02
6.499400000000000546e+02
6.608200000000000500e+02
6.611499999999999773e+02
6.621699999999999591e+02
6.649099999999999682e+02
6.932200000000000273e+02
6.964300000000000637e+02
6.980199999999999818e+02
6.997200000000000273e+02
7.028200000000000500e+02
7.034600000000000364e+02
7.097799999999999727e+02
7.199700000000000273e+02
7.206900000000000546e+02
7.221800000000000637e+02
7.313500000000000227e+02
7.315199999999999818e+02
7.354099999999999682e+02
7.375700000000000500e+02
7.411599999999999682e+02
7.454700000000000273e+02
7.475600000000000591e+02
7.496000000000000227e+02
7.617500000000000000e+02
7.621000000000000227e+02
7.652000000000000455e+02
7.678000000000000682e+02
7.806200000000000045e+02
7.901499999999999773e+02
7.989099999999999682e+02
8.062599999999999909e+02
8.169600000000000364e+02
8.203500000000000227e+02
8.247100000000000364e+02
8.310099999999999909e+02
8.414800000000000182e+02
8.443400000000000318e+02
8.586499999999999773e+02
8.636499999999999773e+02
8.643400000000000318e+02
8.678000000000000682e+02
8.732300000000000182e+02
8.778300000000000409e+02
8.841900000000000546e+02
8.855700000000000500e+02
8.862500000000000000e+02
8.909300000000000637e+02
8.945800000000000409e+02
9.069400000000000546e+02
9.087899999999999636e+02
9.117699999999999818e+02
9.253700000000000045e+02
9.256100000000000136e+02
9.286599999999999682e+02
9.365500000000000682e+02
9.477699999999999818e+02
9.624900000000000091e+02
9.698100000000000591e+02
9.868799999999999955e+02
