4.290000000000000036e+00
4.850000000000000533e+00
4.870000000000000107e+00
5.000000000000000000e+00
5.719999999999999751e+00
5.759999999999999787e+00
6.209999999999999964e+00
1.408000000000000007e+01
1.425000000000000000e+01
1.458999999999999986e+01
1.460999999999999943e+01
1.480000000000000071e+01
1.489000000000000057e+01
1.524000000000000021e+01
1.525999999999999979e+01
1.549000000000000021e+01
2.373000000000000043e+01
2.389000000000000057e+01
2.408999999999999986e+01
2.419999999999999929e+01
2.478000000000000114e+01
2.480000000000000071e+01
2.482000000000000028e+01
2.510000000000000142e+01
2.585000000000000142e+01
2.587999999999999901e+01
2.610000000000000142e+01
3.457000000000000028e+01
3.461999999999999744e+01
3.489000000000000057e+01
4.434000000000000341e+01
4.439000000000000057e+01
4.467999999999999972e+01
4.492999999999999972e+01
4.517000000000000171e+01
4.560000000000000142e+01
4.600000000000000000e+01
5.385000000000000142e+01
5.393999999999999773e+01
5.521000000000000085e+01
5.543999999999999773e+01
5.582999999999999829e+01
5.591000000000000369e+01
6.456000000000000227e+01
6.459999999999999432e+01
6.479999999999999716e+01
6.490999999999999659e+01
6.496000000000000796e+01
6.510999999999999943e+01
6.515999999999999659e+01
7.379999999999999716e+01
7.415000000000000568e+01
7.428000000000000114e+01
7.435000000000000853e+01
7.475000000000000000e+01
7.484000000000000341e+01
7.500000000000000000e+01
7.587000000000000455e+01
7.621999999999999886e+01
8.409000000000000341e+01
8.476000000000000512e+01
8.479999999999999716e+01
8.484000000000000341e+01
8.556000000000000227e+01
8.626999999999999602e+01
8.660999999999999943e+01
9.376000000000000512e+01
9.390000000000000568e+01
9.396999999999999886e+01
9.421999999999999886e+01
9.457000000000000739e+01
9.501999999999999602e+01
9.537999999999999545e+01
9.626000000000000512e+01
9.634000000000000341e+01
1.037500000000000000e+02
1.047900000000000063e+02
1.047900000000000063e+02
1.048299999999999983e+02
1.048500000000000085e+02
1.048599999999999994e+02
1.049500000000000028e+02
1.050100000000000051e+02
1.054600000000000080e+02
1.056299999999999955e+02
1.058700000000000045e+02
1.059099999999999966e+02
1.137199999999999989e+02
1.140700000000000074e+02
1.143299999999999983e+02
1.148500000000000085e+02
1.149600000000000080e+02
1.150400000000000063e+02
1.154699999999999989e+02
1.157400000000000091e+02
1.162999999999999972e+02
1.170400000000000063e+02
1.232999999999999972e+02
1.240700000000000074e+02
1.241500000000000057e+02
1.245700000000000074e+02
1.246200000000000045e+02
1.247600000000000051e+02
1.251800000000000068e+02
1.256599999999999966e+02
1.339000000000000057e+02
1.339699999999999989e+02
1.340600000000000023e+02
1.343100000000000023e+02
1.346200000000000045e+02
1.348700000000000045e+02
1.349399999999999977e+02
1.353000000000000114e+02
1.354799999999999898e+02
1.355300000000000011e+02
1.355399999999999920e+02
1.438000000000000114e+02
1.438300000000000125e+02
1.439200000000000159e+02
1.447800000000000011e+02
1.449600000000000080e+02
1.457800000000000011e+02
1.463700000000000045e+02
1.546200000000000045e+02
1.549000000000000057e+02
1.549600000000000080e+02
1.553000000000000114e+02
1.566200000000000045e+02
1.569399999999999977e+02
1.645000000000000000e+02
1.650999999999999943e+02
1.653300000000000125e+02
1.746299999999999955e+02
1.747599999999999909e+02
1.751500000000000057e+02
1.753000000000000114e+02
1.753799999999999955e+02
1.758700000000000045e+02
1.763300000000000125e+02
1.842400000000000091e+02
1.843600000000000136e+02
1.846899999999999977e+02
1.850099999999999909e+02
1.851599999999999966e+02
1.854099999999999966e+02
1.860999999999999943e+02
1.868400000000000034e+02
1.931599999999999966e+02
1.937800000000000011e+02
1.940699999999999932e+02
1.944800000000000182e+02
1.950099999999999909e+02
1.952199999999999989e+02
1.961100000000000136e+02
2.030600000000000023e+02
2.031200000000000045e+02
2.037700000000000102e+02
2.038300000000000125e+02
2.049500000000000171e+02
2.060200000000000102e+02
2.134000000000000057e+02
2.136500000000000057e+02
2.136500000000000057e+02
2.147599999999999909e+02
2.149900000000000091e+02
2.154600000000000080e+02
2.157000000000000171e+02
2.162300000000000182e+02
2.164800000000000182e+02
2.238100000000000023e+02
2.243499999999999943e+02
2.258900000000000148e+02
2.328900000000000148e+02
2.333799999999999955e+02
2.340900000000000034e+02
2.343100000000000023e+02
2.349099999999999966e+02
2.354000000000000057e+02
2.355800000000000125e+02
2.356500000000000057e+02
2.358199999999999932e+02
2.365200000000000102e+02
2.366200000000000045e+02
2.430500000000000114e+02
2.444399999999999977e+02
2.449000000000000057e+02
2.450099999999999909e+02
2.451299999999999955e+02
2.452300000000000182e+02
2.453199999999999932e+02
2.454800000000000182e+02
2.522000000000000171e+02
2.532500000000000000e+02
2.541800000000000068e+02
2.541899999999999977e+02
2.542700000000000102e+02
2.546700000000000159e+02
2.546899999999999977e+02
2.561299999999999955e+02
2.626399999999999864e+02
2.635600000000000023e+02
2.636999999999999886e+02
2.638500000000000227e+02
2.641899999999999977e+02
2.643500000000000227e+02
2.648999999999999773e+02
2.656200000000000045e+02
2.656800000000000068e+02
2.663100000000000023e+02
2.726299999999999955e+02
2.731100000000000136e+02
2.737599999999999909e+02
2.740099999999999909e+02
2.742500000000000000e+02
2.742800000000000296e+02
2.743400000000000318e+02
2.755900000000000318e+02
2.756600000000000250e+02
2.768899999999999864e+02
2.826700000000000159e+02
2.833600000000000136e+02
2.838799999999999955e+02
2.843000000000000114e+02
2.853500000000000227e+02
2.855500000000000114e+02
2.867099999999999795e+02
2.933000000000000114e+02
2.942800000000000296e+02
2.943100000000000023e+02
2.945000000000000000e+02
2.945400000000000205e+02
2.952300000000000182e+02
2.953299999999999841e+02
2.953799999999999955e+02
2.965600000000000023e+02
3.022400000000000091e+02
3.025900000000000318e+02
3.035300000000000296e+02
3.035900000000000318e+02
3.038899999999999864e+02
3.042800000000000296e+02
3.049800000000000182e+02
3.057900000000000205e+02
3.058199999999999932e+02
3.060300000000000296e+02
3.122800000000000296e+02
3.126200000000000045e+02
3.132500000000000000e+02
3.134399999999999977e+02
3.135699999999999932e+02
3.145600000000000023e+02
3.146000000000000227e+02
3.149300000000000068e+02
3.149499999999999886e+02
3.149700000000000273e+02
3.219599999999999795e+02
3.224900000000000091e+02
3.230799999999999841e+02
3.241700000000000159e+02
3.243100000000000023e+02
3.263299999999999841e+02
3.282599999999999909e+02
3.342200000000000273e+02
3.350199999999999818e+02
3.351100000000000136e+02
3.351100000000000136e+02
3.351600000000000250e+02
3.356200000000000045e+02
3.427400000000000091e+02
3.433600000000000136e+02
3.438100000000000023e+02
3.441200000000000045e+02
3.452900000000000205e+02
3.456299999999999955e+02
3.456800000000000068e+02
3.471999999999999886e+02
3.483500000000000227e+02
3.521399999999999864e+02
3.533100000000000023e+02
3.539900000000000091e+02
3.542200000000000273e+02
3.542500000000000000e+02
3.551500000000000341e+02
3.558799999999999955e+02
3.560400000000000205e+02
3.565400000000000205e+02
3.622099999999999795e+02
3.635400000000000205e+02
3.638000000000000114e+02
3.640199999999999818e+02
3.642200000000000273e+02
3.645699999999999932e+02
3.655400000000000205e+02
3.660799999999999841e+02
3.665000000000000000e+02
3.716299999999999955e+02
3.727400000000000091e+02
3.736500000000000341e+02
3.740000000000000000e+02
3.761500000000000341e+02
3.769100000000000250e+02
3.815799999999999841e+02
3.830600000000000023e+02
3.834200000000000159e+02
3.835300000000000296e+02
3.835699999999999932e+02
3.841399999999999864e+02
3.842300000000000182e+02
3.848700000000000045e+02
3.849499999999999886e+02
3.921999999999999886e+02
3.923199999999999932e+02
3.926200000000000045e+02
3.940799999999999841e+02
3.956500000000000341e+02
3.957699999999999818e+02
4.008600000000000136e+02
4.012900000000000205e+02
4.017800000000000296e+02
4.022500000000000000e+02
4.041999999999999886e+02
4.046700000000000159e+02
4.047900000000000205e+02
4.058899999999999864e+02
4.071700000000000159e+02
4.086299999999999955e+02
4.105900000000000318e+02
4.123600000000000136e+02
4.129100000000000250e+02
4.145900000000000318e+02
4.154800000000000182e+02
4.155799999999999841e+02
4.159700000000000273e+02
4.160900000000000318e+02
4.182300000000000182e+02
4.228199999999999932e+02
4.230199999999999818e+02
4.242100000000000364e+02
4.246800000000000068e+02
4.250400000000000205e+02
4.261700000000000159e+02
4.276100000000000136e+02
4.314000000000000341e+02
4.330900000000000318e+02
4.332699999999999818e+02
4.346800000000000068e+02
4.351200000000000045e+02
4.352300000000000182e+02
4.359700000000000273e+02
4.416600000000000250e+02
4.424800000000000182e+02
4.431999999999999886e+02
4.447699999999999818e+02
4.458400000000000318e+02
4.459900000000000091e+02
4.488100000000000023e+02
4.516500000000000341e+02
4.526100000000000136e+02
4.530900000000000318e+02
4.544000000000000341e+02
4.550500000000000114e+02
4.552200000000000273e+02
4.570900000000000318e+02
4.594399999999999977e+02
4.633299999999999841e+02
4.635099999999999909e+02
4.639600000000000364e+02
4.654800000000000182e+02
4.655500000000000114e+02
4.717900000000000205e+02
4.728899999999999864e+02
4.737100000000000364e+02
4.737100000000000364e+02
4.742400000000000091e+02
4.766200000000000045e+02
4.766500000000000341e+02
4.827200000000000273e+02
4.833199999999999932e+02
4.837900000000000205e+02
4.839600000000000364e+02
4.840300000000000296e+02
4.864300000000000068e+02
4.875600000000000023e+02
4.930699999999999932e+02
4.936800000000000068e+02
4.952599999999999909e+02
4.956500000000000341e+02
4.958199999999999932e+02
5.029900000000000091e+02
5.032400000000000091e+02
5.037500000000000000e+02
5.038000000000000114e+02
5.048600000000000136e+02
5.048600000000000136e+02
5.053799999999999955e+02
5.073000000000000114e+02
5.099600000000000364e+02
5.124600000000000364e+02
5.133799999999999955e+02
5.142100000000000364e+02
5.150800000000000409e+02
5.156000000000000227e+02
5.168200000000000500e+02
5.199400000000000546e+02
5.213300000000000409e+02
5.227200000000000273e+02
5.237999999999999545e+02
5.238300000000000409e+02
5.245000000000000000e+02
5.246200000000000045e+02
5.250900000000000318e+02
5.258300000000000409e+02
5.323700000000000045e+02
5.334900000000000091e+02
5.360600000000000591e+02
5.370299999999999727e+02
5.416100000000000136e+02
5.420299999999999727e+02
5.437300000000000182e+02
5.443999999999999773e+02
5.455099999999999909e+02
5.460099999999999909e+02
5.462200000000000273e+02
5.515399999999999636e+02
5.523400000000000318e+02
5.526499999999999773e+02
5.539500000000000455e+02
5.551399999999999864e+02
5.553000000000000682e+02
5.562400000000000091e+02
5.570099999999999909e+02
5.579500000000000455e+02
5.586299999999999955e+02
5.631100000000000136e+02
5.633100000000000591e+02
5.642400000000000091e+02
5.652000000000000455e+02
5.659600000000000364e+02
5.675900000000000318e+02
5.706399999999999864e+02
5.721000000000000227e+02
5.721399999999999864e+02
5.732000000000000455e+02
5.738999999999999773e+02
5.744300000000000637e+02
5.773799999999999955e+02
5.783600000000000136e+02
5.829600000000000364e+02
5.830600000000000591e+02
5.837799999999999727e+02
5.849199999999999591e+02
5.852500000000000000e+02
5.868400000000000318e+02
5.879199999999999591e+02
5.909300000000000637e+02
5.913600000000000136e+02
5.918500000000000227e+02
5.935900000000000318e+02
5.938200000000000500e+02
5.948000000000000682e+02
5.955900000000000318e+02
5.957799999999999727e+02
5.959400000000000546e+02
5.960299999999999727e+02
5.978400000000000318e+02
5.981699999999999591e+02
6.024500000000000455e+02
6.026000000000000227e+02
6.037000000000000455e+02
6.040600000000000591e+02
6.064400000000000546e+02
6.066800000000000637e+02
6.102599999999999909e+02
6.121399999999999864e+02
6.126299999999999955e+02
6.127300000000000182e+02
6.137500000000000000e+02
6.143000000000000682e+02
6.149700000000000273e+02
6.168500000000000227e+02
6.179199999999999591e+02
6.206499999999999773e+02
6.217500000000000000e+02
6.218799999999999955e+02
6.225399999999999636e+02
6.242400000000000091e+02
6.246800000000000637e+02
6.275900000000000318e+02
6.289099999999999682e+02
6.292400000000000091e+02
6.320700000000000500e+02
6.320900000000000318e+02
6.341200000000000045e+02
6.350700000000000500e+02
6.366800000000000637e+02
6.369400000000000546e+02
6.372200000000000273e+02
6.380000000000000000e+02
6.383100000000000591e+02
6.418700000000000045e+02
6.442799999999999727e+02
6.446599999999999682e+02
6.447100000000000364e+02
6.448100000000000591e+02
6.451699999999999591e+02
6.458200000000000500e+02
6.460500000000000682e+02
6.486000000000000227e+02
6.496599999999999682e+02
6.502500000000000000e+02
6.505299999999999727e+02
6.511599999999999682e+02
6.524800000000000182e+02
6.544500000000000455e+02
6.545000000000000000e+02
6.554600000000000364e+02
6.561900000000000546e+02
6.583999999999999773e+02
6.622799999999999727e+02
6.630700000000000500e+02
6.631299999999999955e+02
6.652400000000000091e+02
6.656000000000000227e+02
6.657200000000000273e+02
6.657599999999999909e+02
6.681200000000000045e+02
6.690500000000000682e+02
6.701000000000000227e+02
6.708400000000000318e+02
6.719800000000000182e+02
6.731399999999999864e+02
6.745199999999999818e+02
6.753400000000000318e+02
6.760099999999999909e+02
6.779199999999999591e+02
6.834199999999999591e+02
6.853400000000000318e+02
6.858100000000000591e+02
6.858799999999999955e+02
6.869300000000000637e+02
6.891800000000000637e+02
6.910199999999999818e+02
6.919700000000000273e+02
6.919700000000000273e+02
6.939700000000000273e+02
6.946100000000000136e+02
6.950199999999999818e+02
6.950700000000000500e+02
6.984199999999999591e+02
7.008100000000000591e+02
7.028600000000000136e+02
7.032899999999999636e+02
7.045800000000000409e+02
7.051200000000000045e+02
7.063600000000000136e+02
7.077200000000000273e+02
7.081499999999999773e+02
7.099600000000000364e+02
7.122899999999999636e+02
7.127000000000000455e+02
7.127799999999999727e+02
7.158700000000000045e+02
7.163300000000000409e+02
7.241900000000000546e+02
7.254700000000000273e+02
7.260800000000000409e+02
7.279700000000000273e+02
7.286299999999999955e+02
7.304099999999999682e+02
7.305199999999999818e+02
7.323700000000000045e+02
7.343600000000000136e+02
7.345800000000000409e+02
7.352000000000000455e+02
7.353200000000000500e+02
7.359600000000000364e+02
7.385900000000000318e+02
7.400800000000000409e+02
7.403500000000000227e+02
7.412000000000000455e+02
7.421100000000000136e+02
7.432200000000000273e+02
7.439099999999999682e+02
7.440900000000000318e+02
7.514199999999999591e+02
7.520399999999999636e+02
7.544199999999999591e+02
7.594500000000000455e+02
7.599099999999999682e+02
7.618899999999999864e+02
7.630700000000000500e+02
7.633300000000000409e+02
7.648200000000000500e+02
7.702200000000000273e+02
7.704600000000000364e+02
7.717500000000000000e+02
7.732200000000000273e+02
7.740600000000000591e+02
7.758799999999999955e+02
7.769900000000000091e+02
7.778100000000000591e+02
7.797100000000000364e+02
7.799900000000000091e+02
7.818300000000000409e+02
7.840099999999999909e+02
7.853999999999999773e+02
7.854700000000000273e+02
7.882000000000000455e+02
7.897500000000000000e+02
7.934400000000000546e+02
7.934900000000000091e+02
7.952100000000000364e+02
7.953000000000000682e+02
7.964700000000000273e+02
7.966100000000000136e+02
7.985299999999999727e+02
8.010600000000000591e+02
8.017000000000000455e+02
8.019900000000000091e+02
8.024800000000000182e+02
8.045600000000000591e+02
8.053200000000000500e+02
8.054500000000000455e+02
8.093400000000000318e+02
8.116100000000000136e+02
8.125199999999999818e+02
8.127899999999999636e+02
8.130399999999999636e+02
8.137300000000000182e+02
8.171200000000000045e+02
8.180399999999999636e+02
8.199300000000000637e+02
8.199900000000000091e+02
8.226000000000000227e+02
8.232300000000000182e+02
8.241100000000000136e+02
8.255299999999999727e+02
8.264900000000000091e+02
8.271100000000000136e+02
8.283000000000000682e+02
8.308100000000000591e+02
8.317300000000000182e+02
8.318999999999999773e+02
8.339600000000000364e+02
8.356499999999999773e+02
8.371100000000000136e+02
8.406200000000000045e+02
8.423999999999999773e+02
8.431399999999999864e+02
8.438400000000000318e+02
8.448999999999999773e+02
8.452000000000000455e+02
8.496599999999999682e+02
8.509099999999999682e+02
8.531499999999999773e+02
8.532799999999999727e+02
8.540500000000000682e+02
8.557699999999999818e+02
8.572500000000000000e+02
8.600399999999999636e+02
8.600399999999999636e+02
8.630399999999999636e+02
8.637300000000000182e+02
8.656299999999999955e+02
8.670099999999999909e+02
8.691200000000000045e+02
8.723100000000000591e+02
8.724600000000000364e+02
8.726900000000000546e+02
8.752200000000000273e+02
8.779800000000000182e+02
8.781200000000000045e+02
8.784800000000000182e+02
8.804400000000000546e+02
8.825700000000000500e+02
8.825900000000000318e+02
8.835199999999999818e+02
8.869500000000000455e+02
8.880600000000000591e+02
8.881399999999999864e+02
8.885600000000000591e+02
8.886299999999999955e+02
8.916200000000000045e+02
8.936499999999999773e+02
8.955600000000000591e+02
8.957000000000000455e+02
8.993999999999999773e+02
8.999900000000000091e+02
9.000700000000000500e+02
9.038000000000000682e+02
9.065000000000000000e+02
9.065800000000000409e+02
9.103100000000000591e+02
9.104600000000000364e+02
9.108700000000000045e+02
9.122899999999999636e+02
9.131499999999999773e+02
9.147899999999999636e+02
9.165199999999999818e+02
9.166399999999999864e+02
9.177400000000000091e+02
9.185000000000000000e+02
9.196900000000000546e+02
9.204400000000000546e+02
9.208899999999999864e+02
9.241200000000000045e+02
9.261700000000000728e+02
9.273200000000000500e+02
9.290000000000000000e+02
9.314200000000000728e+02
9.319400000000000546e+02
9.320299999999999727e+02
9.328100000000000591e+02
9.335299999999999727e+02
9.358700000000000045e+02
9.404800000000000182e+02
9.415000000000000000e+02
9.416700000000000728e+02
9.435600000000000591e+02
9.472300000000000182e+02
9.481900000000000546e+02
9.504300000000000637e+02
9.528600000000000136e+02
9.552500000000000000e+02
9.560900000000000318e+02
9.570299999999999727e+02
9.590199999999999818e+02
9.603799999999999955e+02
9.606499999999999773e+02
9.610299999999999727e+02
9.638300000000000409e+02
9.646000000000000227e+02
9.652100000000000364e+02
9.654300000000000637e+02
9.678700000000000045e+02
9.688400000000000318e+02
9.702400000000000091e+02
9.728999999999999773e+02
9.734300000000000637e+02
9.744200000000000728e+02
9.747799999999999727e+02
9.781900000000000546e+02
9.803600000000000136e+02
9.819200000000000728e+02
9.856599999999999682e+02
9.858400000000000318e+02
9.862300000000000182e+02
9.864800000000000182e+02
9.871900000000000546e+02
9.890299999999999727e+02
9.895800000000000409e+02
9.904700000000000273e+02
9.905400000000000773e+02
9.928100000000000591e+02
9.939400000000000546e+02
9.965199999999999818e+02
9.974900000000000091e+02
9.994200000000000728e+02
