1.928000000000000114e+01
2.158999999999999986e+01
2.835999999999999943e+01
3.864000000000000057e+01
4.970000000000000284e+01
5.162000000000000455e+01
8.156000000000000227e+01
8.387000000000000455e+01
1.149300000000000068e+02
1.697299999999999898e+02
1.715600000000000023e+02
1.888199999999999932e+02
2.078100000000000023e+02
2.135699999999999932e+02
2.190999999999999943e+02
2.521800000000000068e+02
2.695400000000000205e+02
2.695500000000000114e+02
2.708100000000000023e+02
2.754100000000000250e+02
3.081700000000000159e+02
3.116800000000000068e+02
3.173299999999999841e+02
3.509700000000000273e+02
3.542599999999999909e+02
3.640000000000000000e+02
4.542200000000000273e+02
4.760000000000000000e+02
4.763100000000000023e+02
4.912500000000000000e+02
4.932300000000000182e+02
5.021899999999999977e+02
5.142000000000000455e+02
5.162799999999999727e+02
5.472000000000000455e+02
5.672200000000000273e+02
5.870000000000000000e+02
6.049199999999999591e+02
6.218999999999999773e+02
6.288700000000000045e+02
6.779300000000000637e+02
6.916900000000000546e+02
6.919099999999999682e+02
7.474400000000000546e+02
7.728500000000000227e+02
8.192799999999999727e+02
8.261399999999999864e+02
8.379600000000000364e+02
8.410099999999999909e+02
8.666200000000000045e+02
8.945900000000000318e+02
9.128100000000000591e+02
9.517000000000000455e+02
9.690399999999999636e+02
9.837100000000000364e+02
