2.720000000000000195e+00
2.800000000000000266e+00
2.879999999999999893e+00
2.910000000000000142e+00
2.939999999999999947e+00
3.060000000000000053e+00
3.180000000000000160e+00
6.610000000000000320e+00
6.620000000000000107e+00
6.690000000000000391e+00
6.709999999999999964e+00
7.070000000000000284e+00
1.064000000000000057e+01
1.064000000000000057e+01
1.068999999999999950e+01
1.071000000000000085e+01
1.159999999999999964e+01
1.460999999999999943e+01
1.473000000000000043e+01
1.485999999999999943e+01
1.504000000000000092e+01
1.516000000000000014e+01
1.866000000000000014e+01
1.873000000000000043e+01
1.883999999999999986e+01
1.892000000000000171e+01
1.919000000000000128e+01
1.926999999999999957e+01
2.253000000000000114e+01
2.260000000000000142e+01
2.265000000000000213e+01
2.269999999999999929e+01
2.308999999999999986e+01
2.321000000000000085e+01
2.324000000000000199e+01
2.657000000000000028e+01
2.658000000000000185e+01
2.678000000000000114e+01
2.681000000000000227e+01
2.776000000000000156e+01
3.044000000000000128e+01
3.060999999999999943e+01
3.074000000000000199e+01
3.075000000000000000e+01
3.078999999999999915e+01
3.173000000000000043e+01
3.443999999999999773e+01
3.459000000000000341e+01
3.488000000000000256e+01
3.518999999999999773e+01
3.563000000000000256e+01
3.830000000000000426e+01
3.850999999999999801e+01
3.871000000000000085e+01
3.917000000000000171e+01
3.925999999999999801e+01
3.932999999999999829e+01
4.239000000000000057e+01
4.256000000000000227e+01
4.264999999999999858e+01
4.271999999999999886e+01
4.282999999999999829e+01
4.310000000000000142e+01
4.653000000000000114e+01
4.666000000000000369e+01
4.677000000000000313e+01
4.713000000000000256e+01
5.067000000000000171e+01
5.071000000000000085e+01
5.080000000000000426e+01
5.106000000000000227e+01
5.146999999999999886e+01
5.223000000000000398e+01
5.421000000000000085e+01
5.424000000000000199e+01
5.446999999999999886e+01
5.484000000000000341e+01
5.528000000000000114e+01
5.817000000000000171e+01
5.842999999999999972e+01
5.863000000000000256e+01
5.875999999999999801e+01
5.888000000000000256e+01
5.973000000000000398e+01
5.978000000000000114e+01
6.210000000000000142e+01
6.224000000000000199e+01
6.228999999999999915e+01
6.264999999999999858e+01
6.292000000000000171e+01
6.363000000000000256e+01
6.378999999999999915e+01
6.639000000000000057e+01
6.653000000000000114e+01
6.660999999999999943e+01
6.682999999999999829e+01
7.035000000000000853e+01
7.048000000000000398e+01
7.054999999999999716e+01
7.110999999999999943e+01
7.132999999999999829e+01
7.178000000000000114e+01
7.398000000000000398e+01
7.442000000000000171e+01
7.471000000000000796e+01
7.485999999999999943e+01
7.517000000000000171e+01
7.571000000000000796e+01
7.835999999999999943e+01
7.854000000000000625e+01
7.871000000000000796e+01
7.889000000000000057e+01
7.910000000000000853e+01
7.987000000000000455e+01
8.200000000000000000e+01
8.207000000000000739e+01
8.232000000000000739e+01
8.242000000000000171e+01
8.293000000000000682e+01
8.326000000000000512e+01
8.626000000000000512e+01
8.635999999999999943e+01
8.684000000000000341e+01
8.687999999999999545e+01
8.760000000000000853e+01
8.993999999999999773e+01
9.029000000000000625e+01
9.035000000000000853e+01
9.079000000000000625e+01
9.110999999999999943e+01
9.401000000000000512e+01
9.415999999999999659e+01
9.434000000000000341e+01
9.448999999999999488e+01
9.482999999999999829e+01
9.587000000000000455e+01
9.803000000000000114e+01
9.807999999999999829e+01
9.871000000000000796e+01
9.893999999999999773e+01
9.942000000000000171e+01
9.968000000000000682e+01
1.020799999999999983e+02
1.022300000000000040e+02
1.026899999999999977e+02
1.027100000000000080e+02
1.033700000000000045e+02
1.037600000000000051e+02
1.061500000000000057e+02
1.062100000000000080e+02
1.064099999999999966e+02
1.069300000000000068e+02
1.075300000000000011e+02
1.080300000000000011e+02
1.100300000000000011e+02
1.102100000000000080e+02
1.105400000000000063e+02
1.108400000000000034e+02
1.113900000000000006e+02
1.139600000000000080e+02
1.140900000000000034e+02
1.143100000000000023e+02
1.151000000000000085e+02
1.158400000000000034e+02
1.177999999999999972e+02
1.180199999999999960e+02
1.184300000000000068e+02
1.186700000000000017e+02
1.194399999999999977e+02
1.200799999999999983e+02
1.218100000000000023e+02
1.223400000000000034e+02
1.224000000000000057e+02
1.230799999999999983e+02
1.237000000000000028e+02
1.244200000000000017e+02
1.255799999999999983e+02
1.263200000000000074e+02
1.267100000000000080e+02
1.270700000000000074e+02
1.274399999999999977e+02
1.280900000000000034e+02
1.296800000000000068e+02
1.297500000000000000e+02
1.305500000000000114e+02
1.309399999999999977e+02
1.324099999999999966e+02
1.325200000000000102e+02
1.341899999999999977e+02
1.343100000000000023e+02
1.345200000000000102e+02
1.351200000000000045e+02
1.361899999999999977e+02
1.368300000000000125e+02
1.379200000000000159e+02
1.381500000000000057e+02
1.384399999999999977e+02
1.391100000000000136e+02
1.413199999999999932e+02
1.419900000000000091e+02
1.425000000000000000e+02
1.427599999999999909e+02
1.435699999999999932e+02
1.455999999999999943e+02
1.459699999999999989e+02
1.465399999999999920e+02
1.471200000000000045e+02
1.478100000000000023e+02
1.494300000000000068e+02
1.499200000000000159e+02
1.502000000000000171e+02
1.511299999999999955e+02
1.516500000000000057e+02
1.536800000000000068e+02
1.539000000000000057e+02
1.541599999999999966e+02
1.548900000000000148e+02
1.557599999999999909e+02
1.573100000000000023e+02
1.578199999999999932e+02
1.581899999999999977e+02
1.593100000000000023e+02
1.599000000000000057e+02
1.614200000000000159e+02
1.620300000000000011e+02
1.623100000000000023e+02
1.628000000000000114e+02
1.637599999999999909e+02
1.652500000000000000e+02
1.656400000000000148e+02
1.662700000000000102e+02
1.667599999999999909e+02
1.682000000000000171e+02
1.692000000000000171e+02
1.692199999999999989e+02
1.696800000000000068e+02
1.701800000000000068e+02
1.703000000000000114e+02
1.709900000000000091e+02
1.719000000000000057e+02
1.729799999999999898e+02
1.738900000000000148e+02
1.743300000000000125e+02
1.747800000000000011e+02
1.757800000000000011e+02
1.774799999999999898e+02
1.780999999999999943e+02
1.782199999999999989e+02
1.798799999999999955e+02
1.813000000000000114e+02
1.817599999999999909e+02
1.825000000000000000e+02
1.830500000000000114e+02
1.836800000000000068e+02
1.846899999999999977e+02
1.848100000000000023e+02
1.851899999999999977e+02
1.854200000000000159e+02
1.860800000000000125e+02
1.875500000000000114e+02
1.876299999999999955e+02
1.899399999999999977e+02
1.902800000000000011e+02
1.910200000000000102e+02
1.917000000000000171e+02
1.923300000000000125e+02
1.927899999999999920e+02
1.932899999999999920e+02
1.933499999999999943e+02
1.940800000000000125e+02
1.950600000000000023e+02
1.958799999999999955e+02
1.978199999999999932e+02
1.979399999999999977e+02
1.991800000000000068e+02
1.999699999999999989e+02
2.012599999999999909e+02
2.019200000000000159e+02
2.020600000000000023e+02
2.035999999999999943e+02
2.039099999999999966e+02
2.049200000000000159e+02
2.060800000000000125e+02
2.060800000000000125e+02
2.073000000000000114e+02
2.075800000000000125e+02
2.091400000000000148e+02
2.096500000000000057e+02
2.101599999999999966e+02
2.112599999999999909e+02
2.124600000000000080e+02
2.132700000000000102e+02
2.133700000000000045e+02
2.142800000000000011e+02
2.151500000000000057e+02
2.158400000000000034e+02
2.175699999999999932e+02
2.176299999999999955e+02
2.181100000000000136e+02
2.191299999999999955e+02
2.204500000000000171e+02
2.211100000000000136e+02
2.211700000000000159e+02
2.215000000000000000e+02
2.222400000000000091e+02
2.229699999999999989e+02
2.240600000000000023e+02
2.249800000000000182e+02
2.251899999999999977e+02
2.264200000000000159e+02
2.271400000000000148e+02
2.278400000000000034e+02
2.281500000000000057e+02
2.293900000000000148e+02
2.295200000000000102e+02
2.296700000000000159e+02
2.300600000000000023e+02
2.310900000000000034e+02
2.325000000000000000e+02
2.334800000000000182e+02
2.336899999999999977e+02
2.340399999999999920e+02
2.354600000000000080e+02
2.364800000000000182e+02
2.370099999999999909e+02
2.386400000000000148e+02
2.389399999999999977e+02
2.405699999999999932e+02
2.412700000000000102e+02
2.415000000000000000e+02
2.423400000000000034e+02
2.433900000000000148e+02
2.443000000000000114e+02
2.447000000000000171e+02
2.456200000000000045e+02
2.463199999999999932e+02
2.473100000000000023e+02
2.483300000000000125e+02
2.485200000000000102e+02
2.490300000000000011e+02
2.495500000000000114e+02
2.502899999999999920e+02
2.509000000000000057e+02
2.528199999999999932e+02
2.532300000000000182e+02
2.535399999999999920e+02
2.542700000000000102e+02
2.551500000000000057e+02
2.560199999999999818e+02
2.573100000000000023e+02
2.580300000000000296e+02
2.592200000000000273e+02
2.599800000000000182e+02
2.606600000000000250e+02
2.613299999999999841e+02
2.618400000000000318e+02
2.621899999999999977e+02
2.630699999999999932e+02
2.640300000000000296e+02
2.645699999999999932e+02
2.649499999999999886e+02
2.661299999999999955e+02
2.673700000000000045e+02
2.687599999999999909e+02
2.688400000000000318e+02
2.698700000000000045e+02
2.701700000000000159e+02
2.713600000000000136e+02
2.720900000000000318e+02
2.721800000000000068e+02
2.730799999999999841e+02
2.746999999999999886e+02
2.751500000000000341e+02
2.751600000000000250e+02
2.768299999999999841e+02
2.769300000000000068e+02
2.780199999999999818e+02
2.793600000000000136e+02
2.800900000000000318e+02
2.802800000000000296e+02
2.811100000000000136e+02
2.819300000000000068e+02
2.823400000000000318e+02
2.832599999999999909e+02
2.842200000000000273e+02
2.850199999999999818e+02
2.863400000000000318e+02
2.871899999999999977e+02
2.886100000000000136e+02
2.887800000000000296e+02
2.894499999999999886e+02
2.901700000000000159e+02
2.909100000000000250e+02
2.927400000000000091e+02
2.933400000000000318e+02
2.935099999999999909e+02
2.946899999999999977e+02
2.951299999999999955e+02
2.964900000000000091e+02
2.967599999999999909e+02
2.979000000000000341e+02
2.993000000000000114e+02
3.000300000000000296e+02
3.005400000000000205e+02
3.011399999999999864e+02
3.024300000000000068e+02
3.029499999999999886e+02
3.038199999999999932e+02
3.048299999999999841e+02
3.048600000000000136e+02
3.062500000000000000e+02
3.074000000000000341e+02
3.076299999999999955e+02
3.082900000000000205e+02
3.087500000000000000e+02
3.098299999999999841e+02
3.103100000000000023e+02
3.115099999999999909e+02
3.118799999999999955e+02
3.125699999999999932e+02
3.128700000000000045e+02
3.134700000000000273e+02
3.137300000000000182e+02
3.149300000000000068e+02
3.168000000000000114e+02
3.168199999999999932e+02
3.180500000000000114e+02
3.189900000000000091e+02
3.189900000000000091e+02
3.196200000000000045e+02
3.207800000000000296e+02
3.209700000000000273e+02
3.224900000000000091e+02
3.231399999999999864e+02
3.246399999999999864e+02
3.261000000000000227e+02
3.273199999999999932e+02
3.279000000000000341e+02
3.288799999999999955e+02
3.296500000000000341e+02
3.315699999999999932e+02
3.317599999999999909e+02
3.326700000000000159e+02
3.336700000000000159e+02
3.342599999999999909e+02
3.352099999999999795e+02
3.355799999999999841e+02
3.370799999999999841e+02
3.373199999999999932e+02
3.380199999999999818e+02
3.393199999999999932e+02
3.397900000000000205e+02
3.408000000000000114e+02
3.411600000000000250e+02
3.421100000000000136e+02
3.433700000000000045e+02
3.442900000000000205e+02
3.443000000000000114e+02
3.448199999999999932e+02
3.460500000000000114e+02
3.476800000000000068e+02
3.478100000000000023e+02
3.481000000000000227e+02
3.494499999999999886e+02
3.499399999999999977e+02
3.510900000000000318e+02
3.520600000000000023e+02
3.529900000000000091e+02
3.532500000000000000e+02
3.538799999999999955e+02
3.546000000000000227e+02
3.548299999999999841e+02
3.566299999999999955e+02
3.584300000000000068e+02
3.591399999999999864e+02
3.594300000000000068e+02
3.601600000000000250e+02
3.607300000000000182e+02
3.617500000000000000e+02
3.620000000000000000e+02
3.632900000000000205e+02
3.633400000000000318e+02
3.647500000000000000e+02
3.649900000000000091e+02
3.654800000000000182e+02
3.673799999999999955e+02
3.674700000000000273e+02
3.688500000000000227e+02
3.694800000000000182e+02
3.697900000000000205e+02
3.715199999999999818e+02
3.731700000000000159e+02
3.732599999999999909e+02
3.736899999999999977e+02
3.744800000000000182e+02
3.751100000000000136e+02
3.757500000000000000e+02
3.769000000000000341e+02
3.772200000000000273e+02
3.779300000000000068e+02
3.793199999999999932e+02
3.805900000000000318e+02
3.810799999999999841e+02
3.821899999999999977e+02
3.831600000000000250e+02
3.831600000000000250e+02
3.841700000000000159e+02
3.850099999999999909e+02
3.859300000000000068e+02
3.869700000000000273e+02
3.869800000000000182e+02
3.881899999999999977e+02
3.893199999999999932e+02
3.898899999999999864e+02
3.910099999999999909e+02
3.917100000000000364e+02
3.920199999999999818e+02
3.929499999999999886e+02
3.939499999999999886e+02
3.950500000000000114e+02
3.953600000000000136e+02
3.965000000000000000e+02
3.968799999999999955e+02
3.978000000000000114e+02
3.996100000000000136e+02
3.996899999999999977e+02
4.005699999999999932e+02
4.019000000000000341e+02
4.033899999999999864e+02
4.045699999999999932e+02
4.051800000000000068e+02
4.057200000000000273e+02
4.069200000000000159e+02
4.073600000000000136e+02
4.094000000000000341e+02
4.100600000000000023e+02
4.113100000000000023e+02
4.113400000000000318e+02
4.119000000000000341e+02
4.136500000000000341e+02
4.139399999999999977e+02
4.157200000000000273e+02
4.163299999999999841e+02
4.167900000000000205e+02
4.173400000000000318e+02
4.188700000000000045e+02
4.198600000000000136e+02
4.201200000000000045e+02
4.209300000000000068e+02
4.213799999999999955e+02
4.232500000000000000e+02
4.247500000000000000e+02
4.253899999999999864e+02
4.270000000000000000e+02
4.274200000000000159e+02
4.281500000000000341e+02
4.286899999999999977e+02
4.291999999999999886e+02
4.294600000000000364e+02
4.309100000000000250e+02
4.317699999999999818e+02
4.323500000000000227e+02
4.336299999999999955e+02
4.337200000000000273e+02
4.352800000000000296e+02
4.358299999999999841e+02
4.372599999999999909e+02
4.379399999999999977e+02
4.392699999999999818e+02
4.398500000000000227e+02
4.413100000000000023e+02
4.434000000000000341e+02
4.435799999999999841e+02
4.436999999999999886e+02
4.458299999999999841e+02
4.465400000000000205e+02
4.480300000000000296e+02
4.482100000000000364e+02
4.494399999999999977e+02
4.496200000000000045e+02
4.497400000000000091e+02
4.512900000000000205e+02
4.517900000000000205e+02
4.521000000000000227e+02
4.533899999999999864e+02
4.534399999999999977e+02
4.539900000000000091e+02
4.554000000000000341e+02
4.556000000000000227e+02
4.573100000000000023e+02
4.576200000000000045e+02
4.582900000000000205e+02
4.591299999999999955e+02
4.591899999999999977e+02
4.601200000000000045e+02
4.610799999999999841e+02
4.612599999999999909e+02
4.627300000000000182e+02
4.634200000000000159e+02
4.634499999999999886e+02
4.638799999999999955e+02
4.645500000000000114e+02
4.652599999999999909e+02
4.656500000000000341e+02
4.665900000000000318e+02
4.674000000000000341e+02
4.682300000000000182e+02
4.695300000000000296e+02
4.698899999999999864e+02
4.714300000000000068e+02
4.717800000000000296e+02
4.738299999999999841e+02
4.742800000000000296e+02
4.751399999999999864e+02
4.758600000000000136e+02
4.775699999999999932e+02
4.778899999999999864e+02
4.784900000000000091e+02
4.797400000000000091e+02
4.803400000000000318e+02
4.812300000000000182e+02
4.820199999999999818e+02
4.830699999999999932e+02
4.834800000000000182e+02
4.855199999999999818e+02
4.856299999999999955e+02
4.876500000000000341e+02
4.878899999999999864e+02
4.890199999999999818e+02
4.907500000000000000e+02
4.909000000000000341e+02
4.910799999999999841e+02
4.912300000000000182e+02
4.913000000000000114e+02
4.929700000000000273e+02
4.938100000000000023e+02
4.946299999999999955e+02
4.954499999999999886e+02
4.955300000000000296e+02
4.958000000000000114e+02
4.974399999999999977e+02
4.976999999999999886e+02
4.977200000000000273e+02
4.996899999999999977e+02
5.002400000000000091e+02
5.003600000000000136e+02
5.015400000000000205e+02
5.020799999999999841e+02
5.029900000000000091e+02
5.032300000000000182e+02
5.044499999999999886e+02
5.048199999999999932e+02
5.053899999999999864e+02
5.054700000000000273e+02
5.061200000000000045e+02
5.081600000000000250e+02
5.081700000000000159e+02
5.082700000000000387e+02
5.094600000000000364e+02
5.094600000000000364e+02
5.112100000000000364e+02
5.113500000000000227e+02
5.119200000000000159e+02
5.135099999999999909e+02
5.138899999999999864e+02
5.141499999999999773e+02
5.155199999999999818e+02
5.162899999999999636e+02
5.173700000000000045e+02
5.196399999999999864e+02
5.198899999999999864e+02
5.215299999999999727e+02
5.215700000000000500e+02
5.234099999999999682e+02
5.240600000000000591e+02
5.247200000000000273e+02
5.258500000000000227e+02
5.260199999999999818e+02
5.272200000000000273e+02
5.274199999999999591e+02
5.283100000000000591e+02
5.294900000000000091e+02
5.296900000000000546e+02
5.300900000000000318e+02
5.313700000000000045e+02
5.336000000000000227e+02
5.338700000000000045e+02
5.351900000000000546e+02
5.354800000000000182e+02
5.372100000000000364e+02
5.385800000000000409e+02
5.396499999999999773e+02
5.401100000000000136e+02
5.401299999999999955e+02
5.412799999999999727e+02
5.420099999999999909e+02
5.433500000000000227e+02
5.438200000000000500e+02
5.443799999999999955e+02
5.454199999999999591e+02
5.462899999999999636e+02
5.463999999999999773e+02
5.471299999999999955e+02
5.475099999999999909e+02
5.481399999999999864e+02
5.493899999999999864e+02
5.496900000000000546e+02
5.497899999999999636e+02
5.514600000000000364e+02
5.514800000000000182e+02
5.533200000000000500e+02
5.541299999999999955e+02
5.554700000000000273e+02
5.568000000000000682e+02
5.568600000000000136e+02
5.569199999999999591e+02
5.581100000000000136e+02
5.585399999999999636e+02
5.589700000000000273e+02
5.594500000000000455e+02
5.598500000000000227e+02
5.612100000000000364e+02
5.614099999999999682e+02
5.629800000000000182e+02
5.630000000000000000e+02
5.636800000000000637e+02
5.650600000000000591e+02
5.654900000000000091e+02
5.661699999999999591e+02
5.671499999999999773e+02
5.676000000000000227e+02
5.691900000000000546e+02
5.692000000000000455e+02
5.703300000000000409e+02
5.712599999999999909e+02
5.713899999999999864e+02
5.725099999999999909e+02
5.732200000000000273e+02
5.733600000000000136e+02
5.740600000000000591e+02
5.746000000000000227e+02
5.751299999999999955e+02
5.772400000000000091e+02
5.790099999999999909e+02
5.809300000000000637e+02
5.819400000000000546e+02
5.829900000000000091e+02
5.840199999999999818e+02
5.840299999999999727e+02
5.846200000000000045e+02
5.853899999999999864e+02
5.866599999999999682e+02
5.868000000000000682e+02
5.876100000000000136e+02
5.881200000000000045e+02
5.887699999999999818e+02
5.897400000000000091e+02
5.908300000000000409e+02
5.918000000000000682e+02
5.934300000000000637e+02
5.939900000000000091e+02
5.942000000000000455e+02
5.954400000000000546e+02
5.957599999999999909e+02
5.966200000000000045e+02
5.968300000000000409e+02
5.981200000000000045e+02
5.983999999999999773e+02
5.992699999999999818e+02
5.993200000000000500e+02
6.011599999999999682e+02
6.018600000000000136e+02
6.032699999999999818e+02
6.045700000000000500e+02
6.048400000000000318e+02
6.072699999999999818e+02
6.080500000000000682e+02
6.090600000000000591e+02
6.096299999999999955e+02
6.097000000000000455e+02
6.108400000000000318e+02
6.115000000000000000e+02
6.125600000000000591e+02
6.128500000000000227e+02
6.142899999999999636e+02
6.146900000000000546e+02
6.151499999999999773e+02
6.154900000000000091e+02
6.170900000000000318e+02
6.174600000000000364e+02
6.175099999999999909e+02
6.186699999999999591e+02
6.192200000000000273e+02
6.197200000000000273e+02
6.216299999999999955e+02
6.233500000000000227e+02
6.246900000000000546e+02
6.249400000000000546e+02
6.270199999999999818e+02
6.271100000000000136e+02
6.273700000000000045e+02
6.287699999999999818e+02
6.291200000000000045e+02
6.299400000000000546e+02
6.309900000000000091e+02
6.313400000000000318e+02
6.327799999999999727e+02
6.333400000000000318e+02
6.351699999999999591e+02
6.354099999999999682e+02
6.362899999999999636e+02
6.365299999999999727e+02
6.369300000000000637e+02
6.372100000000000364e+02
6.372500000000000000e+02
6.385199999999999818e+02
6.393000000000000682e+02
6.415299999999999727e+02
6.425500000000000682e+02
6.431599999999999682e+02
6.432899999999999636e+02
6.447599999999999909e+02
6.472300000000000182e+02
6.477500000000000000e+02
6.492699999999999818e+02
6.496100000000000136e+02
6.499900000000000091e+02
6.506100000000000136e+02
6.507000000000000455e+02
6.515399999999999636e+02
6.528300000000000409e+02
6.538000000000000682e+02
6.548600000000000136e+02
6.553700000000000045e+02
6.581499999999999773e+02
6.584500000000000455e+02
6.597599999999999909e+02
6.597799999999999727e+02
6.609400000000000546e+02
6.610399999999999636e+02
6.620099999999999909e+02
6.635900000000000318e+02
6.645800000000000409e+02
6.652100000000000364e+02
6.671699999999999591e+02
6.678200000000000500e+02
6.679600000000000364e+02
6.688100000000000591e+02
6.689900000000000091e+02
6.705600000000000591e+02
6.710000000000000000e+02
6.710900000000000318e+02
6.723799999999999955e+02
6.733000000000000682e+02
6.752200000000000273e+02
6.755600000000000591e+02
6.756399999999999864e+02
6.767200000000000273e+02
6.782000000000000455e+02
6.794900000000000091e+02
6.807100000000000364e+02
6.821100000000000136e+02
6.823899999999999864e+02
6.835399999999999636e+02
6.848100000000000591e+02
6.866499999999999773e+02
6.874199999999999591e+02
6.876200000000000045e+02
6.882500000000000000e+02
6.903200000000000500e+02
6.914400000000000546e+02
6.920500000000000682e+02
6.926000000000000227e+02
6.926100000000000136e+02
6.934600000000000364e+02
6.951000000000000227e+02
6.956299999999999955e+02
6.970500000000000682e+02
6.992100000000000364e+02
6.992300000000000182e+02
7.002899999999999636e+02
7.008300000000000409e+02
7.029400000000000546e+02
7.033300000000000409e+02
7.035299999999999727e+02
7.048600000000000136e+02
7.056100000000000136e+02
7.064600000000000364e+02
7.075700000000000500e+02
7.083100000000000591e+02
7.085800000000000409e+02
7.093400000000000318e+02
7.097300000000000182e+02
7.101200000000000045e+02
7.109300000000000637e+02
7.113300000000000409e+02
7.117699999999999818e+02
7.129700000000000273e+02
7.135900000000000318e+02
7.143000000000000682e+02
7.152899999999999636e+02
7.154900000000000091e+02
7.168500000000000227e+02
7.182400000000000091e+02
7.202799999999999727e+02
7.204300000000000637e+02
7.224500000000000455e+02
7.230600000000000591e+02
7.244500000000000455e+02
7.249700000000000273e+02
7.258600000000000136e+02
7.263400000000000318e+02
7.276900000000000546e+02
7.279199999999999591e+02
7.291100000000000136e+02
7.299900000000000091e+02
7.305800000000000409e+02
7.311399999999999864e+02
7.335000000000000000e+02
7.339300000000000637e+02
7.344900000000000091e+02
7.346599999999999682e+02
7.357100000000000364e+02
7.359800000000000182e+02
7.366900000000000546e+02
7.368899999999999864e+02
7.380800000000000409e+02
7.383700000000000045e+02
7.387300000000000182e+02
7.395199999999999818e+02
7.404300000000000637e+02
7.408300000000000409e+02
7.426399999999999864e+02
7.428600000000000136e+02
7.433000000000000682e+02
7.435500000000000682e+02
7.452500000000000000e+02
7.459800000000000182e+02
7.475000000000000000e+02
7.482300000000000182e+02
7.493999999999999773e+02
7.495500000000000682e+02
7.515399999999999636e+02
7.517699999999999818e+02
7.525299999999999727e+02
7.548899999999999864e+02
7.549700000000000273e+02
7.552500000000000000e+02
7.565299999999999727e+02
7.586200000000000045e+02
7.597300000000000182e+02
7.600500000000000682e+02
7.602400000000000091e+02
7.612000000000000455e+02
7.623200000000000500e+02
7.631499999999999773e+02
7.644300000000000637e+02
7.659200000000000728e+02
7.664600000000000364e+02
7.667799999999999727e+02
7.671399999999999864e+02
7.677000000000000455e+02
7.685900000000000318e+02
7.693500000000000227e+02
7.718300000000000409e+02
7.736299999999999955e+02
7.738700000000000045e+02
7.756800000000000637e+02
7.763999999999999773e+02
7.778700000000000045e+02
7.780900000000000318e+02
7.787100000000000364e+02
7.801599999999999682e+02
7.805500000000000682e+02
7.807799999999999727e+02
7.815299999999999727e+02
7.838500000000000227e+02
7.844500000000000455e+02
7.863200000000000500e+02
7.864800000000000182e+02
7.866200000000000045e+02
7.878799999999999955e+02
7.883899999999999864e+02
7.887599999999999909e+02
7.891000000000000227e+02
7.894900000000000091e+02
7.907599999999999909e+02
7.914600000000000364e+02
7.923200000000000500e+02
7.943600000000000136e+02
7.947500000000000000e+02
7.954800000000000182e+02
7.955900000000000318e+02
7.964200000000000728e+02
7.975199999999999818e+02
7.977899999999999636e+02
7.984500000000000455e+02
7.999800000000000182e+02
8.001200000000000045e+02
8.006100000000000136e+02
8.011299999999999955e+02
8.031700000000000728e+02
8.037000000000000455e+02
8.037699999999999818e+02
8.045700000000000500e+02
8.054200000000000728e+02
8.066000000000000227e+02
8.076200000000000045e+02
8.077000000000000455e+02
8.087100000000000364e+02
8.098200000000000500e+02
8.101200000000000045e+02
8.103999999999999773e+02
8.109500000000000455e+02
8.118500000000000227e+02
8.122100000000000364e+02
8.134400000000000546e+02
8.142899999999999636e+02
8.157000000000000455e+02
8.169500000000000455e+02
8.173799999999999955e+02
8.188999999999999773e+02
8.205099999999999909e+02
8.225700000000000500e+02
8.233400000000000318e+02
8.247599999999999909e+02
8.253999999999999773e+02
8.273700000000000045e+02
8.275900000000000318e+02
8.284300000000000637e+02
8.293700000000000045e+02
8.304800000000000182e+02
8.318300000000000409e+02
8.325399999999999636e+02
8.326000000000000227e+02
8.328899999999999864e+02
8.345900000000000318e+02
8.346499999999999773e+02
8.366200000000000045e+02
8.381800000000000637e+02
8.387100000000000364e+02
8.389400000000000546e+02
8.392500000000000000e+02
8.393799999999999955e+02
8.398700000000000045e+02
8.412000000000000455e+02
8.415000000000000000e+02
8.428799999999999955e+02
8.432400000000000091e+02
8.434400000000000546e+02
8.436100000000000136e+02
8.444600000000000364e+02
8.456599999999999682e+02
8.464300000000000637e+02
8.467400000000000091e+02
8.478100000000000591e+02
8.508999999999999773e+02
8.518300000000000409e+02
8.530500000000000682e+02
8.532899999999999636e+02
8.556000000000000227e+02
8.567000000000000455e+02
8.587400000000000091e+02
8.587500000000000000e+02
8.592100000000000364e+02
8.612000000000000455e+02
8.616399999999999864e+02
8.616599999999999682e+02
8.640299999999999727e+02
8.646900000000000546e+02
8.647500000000000000e+02
8.649800000000000182e+02
8.665399999999999636e+02
8.672300000000000182e+02
8.678300000000000409e+02
8.679900000000000091e+02
8.686000000000000227e+02
8.699200000000000728e+02
8.711700000000000728e+02
8.719700000000000273e+02
8.735900000000000318e+02
8.740000000000000000e+02
8.750500000000000682e+02
8.759800000000000182e+02
8.760700000000000500e+02
8.768000000000000682e+02
8.782200000000000273e+02
8.788300000000000409e+02
8.791599999999999682e+02
8.793999999999999773e+02
8.805500000000000682e+02
8.809200000000000728e+02
8.840700000000000500e+02
8.841200000000000045e+02
8.845600000000000591e+02
8.867300000000000182e+02
8.868200000000000500e+02
8.875199999999999818e+02
8.883999999999999773e+02
8.890900000000000318e+02
8.895700000000000500e+02
8.904400000000000546e+02
8.918000000000000682e+02
8.923500000000000227e+02
8.924700000000000273e+02
8.925600000000000591e+02
8.945299999999999727e+02
8.945700000000000500e+02
8.966000000000000227e+02
8.967699999999999818e+02
8.981800000000000637e+02
8.986399999999999864e+02
8.987699999999999818e+02
8.990700000000000500e+02
8.993500000000000227e+02
8.996900000000000546e+02
9.002899999999999636e+02
9.006800000000000637e+02
9.017400000000000091e+02
9.029500000000000455e+02
9.037899999999999636e+02
9.046700000000000728e+02
9.055900000000000318e+02
9.067799999999999727e+02
9.078300000000000409e+02
9.079800000000000182e+02
9.117100000000000364e+02
9.121200000000000045e+02
9.122899999999999636e+02
9.124300000000000637e+02
9.141499999999999773e+02
9.145600000000000591e+02
9.150000000000000000e+02
9.150500000000000682e+02
9.182400000000000091e+02
9.189800000000000182e+02
9.197100000000000364e+02
9.204900000000000091e+02
9.223799999999999955e+02
9.234900000000000091e+02
9.237899999999999636e+02
9.238000000000000682e+02
9.248500000000000227e+02
9.257500000000000000e+02
9.271399999999999864e+02
9.278400000000000318e+02
9.280199999999999818e+02
9.283600000000000136e+02
9.300700000000000500e+02
9.303899999999999864e+02
9.308000000000000682e+02
9.321299999999999955e+02
9.333000000000000682e+02
9.339700000000000273e+02
9.343500000000000227e+02
9.343999999999999773e+02
9.356700000000000728e+02
9.364099999999999682e+02
9.367100000000000364e+02
9.376900000000000546e+02
9.382799999999999727e+02
9.388300000000000409e+02
9.397500000000000000e+02
9.398799999999999955e+02
9.402200000000000273e+02
9.419800000000000182e+02
9.441399999999999864e+02
9.444900000000000091e+02
9.458999999999999773e+02
9.463400000000000318e+02
9.473600000000000136e+02
9.484400000000000546e+02
9.495000000000000000e+02
9.502300000000000182e+02
9.504900000000000091e+02
9.512500000000000000e+02
9.516299999999999955e+02
9.517300000000000182e+02
9.525199999999999818e+02
9.528300000000000409e+02
9.537599999999999909e+02
9.555000000000000000e+02
9.559300000000000637e+02
9.559300000000000637e+02
9.561299999999999955e+02
9.581200000000000045e+02
9.595399999999999636e+02
9.602899999999999636e+02
9.610700000000000500e+02
9.636900000000000546e+02
9.638999999999999773e+02
9.641100000000000136e+02
9.657599999999999909e+02
9.662899999999999636e+02
9.663600000000000136e+02
9.678100000000000591e+02
9.684099999999999682e+02
9.684400000000000546e+02
9.700700000000000500e+02
9.704500000000000455e+02
9.713799999999999955e+02
9.714700000000000273e+02
9.721299999999999955e+02
9.737200000000000273e+02
9.740099999999999909e+02
9.741800000000000637e+02
9.757500000000000000e+02
9.762000000000000455e+02
9.778300000000000409e+02
9.784099999999999682e+02
9.799200000000000728e+02
9.801399999999999864e+02
9.820700000000000500e+02
9.824099999999999682e+02
9.842100000000000364e+02
9.844300000000000637e+02
9.845700000000000500e+02
9.858200000000000500e+02
9.858500000000000227e+02
9.862500000000000000e+02
9.873999999999999773e+02
9.875099999999999909e+02
9.877300000000000182e+02
9.884099999999999682e+02
9.903899999999999864e+02
9.904900000000000091e+02
9.916399999999999864e+02
9.923300000000000409e+02
9.924300000000000637e+02
9.936200000000000045e+02
9.938700000000000045e+02
9.944200000000000728e+02
9.957599999999999909e+02
9.959500000000000455e+02
9.977000000000000455e+02
9.980600000000000591e+02
9.994600000000000364e+02
9.998899999999999864e+02
