3.240000000000000213e+00
3.760000000000000231e+00
3.790000000000000036e+00
4.320000000000000284e+00
4.320000000000000284e+00
4.740000000000000213e+00
4.830000000000000071e+00
5.709999999999999964e+00
6.360000000000000320e+00
6.759999999999999787e+00
7.250000000000000000e+00
7.270000000000000462e+00
7.730000000000000426e+00
9.790000000000000924e+00
1.025999999999999979e+01
1.083000000000000007e+01
1.321000000000000085e+01
1.330000000000000071e+01
1.372000000000000064e+01
1.466000000000000014e+01
1.483999999999999986e+01
1.534999999999999964e+01
1.574000000000000021e+01
1.685999999999999943e+01
1.726999999999999957e+01
1.864000000000000057e+01
2.123000000000000043e+01
2.142999999999999972e+01
2.280999999999999872e+01
2.300000000000000000e+01
2.328000000000000114e+01
2.431000000000000227e+01
2.467999999999999972e+01
2.469000000000000128e+01
2.519000000000000128e+01
2.669000000000000128e+01
2.671000000000000085e+01
2.819000000000000128e+01
2.858999999999999986e+01
2.906000000000000227e+01
3.076999999999999957e+01
3.151999999999999957e+01
3.207000000000000028e+01
3.227000000000000313e+01
3.278999999999999915e+01
3.455000000000000426e+01
3.461999999999999744e+01
3.674000000000000199e+01
3.739000000000000057e+01
3.782000000000000028e+01
3.880000000000000426e+01
4.120000000000000284e+01
4.124000000000000199e+01
4.218999999999999773e+01
4.320000000000000284e+01
4.381000000000000227e+01
4.573000000000000398e+01
4.628999999999999915e+01
4.661999999999999744e+01
4.823000000000000398e+01
4.837000000000000455e+01
4.907999999999999829e+01
4.918999999999999773e+01
5.053000000000000114e+01
5.192999999999999972e+01
5.235999999999999943e+01
5.287000000000000455e+01
5.403999999999999915e+01
5.524000000000000199e+01
5.575999999999999801e+01
5.603000000000000114e+01
5.714000000000000057e+01
5.714999999999999858e+01
5.802000000000000313e+01
5.920000000000000284e+01
5.921000000000000085e+01
5.987000000000000455e+01
6.078000000000000114e+01
6.146000000000000085e+01
6.157999999999999829e+01
6.216000000000000369e+01
6.252000000000000313e+01
6.387000000000000455e+01
6.401999999999999602e+01
6.415999999999999659e+01
6.435999999999999943e+01
6.451999999999999602e+01
6.501999999999999602e+01
6.632999999999999829e+01
6.682999999999999829e+01
6.696999999999999886e+01
6.985000000000000853e+01
7.110000000000000853e+01
7.160000000000000853e+01
7.192000000000000171e+01
7.193000000000000682e+01
7.331000000000000227e+01
7.340999999999999659e+01
7.365999999999999659e+01
7.373999999999999488e+01
7.415000000000000568e+01
7.465999999999999659e+01
7.489000000000000057e+01
7.587000000000000455e+01
7.723000000000000398e+01
7.790999999999999659e+01
7.807000000000000739e+01
7.926000000000000512e+01
8.040999999999999659e+01
8.090000000000000568e+01
8.215999999999999659e+01
8.257999999999999829e+01
8.321000000000000796e+01
8.406000000000000227e+01
8.548000000000000398e+01
8.553000000000000114e+01
8.584000000000000341e+01
8.601999999999999602e+01
8.673999999999999488e+01
8.832000000000000739e+01
8.996000000000000796e+01
9.000000000000000000e+01
9.043000000000000682e+01
9.189000000000000057e+01
9.312000000000000455e+01
9.314000000000000057e+01
9.318000000000000682e+01
9.390000000000000568e+01
9.393000000000000682e+01
9.574000000000000909e+01
9.584000000000000341e+01
9.650000000000000000e+01
9.731000000000000227e+01
9.742000000000000171e+01
9.779000000000000625e+01
9.896000000000000796e+01
9.939000000000000057e+01
9.949000000000000909e+01
1.013799999999999955e+02
1.026800000000000068e+02
1.030700000000000074e+02
1.048900000000000006e+02
1.051000000000000085e+02
1.061099999999999994e+02
1.078299999999999983e+02
1.090400000000000063e+02
1.093200000000000074e+02
1.096700000000000017e+02
1.101700000000000017e+02
1.112100000000000080e+02
1.122199999999999989e+02
1.124900000000000091e+02
1.126299999999999955e+02
1.134099999999999966e+02
1.142800000000000011e+02
1.156800000000000068e+02
1.157000000000000028e+02
1.157400000000000091e+02
1.158400000000000034e+02
1.171700000000000017e+02
1.176599999999999966e+02
1.194500000000000028e+02
1.195199999999999960e+02
1.195300000000000011e+02
1.206899999999999977e+02
1.209099999999999966e+02
1.212100000000000080e+02
1.219800000000000040e+02
1.220000000000000000e+02
1.226800000000000068e+02
1.227199999999999989e+02
1.239600000000000080e+02
1.241599999999999966e+02
1.244800000000000040e+02
1.245000000000000000e+02
1.249699999999999989e+02
1.261000000000000085e+02
1.262900000000000063e+02
1.267400000000000091e+02
1.277199999999999989e+02
1.280000000000000000e+02
1.286400000000000148e+02
1.286500000000000057e+02
1.294900000000000091e+02
1.306800000000000068e+02
1.314200000000000159e+02
1.331599999999999966e+02
1.337599999999999909e+02
1.350900000000000034e+02
1.362100000000000080e+02
1.373700000000000045e+02
1.375999999999999943e+02
1.387800000000000011e+02
1.392199999999999989e+02
1.401700000000000159e+02
1.423799999999999955e+02
1.435000000000000000e+02
1.447400000000000091e+02
1.454799999999999898e+02
1.455699999999999932e+02
1.483499999999999943e+02
1.485699999999999932e+02
1.485999999999999943e+02
1.486899999999999977e+02
1.495399999999999920e+02
1.508600000000000136e+02
1.510099999999999909e+02
1.511899999999999977e+02
1.523499999999999943e+02
1.528600000000000136e+02
1.532599999999999909e+02
1.580600000000000023e+02
1.584300000000000068e+02
1.584699999999999989e+02
1.586700000000000159e+02
1.598900000000000148e+02
1.604000000000000057e+02
1.620800000000000125e+02
1.630600000000000023e+02
1.641200000000000045e+02
1.642199999999999989e+02
1.645200000000000102e+02
1.651800000000000068e+02
1.658700000000000045e+02
1.661800000000000068e+02
1.662599999999999909e+02
1.666599999999999966e+02
1.669300000000000068e+02
1.693799999999999955e+02
1.695200000000000102e+02
1.695600000000000023e+02
1.700699999999999932e+02
1.705699999999999932e+02
1.708400000000000034e+02
1.715999999999999943e+02
1.716700000000000159e+02
1.726100000000000136e+02
1.735000000000000000e+02
1.763400000000000034e+02
1.763700000000000045e+02
1.766599999999999966e+02
1.771500000000000057e+02
1.793900000000000148e+02
1.794900000000000091e+02
1.797199999999999989e+02
1.816200000000000045e+02
1.823000000000000114e+02
1.826500000000000057e+02
1.848199999999999932e+02
1.855000000000000000e+02
1.873400000000000034e+02
1.876500000000000057e+02
1.881500000000000057e+02
1.884200000000000159e+02
1.886400000000000148e+02
1.888499999999999943e+02
1.905000000000000000e+02
1.907500000000000000e+02
1.915600000000000023e+02
1.921599999999999966e+02
1.924200000000000159e+02
1.933499999999999943e+02
1.933600000000000136e+02
1.945000000000000000e+02
1.945900000000000034e+02
1.957100000000000080e+02
1.958499999999999943e+02
1.961400000000000148e+02
1.974800000000000182e+02
1.982700000000000102e+02
1.982700000000000102e+02
1.983799999999999955e+02
1.988900000000000148e+02
1.989300000000000068e+02
2.016299999999999955e+02
2.022800000000000011e+02
2.024200000000000159e+02
2.029800000000000182e+02
2.030500000000000114e+02
2.031100000000000136e+02
2.036200000000000045e+02
2.048499999999999943e+02
2.061400000000000148e+02
2.065699999999999932e+02
2.093700000000000045e+02
2.106800000000000068e+02
2.108799999999999955e+02
2.110800000000000125e+02
2.129800000000000182e+02
2.133199999999999932e+02
2.134699999999999989e+02
2.139399999999999977e+02
2.146800000000000068e+02
2.163199999999999932e+02
2.169200000000000159e+02
2.171500000000000057e+02
2.174699999999999989e+02
2.174900000000000091e+02
2.185000000000000000e+02
2.187899999999999920e+02
2.188000000000000114e+02
2.192100000000000080e+02
2.199099999999999966e+02
2.216400000000000148e+02
2.218300000000000125e+02
2.221599999999999966e+02
2.239699999999999989e+02
2.244099999999999966e+02
2.258499999999999943e+02
2.262199999999999989e+02
2.276299999999999955e+02
2.289500000000000171e+02
2.296800000000000068e+02
2.304500000000000171e+02
2.320200000000000102e+02
2.345300000000000011e+02
2.350000000000000000e+02
2.355500000000000114e+02
2.356100000000000136e+02
2.365500000000000114e+02
2.367199999999999989e+02
2.379900000000000091e+02
2.388199999999999932e+02
2.390699999999999932e+02
2.410999999999999943e+02
2.421100000000000136e+02
2.436200000000000045e+02
2.447000000000000171e+02
2.456200000000000045e+02
2.460999999999999943e+02
2.490900000000000034e+02
2.510500000000000114e+02
2.510999999999999943e+02
2.530699999999999932e+02
2.536700000000000159e+02
2.552199999999999989e+02
2.561000000000000227e+02
2.566100000000000136e+02
2.586200000000000045e+02
2.586299999999999955e+02
2.595000000000000000e+02
2.600600000000000023e+02
2.606100000000000136e+02
2.606200000000000045e+02
2.626100000000000136e+02
2.626399999999999864e+02
2.637099999999999795e+02
2.644700000000000273e+02
2.646000000000000227e+02
2.655500000000000114e+02
2.670600000000000023e+02
2.675799999999999841e+02
2.684800000000000182e+02
2.690099999999999909e+02
2.691100000000000136e+02
2.706399999999999864e+02
2.706399999999999864e+02
2.717400000000000091e+02
2.721499999999999773e+02
2.726800000000000068e+02
2.730500000000000114e+02
2.746999999999999886e+02
2.749300000000000068e+02
2.750099999999999909e+02
2.764399999999999977e+02
2.765699999999999932e+02
2.771500000000000341e+02
2.771700000000000159e+02
2.777599999999999909e+02
2.780000000000000000e+02
2.786999999999999886e+02
2.811200000000000045e+02
2.816299999999999955e+02
2.820099999999999909e+02
2.820199999999999818e+02
2.835500000000000114e+02
2.851000000000000227e+02
2.856299999999999955e+02
2.857900000000000205e+02
2.861200000000000045e+02
2.868100000000000023e+02
2.874900000000000091e+02
2.888100000000000023e+02
2.892699999999999818e+02
2.895600000000000023e+02
2.895900000000000318e+02
2.903700000000000045e+02
2.915900000000000318e+02
2.947099999999999795e+02
2.947300000000000182e+02
2.956000000000000227e+02
2.956899999999999977e+02
2.974700000000000273e+02
2.976299999999999955e+02
2.979300000000000068e+02
2.981399999999999864e+02
2.983100000000000023e+02
2.998199999999999932e+02
3.011600000000000250e+02
3.012599999999999909e+02
3.016899999999999977e+02
3.022900000000000205e+02
3.023299999999999841e+02
3.027699999999999818e+02
3.032400000000000091e+02
3.033899999999999864e+02
3.046200000000000045e+02
3.051100000000000136e+02
3.052200000000000273e+02
3.052900000000000205e+02
3.055000000000000000e+02
3.059300000000000068e+02
3.066000000000000227e+02
3.080199999999999818e+02
3.080500000000000114e+02
3.085699999999999932e+02
3.090099999999999909e+02
3.099900000000000091e+02
3.102300000000000182e+02
3.116999999999999886e+02
3.133700000000000045e+02
3.141899999999999977e+02
3.160199999999999818e+02
3.179100000000000250e+02
3.183100000000000023e+02
3.200500000000000114e+02
3.204000000000000341e+02
3.216899999999999977e+02
3.230400000000000205e+02
3.243199999999999932e+02
3.246999999999999886e+02
3.256299999999999955e+02
3.258799999999999955e+02
3.262500000000000000e+02
3.269700000000000273e+02
3.271999999999999886e+02
3.272400000000000091e+02
3.277500000000000000e+02
3.287400000000000091e+02
3.306399999999999864e+02
3.322800000000000296e+02
3.344300000000000068e+02
3.381899999999999977e+02
3.386700000000000159e+02
3.393799999999999955e+02
3.396899999999999977e+02
3.397699999999999818e+02
3.405199999999999818e+02
3.412200000000000273e+02
3.419100000000000250e+02
3.428500000000000227e+02
3.429700000000000273e+02
3.442200000000000273e+02
3.450199999999999818e+02
3.457599999999999909e+02
3.458700000000000045e+02
3.474100000000000250e+02
3.474599999999999795e+02
3.490500000000000114e+02
3.501000000000000227e+02
3.507800000000000296e+02
3.515600000000000023e+02
3.521600000000000250e+02
3.527200000000000273e+02
3.543700000000000045e+02
3.556299999999999955e+02
3.559599999999999795e+02
3.561899999999999977e+02
3.566200000000000045e+02
3.571899999999999977e+02
3.602699999999999818e+02
3.605900000000000318e+02
3.609000000000000341e+02
3.613100000000000023e+02
3.618299999999999841e+02
3.635400000000000205e+02
3.639399999999999977e+02
3.647200000000000273e+02
3.660400000000000205e+02
3.667500000000000000e+02
3.677800000000000296e+02
3.684300000000000068e+02
3.700000000000000000e+02
3.712599999999999909e+02
3.712900000000000205e+02
3.720400000000000205e+02
3.721800000000000068e+02
3.740000000000000000e+02
3.742200000000000273e+02
3.744800000000000182e+02
3.765099999999999909e+02
3.771000000000000227e+02
3.776000000000000227e+02
3.791600000000000250e+02
3.796600000000000250e+02
3.815699999999999932e+02
3.818100000000000023e+02
3.822699999999999818e+02
3.835199999999999818e+02
3.839700000000000273e+02
3.844399999999999977e+02
3.844499999999999886e+02
3.845400000000000205e+02
3.858400000000000318e+02
3.865699999999999932e+02
3.870000000000000000e+02
3.874900000000000091e+02
3.882300000000000182e+02
3.882900000000000205e+02
3.889800000000000182e+02
3.893199999999999932e+02
3.895000000000000000e+02
3.898899999999999864e+02
3.922300000000000182e+02
3.925199999999999818e+02
3.935199999999999818e+02
3.935699999999999932e+02
3.943700000000000045e+02
3.958299999999999841e+02
3.959300000000000068e+02
3.970300000000000296e+02
3.986100000000000136e+02
3.991500000000000341e+02
4.015400000000000205e+02
4.019200000000000159e+02
4.019499999999999886e+02
4.021100000000000136e+02
4.038799999999999955e+02
4.039000000000000341e+02
4.039700000000000273e+02
4.053199999999999932e+02
4.061700000000000159e+02
4.063299999999999841e+02
4.065000000000000000e+02
4.069800000000000182e+02
4.072900000000000205e+02
4.076200000000000045e+02
4.081600000000000250e+02
4.085300000000000296e+02
4.091299999999999955e+02
4.104700000000000273e+02
4.105000000000000000e+02
4.144600000000000364e+02
4.179600000000000364e+02
4.199100000000000250e+02
4.201600000000000250e+02
4.209900000000000091e+02
4.215199999999999818e+02
4.240000000000000000e+02
4.243199999999999932e+02
4.256899999999999977e+02
4.290900000000000318e+02
4.300099999999999909e+02
4.317500000000000000e+02
4.318299999999999841e+02
4.319900000000000091e+02
4.321800000000000068e+02
4.340900000000000318e+02
4.349200000000000159e+02
4.380300000000000296e+02
4.385400000000000205e+02
4.400300000000000296e+02
4.402699999999999818e+02
4.409800000000000182e+02
4.409900000000000091e+02
4.414100000000000250e+02
4.417300000000000182e+02
4.427100000000000364e+02
4.429700000000000273e+02
4.433899999999999864e+02
4.447900000000000205e+02
4.452300000000000182e+02
4.453299999999999841e+02
4.456999999999999886e+02
4.475600000000000023e+02
4.476999999999999886e+02
4.478700000000000045e+02
4.493899999999999864e+02
4.495000000000000000e+02
4.510500000000000114e+02
4.512100000000000364e+02
4.518799999999999955e+02
4.525199999999999818e+02
4.532200000000000273e+02
4.532699999999999818e+02
4.540000000000000000e+02
4.543500000000000227e+02
4.550400000000000205e+02
4.560799999999999841e+02
4.567300000000000182e+02
4.568299999999999841e+02
4.576999999999999886e+02
4.579800000000000182e+02
4.582800000000000296e+02
4.588799999999999955e+02
4.593600000000000136e+02
4.599900000000000091e+02
4.600199999999999818e+02
4.602699999999999818e+02
4.604800000000000182e+02
4.605600000000000023e+02
4.613600000000000136e+02
4.614300000000000068e+02
4.616700000000000159e+02
4.620699999999999932e+02
4.622599999999999909e+02
4.634000000000000341e+02
4.636999999999999886e+02
4.647200000000000273e+02
4.647599999999999909e+02
4.659499999999999886e+02
4.670000000000000000e+02
4.676299999999999955e+02
4.679900000000000091e+02
4.685600000000000023e+02
4.698299999999999841e+02
4.699800000000000182e+02
4.730699999999999932e+02
4.738299999999999841e+02
4.738500000000000227e+02
4.747500000000000000e+02
4.750000000000000000e+02
4.750699999999999932e+02
4.765799999999999841e+02
4.775000000000000000e+02
4.793100000000000023e+02
4.799600000000000364e+02
4.827599999999999909e+02
4.829200000000000159e+02
4.834600000000000364e+02
4.839600000000000364e+02
4.841399999999999864e+02
4.854700000000000273e+02
4.880000000000000000e+02
4.884200000000000159e+02
4.885900000000000318e+02
4.893700000000000045e+02
4.904300000000000068e+02
4.921899999999999977e+02
4.934399999999999977e+02
4.935400000000000205e+02
4.969300000000000068e+02
4.970099999999999909e+02
4.973600000000000136e+02
4.999300000000000068e+02
4.999600000000000364e+02
5.004499999999999886e+02
5.009100000000000250e+02
5.009600000000000364e+02
5.013700000000000045e+02
5.019700000000000273e+02
5.024100000000000250e+02
5.038899999999999864e+02
5.054700000000000273e+02
5.088600000000000136e+02
5.094499999999999886e+02
5.099399999999999977e+02
5.109700000000000273e+02
5.110000000000000000e+02
5.118700000000000045e+02
5.118899999999999864e+02
5.134900000000000091e+02
5.138899999999999864e+02
5.149199999999999591e+02
5.159199999999999591e+02
5.165099999999999909e+02
5.168999999999999773e+02
5.173600000000000136e+02
5.184400000000000546e+02
5.193999999999999773e+02
5.199199999999999591e+02
5.204800000000000182e+02
5.213799999999999955e+02
5.218899999999999864e+02
5.219700000000000273e+02
5.220099999999999909e+02
5.235099999999999909e+02
5.245399999999999636e+02
5.249800000000000182e+02
5.253799999999999955e+02
5.256100000000000136e+02
5.270800000000000409e+02
5.273400000000000318e+02
5.300000000000000000e+02
5.300299999999999727e+02
5.301000000000000227e+02
5.302999999999999545e+02
5.303999999999999773e+02
5.304600000000000364e+02
5.308200000000000500e+02
5.313300000000000409e+02
5.339800000000000182e+02
5.345299999999999727e+02
5.347100000000000364e+02
5.354099999999999682e+02
5.356399999999999864e+02
5.370299999999999727e+02
5.385099999999999909e+02
5.387100000000000364e+02
5.393400000000000318e+02
5.415900000000000318e+02
5.417799999999999727e+02
5.419400000000000546e+02
5.427100000000000364e+02
5.441200000000000045e+02
5.442999999999999545e+02
5.447899999999999636e+02
5.450399999999999636e+02
5.455299999999999727e+02
5.468500000000000227e+02
5.468700000000000045e+02
5.475700000000000500e+02
5.487000000000000455e+02
5.491800000000000637e+02
5.511000000000000227e+02
5.512799999999999727e+02
5.518000000000000682e+02
5.531200000000000045e+02
5.543400000000000318e+02
5.546900000000000546e+02
5.554500000000000455e+02
5.559099999999999682e+02
5.562400000000000091e+02
5.583999999999999773e+02
5.596399999999999864e+02
5.597200000000000273e+02
5.603400000000000318e+02
5.605800000000000409e+02
5.606800000000000637e+02
5.607300000000000182e+02
5.618700000000000045e+02
5.621399999999999864e+02
5.628000000000000682e+02
5.655700000000000500e+02
5.657500000000000000e+02
5.658500000000000227e+02
5.664500000000000455e+02
5.666900000000000546e+02
5.670199999999999818e+02
5.670800000000000409e+02
5.680299999999999727e+02
5.691000000000000227e+02
5.697899999999999636e+02
5.709800000000000182e+02
5.712799999999999727e+02
5.718000000000000682e+02
5.718100000000000591e+02
5.718500000000000227e+02
5.719199999999999591e+02
5.736800000000000637e+02
5.750199999999999818e+02
5.760000000000000000e+02
5.767599999999999909e+02
5.769700000000000273e+02
5.771200000000000045e+02
5.775600000000000591e+02
5.781200000000000045e+02
5.788200000000000500e+02
5.789400000000000546e+02
5.793799999999999955e+02
5.801800000000000637e+02
5.805900000000000318e+02
5.810600000000000591e+02
5.822400000000000091e+02
5.824700000000000273e+02
5.833000000000000682e+02
5.850099999999999909e+02
5.852799999999999727e+02
5.853500000000000227e+02
5.864400000000000546e+02
5.866100000000000136e+02
5.871200000000000045e+02
5.873999999999999773e+02
5.893899999999999864e+02
5.896599999999999682e+02
5.897500000000000000e+02
5.902599999999999909e+02
5.909900000000000091e+02
5.919199999999999591e+02
5.919500000000000455e+02
5.925099999999999909e+02
5.925700000000000500e+02
5.927100000000000364e+02
5.930000000000000000e+02
5.932000000000000455e+02
5.943799999999999955e+02
5.950800000000000409e+02
5.955099999999999909e+02
5.956000000000000227e+02
5.959300000000000637e+02
5.972100000000000364e+02
5.979199999999999591e+02
5.980900000000000318e+02
5.985500000000000682e+02
6.000900000000000318e+02
6.001900000000000546e+02
6.007500000000000000e+02
6.010399999999999636e+02
6.013200000000000500e+02
6.014300000000000637e+02
6.026299999999999955e+02
6.044199999999999591e+02
6.050900000000000318e+02
6.060199999999999818e+02
6.071800000000000637e+02
6.073899999999999864e+02
6.075900000000000318e+02
6.085299999999999727e+02
6.093000000000000682e+02
6.096699999999999591e+02
6.105399999999999636e+02
6.114300000000000637e+02
6.116499999999999773e+02
6.117400000000000091e+02
6.120399999999999636e+02
6.123799999999999955e+02
6.145000000000000000e+02
6.149099999999999682e+02
6.160700000000000500e+02
6.162899999999999636e+02
6.180000000000000000e+02
6.184500000000000455e+02
6.185800000000000409e+02
6.193300000000000409e+02
6.193600000000000136e+02
6.201800000000000637e+02
6.205299999999999727e+02
6.228300000000000409e+02
6.231599999999999682e+02
6.237000000000000455e+02
6.246900000000000546e+02
6.248200000000000500e+02
6.252100000000000364e+02
6.258100000000000591e+02
6.276399999999999864e+02
6.282500000000000000e+02
6.290500000000000682e+02
6.303500000000000227e+02
6.310800000000000409e+02
6.346399999999999864e+02
6.350600000000000591e+02
6.353500000000000227e+02
6.366699999999999591e+02
6.369800000000000182e+02
6.373700000000000045e+02
6.377000000000000455e+02
6.385900000000000318e+02
6.388899999999999864e+02
6.392699999999999818e+02
6.395399999999999636e+02
6.421900000000000546e+02
6.436200000000000045e+02
6.441699999999999591e+02
6.445099999999999909e+02
6.448700000000000045e+02
6.452699999999999818e+02
6.458200000000000500e+02
6.465900000000000318e+02
6.478999999999999773e+02
6.486200000000000045e+02
6.493700000000000045e+02
6.504700000000000273e+02
6.509199999999999591e+02
6.516000000000000227e+02
6.523400000000000318e+02
6.542899999999999636e+02
6.551000000000000227e+02
6.564600000000000364e+02
6.569800000000000182e+02
6.572599999999999909e+02
6.581200000000000045e+02
6.583000000000000682e+02
6.600600000000000591e+02
6.601900000000000546e+02
6.603300000000000409e+02
6.607699999999999818e+02
6.608400000000000318e+02
6.637300000000000182e+02
6.640199999999999818e+02
6.641299999999999955e+02
6.643600000000000136e+02
6.645600000000000591e+02
6.662200000000000273e+02
6.662300000000000182e+02
6.662400000000000091e+02
6.668400000000000318e+02
6.672699999999999818e+02
6.675500000000000682e+02
6.680700000000000500e+02
6.689600000000000364e+02
6.700500000000000682e+02
6.701200000000000045e+02
6.702000000000000455e+02
6.706699999999999591e+02
6.717799999999999727e+02
6.723000000000000682e+02
6.728300000000000409e+02
6.736200000000000045e+02
6.747300000000000182e+02
6.753700000000000045e+02
6.755000000000000000e+02
6.758000000000000682e+02
6.761299999999999955e+02
6.763100000000000591e+02
6.774500000000000455e+02
6.779700000000000273e+02
6.781499999999999773e+02
6.781900000000000546e+02
6.795900000000000318e+02
6.805099999999999909e+02
6.807699999999999818e+02
6.808000000000000682e+02
6.817599999999999909e+02
6.829500000000000455e+02
6.829900000000000091e+02
6.832000000000000455e+02
6.843200000000000500e+02
6.849700000000000273e+02
6.859300000000000637e+02
6.862699999999999818e+02
6.885000000000000000e+02
6.904199999999999591e+02
6.915500000000000682e+02
6.917400000000000091e+02
6.919900000000000091e+02
6.924600000000000364e+02
6.934800000000000182e+02
6.939099999999999682e+02
6.941000000000000227e+02
6.967000000000000455e+02
6.981499999999999773e+02
6.985199999999999818e+02
6.986800000000000637e+02
6.987100000000000364e+02
6.987100000000000364e+02
7.012599999999999909e+02
7.016699999999999591e+02
7.035199999999999818e+02
7.038999999999999773e+02
7.048100000000000591e+02
7.048200000000000500e+02
7.051599999999999682e+02
7.054900000000000091e+02
7.057200000000000273e+02
7.061000000000000227e+02
7.064199999999999591e+02
7.067899999999999636e+02
7.085299999999999727e+02
7.095700000000000500e+02
7.100199999999999818e+02
7.105500000000000682e+02
7.108500000000000227e+02
7.118300000000000409e+02
7.121299999999999955e+02
7.126800000000000637e+02
7.148100000000000591e+02
7.155500000000000682e+02
7.159700000000000273e+02
7.172200000000000273e+02
7.174199999999999591e+02
7.176200000000000045e+02
7.185700000000000500e+02
7.186900000000000546e+02
7.191599999999999682e+02
7.204800000000000182e+02
7.208400000000000318e+02
7.211100000000000136e+02
7.218999999999999773e+02
7.229700000000000273e+02
7.233600000000000136e+02
7.236499999999999773e+02
7.244400000000000546e+02
7.247599999999999909e+02
7.248999999999999773e+02
7.267200000000000273e+02
7.271000000000000227e+02
7.278200000000000500e+02
7.278700000000000045e+02
7.279600000000000364e+02
7.314199999999999591e+02
7.322200000000000273e+02
7.325099999999999909e+02
7.326100000000000136e+02
7.336200000000000045e+02
7.337599999999999909e+02
7.342599999999999909e+02
7.345299999999999727e+02
7.345299999999999727e+02
7.367500000000000000e+02
7.376900000000000546e+02
7.387599999999999909e+02
7.397699999999999818e+02
7.402599999999999909e+02
7.409900000000000091e+02
7.416200000000000045e+02
7.418300000000000409e+02
7.423000000000000682e+02
7.432500000000000000e+02
7.443400000000000318e+02
7.445700000000000500e+02
7.452599999999999909e+02
7.466399999999999864e+02
7.483000000000000682e+02
7.483999999999999773e+02
7.503100000000000591e+02
7.518100000000000591e+02
7.523000000000000682e+02
7.523400000000000318e+02
7.548000000000000682e+02
7.552400000000000091e+02
7.552799999999999727e+02
7.566599999999999682e+02
7.587200000000000273e+02
7.592799999999999727e+02
7.603700000000000045e+02
7.608200000000000500e+02
7.632799999999999727e+02
7.647300000000000182e+02
7.647400000000000091e+02
7.672400000000000091e+02
7.677699999999999818e+02
7.678000000000000682e+02
7.693500000000000227e+02
7.702899999999999636e+02
7.707100000000000364e+02
7.712200000000000273e+02
7.716800000000000637e+02
7.718300000000000409e+02
7.721800000000000637e+02
7.731000000000000227e+02
7.746000000000000227e+02
7.747500000000000000e+02
7.756599999999999682e+02
7.757699999999999818e+02
7.772300000000000182e+02
7.782100000000000364e+02
7.792699999999999818e+02
7.793000000000000682e+02
7.811399999999999864e+02
7.813000000000000682e+02
7.813400000000000318e+02
7.819900000000000091e+02
7.838600000000000136e+02
7.842000000000000455e+02
7.852799999999999727e+02
7.867799999999999727e+02
7.888799999999999955e+02
7.889099999999999682e+02
7.907699999999999818e+02
7.921900000000000546e+02
7.930900000000000318e+02
7.932899999999999636e+02
7.942300000000000182e+02
7.952400000000000091e+02
7.955399999999999636e+02
7.989400000000000546e+02
7.998899999999999864e+02
8.000500000000000682e+02
8.007500000000000000e+02
8.015299999999999727e+02
8.020000000000000000e+02
8.028200000000000500e+02
8.035199999999999818e+02
8.035700000000000500e+02
8.037699999999999818e+02
8.040099999999999909e+02
8.044300000000000637e+02
8.059800000000000182e+02
8.062699999999999818e+02
8.063400000000000318e+02
8.082000000000000455e+02
8.094700000000000273e+02
8.102200000000000273e+02
8.103100000000000591e+02
8.109500000000000455e+02
8.120600000000000591e+02
8.134600000000000364e+02
8.134600000000000364e+02
8.134600000000000364e+02
8.147100000000000364e+02
8.158400000000000318e+02
8.161000000000000227e+02
8.174400000000000546e+02
8.182500000000000000e+02
8.184300000000000637e+02
8.196499999999999773e+02
8.221200000000000045e+02
8.222500000000000000e+02
8.222799999999999727e+02
8.225800000000000409e+02
8.229800000000000182e+02
8.243000000000000682e+02
8.256000000000000227e+02
8.257400000000000091e+02
8.267799999999999727e+02
8.276700000000000728e+02
8.278999999999999773e+02
8.285600000000000591e+02
8.298300000000000409e+02
8.299300000000000637e+02
8.305199999999999818e+02
8.307799999999999727e+02
8.315700000000000500e+02
8.347200000000000273e+02
8.361299999999999955e+02
8.362000000000000455e+02
8.364099999999999682e+02
8.373500000000000227e+02
8.377799999999999727e+02
8.390700000000000500e+02
8.408700000000000045e+02
8.410500000000000682e+02
8.414200000000000728e+02
8.415600000000000591e+02
8.418300000000000409e+02
8.418500000000000227e+02
8.421900000000000546e+02
8.443500000000000227e+02
8.460099999999999909e+02
8.462000000000000455e+02
8.466299999999999955e+02
8.478799999999999955e+02
8.495500000000000682e+02
8.502200000000000273e+02
8.502300000000000182e+02
8.509600000000000364e+02
8.518999999999999773e+02
8.520800000000000409e+02
8.523400000000000318e+02
8.532100000000000364e+02
8.535299999999999727e+02
8.536100000000000136e+02
8.552000000000000455e+02
8.555900000000000318e+02
8.558300000000000409e+02
8.573600000000000136e+02
8.583400000000000318e+02
8.608999999999999773e+02
8.611399999999999864e+02
8.619200000000000728e+02
8.623999999999999773e+02
8.627599999999999909e+02
8.640800000000000409e+02
8.648899999999999864e+02
8.650800000000000409e+02
8.658200000000000500e+02
8.668100000000000591e+02
8.680900000000000318e+02
8.697200000000000273e+02
8.699300000000000637e+02
8.704600000000000364e+02
8.708899999999999864e+02
8.713899999999999864e+02
8.721000000000000227e+02
8.725000000000000000e+02
8.731700000000000728e+02
8.746299999999999955e+02
8.750099999999999909e+02
8.759900000000000091e+02
8.766100000000000136e+02
8.772200000000000273e+02
8.797000000000000455e+02
8.804300000000000637e+02
8.804500000000000455e+02
8.813400000000000318e+02
8.830700000000000500e+02
8.831800000000000637e+02
8.846800000000000637e+02
8.850700000000000500e+02
8.853300000000000409e+02
8.861399999999999864e+02
8.862100000000000364e+02
8.874400000000000546e+02
8.876299999999999955e+02
8.877300000000000182e+02
8.879300000000000637e+02
8.886599999999999682e+02
8.889600000000000364e+02
8.895099999999999909e+02
8.909600000000000364e+02
8.911499999999999773e+02
8.911700000000000728e+02
8.912699999999999818e+02
8.916299999999999955e+02
8.934900000000000091e+02
8.939200000000000728e+02
8.950000000000000000e+02
8.952400000000000091e+02
8.962000000000000455e+02
8.965600000000000591e+02
8.966599999999999682e+02
8.976800000000000637e+02
8.977500000000000000e+02
8.982699999999999818e+02
8.986100000000000136e+02
8.986800000000000637e+02
8.995600000000000591e+02
8.999800000000000182e+02
9.022000000000000455e+02
9.049400000000000546e+02
9.054900000000000091e+02
9.057000000000000455e+02
9.073899999999999864e+02
9.084200000000000728e+02
9.086200000000000045e+02
9.091499999999999773e+02
9.094700000000000273e+02
9.118700000000000045e+02
9.122300000000000182e+02
9.132300000000000182e+02
9.146900000000000546e+02
9.159300000000000637e+02
9.162500000000000000e+02
9.170299999999999727e+02
9.170700000000000500e+02
9.182400000000000091e+02
9.216399999999999864e+02
9.217699999999999818e+02
9.238400000000000318e+02
9.245399999999999636e+02
9.252500000000000000e+02
9.260199999999999818e+02
9.270800000000000409e+02
9.273100000000000591e+02
9.275099999999999909e+02
9.281399999999999864e+02
9.293400000000000318e+02
9.293500000000000227e+02
9.312599999999999909e+02
9.314600000000000364e+02
9.318600000000000136e+02
9.328500000000000227e+02
9.330000000000000000e+02
9.331000000000000227e+02
9.334700000000000273e+02
9.334900000000000091e+02
9.338300000000000409e+02
9.356800000000000637e+02
9.366700000000000728e+02
9.377799999999999727e+02
9.378899999999999864e+02
9.391599999999999682e+02
9.417200000000000273e+02
9.437000000000000455e+02
9.442400000000000091e+02
9.447500000000000000e+02
9.449400000000000546e+02
9.455000000000000000e+02
9.468300000000000409e+02
9.471000000000000227e+02
9.477400000000000091e+02
9.486900000000000546e+02
9.507699999999999818e+02
9.511900000000000546e+02
9.520700000000000500e+02
9.521200000000000045e+02
9.523700000000000045e+02
9.526000000000000227e+02
9.545700000000000500e+02
9.547699999999999818e+02
9.549400000000000546e+02
9.577899999999999636e+02
9.603000000000000682e+02
9.603899999999999864e+02
9.605600000000000591e+02
9.605800000000000409e+02
9.608899999999999864e+02
9.608999999999999773e+02
9.621399999999999864e+02
9.623200000000000500e+02
9.625700000000000500e+02
9.644900000000000091e+02
9.646499999999999773e+02
9.652000000000000455e+02
9.665399999999999636e+02
9.669300000000000637e+02
9.697599999999999909e+02
9.706000000000000227e+02
9.719099999999999682e+02
9.727699999999999818e+02
9.729099999999999682e+02
9.735500000000000682e+02
9.745000000000000000e+02
9.748899999999999864e+02
9.748999999999999773e+02
9.768500000000000227e+02
9.776399999999999864e+02
9.789099999999999682e+02
9.794900000000000091e+02
9.797300000000000182e+02
9.797500000000000000e+02
9.825600000000000591e+02
9.842100000000000364e+02
9.843100000000000591e+02
9.845000000000000000e+02
9.852400000000000091e+02
9.856800000000000637e+02
9.865600000000000591e+02
9.872200000000000273e+02
9.876900000000000546e+02
9.879900000000000091e+02
9.879900000000000091e+02
9.883100000000000591e+02
9.885099999999999909e+02
9.920500000000000682e+02
9.921499999999999773e+02
9.929400000000000546e+02
9.930199999999999818e+02
9.930299999999999727e+02
9.936700000000000728e+02
9.950600000000000591e+02
9.961399999999999864e+02
9.970700000000000500e+02
9.975299999999999727e+02
9.987000000000000455e+02
9.987300000000000182e+02
9.995500000000000682e+02
