3.530000000000000426e+01
4.468999999999999773e+01
2.795000000000000000e+02
3.049700000000000273e+02
3.385199999999999818e+02
3.483199999999999932e+02
3.526899999999999977e+02
3.621399999999999864e+02
3.755799999999999841e+02
3.953600000000000136e+02
4.195500000000000114e+02
4.925300000000000296e+02
4.978100000000000023e+02
5.309500000000000455e+02
5.519900000000000091e+02
5.900900000000000318e+02
6.135900000000000318e+02
6.641100000000000136e+02
7.124500000000000455e+02
7.288300000000000409e+02
7.617500000000000000e+02
7.877300000000000182e+02
8.049300000000000637e+02
8.471100000000000136e+02
8.633000000000000682e+02
8.887599999999999909e+02
8.914400000000000546e+02
9.334900000000000091e+02
9.594300000000000637e+02
9.671599999999999682e+02
9.824700000000000273e+02
