-9.000000000000001421e+01
-1.115172406999826649e+01
-5.057586203499914035e+01
-9.000000000000000000e+01
-9.000000000000000000e+01
-9.000000000000000000e+01
-9.000000000000000000e+01
-9.000000000000000000e+01
-9.000000000000000000e+01
-8.999999879258173507e+01
8.999997269258679466e+01
-1.304999747020474388e-05
-5.375251667318422477e+01
8.999997269258679466e+01
1.812372800970128495e+01
-4.357135022081564557e+01
8.999997269258679466e+01
2.321431123588557455e+01
-3.780552166358570076e+01
8.999997269258679466e+01
2.609722551450054695e+01
-2.247081763599371129e+01
8.999997269258679466e+01
3.376457752829654169e+01
-9.000000000000000000e+01
