2.309261391634638017e+01
-2.182719623896237238e+01
6.327088386920038943e-01
3.801394405377526908e+01
2.895899029413106263e+01
3.348646717395316585e+01
5.657035050346971872e+01
1.474203625661433215e+01
3.565619338004202632e+01
6.308730782734524212e+01
-9.000000000000000000e+01
-1.345634608632737894e+01
8.999997269258679466e+01
-1.802552068183058509e+01
3.598722600537810479e+01
8.999997269258679466e+01
-1.654510570722265594e+00
4.417273106093226431e+01
8.999997269258679466e+01
-9.000000000000000000e+01
-1.365370660266762570e-05
8.999997269258679466e+01
-9.000000000000000000e+01
-1.365370660266762570e-05
0.000000000000000000e+00
