4.540000000000000000e+02 4.530000000000000000e+02 4.600000000000000000e+02 4.750000000000000000e+02 4.820000000000000000e+02 4.720000000000000000e+02 4.910000000000000000e+02 4.830000000000000000e+02 4.740000000000000000e+02 4.770000000000000000e+02 4.630000000000000000e+02 4.510000000000000000e+02 4.460000000000000000e+02
3.870000000000000000e+02 3.770000000000000000e+02 3.930000000000000000e+02 3.960000000000000000e+02 4.040000000000000000e+02 4.030000000000000000e+02 4.140000000000000000e+02 3.970000000000000000e+02 3.970000000000000000e+02 3.910000000000000000e+02 3.760000000000000000e+02 3.690000000000000000e+02 3.610000000000000000e+02
2.970000000000000000e+02 3.030000000000000000e+02 3.060000000000000000e+02 3.070000000000000000e+02 3.120000000000000000e+02 3.180000000000000000e+02 3.230000000000000000e+02 3.000000000000000000e+02 2.980000000000000000e+02 2.950000000000000000e+02 2.740000000000000000e+02 2.660000000000000000e+02 2.490000000000000000e+02
2.150000000000000000e+02 2.090000000000000000e+02 2.130000000000000000e+02 2.180000000000000000e+02 2.090000000000000000e+02 2.100000000000000000e+02 2.190000000000000000e+02 1.990000000000000000e+02 2.030000000000000000e+02 1.910000000000000000e+02 1.740000000000000000e+02 1.680000000000000000e+02 1.430000000000000000e+02
1.390000000000000000e+02 1.360000000000000000e+02 1.400000000000000000e+02 1.350000000000000000e+02 1.180000000000000000e+02 1.310000000000000000e+02 1.250000000000000000e+02 1.030000000000000000e+02 1.180000000000000000e+02 1.030000000000000000e+02 9.500000000000000000e+01 8.300000000000000000e+01 6.900000000000000000e+01
1.040000000000000000e+02 8.200000000000000000e+01 9.000000000000000000e+01 8.800000000000000000e+01 7.700000000000000000e+01 7.800000000000000000e+01 7.700000000000000000e+01 6.100000000000000000e+01 6.300000000000000000e+01 6.200000000000000000e+01 5.200000000000000000e+01 3.800000000000000000e+01 4.000000000000000000e+01
7.200000000000000000e+01 5.400000000000000000e+01 7.000000000000000000e+01 6.200000000000000000e+01 5.100000000000000000e+01 4.900000000000000000e+01 5.600000000000000000e+01 4.300000000000000000e+01 4.100000000000000000e+01 4.500000000000000000e+01 2.900000000000000000e+01 2.200000000000000000e+01 2.900000000000000000e+01
6.800000000000000000e+01 4.700000000000000000e+01 6.000000000000000000e+01 5.100000000000000000e+01 4.200000000000000000e+01 3.700000000000000000e+01 4.300000000000000000e+01 3.300000000000000000e+01 3.600000000000000000e+01 2.600000000000000000e+01 2.000000000000000000e+01 1.700000000000000000e+01 1.900000000000000000e+01
6.600000000000000000e+01 4.400000000000000000e+01 4.900000000000000000e+01 4.400000000000000000e+01 3.900000000000000000e+01 3.300000000000000000e+01 4.100000000000000000e+01 2.600000000000000000e+01 3.000000000000000000e+01 2.300000000000000000e+01 1.800000000000000000e+01 1.500000000000000000e+01 1.600000000000000000e+01
6.100000000000000000e+01 4.300000000000000000e+01 4.100000000000000000e+01 4.000000000000000000e+01 3.500000000000000000e+01 3.000000000000000000e+01 3.600000000000000000e+01 2.200000000000000000e+01 2.500000000000000000e+01 2.000000000000000000e+01 1.500000000000000000e+01 1.100000000000000000e+01 1.500000000000000000e+01
