2.990000000000000213e+00
4.110000000000000320e+00
4.379999999999999893e+00
4.500000000000000000e+00
5.080000000000000071e+00
5.209999999999999964e+00
5.290000000000000036e+00
6.240000000000000213e+00
6.469999999999999751e+00
6.560000000000000497e+00
7.160000000000000142e+00
7.429999999999999716e+00
8.419999999999999929e+00
8.589999999999999858e+00
9.240000000000000213e+00
9.339999999999999858e+00
2.039000000000000057e+01
2.080000000000000071e+01
2.110000000000000142e+01
2.126999999999999957e+01
2.141000000000000014e+01
2.244000000000000128e+01
2.278000000000000114e+01
2.285000000000000142e+01
2.319000000000000128e+01
2.341000000000000014e+01
2.362000000000000099e+01
2.451000000000000156e+01
2.496000000000000085e+01
2.576999999999999957e+01
2.583000000000000185e+01
2.624000000000000199e+01
3.746000000000000085e+01
3.750999999999999801e+01
3.780000000000000426e+01
3.843999999999999773e+01
3.881000000000000227e+01
3.889000000000000057e+01
3.950999999999999801e+01
3.959000000000000341e+01
3.986999999999999744e+01
4.053999999999999915e+01
4.092999999999999972e+01
4.161999999999999744e+01
4.175000000000000000e+01
4.200000000000000000e+01
5.331000000000000227e+01
5.398000000000000398e+01
5.403000000000000114e+01
5.435999999999999943e+01
5.464999999999999858e+01
5.500000000000000000e+01
5.546000000000000085e+01
5.613000000000000256e+01
5.642000000000000171e+01
5.671000000000000085e+01
5.707999999999999829e+01
5.710999999999999943e+01
5.793999999999999773e+01
5.821000000000000085e+01
5.852000000000000313e+01
5.882000000000000028e+01
7.000000000000000000e+01
7.015000000000000568e+01
7.040000000000000568e+01
7.060000000000000853e+01
7.118000000000000682e+01
7.134000000000000341e+01
7.214000000000000057e+01
7.226000000000000512e+01
7.245000000000000284e+01
7.325000000000000000e+01
7.387000000000000455e+01
7.434000000000000341e+01
7.464000000000000057e+01
7.476000000000000512e+01
7.623999999999999488e+01
8.710999999999999943e+01
8.734000000000000341e+01
8.764000000000000057e+01
8.821999999999999886e+01
8.920000000000000284e+01
8.921999999999999886e+01
8.923000000000000398e+01
8.943000000000000682e+01
8.968000000000000682e+01
9.037999999999999545e+01
9.143999999999999773e+01
9.160000000000000853e+01
9.185999999999999943e+01
9.260000000000000853e+01
1.027699999999999960e+02
1.034699999999999989e+02
1.034900000000000091e+02
1.040600000000000023e+02
1.043799999999999955e+02
1.054800000000000040e+02
1.055499999999999972e+02
1.056400000000000006e+02
1.061200000000000045e+02
1.066000000000000085e+02
1.071700000000000017e+02
1.076599999999999966e+02
1.079500000000000028e+02
1.081899999999999977e+02
1.086899999999999977e+02
1.198299999999999983e+02
1.199000000000000057e+02
1.205400000000000063e+02
1.205400000000000063e+02
1.216500000000000057e+02
1.219600000000000080e+02
1.219900000000000091e+02
1.222800000000000011e+02
1.226000000000000085e+02
1.226599999999999966e+02
1.240600000000000023e+02
1.244200000000000017e+02
1.247199999999999989e+02
1.247900000000000063e+02
1.365600000000000023e+02
1.366800000000000068e+02
1.371100000000000136e+02
1.375600000000000023e+02
1.385600000000000023e+02
1.387000000000000171e+02
1.391500000000000057e+02
1.398700000000000045e+02
1.400600000000000023e+02
1.401100000000000136e+02
1.406599999999999966e+02
1.407899999999999920e+02
1.413499999999999943e+02
1.417700000000000102e+02
1.421400000000000148e+02
1.427800000000000011e+02
1.430099999999999909e+02
1.531200000000000045e+02
1.533700000000000045e+02
1.538600000000000136e+02
1.540900000000000034e+02
1.542500000000000000e+02
1.554399999999999977e+02
1.559000000000000057e+02
1.559200000000000159e+02
1.561500000000000057e+02
1.564600000000000080e+02
1.564799999999999898e+02
1.570699999999999932e+02
1.577000000000000171e+02
1.580000000000000000e+02
1.582899999999999920e+02
1.585600000000000023e+02
1.693300000000000125e+02
1.695399999999999920e+02
1.700200000000000102e+02
1.702500000000000000e+02
1.717899999999999920e+02
1.721899999999999977e+02
1.722100000000000080e+02
1.723400000000000034e+02
1.737000000000000171e+02
1.739200000000000159e+02
1.742100000000000080e+02
1.742899999999999920e+02
1.743900000000000148e+02
1.744000000000000057e+02
1.759399999999999977e+02
1.760200000000000102e+02
1.863199999999999932e+02
1.865099999999999909e+02
1.871700000000000159e+02
1.871899999999999977e+02
1.884099999999999966e+02
1.885099999999999909e+02
1.885999999999999943e+02
1.887299999999999898e+02
1.892400000000000091e+02
1.905800000000000125e+02
1.907199999999999989e+02
1.909699999999999989e+02
1.912800000000000011e+02
1.923900000000000148e+02
1.926500000000000057e+02
2.031700000000000159e+02
2.033199999999999932e+02
2.036899999999999977e+02
2.045300000000000011e+02
2.047500000000000000e+02
2.052500000000000000e+02
2.053600000000000136e+02
2.056500000000000057e+02
2.058000000000000114e+02
2.066700000000000159e+02
2.073199999999999932e+02
2.074699999999999989e+02
2.080900000000000034e+02
2.088199999999999932e+02
2.099399999999999977e+02
2.199699999999999989e+02
2.200800000000000125e+02
2.202800000000000011e+02
2.208799999999999955e+02
2.214699999999999989e+02
2.221500000000000057e+02
2.223499999999999943e+02
2.230300000000000011e+02
2.234600000000000080e+02
2.235300000000000011e+02
2.241899999999999977e+02
2.243799999999999955e+02
2.245399999999999920e+02
2.257599999999999909e+02
2.265099999999999909e+02
2.356599999999999966e+02
2.365399999999999920e+02
2.365999999999999943e+02
2.366599999999999966e+02
2.383900000000000148e+02
2.385800000000000125e+02
2.389500000000000171e+02
2.393000000000000114e+02
2.407000000000000171e+02
2.407400000000000091e+02
2.410099999999999909e+02
2.414000000000000057e+02
2.429300000000000068e+02
2.520900000000000034e+02
2.523700000000000045e+02
2.524300000000000068e+02
2.534399999999999977e+02
2.541899999999999977e+02
2.544300000000000068e+02
2.554500000000000171e+02
2.555399999999999920e+02
2.567099999999999795e+02
2.570099999999999909e+02
2.575300000000000296e+02
2.576200000000000045e+02
2.576499999999999773e+02
2.600500000000000114e+02
2.606800000000000068e+02
2.682099999999999795e+02
2.695199999999999818e+02
2.698700000000000045e+02
2.700000000000000000e+02
2.705199999999999818e+02
2.709200000000000159e+02
2.715900000000000318e+02
2.717200000000000273e+02
2.719300000000000068e+02
2.727800000000000296e+02
2.735600000000000023e+02
2.738100000000000023e+02
2.739800000000000182e+02
2.748500000000000227e+02
2.756999999999999886e+02
2.757400000000000091e+02
2.760099999999999909e+02
2.854100000000000250e+02
2.863600000000000136e+02
2.865900000000000318e+02
2.872200000000000273e+02
2.874900000000000091e+02
2.886700000000000159e+02
2.891100000000000136e+02
2.892800000000000296e+02
2.903799999999999955e+02
2.911399999999999864e+02
2.911700000000000159e+02
2.912500000000000000e+02
2.914300000000000068e+02
2.915300000000000296e+02
2.932800000000000296e+02
3.018500000000000227e+02
3.031500000000000341e+02
3.031899999999999977e+02
3.039100000000000250e+02
3.039900000000000091e+02
3.046299999999999955e+02
3.052400000000000091e+02
3.060600000000000023e+02
3.066800000000000068e+02
3.069100000000000250e+02
3.073199999999999932e+02
3.081399999999999864e+02
3.087900000000000205e+02
3.093299999999999841e+02
3.187900000000000205e+02
3.193799999999999955e+02
3.194000000000000341e+02
3.209900000000000091e+02
3.211299999999999955e+02
3.214399999999999977e+02
3.220300000000000296e+02
3.231999999999999886e+02
3.238799999999999955e+02
3.241200000000000045e+02
3.253000000000000114e+02
3.255300000000000296e+02
3.255600000000000023e+02
3.262500000000000000e+02
3.282900000000000205e+02
3.344800000000000182e+02
3.360900000000000318e+02
3.366600000000000250e+02
3.374599999999999795e+02
3.382099999999999795e+02
3.387500000000000000e+02
3.387500000000000000e+02
3.395600000000000023e+02
3.408100000000000023e+02
3.408899999999999864e+02
3.410400000000000205e+02
3.431299999999999955e+02
3.435400000000000205e+02
3.441500000000000341e+02
3.521700000000000159e+02
3.533799999999999955e+02
3.536000000000000227e+02
3.540300000000000296e+02
3.546200000000000045e+02
3.554499999999999886e+02
3.557300000000000182e+02
3.559499999999999886e+02
3.567300000000000182e+02
3.575600000000000023e+02
3.578000000000000114e+02
3.588600000000000136e+02
3.590000000000000000e+02
3.621700000000000159e+02
3.680799999999999841e+02
3.695199999999999818e+02
3.701800000000000068e+02
3.703299999999999841e+02
3.712500000000000000e+02
3.716899999999999977e+02
3.723000000000000114e+02
3.728000000000000114e+02
3.733500000000000227e+02
3.739399999999999977e+02
3.741600000000000250e+02
3.749599999999999795e+02
3.767400000000000091e+02
3.770900000000000318e+02
3.781800000000000068e+02
3.847800000000000296e+02
3.852400000000000091e+02
3.859700000000000273e+02
3.868500000000000227e+02
3.869900000000000091e+02
3.883199999999999932e+02
3.891100000000000136e+02
3.893100000000000023e+02
3.910600000000000023e+02
3.910600000000000023e+02
3.911800000000000068e+02
3.913400000000000318e+02
3.933199999999999932e+02
3.940500000000000114e+02
4.010900000000000318e+02
4.015300000000000296e+02
4.031000000000000227e+02
4.038299999999999841e+02
4.040400000000000205e+02
4.051399999999999864e+02
4.058199999999999932e+02
4.061000000000000227e+02
4.079100000000000250e+02
4.079600000000000364e+02
4.081999999999999886e+02
4.100400000000000205e+02
4.101299999999999955e+02
4.109100000000000250e+02
4.169000000000000341e+02
4.189800000000000182e+02
4.202400000000000091e+02
4.206700000000000159e+02
4.211000000000000227e+02
4.225099999999999909e+02
4.227900000000000205e+02
4.228600000000000136e+02
4.248600000000000136e+02
4.249800000000000182e+02
4.257900000000000205e+02
4.258100000000000023e+02
4.285500000000000114e+02
4.287200000000000273e+02
4.329100000000000250e+02
4.341000000000000227e+02
4.353199999999999932e+02
4.362100000000000364e+02
4.363199999999999932e+02
4.368500000000000227e+02
4.383400000000000318e+02
4.389600000000000364e+02
4.399600000000000364e+02
4.411100000000000136e+02
4.413100000000000023e+02
4.421500000000000341e+02
4.443899999999999864e+02
4.446500000000000341e+02
4.502800000000000296e+02
4.508100000000000023e+02
4.522800000000000296e+02
4.523899999999999864e+02
4.529100000000000250e+02
4.536600000000000250e+02
4.543400000000000318e+02
4.550400000000000205e+02
4.557300000000000182e+02
4.558400000000000318e+02
4.564300000000000068e+02
4.577900000000000205e+02
4.579100000000000250e+02
4.579399999999999977e+02
4.599800000000000182e+02
4.602500000000000000e+02
4.602699999999999818e+02
4.657200000000000273e+02
4.678799999999999955e+02
4.679900000000000091e+02
4.688600000000000136e+02
4.700500000000000114e+02
4.709300000000000068e+02
4.711500000000000341e+02
4.721999999999999886e+02
4.722300000000000182e+02
4.730000000000000000e+02
4.732400000000000091e+02
4.742699999999999818e+02
4.751999999999999886e+02
4.763199999999999932e+02
4.793199999999999932e+02
4.805199999999999818e+02
4.835600000000000023e+02
4.839900000000000091e+02
4.856100000000000136e+02
4.856800000000000068e+02
4.866999999999999886e+02
4.877400000000000091e+02
4.887900000000000205e+02
4.894499999999999886e+02
4.898299999999999841e+02
4.908799999999999955e+02
4.917300000000000182e+02
4.925799999999999841e+02
4.939900000000000091e+02
4.947800000000000296e+02
5.001999999999999886e+02
5.004100000000000250e+02
5.016299999999999955e+02
5.024700000000000273e+02
5.037500000000000000e+02
5.037800000000000296e+02
5.051299999999999955e+02
5.058400000000000318e+02
5.058500000000000227e+02
5.066100000000000136e+02
5.077500000000000000e+02
5.079200000000000159e+02
5.092800000000000296e+02
5.110000000000000000e+02
5.160600000000000591e+02
5.180099999999999909e+02
5.181699999999999591e+02
5.185000000000000000e+02
5.201200000000000045e+02
5.205900000000000318e+02
5.206200000000000045e+02
5.221800000000000637e+02
5.227000000000000455e+02
5.227599999999999909e+02
5.247999999999999545e+02
5.251200000000000045e+02
5.256000000000000227e+02
5.272300000000000182e+02
5.279700000000000273e+02
5.282000000000000455e+02
5.316499999999999773e+02
5.334800000000000182e+02
5.338300000000000409e+02
5.353600000000000136e+02
5.355600000000000591e+02
5.374099999999999682e+02
5.374500000000000455e+02
5.377000000000000455e+02
5.392699999999999818e+02
5.395000000000000000e+02
5.395299999999999727e+02
5.413100000000000591e+02
5.415800000000000409e+02
5.429800000000000182e+02
5.434099999999999682e+02
5.451200000000000045e+02
5.483100000000000591e+02
5.506000000000000227e+02
5.515099999999999909e+02
5.533300000000000409e+02
5.536499999999999773e+02
5.541100000000000136e+02
5.558200000000000500e+02
5.560900000000000318e+02
5.561900000000000546e+02
5.579099999999999682e+02
5.583000000000000682e+02
5.605099999999999909e+02
5.606200000000000045e+02
5.626599999999999682e+02
5.662699999999999818e+02
5.677300000000000182e+02
5.687300000000000182e+02
5.697899999999999636e+02
5.705099999999999909e+02
5.709500000000000455e+02
5.718500000000000227e+02
5.725800000000000409e+02
5.726100000000000136e+02
5.746599999999999682e+02
5.746900000000000546e+02
5.763700000000000045e+02
5.767799999999999727e+02
5.811499999999999773e+02
5.828700000000000045e+02
5.851399999999999864e+02
5.853300000000000409e+02
5.871800000000000637e+02
5.872400000000000091e+02
5.892400000000000091e+02
5.893300000000000409e+02
5.901599999999999682e+02
5.913899999999999864e+02
5.922200000000000273e+02
5.942200000000000273e+02
5.964400000000000546e+02
5.985500000000000682e+02
6.001000000000000227e+02
6.018400000000000318e+02
6.022100000000000364e+02
6.038799999999999955e+02
6.039099999999999682e+02
6.059800000000000182e+02
6.060000000000000000e+02
6.065199999999999818e+02
6.080500000000000682e+02
6.086299999999999955e+02
6.100099999999999909e+02
6.108100000000000591e+02
6.122100000000000364e+02
6.144800000000000182e+02
6.149600000000000364e+02
6.158799999999999955e+02
6.177699999999999818e+02
6.179700000000000273e+02
6.198500000000000227e+02
6.206599999999999682e+02
6.218899999999999864e+02
6.229099999999999682e+02
6.229199999999999591e+02
6.250299999999999727e+02
6.252899999999999636e+02
6.257599999999999909e+02
6.275600000000000591e+02
6.278999999999999773e+02
6.303200000000000500e+02
6.303400000000000318e+02
6.318100000000000591e+02
6.322000000000000455e+02
6.326299999999999955e+02
6.343100000000000591e+02
6.352400000000000091e+02
6.364900000000000091e+02
6.371599999999999682e+02
6.373200000000000500e+02
6.393000000000000682e+02
6.394900000000000091e+02
6.399600000000000364e+02
6.413799999999999955e+02
6.420500000000000682e+02
6.424199999999999591e+02
6.445500000000000682e+02
6.447000000000000455e+02
6.473100000000000591e+02
6.489099999999999682e+02
6.510299999999999727e+02
6.516599999999999682e+02
6.536699999999999591e+02
6.545600000000000591e+02
6.557300000000000182e+02
6.578300000000000409e+02
6.580399999999999636e+02
6.590800000000000409e+02
6.611900000000000546e+02
6.636100000000000136e+02
6.640399999999999636e+02
6.658000000000000682e+02
6.668300000000000409e+02
6.679900000000000091e+02
6.684300000000000637e+02
6.702000000000000455e+02
6.704900000000000091e+02
6.722699999999999818e+02
6.725600000000000591e+02
6.739099999999999682e+02
6.743300000000000409e+02
6.760099999999999909e+02
6.783799999999999955e+02
6.790700000000000500e+02
6.817699999999999818e+02
6.828899999999999864e+02
6.851100000000000136e+02
6.851499999999999773e+02
6.872200000000000273e+02
6.873000000000000682e+02
6.893200000000000500e+02
6.899199999999999591e+02
6.901100000000000136e+02
6.913899999999999864e+02
6.922799999999999727e+02
6.938799999999999955e+02
6.949199999999999591e+02
6.966399999999999864e+02
6.969800000000000182e+02
6.973899999999999864e+02
6.987799999999999727e+02
7.008400000000000318e+02
7.009199999999999591e+02
7.029300000000000637e+02
7.030900000000000318e+02
7.040600000000000591e+02
7.051499999999999773e+02
7.061599999999999682e+02
7.075000000000000000e+02
7.083700000000000045e+02
7.096000000000000227e+02
7.104900000000000091e+02
7.117000000000000455e+02
7.125600000000000591e+02
7.142400000000000091e+02
7.148600000000000136e+02
7.169900000000000091e+02
7.181100000000000136e+02
7.191599999999999682e+02
7.202200000000000273e+02
7.210600000000000591e+02
7.225399999999999636e+02
7.231399999999999864e+02
7.231699999999999591e+02
7.252300000000000182e+02
7.252500000000000000e+02
7.272899999999999636e+02
7.274300000000000637e+02
7.301599999999999682e+02
7.308600000000000136e+02
7.322899999999999636e+02
7.340800000000000409e+02
7.347200000000000273e+02
7.361800000000000637e+02
7.378200000000000500e+02
7.382599999999999909e+02
7.395700000000000500e+02
7.398799999999999955e+02
7.416800000000000637e+02
7.421100000000000136e+02
7.431699999999999591e+02
7.437400000000000091e+02
7.453300000000000409e+02
7.477699999999999818e+02
7.489600000000000364e+02
7.511699999999999591e+02
7.512300000000000182e+02
7.532799999999999727e+02
7.540600000000000591e+02
7.555600000000000591e+02
7.561399999999999864e+02
7.571800000000000637e+02
7.582000000000000455e+02
7.592799999999999727e+02
7.602799999999999727e+02
7.613500000000000227e+02
7.627300000000000182e+02
7.643899999999999864e+02
7.649500000000000455e+02
7.667200000000000273e+02
7.668400000000000318e+02
7.688000000000000682e+02
7.689500000000000455e+02
7.705299999999999727e+02
7.710099999999999909e+02
7.726100000000000136e+02
7.734099999999999682e+02
7.746900000000000546e+02
7.755299999999999727e+02
7.780099999999999909e+02
7.783200000000000500e+02
7.805199999999999818e+02
7.805600000000000591e+02
7.809700000000000273e+02
7.826900000000000546e+02
7.831200000000000045e+02
7.844099999999999682e+02
7.852699999999999818e+02
7.865600000000000591e+02
7.875900000000000318e+02
7.888700000000000045e+02
7.896599999999999682e+02
7.899300000000000637e+02
7.917699999999999818e+02
7.920199999999999818e+02
7.949200000000000728e+02
7.955299999999999727e+02
7.958400000000000318e+02
7.978700000000000045e+02
7.983200000000000500e+02
7.999700000000000273e+02
8.008999999999999773e+02
8.020700000000000500e+02
8.029800000000000182e+02
8.033300000000000409e+02
8.051100000000000136e+02
8.054500000000000455e+02
8.069099999999999682e+02
8.075000000000000000e+02
8.090000000000000000e+02
8.097300000000000182e+02
8.113700000000000045e+02
8.118799999999999955e+02
8.130199999999999818e+02
8.140600000000000591e+02
8.151000000000000227e+02
8.152500000000000000e+02
8.153000000000000682e+02
8.173400000000000318e+02
8.173999999999999773e+02
8.194600000000000364e+02
8.205399999999999636e+02
8.215800000000000409e+02
8.227200000000000273e+02
8.247799999999999727e+02
8.250800000000000409e+02
8.273400000000000318e+02
8.302300000000000182e+02
8.303999999999999773e+02
8.318100000000000591e+02
8.338799999999999955e+02
8.342300000000000182e+02
8.360500000000000682e+02
8.363799999999999955e+02
8.367200000000000273e+02
8.384500000000000455e+02
8.388100000000000591e+02
8.400299999999999727e+02
8.408899999999999864e+02
8.423300000000000409e+02
8.429800000000000182e+02
8.444500000000000455e+02
8.444600000000000364e+02
8.455900000000000318e+02
8.466200000000000045e+02
8.472699999999999818e+02
8.489700000000000273e+02
8.494800000000000182e+02
8.506800000000000637e+02
8.517000000000000455e+02
8.527799999999999727e+02
8.539500000000000455e+02
8.548700000000000045e+02
8.560099999999999909e+02
8.570399999999999636e+02
8.581100000000000136e+02
8.591900000000000546e+02
8.615199999999999818e+02
8.617599999999999909e+02
8.635700000000000500e+02
8.636200000000000045e+02
8.642899999999999636e+02
8.657599999999999909e+02
8.671100000000000136e+02
8.679600000000000364e+02
8.693899999999999864e+02
8.706399999999999864e+02
8.715000000000000000e+02
8.727000000000000455e+02
8.743600000000000136e+02
8.747799999999999727e+02
8.764200000000000728e+02
8.786299999999999955e+02
8.786499999999999773e+02
8.794200000000000728e+02
8.816200000000000045e+02
8.818000000000000682e+02
8.841100000000000136e+02
8.841399999999999864e+02
8.845500000000000682e+02
8.863500000000000227e+02
8.878200000000000500e+02
8.885199999999999818e+02
8.898700000000000045e+02
8.908600000000000136e+02
8.922400000000000091e+02
8.929600000000000364e+02
8.940199999999999818e+02
8.944400000000000546e+02
8.952100000000000364e+02
8.961499999999999773e+02
8.966000000000000227e+02
8.978200000000000500e+02
9.003999999999999773e+02
9.011700000000000728e+02
9.024700000000000273e+02
9.038899999999999864e+02
9.048100000000000591e+02
9.059600000000000364e+02
9.078500000000000227e+02
9.080800000000000409e+02
9.099300000000000637e+02
9.108799999999999955e+02
9.113700000000000045e+02
9.126299999999999955e+02
9.130399999999999636e+02
9.143100000000000591e+02
9.161499999999999773e+02
9.169600000000000364e+02
9.172000000000000455e+02
9.173899999999999864e+02
9.195000000000000000e+02
9.212300000000000182e+02
9.216100000000000136e+02
9.232799999999999727e+02
9.245000000000000000e+02
9.254800000000000182e+02
9.265500000000000682e+02
9.285399999999999636e+02
9.286100000000000136e+02
9.298999999999999773e+02
9.303600000000000136e+02
9.319700000000000273e+02
9.339700000000000273e+02
9.340299999999999727e+02
9.360199999999999818e+02
9.373000000000000682e+02
9.382400000000000091e+02
9.393899999999999864e+02
9.410000000000000000e+02
9.414600000000000364e+02
9.431299999999999955e+02
9.452100000000000364e+02
9.454800000000000182e+02
9.455800000000000409e+02
9.463899999999999864e+02
9.480700000000000500e+02
9.485399999999999636e+02
9.500399999999999636e+02
9.517599999999999909e+02
9.521000000000000227e+02
9.543000000000000682e+02
9.543100000000000591e+02
9.564200000000000728e+02
9.574600000000000364e+02
9.585399999999999636e+02
9.595800000000000409e+02
9.613000000000000682e+02
9.617899999999999636e+02
9.640600000000000591e+02
9.648999999999999773e+02
9.670000000000000000e+02
9.687699999999999818e+02
9.690399999999999636e+02
9.696599999999999682e+02
9.711100000000000136e+02
9.717599999999999909e+02
9.738200000000000500e+02
9.748799999999999955e+02
9.769400000000000546e+02
9.784600000000000364e+02
9.790199999999999818e+02
9.799700000000000273e+02
9.800900000000000318e+02
9.813600000000000136e+02
9.822000000000000455e+02
9.829700000000000273e+02
9.831299999999999955e+02
9.851299999999999955e+02
9.872100000000000364e+02
9.873100000000000591e+02
9.893999999999999773e+02
9.910199999999999818e+02
9.915600000000000591e+02
9.931100000000000136e+02
9.945800000000000409e+02
9.955099999999999909e+02
9.957500000000000000e+02
9.960900000000000318e+02
9.982400000000000091e+02
9.982900000000000773e+02
