3.149999999999999911e+00
3.169999999999999929e+00
3.320000000000000284e+00
4.070000000000000284e+00
4.320000000000000284e+00
4.330000000000000071e+00
4.400000000000000355e+00
4.459999999999999964e+00
4.509999999999999787e+00
4.560000000000000497e+00
4.629999999999999893e+00
4.660000000000000142e+00
4.709999999999999964e+00
4.790000000000000036e+00
4.910000000000000142e+00
5.169999999999999929e+00
5.270000000000000462e+00
5.429999999999999716e+00
5.520000000000000462e+00
5.709999999999999964e+00
5.750000000000000000e+00
5.910000000000000142e+00
6.070000000000000284e+00
6.190000000000000391e+00
6.310000000000000497e+00
6.419999999999999929e+00
6.530000000000000249e+00
6.560000000000000497e+00
6.580000000000000071e+00
6.669999999999999929e+00
6.740000000000000213e+00
6.910000000000000142e+00
6.940000000000000391e+00
7.070000000000000284e+00
7.259999999999999787e+00
7.390000000000000568e+00
7.660000000000000142e+00
7.679999999999999716e+00
7.730000000000000426e+00
8.400000000000000355e+00
8.470000000000000639e+00
8.500000000000000000e+00
8.580000000000000071e+00
9.009999999999999787e+00
9.220000000000000639e+00
9.410000000000000142e+00
2.019999999999999929e+01
2.032000000000000028e+01
2.035000000000000142e+01
2.050000000000000000e+01
2.080999999999999872e+01
2.085999999999999943e+01
2.092999999999999972e+01
2.101999999999999957e+01
2.116000000000000014e+01
2.137999999999999901e+01
2.158000000000000185e+01
2.178000000000000114e+01
2.180000000000000071e+01
2.185000000000000142e+01
2.194999999999999929e+01
2.198000000000000043e+01
2.200000000000000000e+01
2.205999999999999872e+01
2.210000000000000142e+01
2.228999999999999915e+01
2.230999999999999872e+01
2.237999999999999901e+01
2.241000000000000014e+01
2.269000000000000128e+01
2.278000000000000114e+01
2.287000000000000099e+01
2.291000000000000014e+01
2.303000000000000114e+01
2.324000000000000199e+01
2.333999999999999986e+01
2.351000000000000156e+01
2.351999999999999957e+01
2.358999999999999986e+01
2.391000000000000014e+01
2.401000000000000156e+01
2.421000000000000085e+01
2.425000000000000000e+01
2.437000000000000099e+01
2.441000000000000014e+01
2.446999999999999886e+01
2.469999999999999929e+01
2.525000000000000000e+01
2.546000000000000085e+01
2.553999999999999915e+01
2.574000000000000199e+01
3.735999999999999943e+01
3.746000000000000085e+01
3.749000000000000199e+01
3.755000000000000426e+01
3.792999999999999972e+01
3.807999999999999829e+01
3.839000000000000057e+01
3.839999999999999858e+01
3.846999999999999886e+01
3.852000000000000313e+01
3.853000000000000114e+01
3.886999999999999744e+01
3.892000000000000171e+01
3.896999999999999886e+01
3.900000000000000000e+01
3.914000000000000057e+01
3.927000000000000313e+01
3.932999999999999829e+01
3.952000000000000313e+01
3.982000000000000028e+01
3.986999999999999744e+01
3.999000000000000199e+01
4.018999999999999773e+01
4.021000000000000085e+01
4.035999999999999943e+01
4.039999999999999858e+01
4.046000000000000085e+01
4.056000000000000227e+01
4.067000000000000171e+01
4.068999999999999773e+01
4.077000000000000313e+01
4.088000000000000256e+01
4.093999999999999773e+01
4.093999999999999773e+01
4.095000000000000284e+01
4.139000000000000057e+01
4.171000000000000085e+01
4.171000000000000085e+01
4.189999999999999858e+01
4.246999999999999886e+01
4.250999999999999801e+01
5.330000000000000426e+01
5.350999999999999801e+01
5.409000000000000341e+01
5.423000000000000398e+01
5.432000000000000028e+01
5.443999999999999773e+01
5.446000000000000085e+01
5.446000000000000085e+01
5.452000000000000313e+01
5.478000000000000114e+01
5.491000000000000369e+01
5.495000000000000284e+01
5.498000000000000398e+01
5.500000000000000000e+01
5.503000000000000114e+01
5.538000000000000256e+01
5.550000000000000000e+01
5.580000000000000426e+01
5.612000000000000455e+01
5.617999999999999972e+01
5.635000000000000142e+01
5.650000000000000000e+01
5.653999999999999915e+01
5.653999999999999915e+01
5.677000000000000313e+01
5.680000000000000426e+01
5.682999999999999829e+01
5.685999999999999943e+01
5.700999999999999801e+01
5.717000000000000171e+01
5.725999999999999801e+01
5.728000000000000114e+01
5.749000000000000199e+01
5.789000000000000057e+01
5.888000000000000256e+01
5.899000000000000199e+01
5.917999999999999972e+01
5.932000000000000028e+01
6.984000000000000341e+01
7.001000000000000512e+01
7.023999999999999488e+01
7.034000000000000341e+01
7.039000000000000057e+01
7.079999999999999716e+01
7.096000000000000796e+01
7.101999999999999602e+01
7.107000000000000739e+01
7.115999999999999659e+01
7.132000000000000739e+01
7.143999999999999773e+01
7.151000000000000512e+01
7.185999999999999943e+01
7.207000000000000739e+01
7.210000000000000853e+01
7.214000000000000057e+01
7.218000000000000682e+01
7.220000000000000284e+01
7.229000000000000625e+01
7.232999999999999829e+01
7.234000000000000341e+01
7.298000000000000398e+01
7.315999999999999659e+01
7.317000000000000171e+01
7.323000000000000398e+01
7.351000000000000512e+01
7.351000000000000512e+01
7.357999999999999829e+01
7.364000000000000057e+01
7.392000000000000171e+01
7.393000000000000682e+01
7.423000000000000398e+01
7.435999999999999943e+01
7.450000000000000000e+01
7.459000000000000341e+01
7.481000000000000227e+01
7.484000000000000341e+01
7.496999999999999886e+01
7.496999999999999886e+01
7.501999999999999602e+01
7.540999999999999659e+01
7.548999999999999488e+01
7.625000000000000000e+01
7.662000000000000455e+01
8.668999999999999773e+01
8.679999999999999716e+01
8.709000000000000341e+01
8.712000000000000455e+01
8.723999999999999488e+01
8.743000000000000682e+01
8.801999999999999602e+01
8.818000000000000682e+01
8.831000000000000227e+01
8.831000000000000227e+01
8.840999999999999659e+01
8.851000000000000512e+01
8.885999999999999943e+01
8.893000000000000682e+01
8.901000000000000512e+01
8.901999999999999602e+01
8.907000000000000739e+01
8.920000000000000284e+01
8.926000000000000512e+01
8.932000000000000739e+01
8.946000000000000796e+01
8.951000000000000512e+01
8.954000000000000625e+01
8.954999999999999716e+01
8.965000000000000568e+01
8.968999999999999773e+01
8.982000000000000739e+01
9.007000000000000739e+01
9.010000000000000853e+01
9.014000000000000057e+01
9.015000000000000568e+01
9.025000000000000000e+01
9.035000000000000853e+01
9.039000000000000057e+01
9.039000000000000057e+01
9.068000000000000682e+01
9.157000000000000739e+01
9.159000000000000341e+01
9.173999999999999488e+01
9.190000000000000568e+01
9.190999999999999659e+01
9.243999999999999773e+01
1.022999999999999972e+02
1.027900000000000063e+02
1.032300000000000040e+02
1.033599999999999994e+02
1.035000000000000000e+02
1.039099999999999966e+02
1.042900000000000063e+02
1.044900000000000091e+02
1.045199999999999960e+02
1.047500000000000000e+02
1.048200000000000074e+02
1.048799999999999955e+02
1.049600000000000080e+02
1.051099999999999994e+02
1.052000000000000028e+02
1.052199999999999989e+02
1.054000000000000057e+02
1.054600000000000080e+02
1.056299999999999955e+02
1.056500000000000057e+02
1.057400000000000091e+02
1.061899999999999977e+02
1.062500000000000000e+02
1.065799999999999983e+02
1.067000000000000028e+02
1.070499999999999972e+02
1.071599999999999966e+02
1.073700000000000045e+02
1.075199999999999960e+02
1.075700000000000074e+02
1.076200000000000045e+02
1.079399999999999977e+02
1.082500000000000000e+02
1.083299999999999983e+02
1.084800000000000040e+02
1.086099999999999994e+02
1.086800000000000068e+02
1.087500000000000000e+02
1.090799999999999983e+02
1.097000000000000028e+02
1.193700000000000045e+02
1.203700000000000045e+02
1.205000000000000000e+02
1.207000000000000028e+02
1.207300000000000040e+02
1.208599999999999994e+02
1.209399999999999977e+02
1.210900000000000034e+02
1.211299999999999955e+02
1.213200000000000074e+02
1.213900000000000006e+02
1.216599999999999966e+02
1.219000000000000057e+02
1.219699999999999989e+02
1.220199999999999960e+02
1.220700000000000074e+02
1.221099999999999994e+02
1.221599999999999966e+02
1.223900000000000006e+02
1.226200000000000045e+02
1.227000000000000028e+02
1.227800000000000011e+02
1.228700000000000045e+02
1.229000000000000057e+02
1.229300000000000068e+02
1.229800000000000040e+02
1.229800000000000040e+02
1.231700000000000017e+02
1.232500000000000000e+02
1.232800000000000011e+02
1.234699999999999989e+02
1.234800000000000040e+02
1.237100000000000080e+02
1.240499999999999972e+02
1.246500000000000057e+02
1.248400000000000034e+02
1.251599999999999966e+02
1.252300000000000040e+02
1.253299999999999983e+02
1.259900000000000091e+02
1.264099999999999966e+02
1.364699999999999989e+02
1.366599999999999966e+02
1.367899999999999920e+02
1.368700000000000045e+02
1.369399999999999977e+02
1.369500000000000171e+02
1.370300000000000011e+02
1.372700000000000102e+02
1.374300000000000068e+02
1.374600000000000080e+02
1.376500000000000057e+02
1.377400000000000091e+02
1.379500000000000171e+02
1.379699999999999989e+02
1.383400000000000034e+02
1.383799999999999955e+02
1.385200000000000102e+02
1.386400000000000148e+02
1.388400000000000034e+02
1.388799999999999955e+02
1.390000000000000000e+02
1.396500000000000057e+02
1.396800000000000068e+02
1.397000000000000171e+02
1.397400000000000091e+02
1.399500000000000171e+02
1.399900000000000091e+02
1.400000000000000000e+02
1.400399999999999920e+02
1.401599999999999966e+02
1.402299999999999898e+02
1.402400000000000091e+02
1.402700000000000102e+02
1.403799999999999955e+02
1.404399999999999977e+02
1.409200000000000159e+02
1.415000000000000000e+02
1.416700000000000159e+02
1.417899999999999920e+02
1.418000000000000114e+02
1.419799999999999898e+02
1.420999999999999943e+02
1.421700000000000159e+02
1.429200000000000159e+02
1.429600000000000080e+02
1.430600000000000023e+02
1.524300000000000068e+02
1.529300000000000068e+02
1.531500000000000057e+02
1.537100000000000080e+02
1.540399999999999920e+02
1.540500000000000114e+02
1.544200000000000159e+02
1.545300000000000011e+02
1.546800000000000068e+02
1.548700000000000045e+02
1.549300000000000068e+02
1.550500000000000114e+02
1.550800000000000125e+02
1.552000000000000171e+02
1.554399999999999977e+02
1.555500000000000114e+02
1.556299999999999955e+02
1.558700000000000045e+02
1.560500000000000114e+02
1.562000000000000171e+02
1.564000000000000057e+02
1.565699999999999932e+02
1.566500000000000057e+02
1.568000000000000114e+02
1.568600000000000136e+02
1.568900000000000148e+02
1.569799999999999898e+02
1.571200000000000045e+02
1.571400000000000148e+02
1.571700000000000159e+02
1.575000000000000000e+02
1.575800000000000125e+02
1.576599999999999966e+02
1.577800000000000011e+02
1.579900000000000091e+02
1.582299999999999898e+02
1.585900000000000034e+02
1.587100000000000080e+02
1.589600000000000080e+02
1.602100000000000080e+02
1.689500000000000171e+02
1.690200000000000102e+02
1.690900000000000034e+02
1.694900000000000091e+02
1.696299999999999955e+02
1.696599999999999966e+02
1.698799999999999955e+02
1.702100000000000080e+02
1.705600000000000023e+02
1.708000000000000114e+02
1.709200000000000159e+02
1.712299999999999898e+02
1.713900000000000148e+02
1.715800000000000125e+02
1.716100000000000136e+02
1.716299999999999955e+02
1.718300000000000125e+02
1.718499999999999943e+02
1.723100000000000023e+02
1.724500000000000171e+02
1.724500000000000171e+02
1.729500000000000171e+02
1.730099999999999909e+02
1.730800000000000125e+02
1.732800000000000011e+02
1.733000000000000114e+02
1.733400000000000034e+02
1.734699999999999989e+02
1.735399999999999920e+02
1.735900000000000034e+02
1.736500000000000057e+02
1.738900000000000148e+02
1.740699999999999932e+02
1.741400000000000148e+02
1.742299999999999898e+02
1.742700000000000102e+02
1.744600000000000080e+02
1.745300000000000011e+02
1.746100000000000136e+02
1.749200000000000159e+02
1.754699999999999989e+02
1.760800000000000125e+02
1.765399999999999920e+02
1.861599999999999966e+02
1.864000000000000057e+02
1.867700000000000102e+02
1.868600000000000136e+02
1.870099999999999909e+02
1.873600000000000136e+02
1.874300000000000068e+02
1.876899999999999977e+02
1.879000000000000057e+02
1.882899999999999920e+02
1.882899999999999920e+02
1.883499999999999943e+02
1.884399999999999977e+02
1.885000000000000000e+02
1.886400000000000148e+02
1.886700000000000159e+02
1.886700000000000159e+02
1.888000000000000114e+02
1.888400000000000034e+02
1.888900000000000148e+02
1.890999999999999943e+02
1.892100000000000080e+02
1.892500000000000000e+02
1.895099999999999909e+02
1.895300000000000011e+02
1.897299999999999898e+02
1.898600000000000136e+02
1.907199999999999989e+02
1.909300000000000068e+02
1.909500000000000171e+02
1.910099999999999909e+02
1.910200000000000102e+02
1.910600000000000023e+02
1.912700000000000102e+02
1.913700000000000045e+02
1.915600000000000023e+02
1.915900000000000034e+02
1.916100000000000136e+02
1.916800000000000068e+02
1.917599999999999909e+02
1.924399999999999977e+02
1.924800000000000182e+02
1.925699999999999932e+02
2.024000000000000057e+02
2.025800000000000125e+02
2.029300000000000068e+02
2.030300000000000011e+02
2.030399999999999920e+02
2.032899999999999920e+02
2.036599999999999966e+02
2.036700000000000159e+02
2.037800000000000011e+02
2.044500000000000171e+02
2.045099999999999909e+02
2.048700000000000045e+02
2.049600000000000080e+02
2.050399999999999920e+02
2.051200000000000045e+02
2.051700000000000159e+02
2.053199999999999932e+02
2.057599999999999909e+02
2.057700000000000102e+02
2.058400000000000034e+02
2.059300000000000068e+02
2.064500000000000171e+02
2.065500000000000114e+02
2.067100000000000080e+02
2.067800000000000011e+02
2.068499999999999943e+02
2.068499999999999943e+02
2.069099999999999966e+02
2.071400000000000148e+02
2.073100000000000023e+02
2.074000000000000057e+02
2.074300000000000068e+02
2.077800000000000011e+02
2.078199999999999932e+02
2.080200000000000102e+02
2.081100000000000136e+02
2.094500000000000171e+02
2.096800000000000068e+02
2.100900000000000034e+02
2.192000000000000171e+02
2.196100000000000136e+02
2.200399999999999920e+02
2.201400000000000148e+02
2.202000000000000171e+02
2.207400000000000091e+02
2.207599999999999909e+02
2.209900000000000091e+02
2.210099999999999909e+02
2.210999999999999943e+02
2.212100000000000080e+02
2.214099999999999966e+02
2.215800000000000125e+02
2.216500000000000057e+02
2.217700000000000102e+02
2.218199999999999932e+02
2.223199999999999932e+02
2.223300000000000125e+02
2.227800000000000011e+02
2.229900000000000091e+02
2.230200000000000102e+02
2.230300000000000011e+02
2.230800000000000125e+02
2.231299999999999955e+02
2.233700000000000045e+02
2.234399999999999977e+02
2.234600000000000080e+02
2.234900000000000091e+02
2.235999999999999943e+02
2.238000000000000114e+02
2.238100000000000023e+02
2.238400000000000034e+02
2.238499999999999943e+02
2.240699999999999932e+02
2.242599999999999909e+02
2.243700000000000045e+02
2.249099999999999966e+02
2.250800000000000125e+02
2.253100000000000023e+02
2.258199999999999932e+02
2.264000000000000057e+02
2.265399999999999920e+02
2.272700000000000102e+02
2.337300000000000182e+02
2.351800000000000068e+02
2.362000000000000171e+02
2.365099999999999909e+02
2.365500000000000114e+02
2.368000000000000114e+02
2.370699999999999932e+02
2.373400000000000034e+02
2.375099999999999909e+02
2.375099999999999909e+02
2.376800000000000068e+02
2.377000000000000171e+02
2.377800000000000011e+02
2.380999999999999943e+02
2.383600000000000136e+02
2.385699999999999932e+02
2.385800000000000125e+02
2.387400000000000091e+02
2.387599999999999909e+02
2.393799999999999955e+02
2.394099999999999966e+02
2.397599999999999909e+02
2.398400000000000034e+02
2.398600000000000136e+02
2.399099999999999966e+02
2.399600000000000080e+02
2.399699999999999989e+02
2.402899999999999920e+02
2.404399999999999977e+02
2.406299999999999955e+02
2.407300000000000182e+02
2.407800000000000011e+02
2.408300000000000125e+02
2.409200000000000159e+02
2.412100000000000080e+02
2.418300000000000125e+02
2.420500000000000114e+02
2.420800000000000125e+02
2.421400000000000148e+02
2.423600000000000136e+02
2.423799999999999955e+02
2.434000000000000057e+02
2.445099999999999909e+02
2.517700000000000102e+02
2.519900000000000091e+02
2.521400000000000148e+02
2.522800000000000011e+02
2.525300000000000011e+02
2.530999999999999943e+02
2.532500000000000000e+02
2.536700000000000159e+02
2.537199999999999989e+02
2.540100000000000193e+02
2.543799999999999955e+02
2.544200000000000159e+02
2.544399999999999977e+02
2.550000000000000000e+02
2.550399999999999920e+02
2.550800000000000125e+02
2.551200000000000045e+02
2.552899999999999920e+02
2.555100000000000193e+02
2.557800000000000011e+02
2.559300000000000068e+02
2.560900000000000318e+02
2.561000000000000227e+02
2.565000000000000000e+02
2.569800000000000182e+02
2.571200000000000045e+02
2.571700000000000159e+02
2.573199999999999932e+02
2.573899999999999864e+02
2.576100000000000136e+02
2.576499999999999773e+02
2.577500000000000000e+02
2.579599999999999795e+02
2.581200000000000045e+02
2.587699999999999818e+02
2.602800000000000296e+02
2.680500000000000114e+02
2.682699999999999818e+02
2.683500000000000227e+02
2.685400000000000205e+02
2.688500000000000227e+02
2.689300000000000068e+02
2.689800000000000182e+02
2.695099999999999909e+02
2.697200000000000273e+02
2.698299999999999841e+02
2.699300000000000068e+02
2.704300000000000068e+02
2.704499999999999886e+02
2.706100000000000136e+02
2.707099999999999795e+02
2.708299999999999841e+02
2.709700000000000273e+02
2.712099999999999795e+02
2.715500000000000114e+02
2.715500000000000114e+02
2.717400000000000091e+02
2.718899999999999864e+02
2.720900000000000318e+02
2.721399999999999864e+02
2.722099999999999795e+02
2.723299999999999841e+02
2.727599999999999909e+02
2.731399999999999864e+02
2.731600000000000250e+02
2.731600000000000250e+02
2.733500000000000227e+02
2.735600000000000023e+02
2.736399999999999864e+02
2.737599999999999909e+02
2.737699999999999818e+02
2.741100000000000136e+02
2.745699999999999932e+02
2.746999999999999886e+02
2.751999999999999886e+02
2.752099999999999795e+02
2.753199999999999932e+02
2.754100000000000250e+02
2.756200000000000045e+02
2.759499999999999886e+02
2.860900000000000318e+02
2.861899999999999977e+02
2.862900000000000205e+02
2.865400000000000205e+02
2.865799999999999841e+02
2.867599999999999909e+02
2.872699999999999818e+02
2.872900000000000205e+02
2.873299999999999841e+02
2.875400000000000205e+02
2.878100000000000023e+02
2.881100000000000136e+02
2.881700000000000159e+02
2.881999999999999886e+02
2.882800000000000296e+02
2.884399999999999977e+02
2.887800000000000296e+02
2.888000000000000114e+02
2.891500000000000341e+02
2.894100000000000250e+02
2.894900000000000091e+02
2.895000000000000000e+02
2.900199999999999818e+02
2.900600000000000023e+02
2.901999999999999886e+02
2.902099999999999795e+02
2.902099999999999795e+02
2.904900000000000091e+02
2.908400000000000318e+02
2.909100000000000250e+02
2.909700000000000273e+02
2.912400000000000091e+02
2.912900000000000205e+02
2.913299999999999841e+02
2.915699999999999932e+02
2.919000000000000341e+02
2.920500000000000114e+02
2.920900000000000318e+02
2.921100000000000136e+02
2.921800000000000068e+02
2.926899999999999977e+02
2.927800000000000296e+02
3.000400000000000205e+02
3.016700000000000159e+02
3.020799999999999841e+02
3.021200000000000045e+02
3.021800000000000068e+02
3.031800000000000068e+02
3.032099999999999795e+02
3.037599999999999909e+02
3.041200000000000045e+02
3.042200000000000273e+02
3.043799999999999955e+02
3.045500000000000114e+02
3.047099999999999795e+02
3.049900000000000091e+02
3.051200000000000045e+02
3.052099999999999795e+02
3.052599999999999909e+02
3.054200000000000159e+02
3.054800000000000182e+02
3.057300000000000182e+02
3.060199999999999818e+02
3.061500000000000341e+02
3.061899999999999977e+02
3.064800000000000182e+02
3.065699999999999932e+02
3.067500000000000000e+02
3.069399999999999977e+02
3.070099999999999909e+02
3.070099999999999909e+02
3.072900000000000205e+02
3.075600000000000023e+02
3.078500000000000227e+02
3.080699999999999932e+02
3.084300000000000068e+02
3.085500000000000114e+02
3.085799999999999841e+02
3.088400000000000318e+02
3.092500000000000000e+02
3.103199999999999932e+02
3.167599999999999909e+02
3.188600000000000136e+02
3.189100000000000250e+02
3.191500000000000341e+02
3.192500000000000000e+02
3.192699999999999818e+02
3.192699999999999818e+02
3.198600000000000136e+02
3.199300000000000068e+02
3.201299999999999955e+02
3.201800000000000068e+02
3.210300000000000296e+02
3.210400000000000205e+02
3.211299999999999955e+02
3.212900000000000205e+02
3.213500000000000227e+02
3.213700000000000045e+02
3.218500000000000227e+02
3.228100000000000023e+02
3.231600000000000250e+02
3.231899999999999977e+02
3.234100000000000250e+02
3.234900000000000091e+02
3.235099999999999909e+02
3.238700000000000045e+02
3.238799999999999955e+02
3.239399999999999977e+02
3.240900000000000318e+02
3.242500000000000000e+02
3.243000000000000114e+02
3.243799999999999955e+02
3.251200000000000045e+02
3.254100000000000250e+02
3.256100000000000136e+02
3.256299999999999955e+02
3.258799999999999955e+02
3.259399999999999977e+02
3.261500000000000341e+02
3.266399999999999864e+02
3.280699999999999932e+02
3.283400000000000318e+02
3.285099999999999909e+02
3.343299999999999841e+02
3.343500000000000227e+02
3.357800000000000296e+02
3.361299999999999955e+02
3.363899999999999864e+02
3.368299999999999841e+02
3.372200000000000273e+02
3.373799999999999955e+02
3.377800000000000296e+02
3.378000000000000114e+02
3.378700000000000045e+02
3.378799999999999955e+02
3.378899999999999864e+02
3.388100000000000023e+02
3.388700000000000045e+02
3.389900000000000091e+02
3.390099999999999909e+02
3.392900000000000205e+02
3.393000000000000114e+02
3.399499999999999886e+02
3.399499999999999886e+02
3.404599999999999795e+02
3.407099999999999795e+02
3.408600000000000136e+02
3.410300000000000296e+02
3.410300000000000296e+02
3.412800000000000296e+02
3.413700000000000045e+02
3.416100000000000136e+02
3.419100000000000250e+02
3.421899999999999977e+02
3.423299999999999841e+02
3.428700000000000045e+02
3.437599999999999909e+02
3.440799999999999841e+02
3.441200000000000045e+02
3.443899999999999864e+02
3.444300000000000068e+02
3.449499999999999886e+02
3.520699999999999932e+02
3.527599999999999909e+02
3.532800000000000296e+02
3.533600000000000136e+02
3.536399999999999864e+02
3.542200000000000273e+02
3.543700000000000045e+02
3.546100000000000136e+02
3.547300000000000182e+02
3.548600000000000136e+02
3.548799999999999955e+02
3.551500000000000341e+02
3.553799999999999955e+02
3.555900000000000318e+02
3.556899999999999977e+02
3.558700000000000045e+02
3.563000000000000114e+02
3.564399999999999977e+02
3.566299999999999955e+02
3.566800000000000068e+02
3.569200000000000159e+02
3.569900000000000091e+02
3.570099999999999909e+02
3.573100000000000023e+02
3.577099999999999795e+02
3.579100000000000250e+02
3.583199999999999932e+02
3.586200000000000045e+02
3.586600000000000250e+02
3.587400000000000091e+02
3.590000000000000000e+02
3.592500000000000000e+02
3.596000000000000227e+02
3.624800000000000182e+02
3.677800000000000296e+02
3.686899999999999977e+02
3.698799999999999955e+02
3.701299999999999955e+02
3.702699999999999818e+02
3.703100000000000023e+02
3.707900000000000205e+02
3.710600000000000023e+02
3.712900000000000205e+02
3.713799999999999955e+02
3.716000000000000227e+02
3.716100000000000136e+02
3.720900000000000318e+02
3.720900000000000318e+02
3.722099999999999795e+02
3.722800000000000296e+02
3.725000000000000000e+02
3.725799999999999841e+02
3.728400000000000318e+02
3.734300000000000068e+02
3.735500000000000114e+02
3.736200000000000045e+02
3.740300000000000296e+02
3.741899999999999977e+02
3.741899999999999977e+02
3.742300000000000182e+02
3.744100000000000250e+02
3.745400000000000205e+02
3.745900000000000318e+02
3.750600000000000023e+02
3.753000000000000114e+02
3.756999999999999886e+02
3.757200000000000273e+02
3.768799999999999955e+02
3.775799999999999841e+02
3.788199999999999932e+02
3.826899999999999977e+02
3.844600000000000364e+02
3.846999999999999886e+02
3.848100000000000023e+02
3.858400000000000318e+02
3.859700000000000273e+02
3.861999999999999886e+02
3.864900000000000091e+02
3.865500000000000114e+02
3.867699999999999818e+02
3.869300000000000068e+02
3.869900000000000091e+02
3.871800000000000068e+02
3.871899999999999977e+02
3.876399999999999864e+02
3.876800000000000068e+02
3.879600000000000364e+02
3.883299999999999841e+02
3.885799999999999841e+02
3.887900000000000205e+02
3.890099999999999909e+02
3.891899999999999977e+02
3.892300000000000182e+02
3.892900000000000205e+02
3.893100000000000023e+02
3.894900000000000091e+02
3.898600000000000136e+02
3.899700000000000273e+02
3.901500000000000341e+02
3.901800000000000068e+02
3.906200000000000045e+02
3.909300000000000068e+02
3.910300000000000296e+02
3.910300000000000296e+02
3.911000000000000227e+02
3.911500000000000341e+02
3.911500000000000341e+02
3.912100000000000364e+02
3.912500000000000000e+02
3.913500000000000227e+02
3.917699999999999818e+02
3.925500000000000114e+02
3.925699999999999932e+02
3.926600000000000250e+02
3.929700000000000273e+02
3.933000000000000114e+02
3.994300000000000068e+02
4.001999999999999886e+02
4.010199999999999818e+02
4.015500000000000114e+02
4.021800000000000068e+02
4.028700000000000045e+02
4.032200000000000273e+02
4.033500000000000227e+02
4.036200000000000045e+02
4.039100000000000250e+02
4.039200000000000159e+02
4.040000000000000000e+02
4.040699999999999932e+02
4.045000000000000000e+02
4.045799999999999841e+02
4.047800000000000296e+02
4.049600000000000364e+02
4.049800000000000182e+02
4.050500000000000114e+02
4.053000000000000114e+02
4.053799999999999955e+02
4.056000000000000227e+02
4.057100000000000364e+02
4.058400000000000318e+02
4.075600000000000023e+02
4.076500000000000341e+02
4.076700000000000159e+02
4.076899999999999977e+02
4.079399999999999977e+02
4.082400000000000091e+02
4.082599999999999909e+02
4.084900000000000091e+02
4.087400000000000091e+02
4.087500000000000000e+02
4.092100000000000364e+02
4.093299999999999841e+02
4.100600000000000023e+02
4.107900000000000205e+02
4.111100000000000136e+02
4.168000000000000114e+02
4.174600000000000364e+02
4.175000000000000000e+02
4.175400000000000205e+02
4.186700000000000159e+02
4.189700000000000273e+02
4.191299999999999955e+02
4.193100000000000023e+02
4.193500000000000227e+02
4.196800000000000068e+02
4.198100000000000023e+02
4.205799999999999841e+02
4.206999999999999886e+02
4.207300000000000182e+02
4.211000000000000227e+02
4.211700000000000159e+02
4.218400000000000318e+02
4.218500000000000227e+02
4.221700000000000159e+02
4.222699999999999818e+02
4.224000000000000341e+02
4.227599999999999909e+02
4.229499999999999886e+02
4.229499999999999886e+02
4.231299999999999955e+02
4.238600000000000136e+02
4.239499999999999886e+02
4.245000000000000000e+02
4.249800000000000182e+02
4.250699999999999932e+02
4.252699999999999818e+02
4.254300000000000068e+02
4.256899999999999977e+02
4.258500000000000227e+02
4.259000000000000341e+02
4.261800000000000068e+02
4.263600000000000136e+02
4.271399999999999864e+02
4.275400000000000205e+02
4.282100000000000364e+02
4.290699999999999932e+02
4.309200000000000159e+02
4.328899999999999864e+02
4.339900000000000091e+02
4.344300000000000068e+02
4.345799999999999841e+02
4.348000000000000114e+02
4.357500000000000000e+02
4.357800000000000296e+02
4.358899999999999864e+02
4.361299999999999955e+02
4.362400000000000091e+02
4.368199999999999932e+02
4.368799999999999955e+02
4.368899999999999864e+02
4.369399999999999977e+02
4.370300000000000296e+02
4.371100000000000136e+02
4.373199999999999932e+02
4.376299999999999955e+02
4.387100000000000364e+02
4.390099999999999909e+02
4.390199999999999818e+02
4.390600000000000023e+02
4.391399999999999864e+02
4.391500000000000341e+02
4.391999999999999886e+02
4.395199999999999818e+02
4.398500000000000227e+02
4.400799999999999841e+02
4.402100000000000364e+02
4.407300000000000182e+02
4.408700000000000045e+02
4.409399999999999977e+02
4.411200000000000045e+02
4.412100000000000364e+02
4.412100000000000364e+02
4.415600000000000023e+02
4.418700000000000045e+02
4.419200000000000159e+02
4.420799999999999841e+02
4.422800000000000296e+02
4.423000000000000114e+02
4.427100000000000364e+02
4.431000000000000227e+02
4.432900000000000205e+02
4.446700000000000159e+02
4.447800000000000296e+02
4.451000000000000227e+02
4.485699999999999932e+02
4.498799999999999955e+02
4.501999999999999886e+02
4.507500000000000000e+02
4.519000000000000341e+02
4.520300000000000296e+02
4.523199999999999932e+02
4.524399999999999977e+02
4.527200000000000273e+02
4.529700000000000273e+02
4.534800000000000182e+02
4.535699999999999932e+02
4.538799999999999955e+02
4.540500000000000114e+02
4.543899999999999864e+02
4.544000000000000341e+02
4.547500000000000000e+02
4.547500000000000000e+02
4.547599999999999909e+02
4.548299999999999841e+02
4.549000000000000341e+02
4.556800000000000068e+02
4.558199999999999932e+02
4.559499999999999886e+02
4.560600000000000023e+02
4.561800000000000068e+02
4.561800000000000068e+02
4.566500000000000341e+02
4.568000000000000114e+02
4.568799999999999955e+02
4.573799999999999955e+02
4.576800000000000068e+02
4.578700000000000045e+02
4.579000000000000341e+02
4.579900000000000091e+02
4.579900000000000091e+02
4.581200000000000045e+02
4.583400000000000318e+02
4.583799999999999955e+02
4.585099999999999909e+02
4.586000000000000227e+02
4.587800000000000296e+02
4.594600000000000364e+02
4.595600000000000023e+02
4.599100000000000250e+02
4.603799999999999955e+02
4.607400000000000091e+02
4.610799999999999841e+02
4.610900000000000318e+02
4.660300000000000296e+02
4.678299999999999841e+02
4.685500000000000114e+02
4.689399999999999977e+02
4.689499999999999886e+02
4.695000000000000000e+02
4.695600000000000023e+02
4.703799999999999955e+02
4.706000000000000227e+02
4.710600000000000023e+02
4.711000000000000227e+02
4.711299999999999955e+02
4.714100000000000250e+02
4.716700000000000159e+02
4.718000000000000114e+02
4.718400000000000318e+02
4.719900000000000091e+02
4.722599999999999909e+02
4.724300000000000068e+02
4.726200000000000045e+02
4.732500000000000000e+02
4.733700000000000045e+02
4.735900000000000318e+02
4.736800000000000068e+02
4.737100000000000364e+02
4.737200000000000273e+02
4.737500000000000000e+02
4.743100000000000023e+02
4.744399999999999977e+02
4.754399999999999977e+02
4.759399999999999977e+02
4.760400000000000205e+02
4.760500000000000114e+02
4.760799999999999841e+02
4.773299999999999841e+02
4.782400000000000091e+02
4.793000000000000114e+02
4.793899999999999864e+02
4.805500000000000114e+02
4.807300000000000182e+02
4.822500000000000000e+02
4.839100000000000250e+02
4.842200000000000273e+02
4.844499999999999886e+02
4.855600000000000023e+02
4.856200000000000045e+02
4.857800000000000296e+02
4.863799999999999955e+02
4.865000000000000000e+02
4.865600000000000023e+02
4.866700000000000159e+02
4.878400000000000318e+02
4.879499999999999886e+02
4.881100000000000136e+02
4.883199999999999932e+02
4.884000000000000341e+02
4.884200000000000159e+02
4.884200000000000159e+02
4.893799999999999955e+02
4.895300000000000296e+02
4.895500000000000114e+02
4.897500000000000000e+02
4.898899999999999864e+02
4.900000000000000000e+02
4.901500000000000341e+02
4.903400000000000318e+02
4.904700000000000273e+02
4.906700000000000159e+02
4.907699999999999818e+02
4.910000000000000000e+02
4.912900000000000205e+02
4.925799999999999841e+02
4.926899999999999977e+02
4.929200000000000159e+02
4.930000000000000000e+02
4.932800000000000296e+02
4.941399999999999864e+02
4.941800000000000068e+02
4.944900000000000091e+02
4.948000000000000114e+02
5.004000000000000341e+02
5.005500000000000114e+02
5.005600000000000023e+02
5.008700000000000045e+02
5.015300000000000296e+02
5.015500000000000114e+02
5.021100000000000136e+02
5.024600000000000364e+02
5.025000000000000000e+02
5.026399999999999864e+02
5.026800000000000068e+02
5.026800000000000068e+02
5.037100000000000364e+02
5.037100000000000364e+02
5.041999999999999886e+02
5.042500000000000000e+02
5.043199999999999932e+02
5.047400000000000091e+02
5.047599999999999909e+02
5.047900000000000205e+02
5.050600000000000023e+02
5.059600000000000364e+02
5.061000000000000227e+02
5.062599999999999909e+02
5.063299999999999841e+02
5.064000000000000341e+02
5.066100000000000136e+02
5.066600000000000250e+02
5.068000000000000114e+02
5.074700000000000273e+02
5.077400000000000091e+02
5.077500000000000000e+02
5.082900000000000205e+02
5.088700000000000045e+02
5.089600000000000364e+02
5.110000000000000000e+02
5.116899999999999977e+02
5.134400000000000546e+02
5.136299999999999955e+02
5.177000000000000455e+02
5.178200000000000500e+02
5.179400000000000546e+02
5.180199999999999818e+02
5.180600000000000591e+02
5.182300000000000182e+02
5.186900000000000546e+02
5.189600000000000364e+02
5.189600000000000364e+02
5.198600000000000136e+02
5.202699999999999818e+02
5.206000000000000227e+02
5.207799999999999727e+02
5.207799999999999727e+02
5.209900000000000091e+02
5.210399999999999636e+02
5.210900000000000318e+02
5.214800000000000182e+02
5.217999999999999545e+02
5.219300000000000637e+02
5.220099999999999909e+02
5.221299999999999955e+02
5.222999999999999545e+02
5.227300000000000182e+02
5.229700000000000273e+02
5.231299999999999955e+02
5.231699999999999591e+02
5.233500000000000227e+02
5.235199999999999818e+02
5.238400000000000318e+02
5.242899999999999636e+02
5.252200000000000273e+02
5.252799999999999727e+02
5.253799999999999955e+02
5.254500000000000455e+02
5.256000000000000227e+02
5.256800000000000637e+02
5.257899999999999636e+02
5.259400000000000546e+02
5.264300000000000637e+02
5.267599999999999909e+02
5.267699999999999818e+02
5.278700000000000045e+02
5.279700000000000273e+02
5.282000000000000455e+02
5.287100000000000364e+02
5.289400000000000546e+02
5.315700000000000500e+02
5.322000000000000455e+02
5.325099999999999909e+02
5.332799999999999727e+02
5.335299999999999727e+02
5.338999999999999773e+02
5.339600000000000364e+02
5.342200000000000273e+02
5.346000000000000227e+02
5.349099999999999682e+02
5.351399999999999864e+02
5.359199999999999591e+02
5.365399999999999636e+02
5.370900000000000318e+02
5.371699999999999591e+02
5.371699999999999591e+02
5.377000000000000455e+02
5.379900000000000091e+02
5.381800000000000637e+02
5.382100000000000364e+02
5.382599999999999909e+02
5.383500000000000227e+02
5.385499999999999545e+02
5.390099999999999909e+02
5.390900000000000318e+02
5.391399999999999864e+02
5.405800000000000409e+02
5.407500000000000000e+02
5.410399999999999636e+02
5.410499999999999545e+02
5.411200000000000045e+02
5.412000000000000455e+02
5.417200000000000273e+02
5.419300000000000637e+02
5.427799999999999727e+02
5.428500000000000227e+02
5.435700000000000500e+02
5.438300000000000409e+02
5.438500000000000227e+02
5.442799999999999727e+02
5.469600000000000364e+02
5.481100000000000136e+02
5.484600000000000364e+02
5.487100000000000364e+02
5.492899999999999636e+02
5.501399999999999864e+02
5.506200000000000045e+02
5.510500000000000682e+02
5.511800000000000637e+02
5.513400000000000318e+02
5.525199999999999818e+02
5.530700000000000500e+02
5.531900000000000546e+02
5.535199999999999818e+02
5.537599999999999909e+02
5.537899999999999636e+02
5.540700000000000500e+02
5.546100000000000136e+02
5.547200000000000273e+02
5.547400000000000091e+02
5.548600000000000136e+02
5.551299999999999955e+02
5.551399999999999864e+02
5.553500000000000227e+02
5.554900000000000091e+02
5.558999999999999773e+02
5.561000000000000227e+02
5.562500000000000000e+02
5.566299999999999955e+02
5.566800000000000637e+02
5.569400000000000546e+02
5.571499999999999773e+02
5.575099999999999909e+02
5.576299999999999955e+02
5.578400000000000318e+02
5.579300000000000637e+02
5.584199999999999591e+02
5.589600000000000364e+02
5.592000000000000455e+02
5.592400000000000091e+02
5.598200000000000500e+02
5.605700000000000500e+02
5.606200000000000045e+02
5.606699999999999591e+02
5.609199999999999591e+02
5.611200000000000045e+02
5.611900000000000546e+02
5.627200000000000273e+02
5.653000000000000682e+02
5.663200000000000500e+02
5.665299999999999727e+02
5.666800000000000637e+02
5.669300000000000637e+02
5.689300000000000637e+02
5.690800000000000409e+02
5.695299999999999727e+02
5.697200000000000273e+02
5.700900000000000318e+02
5.703600000000000136e+02
5.705000000000000000e+02
5.708700000000000045e+02
5.711599999999999682e+02
5.713000000000000682e+02
5.713400000000000318e+02
5.716399999999999864e+02
5.717899999999999636e+02
5.720299999999999727e+02
5.720500000000000682e+02
5.721699999999999591e+02
5.724199999999999591e+02
5.726100000000000136e+02
5.733200000000000500e+02
5.734199999999999591e+02
5.734300000000000637e+02
5.737400000000000091e+02
5.738700000000000045e+02
5.744700000000000273e+02
5.744800000000000182e+02
5.745099999999999909e+02
5.746000000000000227e+02
5.747300000000000182e+02
5.751699999999999591e+02
5.752599999999999909e+02
5.757699999999999818e+02
5.763300000000000409e+02
5.767599999999999909e+02
5.767599999999999909e+02
5.769600000000000364e+02
5.776900000000000546e+02
5.797699999999999818e+02
5.828000000000000682e+02
5.833100000000000591e+02
5.837400000000000091e+02
5.843200000000000500e+02
5.852899999999999636e+02
5.853200000000000500e+02
5.854500000000000455e+02
5.858000000000000682e+02
5.858100000000000591e+02
5.859199999999999591e+02
5.861499999999999773e+02
5.866299999999999955e+02
5.872400000000000091e+02
5.873400000000000318e+02
5.877699999999999818e+02
5.878999999999999773e+02
5.880700000000000500e+02
5.881100000000000136e+02
5.887300000000000182e+02
5.888999999999999773e+02
5.893700000000000045e+02
5.894500000000000455e+02
5.896299999999999955e+02
5.897899999999999636e+02
5.902500000000000000e+02
5.906299999999999955e+02
5.907599999999999909e+02
5.909300000000000637e+02
5.910399999999999636e+02
5.912799999999999727e+02
5.914900000000000091e+02
5.917500000000000000e+02
5.918300000000000409e+02
5.928100000000000591e+02
5.935199999999999818e+02
5.951299999999999955e+02
5.951399999999999864e+02
5.954400000000000546e+02
5.962799999999999727e+02
5.980500000000000682e+02
5.998600000000000136e+02
6.014500000000000455e+02
6.018600000000000136e+02
6.027699999999999818e+02
6.032200000000000273e+02
6.033500000000000227e+02
6.034199999999999591e+02
6.038000000000000682e+02
6.038999999999999773e+02
6.043999999999999773e+02
6.047100000000000364e+02
6.048300000000000409e+02
6.053999999999999773e+02
6.056000000000000227e+02
6.057300000000000182e+02
6.057899999999999636e+02
6.058100000000000591e+02
6.059700000000000273e+02
6.065000000000000000e+02
6.067799999999999727e+02
6.072000000000000455e+02
6.073600000000000136e+02
6.074199999999999591e+02
6.075399999999999636e+02
6.078700000000000045e+02
6.078799999999999955e+02
6.081699999999999591e+02
6.088999999999999773e+02
6.092599999999999909e+02
6.098700000000000045e+02
6.106800000000000637e+02
6.108100000000000591e+02
6.111100000000000136e+02
6.113400000000000318e+02
6.114099999999999682e+02
6.120099999999999909e+02
6.125399999999999636e+02
6.131000000000000227e+02
6.141299999999999955e+02
6.147799999999999727e+02
6.151499999999999773e+02
6.158400000000000318e+02
6.158600000000000136e+02
6.174900000000000091e+02
6.176499999999999773e+02
6.176699999999999591e+02
6.179099999999999682e+02
6.179700000000000273e+02
6.182899999999999636e+02
6.189700000000000273e+02
6.191699999999999591e+02
6.197100000000000364e+02
6.199300000000000637e+02
6.200600000000000591e+02
6.201299999999999955e+02
6.206699999999999591e+02
6.208700000000000045e+02
6.210000000000000000e+02
6.215399999999999636e+02
6.215500000000000682e+02
6.217599999999999909e+02
6.220199999999999818e+02
6.220900000000000318e+02
6.221499999999999773e+02
6.222500000000000000e+02
6.229400000000000546e+02
6.234300000000000637e+02
6.235700000000000500e+02
6.237599999999999909e+02
6.242799999999999727e+02
6.244600000000000364e+02
6.245299999999999727e+02
6.254600000000000364e+02
6.255399999999999636e+02
6.258500000000000227e+02
6.263400000000000318e+02
6.267400000000000091e+02
6.269900000000000091e+02
6.270299999999999727e+02
6.277400000000000091e+02
6.290800000000000409e+02
6.297799999999999727e+02
6.301000000000000227e+02
6.302400000000000091e+02
6.302500000000000000e+02
6.302799999999999727e+02
6.318200000000000500e+02
6.320500000000000682e+02
6.324199999999999591e+02
6.341599999999999682e+02
6.343300000000000409e+02
6.344800000000000182e+02
6.345900000000000318e+02
6.354199999999999591e+02
6.354400000000000546e+02
6.357799999999999727e+02
6.361900000000000546e+02
6.363899999999999864e+02
6.367699999999999818e+02
6.368000000000000682e+02
6.373799999999999955e+02
6.374900000000000091e+02
6.375299999999999727e+02
6.388100000000000591e+02
6.388400000000000318e+02
6.389600000000000364e+02
6.394700000000000273e+02
6.394800000000000182e+02
6.398100000000000591e+02
6.400199999999999818e+02
6.409800000000000182e+02
6.415199999999999818e+02
6.416000000000000227e+02
6.420500000000000682e+02
6.420700000000000500e+02
6.421200000000000045e+02
6.422100000000000364e+02
6.422100000000000364e+02
6.423600000000000136e+02
6.442500000000000000e+02
6.445000000000000000e+02
6.446200000000000045e+02
6.452599999999999909e+02
6.466800000000000637e+02
6.480299999999999727e+02
6.485700000000000500e+02
6.490199999999999818e+02
6.497000000000000455e+02
6.507500000000000000e+02
6.508000000000000682e+02
6.510700000000000500e+02
6.516599999999999682e+02
6.517899999999999636e+02
6.518200000000000500e+02
6.521299999999999955e+02
6.523500000000000227e+02
6.524400000000000546e+02
6.535900000000000318e+02
6.536100000000000136e+02
6.543400000000000318e+02
6.544800000000000182e+02
6.546900000000000546e+02
6.546900000000000546e+02
6.550000000000000000e+02
6.556299999999999955e+02
6.558300000000000409e+02
6.567100000000000364e+02
6.568899999999999864e+02
6.571399999999999864e+02
6.581599999999999682e+02
6.587300000000000182e+02
6.589400000000000546e+02
6.591800000000000637e+02
6.601800000000000637e+02
6.607599999999999909e+02
6.610700000000000500e+02
6.617899999999999636e+02
6.625399999999999636e+02
6.627400000000000091e+02
6.640800000000000409e+02
6.644900000000000091e+02
6.651599999999999682e+02
6.658300000000000409e+02
6.660500000000000682e+02
6.661100000000000136e+02
6.667500000000000000e+02
6.672300000000000182e+02
6.680600000000000591e+02
6.682100000000000364e+02
6.682200000000000273e+02
6.686399999999999864e+02
6.687899999999999636e+02
6.688899999999999864e+02
6.700900000000000318e+02
6.702500000000000000e+02
6.702500000000000000e+02
6.704500000000000455e+02
6.705299999999999727e+02
6.706000000000000227e+02
6.706599999999999682e+02
6.710199999999999818e+02
6.711699999999999591e+02
6.712799999999999727e+02
6.722799999999999727e+02
6.722899999999999636e+02
6.724199999999999591e+02
6.727300000000000182e+02
6.735299999999999727e+02
6.735500000000000682e+02
6.738600000000000136e+02
6.740399999999999636e+02
6.743700000000000045e+02
6.743899999999999864e+02
6.747000000000000455e+02
6.750399999999999636e+02
6.752100000000000364e+02
6.758200000000000500e+02
6.759199999999999591e+02
6.769800000000000182e+02
6.772500000000000000e+02
6.773200000000000500e+02
6.790199999999999818e+02
6.793799999999999955e+02
6.795900000000000318e+02
6.800299999999999727e+02
6.810900000000000318e+02
6.816800000000000637e+02
6.817699999999999818e+02
6.828700000000000045e+02
6.829099999999999682e+02
6.831800000000000637e+02
6.833400000000000318e+02
6.839800000000000182e+02
6.841699999999999591e+02
6.848999999999999773e+02
6.849600000000000364e+02
6.855700000000000500e+02
6.857899999999999636e+02
6.860399999999999636e+02
6.862400000000000091e+02
6.867899999999999636e+02
6.871100000000000136e+02
6.873899999999999864e+02
6.876599999999999682e+02
6.876800000000000637e+02
6.883700000000000045e+02
6.890600000000000591e+02
6.890800000000000409e+02
6.894400000000000546e+02
6.898500000000000227e+02
6.904500000000000455e+02
6.911000000000000227e+02
6.911599999999999682e+02
6.912100000000000364e+02
6.913400000000000318e+02
6.928799999999999955e+02
6.931599999999999682e+02
6.934400000000000546e+02
6.937300000000000182e+02
6.941000000000000227e+02
6.948100000000000591e+02
6.950399999999999636e+02
6.966000000000000227e+02
6.969600000000000364e+02
6.970399999999999636e+02
6.971699999999999591e+02
6.975700000000000500e+02
6.976699999999999591e+02
6.981599999999999682e+02
6.988000000000000682e+02
6.996800000000000637e+02
7.004400000000000546e+02
7.008300000000000409e+02
7.013200000000000500e+02
7.015399999999999636e+02
7.017699999999999818e+02
7.029900000000000091e+02
7.036100000000000136e+02
7.036399999999999864e+02
7.037699999999999818e+02
7.041100000000000136e+02
7.043200000000000500e+02
7.045000000000000000e+02
7.046699999999999591e+02
7.051200000000000045e+02
7.052300000000000182e+02
7.052400000000000091e+02
7.056800000000000637e+02
7.061699999999999591e+02
7.067100000000000364e+02
7.072899999999999636e+02
7.078500000000000227e+02
7.080000000000000000e+02
7.081200000000000045e+02
7.081499999999999773e+02
7.082200000000000273e+02
7.082599999999999909e+02
7.090800000000000409e+02
7.093400000000000318e+02
7.096399999999999864e+02
7.098899999999999864e+02
7.103899999999999864e+02
7.104900000000000091e+02
7.113100000000000591e+02
7.119900000000000091e+02
7.122799999999999727e+02
7.123400000000000318e+02
7.133799999999999955e+02
7.140900000000000318e+02
7.147400000000000091e+02
7.148200000000000500e+02
7.152100000000000364e+02
7.160600000000000591e+02
7.161299999999999955e+02
7.161399999999999864e+02
7.168300000000000409e+02
7.171299999999999955e+02
7.172799999999999727e+02
7.173799999999999955e+02
7.180900000000000318e+02
7.182300000000000182e+02
7.198000000000000682e+02
7.203200000000000500e+02
7.204600000000000364e+02
7.208000000000000682e+02
7.208799999999999955e+02
7.212799999999999727e+02
7.216299999999999955e+02
7.226100000000000136e+02
7.229600000000000364e+02
7.229600000000000364e+02
7.233100000000000591e+02
7.233100000000000591e+02
7.238999999999999773e+02
7.239600000000000364e+02
7.240500000000000682e+02
7.242599999999999909e+02
7.245099999999999909e+02
7.247699999999999818e+02
7.253600000000000136e+02
7.264300000000000637e+02
7.265800000000000409e+02
7.267400000000000091e+02
7.268600000000000136e+02
7.270800000000000409e+02
7.274300000000000637e+02
7.277400000000000091e+02
7.280000000000000000e+02
7.287699999999999818e+02
7.307100000000000364e+02
7.310299999999999727e+02
7.317699999999999818e+02
7.325399999999999636e+02
7.326900000000000546e+02
7.334700000000000273e+02
7.336299999999999955e+02
7.344500000000000455e+02
7.349300000000000637e+02
7.355700000000000500e+02
7.357100000000000364e+02
7.361299999999999955e+02
7.362200000000000273e+02
7.365299999999999727e+02
7.371800000000000637e+02
7.372799999999999727e+02
7.375700000000000500e+02
7.378500000000000227e+02
7.378999999999999773e+02
7.379099999999999682e+02
7.384300000000000637e+02
7.391800000000000637e+02
7.394800000000000182e+02
7.396399999999999864e+02
7.396399999999999864e+02
7.398000000000000682e+02
7.398300000000000409e+02
7.401599999999999682e+02
7.402200000000000273e+02
7.407300000000000182e+02
7.412000000000000455e+02
7.418300000000000409e+02
7.418300000000000409e+02
7.423700000000000045e+02
7.427599999999999909e+02
7.427799999999999727e+02
7.428400000000000318e+02
7.430000000000000000e+02
7.434500000000000455e+02
7.435000000000000000e+02
7.438899999999999864e+02
7.439400000000000546e+02
7.439600000000000364e+02
7.453500000000000227e+02
7.454600000000000364e+02
7.466200000000000045e+02
7.473700000000000045e+02
7.477000000000000455e+02
7.488700000000000045e+02
7.493799999999999955e+02
7.495500000000000682e+02
7.505199999999999818e+02
7.506399999999999864e+02
7.511299999999999955e+02
7.512000000000000455e+02
7.514099999999999682e+02
7.517000000000000455e+02
7.521100000000000136e+02
7.532100000000000364e+02
7.533300000000000409e+02
7.538899999999999864e+02
7.541599999999999682e+02
7.546000000000000227e+02
7.549700000000000273e+02
7.552500000000000000e+02
7.559500000000000455e+02
7.561800000000000637e+02
7.568100000000000591e+02
7.569700000000000273e+02
7.572699999999999818e+02
7.572799999999999727e+02
7.573600000000000136e+02
7.577000000000000455e+02
7.580399999999999636e+02
7.588500000000000227e+02
7.590299999999999727e+02
7.593899999999999864e+02
7.600500000000000682e+02
7.601499999999999773e+02
7.603899999999999864e+02
7.608000000000000682e+02
7.611800000000000637e+02
7.627400000000000091e+02
7.627500000000000000e+02
7.627699999999999818e+02
7.628700000000000045e+02
7.631499999999999773e+02
7.632400000000000091e+02
7.643400000000000318e+02
7.644300000000000637e+02
7.648400000000000318e+02
7.649700000000000273e+02
7.650000000000000000e+02
7.662899999999999636e+02
7.665500000000000682e+02
7.665800000000000409e+02
7.668899999999999864e+02
7.684200000000000728e+02
7.684700000000000273e+02
7.685700000000000500e+02
7.686000000000000227e+02
7.687200000000000273e+02
7.687500000000000000e+02
7.688200000000000500e+02
7.698400000000000318e+02
7.704600000000000364e+02
7.706599999999999682e+02
7.709200000000000728e+02
7.709900000000000091e+02
7.711700000000000728e+02
7.717300000000000182e+02
7.719600000000000364e+02
7.721000000000000227e+02
7.722100000000000364e+02
7.731499999999999773e+02
7.732100000000000364e+02
7.737500000000000000e+02
7.738700000000000045e+02
7.746000000000000227e+02
7.748999999999999773e+02
7.751800000000000637e+02
7.758000000000000682e+02
7.759200000000000728e+02
7.760000000000000000e+02
7.765000000000000000e+02
7.782699999999999818e+02
7.784700000000000273e+02
7.788600000000000136e+02
7.799700000000000273e+02
7.804400000000000546e+02
7.807400000000000091e+02
7.808100000000000591e+02
7.822300000000000182e+02
7.822699999999999818e+02
7.824800000000000182e+02
7.825199999999999818e+02
7.825600000000000591e+02
7.829600000000000364e+02
7.832899999999999636e+02
7.838200000000000500e+02
7.846100000000000136e+02
7.851100000000000136e+02
7.856100000000000136e+02
7.857300000000000182e+02
7.858700000000000045e+02
7.863799999999999955e+02
7.872100000000000364e+02
7.877799999999999727e+02
7.878300000000000409e+02
7.878999999999999773e+02
7.882799999999999727e+02
7.885500000000000682e+02
7.886900000000000546e+02
7.887500000000000000e+02
7.890600000000000591e+02
7.898600000000000136e+02
7.898600000000000136e+02
7.903600000000000136e+02
7.904500000000000455e+02
7.909300000000000637e+02
7.911100000000000136e+02
7.915900000000000318e+02
7.918899999999999864e+02
7.926900000000000546e+02
7.931599999999999682e+02
7.952200000000000273e+02
7.953999999999999773e+02
7.954200000000000728e+02
7.955199999999999818e+02
7.956900000000000546e+02
7.958600000000000136e+02
7.963600000000000136e+02
7.973300000000000409e+02
7.974500000000000455e+02
7.980900000000000318e+02
7.982100000000000364e+02
7.987100000000000364e+02
7.995900000000000318e+02
7.997200000000000273e+02
8.004400000000000546e+02
8.004800000000000182e+02
8.012899999999999636e+02
8.016100000000000136e+02
8.016499999999999773e+02
8.030199999999999818e+02
8.030600000000000591e+02
8.035800000000000409e+02
8.039200000000000728e+02
8.041900000000000546e+02
8.046700000000000728e+02
8.049300000000000637e+02
8.053600000000000136e+02
8.054200000000000728e+02
8.059800000000000182e+02
8.064800000000000182e+02
8.067000000000000455e+02
8.070900000000000318e+02
8.071900000000000546e+02
8.073600000000000136e+02
8.074800000000000182e+02
8.078400000000000318e+02
8.080000000000000000e+02
8.088400000000000318e+02
8.089400000000000546e+02
8.089800000000000182e+02
8.091299999999999955e+02
8.092699999999999818e+02
8.096499999999999773e+02
8.097000000000000455e+02
8.100399999999999636e+02
8.102899999999999636e+02
8.113700000000000045e+02
8.117599999999999909e+02
8.119200000000000728e+02
8.124400000000000546e+02
8.128899999999999864e+02
8.135900000000000318e+02
8.143100000000000591e+02
8.149500000000000455e+02
8.149800000000000182e+02
8.160299999999999727e+02
8.167200000000000273e+02
8.170700000000000500e+02
8.175399999999999636e+02
8.177300000000000182e+02
8.183500000000000227e+02
8.193100000000000591e+02
8.195500000000000682e+02
8.196000000000000227e+02
8.206100000000000136e+02
8.207200000000000273e+02
8.209600000000000364e+02
8.212300000000000182e+02
8.213899999999999864e+02
8.220399999999999636e+02
8.230000000000000000e+02
8.230900000000000318e+02
8.230900000000000318e+02
8.231000000000000227e+02
8.235099999999999909e+02
8.236100000000000136e+02
8.238799999999999955e+02
8.240700000000000500e+02
8.247500000000000000e+02
8.250800000000000409e+02
8.251599999999999682e+02
8.251700000000000728e+02
8.253999999999999773e+02
8.254400000000000546e+02
8.258600000000000136e+02
8.263100000000000591e+02
8.264500000000000455e+02
8.265600000000000591e+02
8.266399999999999864e+02
8.268300000000000409e+02
8.275900000000000318e+02
8.278999999999999773e+02
8.282400000000000091e+02
8.296800000000000637e+02
8.300099999999999909e+02
8.300700000000000500e+02
8.304500000000000455e+02
8.315000000000000000e+02
8.317300000000000182e+02
8.320500000000000682e+02
8.329800000000000182e+02
8.335600000000000591e+02
8.340099999999999909e+02
8.340800000000000409e+02
8.348200000000000500e+02
8.349300000000000637e+02
8.350099999999999909e+02
8.350500000000000682e+02
8.351800000000000637e+02
8.365299999999999727e+02
8.365800000000000409e+02
8.370800000000000409e+02
8.376100000000000136e+02
8.377400000000000091e+02
8.382699999999999818e+02
8.385500000000000682e+02
8.394200000000000728e+02
8.396399999999999864e+02
8.397100000000000364e+02
8.397899999999999636e+02
8.399900000000000091e+02
8.401399999999999864e+02
8.404700000000000273e+02
8.407400000000000091e+02
8.409900000000000091e+02
8.421599999999999682e+02
8.426800000000000637e+02
8.427300000000000182e+02
8.427400000000000091e+02
8.438799999999999955e+02
8.441599999999999682e+02
8.441900000000000546e+02
8.443000000000000682e+02
8.443700000000000045e+02
8.450000000000000000e+02
8.450099999999999909e+02
8.455800000000000409e+02
8.464200000000000728e+02
8.469099999999999682e+02
8.471800000000000637e+02
8.478899999999999864e+02
8.480299999999999727e+02
8.485500000000000682e+02
8.489600000000000364e+02
8.499099999999999682e+02
8.506200000000000045e+02
8.511299999999999955e+02
8.511700000000000728e+02
8.512100000000000364e+02
8.518300000000000409e+02
8.519700000000000273e+02
8.521000000000000227e+02
8.523700000000000045e+02
8.530000000000000000e+02
8.531499999999999773e+02
8.538500000000000227e+02
8.540299999999999727e+02
8.544200000000000728e+02
8.546399999999999864e+02
8.548600000000000136e+02
8.550399999999999636e+02
8.551800000000000637e+02
8.554600000000000364e+02
8.556900000000000546e+02
8.557500000000000000e+02
8.565600000000000591e+02
8.569500000000000455e+02
8.570800000000000409e+02
8.577200000000000273e+02
8.583400000000000318e+02
8.585099999999999909e+02
8.585099999999999909e+02
8.585800000000000409e+02
8.588200000000000500e+02
8.596399999999999864e+02
8.602300000000000182e+02
8.606299999999999955e+02
8.610600000000000591e+02
8.616900000000000546e+02
8.618300000000000409e+02
8.620000000000000000e+02
8.620700000000000500e+02
8.637000000000000455e+02
8.637799999999999727e+02
8.638200000000000500e+02
8.638899999999999864e+02
8.640500000000000682e+02
8.641399999999999864e+02
8.643700000000000045e+02
8.647100000000000364e+02
8.651499999999999773e+02
8.653300000000000409e+02
8.655800000000000409e+02
8.664200000000000728e+02
8.666599999999999682e+02
8.669900000000000091e+02
8.671000000000000227e+02
8.684099999999999682e+02
8.684600000000000364e+02
8.690800000000000409e+02
8.693500000000000227e+02
8.695800000000000409e+02
8.696399999999999864e+02
8.696900000000000546e+02
8.704500000000000455e+02
8.705500000000000682e+02
8.715700000000000500e+02
8.719800000000000182e+02
8.720099999999999909e+02
8.721599999999999682e+02
8.725099999999999909e+02
8.725800000000000409e+02
8.728400000000000318e+02
8.729800000000000182e+02
8.738899999999999864e+02
8.743600000000000136e+02
8.748700000000000045e+02
8.751900000000000546e+02
8.752000000000000455e+02
8.753100000000000591e+02
8.759500000000000455e+02
8.763799999999999955e+02
8.773999999999999773e+02
8.775800000000000409e+02
8.776100000000000136e+02
8.787400000000000091e+02
8.788799999999999955e+02
8.788899999999999864e+02
8.792599999999999909e+02
8.793500000000000227e+02
8.796599999999999682e+02
8.800700000000000500e+02
8.801299999999999955e+02
8.805800000000000409e+02
8.814300000000000637e+02
8.817100000000000364e+02
8.818100000000000591e+02
8.819400000000000546e+02
8.825399999999999636e+02
8.828300000000000409e+02
8.838100000000000591e+02
8.843400000000000318e+02
8.847799999999999727e+02
8.851700000000000728e+02
8.854200000000000728e+02
8.865600000000000591e+02
8.865600000000000591e+02
8.865600000000000591e+02
8.869300000000000637e+02
8.872000000000000455e+02
8.881399999999999864e+02
8.883400000000000318e+02
8.887200000000000273e+02
8.889800000000000182e+02
8.892000000000000455e+02
8.892000000000000455e+02
8.896200000000000045e+02
8.901700000000000728e+02
8.902000000000000455e+02
8.903899999999999864e+02
8.907500000000000000e+02
8.907500000000000000e+02
8.910000000000000000e+02
8.913999999999999773e+02
8.914099999999999682e+02
8.925399999999999636e+02
8.926499999999999773e+02
8.934400000000000546e+02
8.937400000000000091e+02
8.943200000000000500e+02
8.944400000000000546e+02
8.947599999999999909e+02
8.959700000000000273e+02
8.960000000000000000e+02
8.961200000000000045e+02
8.963300000000000409e+02
8.973100000000000591e+02
8.977000000000000455e+02
8.978300000000000409e+02
8.981000000000000227e+02
8.983700000000000045e+02
8.986499999999999773e+02
8.997500000000000000e+02
9.006800000000000637e+02
9.012200000000000273e+02
9.014600000000000364e+02
9.021599999999999682e+02
9.025299999999999727e+02
9.027500000000000000e+02
9.033700000000000045e+02
9.034800000000000182e+02
9.035000000000000000e+02
9.037100000000000364e+02
9.042100000000000364e+02
9.046200000000000045e+02
9.048400000000000318e+02
9.055500000000000682e+02
9.057200000000000273e+02
9.058500000000000227e+02
9.068999999999999773e+02
9.077200000000000273e+02
9.078000000000000682e+02
9.082200000000000273e+02
9.088700000000000045e+02
9.090600000000000591e+02
9.091000000000000227e+02
9.097799999999999727e+02
9.108799999999999955e+02
9.115399999999999636e+02
9.118300000000000409e+02
9.124500000000000455e+02
9.125600000000000591e+02
9.126000000000000227e+02
9.128100000000000591e+02
9.130800000000000409e+02
9.132400000000000091e+02
9.143400000000000318e+02
9.144900000000000091e+02
9.146299999999999955e+02
9.146599999999999682e+02
9.160500000000000682e+02
9.161800000000000637e+02
9.168799999999999955e+02
9.170399999999999636e+02
9.172200000000000273e+02
9.172899999999999636e+02
9.176800000000000637e+02
9.181200000000000045e+02
9.184700000000000273e+02
9.191599999999999682e+02
9.192500000000000000e+02
9.196299999999999955e+02
9.197200000000000273e+02
9.199300000000000637e+02
9.216900000000000546e+02
9.217599999999999909e+02
9.218200000000000500e+02
9.219500000000000455e+02
9.222400000000000091e+02
9.226100000000000136e+02
9.238000000000000682e+02
9.238799999999999955e+02
9.242699999999999818e+02
9.246499999999999773e+02
9.248899999999999864e+02
9.250399999999999636e+02
9.259400000000000546e+02
9.261100000000000136e+02
9.262599999999999909e+02
9.263600000000000136e+02
9.268799999999999955e+02
9.282000000000000455e+02
9.282599999999999909e+02
9.283000000000000682e+02
9.283300000000000409e+02
9.283400000000000318e+02
9.290299999999999727e+02
9.295099999999999909e+02
9.297599999999999909e+02
9.302200000000000273e+02
9.308000000000000682e+02
9.308100000000000591e+02
9.309700000000000273e+02
9.313999999999999773e+02
9.315900000000000318e+02
9.317699999999999818e+02
9.330800000000000409e+02
9.331900000000000546e+02
9.334600000000000364e+02
9.338300000000000409e+02
9.343500000000000227e+02
9.344500000000000455e+02
9.355600000000000591e+02
9.358200000000000500e+02
9.359500000000000455e+02
9.362400000000000091e+02
9.368300000000000409e+02
9.371200000000000045e+02
9.376000000000000227e+02
9.383500000000000227e+02
9.386200000000000045e+02
9.391299999999999955e+02
9.391700000000000728e+02
9.393899999999999864e+02
9.394400000000000546e+02
9.398799999999999955e+02
9.403700000000000045e+02
9.408000000000000682e+02
9.411700000000000728e+02
9.413400000000000318e+02
9.415399999999999636e+02
9.419400000000000546e+02
9.423000000000000682e+02
9.428500000000000227e+02
9.439099999999999682e+02
9.439700000000000273e+02
9.440199999999999818e+02
9.443500000000000227e+02
9.448899999999999864e+02
9.451299999999999955e+02
9.455399999999999636e+02
9.463000000000000682e+02
9.463999999999999773e+02
9.472899999999999636e+02
9.475800000000000409e+02
9.477100000000000364e+02
9.482899999999999636e+02
9.486499999999999773e+02
9.486700000000000728e+02
9.488700000000000045e+02
9.498400000000000318e+02
9.503700000000000045e+02
9.503700000000000045e+02
9.506700000000000728e+02
9.514200000000000728e+02
9.519099999999999682e+02
9.521700000000000728e+02
9.523799999999999955e+02
9.529099999999999682e+02
9.534800000000000182e+02
9.536599999999999682e+02
9.542200000000000273e+02
9.542400000000000091e+02
9.543300000000000409e+02
9.549500000000000455e+02
9.552300000000000182e+02
9.556599999999999682e+02
9.559500000000000455e+02
9.568400000000000318e+02
9.571700000000000728e+02
9.573400000000000318e+02
9.573500000000000227e+02
9.575500000000000682e+02
9.577400000000000091e+02
9.581200000000000045e+02
9.581299999999999955e+02
9.586299999999999955e+02
9.594900000000000091e+02
9.601700000000000728e+02
9.606100000000000136e+02
9.615099999999999909e+02
9.615600000000000591e+02
9.633999999999999773e+02
9.637699999999999818e+02
9.647300000000000182e+02
9.652799999999999727e+02
9.653400000000000318e+02
9.654600000000000364e+02
9.656100000000000136e+02
9.661800000000000637e+02
9.668500000000000227e+02
9.673100000000000591e+02
9.679400000000000546e+02
9.684800000000000182e+02
9.686299999999999955e+02
9.686800000000000637e+02
9.687799999999999727e+02
9.689099999999999682e+02
9.690500000000000682e+02
9.697599999999999909e+02
9.708700000000000045e+02
9.708999999999999773e+02
9.710800000000000409e+02
9.715199999999999818e+02
9.723799999999999955e+02
9.729200000000000728e+02
9.730299999999999727e+02
9.732899999999999636e+02
9.741200000000000045e+02
9.750600000000000591e+02
9.750800000000000409e+02
9.751200000000000045e+02
9.753300000000000409e+02
9.753400000000000318e+02
9.767100000000000364e+02
9.767200000000000273e+02
9.769099999999999682e+02
9.779800000000000182e+02
9.782899999999999636e+02
9.786100000000000136e+02
9.787200000000000273e+02
9.790000000000000000e+02
9.797200000000000273e+02
9.798700000000000045e+02
9.803200000000000500e+02
9.803200000000000500e+02
9.806700000000000728e+02
9.811100000000000136e+02
9.812100000000000364e+02
9.818600000000000136e+02
9.820700000000000500e+02
9.827100000000000364e+02
9.828000000000000682e+02
9.828600000000000136e+02
9.828899999999999864e+02
9.830000000000000000e+02
9.836700000000000728e+02
9.839099999999999682e+02
9.843700000000000045e+02
9.846599999999999682e+02
9.850000000000000000e+02
9.864600000000000364e+02
9.867500000000000000e+02
9.870800000000000409e+02
9.873999999999999773e+02
9.875099999999999909e+02
9.878700000000000045e+02
9.879500000000000455e+02
9.882400000000000091e+02
9.888000000000000682e+02
9.888799999999999955e+02
9.905099999999999909e+02
9.908000000000000682e+02
9.912500000000000000e+02
9.915700000000000500e+02
9.920199999999999818e+02
9.921000000000000227e+02
9.923100000000000591e+02
9.925299999999999727e+02
9.925800000000000409e+02
9.940600000000000591e+02
9.946100000000000136e+02
9.952000000000000455e+02
9.953600000000000136e+02
9.959800000000000182e+02
9.962200000000000273e+02
9.963000000000000682e+02
9.968999999999999773e+02
9.970700000000000500e+02
9.983300000000000409e+02
9.989400000000000546e+02
9.990500000000000682e+02
9.995700000000000500e+02
