2.127199999999999989e+02
3.064300000000000068e+02
4.235199999999999818e+02
4.933299999999999841e+02
5.223999999999999773e+02
3.353999999999999915e+01
7.959000000000000341e+01
9.164000000000000057e+01
1.025700000000000074e+02
2.356100000000000136e+02
2.811999999999999886e+02
2.976800000000000068e+02
3.344800000000000182e+02
3.385600000000000023e+02
3.440000000000000000e+02
3.619700000000000273e+02
3.767200000000000273e+02
4.037100000000000364e+02
4.183100000000000023e+02
4.414900000000000091e+02
4.441800000000000068e+02
5.290299999999999727e+02
5.421200000000000045e+02
7.080299999999999727e+02
7.113999999999999773e+02
7.374900000000000091e+02
7.618700000000000045e+02
8.310299999999999727e+02
8.668000000000000682e+02
8.699200000000000728e+02
8.813899999999999864e+02
9.345500000000000682e+02
3.500000000000000000e+00
5.900000000000000355e+00
8.160000000000000142e+00
1.828000000000000114e+01
2.514000000000000057e+01
3.743999999999999773e+01
3.946000000000000085e+01
5.388000000000000256e+01
5.589000000000000057e+01
6.225000000000000000e+01
6.475000000000000000e+01
7.273999999999999488e+01
7.687999999999999545e+01
8.667000000000000171e+01
9.256000000000000227e+01
9.557999999999999829e+01
1.028100000000000023e+02
1.069399999999999977e+02
1.200100000000000051e+02
1.233100000000000023e+02
1.371800000000000068e+02
1.404000000000000057e+02
1.458100000000000023e+02
1.480699999999999932e+02
1.512000000000000171e+02
1.620000000000000000e+02
1.680099999999999909e+02
1.708300000000000125e+02
1.776599999999999966e+02
1.796700000000000159e+02
1.818499999999999943e+02
1.879099999999999966e+02
1.968100000000000023e+02
1.988799999999999955e+02
2.119500000000000171e+02
2.182500000000000000e+02
2.203000000000000114e+02
2.280500000000000114e+02
2.316100000000000136e+02
2.367500000000000000e+02
2.399900000000000091e+02
2.455999999999999943e+02
2.635699999999999932e+02
2.715400000000000205e+02
2.788600000000000136e+02
3.053000000000000114e+02
3.160799999999999841e+02
3.238299999999999841e+02
3.285199999999999818e+02
3.317900000000000205e+02
3.627599999999999909e+02
3.722900000000000205e+02
3.769599999999999795e+02
3.967800000000000296e+02
4.018799999999999955e+02
4.044900000000000091e+02
4.066000000000000227e+02
4.086200000000000045e+02
4.140400000000000205e+02
4.229000000000000341e+02
4.360000000000000000e+02
4.400000000000000000e+02
4.470500000000000114e+02
4.498199999999999932e+02
4.565400000000000205e+02
4.667599999999999909e+02
4.749700000000000273e+02
4.951700000000000159e+02
4.982300000000000182e+02
5.042100000000000364e+02
5.178600000000000136e+02
5.198799999999999955e+02
5.302999999999999545e+02
5.380800000000000409e+02
5.401200000000000045e+02
5.562400000000000091e+02
5.600900000000000318e+02
5.667400000000000091e+02
5.733700000000000045e+02
5.810299999999999727e+02
5.928600000000000136e+02
5.986299999999999955e+02
6.070900000000000318e+02
6.128300000000000409e+02
6.213300000000000409e+02
6.258899999999999864e+02
6.432400000000000091e+02
6.514199999999999591e+02
6.597699999999999818e+02
6.627599999999999909e+02
6.673600000000000136e+02
6.695500000000000682e+02
6.726699999999999591e+02
7.015800000000000409e+02
7.088400000000000318e+02
7.109900000000000091e+02
7.177500000000000000e+02
7.353799999999999955e+02
7.403400000000000318e+02
7.439400000000000546e+02
7.583300000000000409e+02
7.698300000000000409e+02
7.858999999999999773e+02
7.900199999999999818e+02
7.988100000000000591e+02
8.050600000000000591e+02
8.105600000000000591e+02
8.194700000000000273e+02
8.295600000000000591e+02
8.390900000000000318e+02
8.475600000000000591e+02
8.512699999999999818e+02
8.568400000000000318e+02
8.757500000000000000e+02
8.777599999999999909e+02
8.801100000000000136e+02
8.844900000000000091e+02
8.865000000000000000e+02
8.885199999999999818e+02
8.914099999999999682e+02
8.934200000000000728e+02
9.007100000000000364e+02
9.049800000000000182e+02
9.126000000000000227e+02
9.185399999999999636e+02
9.319500000000000455e+02
9.442899999999999636e+02
9.466000000000000227e+02
9.507899999999999636e+02
9.602000000000000455e+02
9.679500000000000455e+02
9.833400000000000318e+02
9.856299999999999955e+02
9.906299999999999955e+02
3.879999999999999893e+00
6.190000000000000391e+00
1.072000000000000064e+01
1.422000000000000064e+01
2.528000000000000114e+01
2.735000000000000142e+01
3.256000000000000227e+01
3.559000000000000341e+01
4.167000000000000171e+01
4.546999999999999886e+01
4.748000000000000398e+01
5.250000000000000000e+01
5.662000000000000455e+01
5.960000000000000142e+01
6.607000000000000739e+01
7.162999999999999545e+01
8.660000000000000853e+01
9.407999999999999829e+01
9.965000000000000568e+01
1.042000000000000028e+02
1.120300000000000011e+02
1.144000000000000057e+02
1.165900000000000034e+02
1.188500000000000085e+02
1.208599999999999994e+02
1.235400000000000063e+02
1.259300000000000068e+02
1.328400000000000034e+02
1.385999999999999943e+02
1.408000000000000114e+02
1.462299999999999898e+02
1.525999999999999943e+02
1.569300000000000068e+02
1.592100000000000080e+02
1.623300000000000125e+02
1.643600000000000136e+02
1.723799999999999955e+02
1.763000000000000114e+02
1.805000000000000000e+02
1.859099999999999966e+02
1.883300000000000125e+02
1.986700000000000159e+02
2.006800000000000068e+02
2.059699999999999989e+02
2.145099999999999909e+02
2.205800000000000125e+02
2.257300000000000182e+02
2.277599999999999909e+02
2.307199999999999989e+02
2.348100000000000023e+02
2.460200000000000102e+02
2.480300000000000011e+02
2.555000000000000000e+02
2.582400000000000091e+02
2.635500000000000114e+02
2.663999999999999773e+02
2.691299999999999955e+02
2.723000000000000114e+02
2.760199999999999818e+02
2.780600000000000023e+02
2.820600000000000023e+02
2.908500000000000227e+02
2.928700000000000045e+02
2.979000000000000341e+02
2.999300000000000068e+02
3.053500000000000227e+02
3.119399999999999977e+02
3.145500000000000114e+02
3.172500000000000000e+02
3.197699999999999818e+02
3.218000000000000114e+02
3.238500000000000227e+02
3.282900000000000205e+02
3.303000000000000114e+02
3.327900000000000205e+02
3.432200000000000273e+02
3.529599999999999795e+02
3.567800000000000296e+02
3.680000000000000000e+02
3.714900000000000091e+02
3.843000000000000114e+02
3.977300000000000182e+02
4.041999999999999886e+02
4.062100000000000364e+02
4.097200000000000273e+02
4.152400000000000091e+02
4.176999999999999886e+02
4.216999999999999886e+02
4.257100000000000364e+02
4.277200000000000273e+02
4.301399999999999864e+02
4.326899999999999977e+02
4.351399999999999864e+02
4.405600000000000023e+02
4.434399999999999977e+02
4.476399999999999864e+02
4.506000000000000227e+02
4.566100000000000136e+02
4.606399999999999864e+02
4.629600000000000364e+02
4.658899999999999864e+02
4.691200000000000045e+02
4.719100000000000250e+02
4.860000000000000000e+02
4.910900000000000318e+02
4.947100000000000364e+02
4.969900000000000091e+02
5.014200000000000159e+02
5.041800000000000068e+02
5.074900000000000091e+02
5.137000000000000455e+02
5.157100000000000364e+02
5.194400000000000546e+02
5.223100000000000591e+02
5.243200000000000500e+02
5.263300000000000409e+02
5.303400000000000318e+02
5.333799999999999955e+02
5.353899999999999864e+02
5.380800000000000409e+02
5.440399999999999636e+02
5.462300000000000182e+02
5.507100000000000364e+02
5.527400000000000091e+02
5.547500000000000000e+02
5.569400000000000546e+02
5.635600000000000591e+02
5.655700000000000500e+02
5.697799999999999727e+02
5.739300000000000637e+02
5.775299999999999727e+02
5.826200000000000045e+02
5.846399999999999864e+02
5.869400000000000546e+02
5.988899999999999864e+02
6.010199999999999818e+02
6.062000000000000455e+02
6.086599999999999682e+02
6.107599999999999909e+02
6.174500000000000455e+02
6.199199999999999591e+02
6.258100000000000591e+02
6.319800000000000182e+02
6.413799999999999955e+02
6.433899999999999864e+02
6.468300000000000409e+02
6.504099999999999682e+02
6.524199999999999591e+02
6.544300000000000637e+02
6.577000000000000455e+02
6.652500000000000000e+02
6.681800000000000637e+02
6.710800000000000409e+02
6.733400000000000318e+02
6.780299999999999727e+02
6.805099999999999909e+02
6.843899999999999864e+02
6.867500000000000000e+02
6.887599999999999909e+02
6.911499999999999773e+02
7.018100000000000591e+02
7.044199999999999591e+02
7.070700000000000500e+02
7.090800000000000409e+02
7.110900000000000318e+02
7.187599999999999909e+02
7.279700000000000273e+02
7.313999999999999773e+02
7.350000000000000000e+02
7.393999999999999773e+02
7.414099999999999682e+02
7.482400000000000091e+02
7.503100000000000591e+02
7.545399999999999636e+02
7.615399999999999636e+02
7.663400000000000318e+02
7.689500000000000455e+02
7.715199999999999818e+02
7.738600000000000136e+02
7.773799999999999955e+02
7.823000000000000682e+02
7.843500000000000227e+02
7.863899999999999864e+02
7.890700000000000500e+02
7.910900000000000318e+02
8.009099999999999682e+02
8.030299999999999727e+02
8.058500000000000227e+02
8.130299999999999727e+02
8.177899999999999636e+02
8.227500000000000000e+02
8.274700000000000273e+02
8.311200000000000045e+02
8.331299999999999955e+02
8.352100000000000364e+02
8.435600000000000591e+02
8.484800000000000182e+02
8.580399999999999636e+02
8.600500000000000682e+02
8.620800000000000409e+02
8.666299999999999955e+02
8.702899999999999636e+02
8.750399999999999636e+02
8.790500000000000682e+02
8.870600000000000591e+02
8.930000000000000000e+02
8.987699999999999818e+02
9.007899999999999636e+02
9.068500000000000227e+02
9.088700000000000045e+02
9.108799999999999955e+02
9.135800000000000409e+02
9.228500000000000227e+02
9.248600000000000136e+02
9.291599999999999682e+02
9.357200000000000273e+02
9.389500000000000455e+02
9.423799999999999955e+02
9.443999999999999773e+02
9.467300000000000182e+02
9.517599999999999909e+02
9.537799999999999727e+02
9.563700000000000045e+02
9.620000000000000000e+02
9.642300000000000182e+02
9.674200000000000728e+02
9.716200000000000045e+02
9.770399999999999636e+02
9.865900000000000318e+02
9.916299999999999955e+02
9.942100000000000364e+02
9.967300000000000182e+02
5.440000000000000391e+00
8.980000000000000426e+00
1.108999999999999986e+01
1.310999999999999943e+01
1.512000000000000099e+01
1.862999999999999901e+01
2.310999999999999943e+01
2.678999999999999915e+01
3.339999999999999858e+01
3.541000000000000369e+01
3.974000000000000199e+01
4.200999999999999801e+01
4.532000000000000028e+01
4.735000000000000142e+01
4.937000000000000455e+01
5.635999999999999943e+01
5.837000000000000455e+01
6.203000000000000114e+01
6.457999999999999829e+01
7.089000000000000057e+01
7.339000000000000057e+01
7.703000000000000114e+01
7.921999999999999886e+01
8.193999999999999773e+01
8.510999999999999943e+01
8.879999999999999716e+01
9.115000000000000568e+01
9.373000000000000398e+01
9.892000000000000171e+01
1.062600000000000051e+02
1.119500000000000028e+02
1.140900000000000034e+02
1.169900000000000091e+02
1.206700000000000017e+02
1.227100000000000080e+02
1.264399999999999977e+02
1.300999999999999943e+02
1.324499999999999886e+02
1.376299999999999955e+02
1.412000000000000171e+02
1.476899999999999977e+02
1.531100000000000136e+02
1.566700000000000159e+02
1.586800000000000068e+02
1.686599999999999966e+02
1.708600000000000136e+02
1.740099999999999909e+02
1.793300000000000125e+02
1.816100000000000136e+02
1.836299999999999955e+02
1.870500000000000114e+02
1.890699999999999932e+02
1.910800000000000125e+02
1.930900000000000034e+02
1.982700000000000102e+02
2.026200000000000045e+02
2.046299999999999955e+02
2.066400000000000148e+02
2.099900000000000091e+02
2.122700000000000102e+02
2.151500000000000057e+02
2.178700000000000045e+02
2.200500000000000114e+02
2.237199999999999989e+02
2.309800000000000182e+02
2.357199999999999989e+02
2.417700000000000102e+02
2.444900000000000091e+02
2.530399999999999920e+02
2.572400000000000091e+02
2.617800000000000296e+02
2.640600000000000023e+02
2.671600000000000250e+02
2.706200000000000045e+02
2.755099999999999909e+02
2.810000000000000000e+02
2.851800000000000068e+02
2.954300000000000068e+02
2.976299999999999955e+02
3.044100000000000250e+02
3.110699999999999932e+02
3.150600000000000023e+02
3.172500000000000000e+02
3.201999999999999886e+02
3.245000000000000000e+02
3.293899999999999864e+02
3.320199999999999818e+02
3.355400000000000205e+02
3.390600000000000023e+02
3.410799999999999841e+02
3.431000000000000227e+02
3.493799999999999955e+02
3.596200000000000045e+02
3.664700000000000273e+02
3.699399999999999977e+02
3.720699999999999932e+02
3.778000000000000114e+02
3.805400000000000205e+02
3.829399999999999977e+02
3.873299999999999841e+02
3.933899999999999864e+02
3.963299999999999841e+02
4.013899999999999864e+02
4.034399999999999977e+02
4.064000000000000341e+02
4.084300000000000068e+02
4.106700000000000159e+02
4.153899999999999864e+02
4.214100000000000250e+02
4.236600000000000250e+02
4.287699999999999818e+02
4.308199999999999932e+02
4.401800000000000068e+02
4.430799999999999841e+02
4.453199999999999932e+02
4.473600000000000136e+02
4.511000000000000227e+02
4.533500000000000227e+02
4.553799999999999955e+02
4.573899999999999864e+02
4.615699999999999932e+02
4.726500000000000341e+02
4.782699999999999818e+02
4.802800000000000296e+02
4.874300000000000068e+02
4.901000000000000227e+02
4.939900000000000091e+02
4.960000000000000000e+02
5.005600000000000023e+02
5.121699999999999591e+02
5.160499999999999545e+02
5.180700000000000500e+02
5.223300000000000409e+02
5.277400000000000091e+02
5.341699999999999591e+02
5.375099999999999909e+02
5.396200000000000045e+02
5.423700000000000045e+02
5.443899999999999864e+02
5.467000000000000455e+02
5.608700000000000045e+02
5.696399999999999864e+02
5.741900000000000546e+02
5.767300000000000182e+02
5.806800000000000637e+02
5.826900000000000546e+02
5.899900000000000091e+02
5.924700000000000273e+02
5.957100000000000364e+02
6.012500000000000000e+02
6.051299999999999955e+02
6.071699999999999591e+02
6.110900000000000318e+02
6.138300000000000409e+02
6.226399999999999864e+02
6.246499999999999773e+02
6.314300000000000637e+02
6.385199999999999818e+02
6.405299999999999727e+02
6.426699999999999591e+02
6.484900000000000091e+02
6.529500000000000455e+02
6.568300000000000409e+02
6.593899999999999864e+02
6.635199999999999818e+02
6.662100000000000364e+02
6.717100000000000364e+02
6.754700000000000273e+02
6.799900000000000091e+02
6.847899999999999636e+02
6.879300000000000637e+02
6.899500000000000455e+02
7.006499999999999773e+02
7.026599999999999682e+02
7.048000000000000682e+02
7.070399999999999636e+02
7.105399999999999636e+02
7.142599999999999909e+02
7.175800000000000409e+02
7.228600000000000136e+02
7.254700000000000273e+02
7.275000000000000000e+02
7.322400000000000091e+02
7.363700000000000045e+02
7.394300000000000637e+02
7.421800000000000637e+02
7.487799999999999727e+02
7.544500000000000455e+02
7.595500000000000682e+02
7.623700000000000045e+02
7.691900000000000546e+02
7.727500000000000000e+02
7.774200000000000728e+02
7.825099999999999909e+02
7.855800000000000409e+02
7.887200000000000273e+02
7.910800000000000409e+02
7.935399999999999636e+02
7.995600000000000591e+02
8.025099999999999909e+02
8.087699999999999818e+02
8.114800000000000182e+02
8.146000000000000227e+02
8.180299999999999727e+02
8.200700000000000500e+02
8.228400000000000318e+02
8.268400000000000318e+02
8.300099999999999909e+02
8.325000000000000000e+02
8.346900000000000546e+02
8.387699999999999818e+02
8.419500000000000455e+02
8.447300000000000182e+02
8.525900000000000318e+02
8.666800000000000637e+02
8.696499999999999773e+02
8.824200000000000728e+02
8.854300000000000637e+02
8.887500000000000000e+02
8.931399999999999864e+02
8.951499999999999773e+02
8.975800000000000409e+02
8.996000000000000227e+02
9.037699999999999818e+02
9.057899999999999636e+02
9.102200000000000273e+02
9.137100000000000364e+02
9.190000000000000000e+02
9.275600000000000591e+02
9.313799999999999955e+02
9.333999999999999773e+02
9.368500000000000227e+02
9.389700000000000273e+02
9.422400000000000091e+02
9.454600000000000364e+02
9.547100000000000364e+02
9.567200000000000273e+02
9.636499999999999773e+02
9.722300000000000182e+02
9.742400000000000091e+02
9.762699999999999818e+02
9.784500000000000455e+02
9.864099999999999682e+02
9.943000000000000682e+02
9.981200000000000045e+02
7.799999999999999822e+00
1.099000000000000021e+01
1.300999999999999979e+01
1.824000000000000199e+01
2.119999999999999929e+01
2.778000000000000114e+01
3.171000000000000085e+01
3.850999999999999801e+01
4.142000000000000171e+01
4.603000000000000114e+01
4.871999999999999886e+01
6.429999999999999716e+01
6.651000000000000512e+01
7.068999999999999773e+01
7.390999999999999659e+01
8.051000000000000512e+01
8.548999999999999488e+01
9.010999999999999943e+01
9.301999999999999602e+01
1.006400000000000006e+02
1.030400000000000063e+02
1.052100000000000080e+02
1.105199999999999960e+02
1.152100000000000080e+02
1.196899999999999977e+02
1.226700000000000017e+02
1.248599999999999994e+02
1.353600000000000136e+02
1.483100000000000023e+02
1.552700000000000102e+02
1.592700000000000102e+02
1.640600000000000023e+02
1.747500000000000000e+02
1.772299999999999898e+02
1.827500000000000000e+02
1.864900000000000091e+02
1.885300000000000011e+02
1.939600000000000080e+02
1.975300000000000011e+02
2.009500000000000171e+02
2.050900000000000034e+02
2.105099999999999909e+02
2.156899999999999977e+02
2.194800000000000182e+02
2.214900000000000091e+02
2.247100000000000080e+02
2.267599999999999909e+02
2.316500000000000057e+02
2.374800000000000182e+02
2.455900000000000034e+02
2.679700000000000273e+02
2.704200000000000159e+02
2.736800000000000068e+02
2.763700000000000045e+02
2.785000000000000000e+02
2.832900000000000205e+02
2.860099999999999909e+02
2.921200000000000045e+02
2.941299999999999955e+02
3.029900000000000091e+02
3.055099999999999909e+02
3.075500000000000114e+02
3.095600000000000023e+02
3.123700000000000045e+02
3.156299999999999955e+02
3.189700000000000273e+02
3.230500000000000114e+02
3.271399999999999864e+02
3.332900000000000205e+02
3.354100000000000250e+02
3.385699999999999932e+02
3.461600000000000250e+02
3.505600000000000023e+02
3.533500000000000227e+02
3.600600000000000023e+02
3.622400000000000091e+02
3.666100000000000136e+02
3.699700000000000273e+02
3.792300000000000182e+02
3.812500000000000000e+02
3.940400000000000205e+02
3.967699999999999818e+02
4.010300000000000296e+02
4.048000000000000114e+02
4.158000000000000114e+02
4.188899999999999864e+02
4.331399999999999864e+02
4.351700000000000159e+02
4.371899999999999977e+02
4.404200000000000159e+02
4.431000000000000227e+02
4.562900000000000205e+02
4.583400000000000318e+02
4.612800000000000296e+02
4.633000000000000114e+02
4.653400000000000318e+02
4.685500000000000114e+02
4.736000000000000227e+02
4.756100000000000136e+02
4.776700000000000159e+02
4.801600000000000250e+02
4.823899999999999864e+02
4.855500000000000114e+02
4.913000000000000114e+02
4.948799999999999955e+02
5.021100000000000136e+02
5.060500000000000114e+02
5.096000000000000227e+02
5.176499999999999773e+02
5.196699999999999591e+02
5.252100000000000364e+02
5.324600000000000364e+02
5.348700000000000045e+02
5.412000000000000455e+02
5.476699999999999591e+02
5.502500000000000000e+02
5.548300000000000409e+02
5.574199999999999591e+02
5.640099999999999909e+02
5.663799999999999955e+02
5.812200000000000273e+02
5.945600000000000591e+02
5.972599999999999909e+02
6.022899999999999636e+02
6.043999999999999773e+02
6.149500000000000455e+02
6.184700000000000273e+02
6.286599999999999682e+02
6.318000000000000682e+02
6.410000000000000000e+02
6.466399999999999864e+02
6.490600000000000591e+02
6.515800000000000409e+02
6.550099999999999909e+02
6.570199999999999818e+02
6.619900000000000091e+02
6.667799999999999727e+02
6.786599999999999682e+02
6.911399999999999864e+02
6.931599999999999682e+02
7.022400000000000091e+02
7.072699999999999818e+02
7.137899999999999636e+02
7.158000000000000682e+02
7.178100000000000591e+02
7.293799999999999955e+02
7.325099999999999909e+02
7.356900000000000546e+02
7.381399999999999864e+02
7.432400000000000091e+02
7.517899999999999636e+02
7.658700000000000045e+02
7.685600000000000591e+02
7.711800000000000637e+02
7.766000000000000227e+02
7.791299999999999955e+02
7.861599999999999682e+02
7.933700000000000045e+02
8.012000000000000455e+02
8.138100000000000591e+02
8.174400000000000546e+02
8.264900000000000091e+02
8.288999999999999773e+02
8.323600000000000136e+02
8.349200000000000728e+02
8.379500000000000455e+02
8.450399999999999636e+02
8.529800000000000182e+02
8.613600000000000136e+02
8.736499999999999773e+02
8.783999999999999773e+02
8.820399999999999636e+02
8.878999999999999773e+02
8.899400000000000546e+02
8.923200000000000500e+02
8.961499999999999773e+02
9.018799999999999955e+02
9.094800000000000182e+02
9.124900000000000091e+02
9.166499999999999773e+02
9.229800000000000182e+02
9.371499999999999773e+02
9.556000000000000227e+02
9.606800000000000637e+02
9.679800000000000182e+02
9.723400000000000318e+02
9.813700000000000045e+02
9.851399999999999864e+02
9.922500000000000000e+02
9.953500000000000227e+02
3.056000000000000227e+01
6.679000000000000625e+01
7.942000000000000171e+01
9.018999999999999773e+01
9.428000000000000114e+01
1.140199999999999960e+02
1.199300000000000068e+02
1.404600000000000080e+02
1.511299999999999955e+02
1.601700000000000159e+02
1.751400000000000148e+02
1.804699999999999989e+02
1.998199999999999932e+02
2.132899999999999920e+02
2.245699999999999932e+02
2.337100000000000080e+02
2.490100000000000193e+02
2.936500000000000341e+02
3.010600000000000023e+02
3.404000000000000341e+02
3.492699999999999818e+02
3.687800000000000296e+02
3.806600000000000250e+02
3.902200000000000273e+02
4.002400000000000091e+02
4.134399999999999977e+02
4.223100000000000023e+02
4.320000000000000000e+02
4.368600000000000136e+02
4.470199999999999818e+02
4.703799999999999955e+02
4.880199999999999818e+02
4.900300000000000296e+02
5.148300000000000409e+02
5.219099999999999682e+02
5.239700000000000273e+02
5.271900000000000546e+02
5.323300000000000409e+02
5.350600000000000591e+02
5.483999999999999773e+02
5.593999999999999773e+02
5.743100000000000591e+02
5.810700000000000500e+02
5.953100000000000591e+02
6.217300000000000182e+02
6.256599999999999682e+02
6.325800000000000409e+02
6.434800000000000182e+02
6.454900000000000091e+02
6.795600000000000591e+02
6.855399999999999636e+02
7.092699999999999818e+02
7.136599999999999682e+02
7.250700000000000500e+02
7.270800000000000409e+02
7.325800000000000409e+02
7.409300000000000637e+02
7.634900000000000091e+02
7.756599999999999682e+02
7.841700000000000728e+02
7.933000000000000682e+02
8.021299999999999955e+02
8.072799999999999727e+02
8.108200000000000500e+02
8.138500000000000227e+02
8.188899999999999864e+02
8.542599999999999909e+02
8.725299999999999727e+02
8.785099999999999909e+02
8.825700000000000500e+02
9.040800000000000409e+02
9.096900000000000546e+02
9.145500000000000682e+02
9.165800000000000409e+02
9.253600000000000136e+02
9.448100000000000591e+02
9.583400000000000318e+02
9.884600000000000364e+02
7.480000000000000426e+00
4.281000000000000227e+01
7.260000000000000853e+01
2.557600000000000193e+02
2.600000000000000000e+02
2.757099999999999795e+02
3.214300000000000068e+02
3.830400000000000205e+02
4.630099999999999909e+02
5.047200000000000273e+02
5.474300000000000637e+02
5.879099999999999682e+02
6.728500000000000227e+02
6.932300000000000182e+02
7.864600000000000364e+02
8.103400000000000318e+02
9.000800000000000409e+02
9.286299999999999955e+02
1.723900000000000148e+02
5.435299999999999727e+02
