6.570000000000000284e+00
7.530000000000000249e+00
1.163000000000000078e+01
1.266999999999999993e+01
1.364000000000000057e+01
1.462000000000000099e+01
2.266000000000000014e+01
2.567999999999999972e+01
2.950000000000000000e+01
2.951000000000000156e+01
3.267999999999999972e+01
3.657999999999999829e+01
4.085999999999999943e+01
4.349000000000000199e+01
4.839999999999999858e+01
4.871000000000000085e+01
5.150999999999999801e+01
5.266000000000000369e+01
5.435000000000000142e+01
5.539999999999999858e+01
5.853000000000000114e+01
6.473000000000000398e+01
6.707000000000000739e+01
7.353000000000000114e+01
7.454999999999999716e+01
7.915999999999999659e+01
8.078000000000000114e+01
8.115999999999999659e+01
8.596000000000000796e+01
8.882999999999999829e+01
9.112999999999999545e+01
9.129000000000000625e+01
9.207999999999999829e+01
9.651000000000000512e+01
9.681000000000000227e+01
1.024300000000000068e+02
1.026500000000000057e+02
1.062000000000000028e+02
1.118400000000000034e+02
1.157699999999999960e+02
1.182600000000000051e+02
1.185900000000000034e+02
1.199900000000000091e+02
1.239000000000000057e+02
1.266000000000000085e+02
1.281800000000000068e+02
1.308900000000000148e+02
1.398100000000000023e+02
1.412800000000000011e+02
1.505600000000000023e+02
1.508400000000000034e+02
1.585600000000000023e+02
1.598600000000000136e+02
1.656599999999999966e+02
1.664000000000000057e+02
1.668400000000000034e+02
1.680999999999999943e+02
1.707700000000000102e+02
1.729799999999999898e+02
1.763499999999999943e+02
1.767100000000000080e+02
1.800999999999999943e+02
1.840600000000000023e+02
1.875999999999999943e+02
1.917599999999999909e+02
1.919699999999999989e+02
2.043000000000000114e+02
2.101100000000000136e+02
2.242800000000000011e+02
2.252599999999999909e+02
2.283600000000000136e+02
2.298900000000000148e+02
2.299500000000000171e+02
2.332100000000000080e+02
2.369800000000000182e+02
2.458600000000000136e+02
2.473000000000000114e+02
2.531599999999999966e+02
2.556899999999999977e+02
2.596000000000000227e+02
2.632900000000000205e+02
2.640300000000000296e+02
2.667500000000000000e+02
2.743199999999999932e+02
2.745500000000000114e+02
2.825099999999999909e+02
2.861200000000000045e+02
2.942699999999999818e+02
2.976700000000000159e+02
3.027400000000000091e+02
3.215699999999999932e+02
3.346200000000000045e+02
3.354900000000000091e+02
3.355199999999999818e+02
3.403899999999999864e+02
3.515799999999999841e+02
3.554499999999999886e+02
3.607900000000000205e+02
3.608799999999999955e+02
3.647300000000000182e+02
3.694800000000000182e+02
3.710300000000000296e+02
3.718799999999999955e+02
3.747599999999999909e+02
3.804800000000000182e+02
3.833899999999999864e+02
3.882200000000000273e+02
3.908000000000000114e+02
3.930300000000000296e+02
3.943600000000000136e+02
3.989399999999999977e+02
4.037100000000000364e+02
4.053700000000000045e+02
4.059900000000000091e+02
4.128100000000000023e+02
4.129399999999999977e+02
4.199200000000000159e+02
4.238500000000000227e+02
4.313600000000000136e+02
4.343700000000000045e+02
4.383600000000000136e+02
4.395600000000000023e+02
4.429900000000000091e+02
4.454300000000000068e+02
4.470699999999999932e+02
4.492200000000000273e+02
4.526399999999999864e+02
4.544399999999999977e+02
4.561800000000000068e+02
4.563700000000000045e+02
4.591100000000000136e+02
4.619499999999999886e+02
4.641200000000000045e+02
4.651899999999999977e+02
4.771800000000000068e+02
4.779100000000000250e+02
4.781899999999999977e+02
4.830699999999999932e+02
4.832599999999999909e+02
4.863100000000000023e+02
4.873199999999999932e+02
4.902599999999999909e+02
4.921700000000000159e+02
4.962200000000000273e+02
4.971600000000000250e+02
4.993500000000000227e+02
5.071100000000000136e+02
5.102200000000000273e+02
5.110699999999999932e+02
5.191699999999999591e+02
5.202400000000000091e+02
5.230499999999999545e+02
5.231100000000000136e+02
5.312999999999999545e+02
5.341200000000000045e+02
5.430099999999999909e+02
5.461299999999999955e+02
5.514099999999999682e+02
5.534199999999999591e+02
5.541200000000000045e+02
5.558000000000000682e+02
5.563300000000000409e+02
5.592599999999999909e+02
5.622200000000000273e+02
5.641599999999999682e+02
5.658000000000000682e+02
5.669900000000000091e+02
5.683300000000000409e+02
5.720900000000000318e+02
5.752799999999999727e+02
5.777200000000000273e+02
5.810299999999999727e+02
5.843300000000000409e+02
5.908200000000000500e+02
5.912500000000000000e+02
5.950700000000000500e+02
5.953700000000000045e+02
5.975900000000000318e+02
5.985600000000000591e+02
6.072000000000000455e+02
6.088799999999999955e+02
6.105099999999999909e+02
6.145199999999999818e+02
6.160500000000000682e+02
6.203799999999999955e+02
6.210099999999999909e+02
6.241800000000000637e+02
6.310399999999999636e+02
6.333400000000000318e+02
6.378600000000000136e+02
6.514400000000000546e+02
6.533700000000000045e+02
6.537400000000000091e+02
6.560199999999999818e+02
6.580600000000000591e+02
6.607300000000000182e+02
6.686599999999999682e+02
6.690700000000000500e+02
6.753500000000000227e+02
6.860199999999999818e+02
6.929700000000000273e+02
7.017699999999999818e+02
7.034199999999999591e+02
7.050299999999999727e+02
7.085399999999999636e+02
7.110199999999999818e+02
7.149700000000000273e+02
7.200299999999999727e+02
7.266299999999999955e+02
7.268999999999999773e+02
7.289700000000000273e+02
7.317200000000000273e+02
7.349500000000000455e+02
7.383100000000000591e+02
7.414400000000000546e+02
7.419199999999999591e+02
7.451699999999999591e+02
7.510000000000000000e+02
7.565500000000000682e+02
7.600600000000000591e+02
7.613200000000000500e+02
7.642599999999999909e+02
7.687899999999999636e+02
7.744300000000000637e+02
7.757500000000000000e+02
7.842699999999999818e+02
7.991800000000000637e+02
8.043000000000000682e+02
8.073999999999999773e+02
8.080000000000000000e+02
8.102500000000000000e+02
8.104700000000000273e+02
8.139400000000000546e+02
8.156499999999999773e+02
8.179300000000000637e+02
8.238999999999999773e+02
8.239200000000000728e+02
8.283700000000000045e+02
8.290000000000000000e+02
8.363600000000000136e+02
8.400500000000000682e+02
8.403500000000000227e+02
8.465199999999999818e+02
8.489800000000000182e+02
8.506399999999999864e+02
8.533300000000000409e+02
8.535700000000000500e+02
8.591200000000000045e+02
8.630600000000000591e+02
8.709300000000000637e+02
8.739600000000000364e+02
8.863600000000000136e+02
8.868600000000000136e+02
8.899300000000000637e+02
8.925199999999999818e+02
8.944700000000000273e+02
8.978700000000000045e+02
8.985000000000000000e+02
9.138200000000000500e+02
9.140800000000000409e+02
9.178600000000000136e+02
9.183799999999999955e+02
9.256200000000000045e+02
9.308600000000000136e+02
9.367799999999999727e+02
9.449700000000000273e+02
9.496100000000000136e+02
9.508600000000000136e+02
9.525800000000000409e+02
9.539200000000000728e+02
9.588700000000000045e+02
9.618000000000000682e+02
9.629200000000000728e+02
9.687300000000000182e+02
9.736200000000000045e+02
9.749400000000000546e+02
9.787500000000000000e+02
9.796100000000000136e+02
9.857699999999999818e+02
9.858500000000000227e+02
9.898400000000000318e+02
9.928700000000000045e+02
9.937000000000000455e+02
9.977500000000000000e+02
