7.179999999999999716e+00
9.200000000000001066e+00
1.121000000000000085e+01
1.322000000000000064e+01
1.523000000000000043e+01
1.724000000000000199e+01
1.925000000000000000e+01
2.126000000000000156e+01
2.453999999999999915e+01
5.674000000000000199e+01
5.921999999999999886e+01
6.124000000000000199e+01
6.369000000000000483e+01
6.573000000000000398e+01
6.778000000000000114e+01
6.982999999999999829e+01
7.184000000000000341e+01
7.440000000000000568e+01
1.069900000000000091e+02
1.091200000000000045e+02
1.111299999999999955e+02
1.131400000000000006e+02
1.151500000000000057e+02
1.171700000000000017e+02
1.191899999999999977e+02
1.221500000000000057e+02
1.242800000000000011e+02
1.586899999999999977e+02
1.607400000000000091e+02
1.627599999999999909e+02
1.647800000000000011e+02
1.667899999999999920e+02
1.688000000000000114e+02
1.708100000000000023e+02
1.744099999999999966e+02
2.080500000000000114e+02
2.105300000000000011e+02
2.127100000000000080e+02
2.147199999999999989e+02
2.167300000000000182e+02
2.188400000000000034e+02
2.222300000000000182e+02
2.252000000000000171e+02
2.555900000000000034e+02
2.576000000000000227e+02
2.596100000000000136e+02
2.616200000000000045e+02
2.636299999999999955e+02
2.656399999999999864e+02
2.676499999999999773e+02
2.696600000000000250e+02
2.716700000000000159e+02
2.736899999999999977e+02
3.080400000000000205e+02
3.100600000000000023e+02
3.120699999999999932e+02
3.140799999999999841e+02
3.160900000000000318e+02
3.185799999999999841e+02
3.205900000000000318e+02
3.226100000000000136e+02
3.565300000000000296e+02
3.593000000000000114e+02
3.613700000000000045e+02
3.633799999999999955e+02
3.653899999999999864e+02
3.674000000000000341e+02
3.694100000000000250e+02
3.734000000000000341e+02
4.072800000000000296e+02
4.093000000000000114e+02
4.113199999999999932e+02
4.133299999999999841e+02
4.153400000000000318e+02
4.173500000000000227e+02
4.193700000000000045e+02
4.213899999999999864e+02
4.234000000000000341e+02
4.575300000000000296e+02
4.595900000000000318e+02
4.618500000000000227e+02
4.639700000000000273e+02
4.660000000000000000e+02
4.680099999999999909e+02
4.700799999999999841e+02
4.720900000000000318e+02
4.741100000000000136e+02
5.055500000000000114e+02
5.075699999999999932e+02
5.095799999999999841e+02
5.116000000000000227e+02
5.136200000000000045e+02
5.156299999999999955e+02
5.184900000000000091e+02
5.208200000000000500e+02
5.228700000000000045e+02
5.248799999999999955e+02
5.561000000000000227e+02
5.581100000000000136e+02
5.601299999999999955e+02
5.625099999999999909e+02
5.651900000000000546e+02
5.675299999999999727e+02
5.695399999999999636e+02
5.715600000000000591e+02
6.063600000000000136e+02
6.085399999999999636e+02
6.106200000000000045e+02
6.126299999999999955e+02
6.146399999999999864e+02
6.168600000000000136e+02
6.188700000000000045e+02
6.214099999999999682e+02
6.263600000000000136e+02
6.545299999999999727e+02
6.577899999999999636e+02
6.598899999999999864e+02
6.618999999999999773e+02
6.639099999999999682e+02
6.659199999999999591e+02
6.679300000000000637e+02
6.701800000000000637e+02
6.730399999999999636e+02
7.076299999999999955e+02
7.096499999999999773e+02
7.116699999999999591e+02
7.136800000000000637e+02
7.156900000000000546e+02
7.178799999999999955e+02
7.198899999999999864e+02
7.224500000000000455e+02
7.551299999999999955e+02
7.571499999999999773e+02
7.594500000000000455e+02
7.615199999999999818e+02
7.635399999999999636e+02
7.655500000000000682e+02
7.677699999999999818e+02
7.705099999999999909e+02
7.731700000000000728e+02
7.767400000000000091e+02
8.052599999999999909e+02
8.075199999999999818e+02
8.095600000000000591e+02
8.121100000000000136e+02
8.141299999999999955e+02
8.161399999999999864e+02
8.181599999999999682e+02
8.208400000000000318e+02
8.228500000000000227e+02
8.254600000000000364e+02
8.563300000000000409e+02
8.583400000000000318e+02
8.603500000000000227e+02
8.625399999999999636e+02
8.645500000000000682e+02
8.667899999999999636e+02
8.688000000000000682e+02
8.708300000000000409e+02
8.728500000000000227e+02
9.057599999999999909e+02
9.087200000000000273e+02
9.108100000000000591e+02
9.128500000000000227e+02
9.148700000000000045e+02
9.168799999999999955e+02
9.188899999999999864e+02
9.209099999999999682e+02
9.229200000000000728e+02
9.251900000000000546e+02
9.553600000000000136e+02
9.579200000000000728e+02
9.601700000000000728e+02
9.622599999999999909e+02
9.642899999999999636e+02
9.665399999999999636e+02
9.690600000000000591e+02
9.727200000000000273e+02
9.757200000000000273e+02
8.769999999999999574e+00
1.077999999999999936e+01
1.280000000000000071e+01
1.481000000000000050e+01
1.682000000000000028e+01
1.883000000000000185e+01
2.087000000000000099e+01
2.419999999999999929e+01
5.796999999999999886e+01
5.998000000000000398e+01
6.199000000000000199e+01
6.400000000000000000e+01
6.607000000000000739e+01
6.812999999999999545e+01
7.035000000000000853e+01
7.239000000000000057e+01
7.440000000000000568e+01
1.083200000000000074e+02
1.117100000000000080e+02
1.137400000000000091e+02
1.157500000000000000e+02
1.177699999999999960e+02
1.199800000000000040e+02
1.220199999999999960e+02
1.247199999999999989e+02
1.560699999999999932e+02
1.592000000000000171e+02
1.615699999999999932e+02
1.635999999999999943e+02
1.656100000000000136e+02
1.676400000000000148e+02
1.700200000000000102e+02
1.721700000000000159e+02
2.056100000000000136e+02
2.080300000000000011e+02
2.103199999999999932e+02
2.123300000000000125e+02
2.143400000000000034e+02
2.163499999999999943e+02
2.183600000000000136e+02
2.204800000000000182e+02
2.249200000000000159e+02
2.577099999999999795e+02
2.597200000000000273e+02
2.617300000000000182e+02
2.640500000000000114e+02
2.662900000000000205e+02
2.684900000000000091e+02
2.713100000000000023e+02
2.733299999999999841e+02
3.039399999999999977e+02
3.059599999999999795e+02
3.079800000000000182e+02
3.099900000000000091e+02
3.120699999999999932e+02
3.140799999999999841e+02
3.160900000000000318e+02
3.187500000000000000e+02
3.207599999999999909e+02
3.232500000000000000e+02
3.565199999999999818e+02
3.591500000000000341e+02
3.611600000000000250e+02
3.631999999999999886e+02
3.652200000000000273e+02
3.672300000000000182e+02
3.692400000000000091e+02
3.712599999999999909e+02
3.732800000000000296e+02
4.058199999999999932e+02
4.083100000000000023e+02
4.103400000000000318e+02
4.123500000000000227e+02
4.143600000000000136e+02
4.163700000000000045e+02
4.183899999999999864e+02
4.204000000000000341e+02
4.539000000000000341e+02
4.559100000000000250e+02
4.588400000000000318e+02
4.615199999999999818e+02
4.636600000000000250e+02
4.656800000000000068e+02
4.676999999999999886e+02
4.702800000000000296e+02
4.722900000000000205e+02
5.071500000000000341e+02
5.096000000000000227e+02
5.118100000000000023e+02
5.138200000000000500e+02
5.158300000000000409e+02
5.178400000000000318e+02
5.212799999999999727e+02
5.557100000000000364e+02
5.577300000000000182e+02
5.597599999999999909e+02
5.617699999999999818e+02
5.649099999999999682e+02
5.679600000000000364e+02
6.049700000000000273e+02
6.069800000000000182e+02
6.090000000000000000e+02
6.110099999999999909e+02
6.130199999999999818e+02
6.150500000000000682e+02
6.170600000000000591e+02
6.191699999999999591e+02
6.212200000000000273e+02
6.547200000000000273e+02
6.578200000000000500e+02
6.598400000000000318e+02
6.618500000000000227e+02
6.638700000000000045e+02
6.658899999999999864e+02
6.679199999999999591e+02
6.710399999999999636e+02
6.736599999999999682e+02
7.051699999999999591e+02
7.072000000000000455e+02
7.092200000000000273e+02
7.112300000000000182e+02
7.132400000000000091e+02
7.152699999999999818e+02
7.178700000000000045e+02
7.198799999999999955e+02
7.533200000000000500e+02
7.562200000000000273e+02
7.583999999999999773e+02
7.605700000000000500e+02
7.635800000000000409e+02
7.655900000000000318e+02
7.676599999999999682e+02
7.717100000000000364e+02
8.049300000000000637e+02
8.069400000000000546e+02
8.090199999999999818e+02
8.110299999999999727e+02
8.130500000000000682e+02
8.150600000000000591e+02
8.170700000000000500e+02
8.190800000000000409e+02
8.215000000000000000e+02
8.514800000000000182e+02
8.534900000000000091e+02
8.555000000000000000e+02
8.575099999999999909e+02
8.595500000000000682e+02
8.615700000000000500e+02
8.639900000000000091e+02
8.660399999999999636e+02
8.684099999999999682e+02
9.021100000000000136e+02
9.046100000000000136e+02
9.073500000000000227e+02
9.096200000000000045e+02
9.116299999999999955e+02
9.139500000000000455e+02
9.159800000000000182e+02
9.179900000000000091e+02
9.536399999999999864e+02
9.556800000000000637e+02
9.579400000000000546e+02
9.610700000000000500e+02
9.632699999999999818e+02
9.655099999999999909e+02
9.675299999999999727e+02
6.500000000000000000e+00
1.035999999999999943e+01
1.357000000000000028e+01
1.719000000000000128e+01
2.053000000000000114e+01
2.321999999999999886e+01
5.664000000000000057e+01
5.971999999999999886e+01
6.282000000000000028e+01
6.537000000000000455e+01
6.737999999999999545e+01
6.939000000000000057e+01
7.193999999999999773e+01
1.093700000000000045e+02
1.113799999999999955e+02
1.149800000000000040e+02
1.169900000000000091e+02
1.190000000000000000e+02
1.210400000000000063e+02
1.554500000000000171e+02
1.574699999999999989e+02
1.595000000000000000e+02
1.615200000000000102e+02
1.635300000000000011e+02
1.655500000000000114e+02
1.675600000000000023e+02
1.711700000000000159e+02
2.070399999999999920e+02
2.108600000000000136e+02
2.129300000000000068e+02
2.149399999999999977e+02
2.180399999999999920e+02
2.200500000000000114e+02
2.538799999999999955e+02
2.571700000000000159e+02
2.591899999999999977e+02
2.611999999999999886e+02
2.632099999999999795e+02
2.656200000000000045e+02
3.084499999999999886e+02
3.112900000000000205e+02
3.134499999999999886e+02
3.155000000000000000e+02
3.175099999999999909e+02
3.206800000000000068e+02
3.554700000000000273e+02
3.590600000000000023e+02
3.617300000000000182e+02
3.644300000000000068e+02
3.664399999999999977e+02
3.689499999999999886e+02
3.714800000000000182e+02
4.067800000000000296e+02
4.088000000000000114e+02
4.108100000000000023e+02
4.139600000000000364e+02
4.161100000000000136e+02
4.521000000000000227e+02
4.541200000000000045e+02
4.561299999999999955e+02
4.581500000000000341e+02
4.609200000000000159e+02
4.637200000000000273e+02
5.045600000000000023e+02
5.075300000000000296e+02
5.101500000000000341e+02
5.125700000000000500e+02
5.145800000000000409e+02
5.165900000000000318e+02
5.555099999999999909e+02
5.575199999999999818e+02
5.595399999999999636e+02
5.625600000000000591e+02
5.651900000000000546e+02
5.673500000000000227e+02
6.051800000000000637e+02
6.080800000000000409e+02
6.107100000000000364e+02
6.149099999999999682e+02
6.169300000000000637e+02
6.193300000000000409e+02
6.534700000000000273e+02
6.561000000000000227e+02
6.584099999999999682e+02
6.604500000000000455e+02
6.649199999999999591e+02
6.669400000000000546e+02
7.034199999999999591e+02
7.057899999999999636e+02
7.095199999999999818e+02
7.116299999999999955e+02
7.152000000000000455e+02
7.512799999999999727e+02
7.532899999999999636e+02
7.574199999999999591e+02
7.594300000000000637e+02
7.644800000000000182e+02
8.017400000000000091e+02
8.042100000000000364e+02
8.065199999999999818e+02
8.085500000000000682e+02
8.105800000000000409e+02
8.137000000000000455e+02
8.507799999999999727e+02
8.540800000000000409e+02
8.564500000000000455e+02
8.584600000000000364e+02
8.604700000000000273e+02
8.630399999999999636e+02
8.656000000000000227e+02
8.999800000000000182e+02
9.019900000000000091e+02
9.043899999999999864e+02
9.063999999999999773e+02
9.084099999999999682e+02
9.104200000000000728e+02
9.127599999999999909e+02
9.512200000000000273e+02
9.533500000000000227e+02
9.553600000000000136e+02
9.573799999999999955e+02
9.602300000000000182e+02
9.622400000000000091e+02
9.652500000000000000e+02
1.557000000000000028e+01
1.785000000000000142e+01
5.950999999999999801e+01
6.153000000000000114e+01
6.642000000000000171e+01
7.015000000000000568e+01
1.090000000000000000e+02
1.552700000000000102e+02
1.626100000000000136e+02
1.646299999999999955e+02
1.667899999999999920e+02
2.083300000000000125e+02
2.154399999999999977e+02
2.204300000000000068e+02
2.589399999999999977e+02
2.611200000000000045e+02
2.635900000000000318e+02
2.659599999999999795e+02
3.060600000000000023e+02
3.093899999999999864e+02
3.126399999999999864e+02
3.181299999999999955e+02
3.210600000000000023e+02
3.589300000000000068e+02
4.151200000000000045e+02
4.649200000000000159e+02
4.669499999999999886e+02
5.052800000000000296e+02
5.072900000000000205e+02
5.100000000000000000e+02
5.541599999999999682e+02
5.562500000000000000e+02
5.605900000000000318e+02
6.077400000000000091e+02
6.110600000000000591e+02
6.146100000000000136e+02
6.528700000000000045e+02
6.654500000000000455e+02
7.015199999999999818e+02
7.057400000000000091e+02
7.090600000000000591e+02
7.129800000000000182e+02
7.532100000000000364e+02
7.572400000000000091e+02
8.000399999999999636e+02
8.041800000000000637e+02
8.103799999999999955e+02
8.560500000000000682e+02
8.580700000000000500e+02
8.990600000000000591e+02
9.011200000000000045e+02
9.479700000000000273e+02
9.502300000000000182e+02
9.528899999999999864e+02
9.560000000000000000e+02
8.370000000000000995e+00
3.091399999999999864e+02
4.613600000000000136e+02
6.093400000000000318e+02
6.508600000000000136e+02
7.469400000000000546e+02
