6.931900000000000546e+02
6.932000000000000455e+02
6.932100000000000364e+02
4.421999999999999886e+01
6.932300000000000182e+02
4.425000000000000000e+01
6.932500000000000000e+02
4.428999999999999915e+01
4.432000000000000028e+01
2.628999999999999915e+01
4.436999999999999744e+01
2.111299999999999955e+02
5.323400000000000318e+02
5.834900000000000091e+02
5.964700000000000273e+02
7.165199999999999818e+02
8.459600000000000364e+02
5.835299999999999727e+02
5.964800000000000182e+02
5.964900000000000091e+02
5.965099999999999909e+02
5.965299999999999727e+02
7.623999999999999488e+01
6.795000000000000000e+02
6.931699999999999591e+02
6.931800000000000637e+02
6.931900000000000546e+02
