1.372199999999999989e+02
1.666700000000000159e+02
1.865900000000000034e+02
2.466599999999999966e+02
2.870500000000000114e+02
4.879800000000000182e+02
5.674800000000000182e+02
5.973200000000000500e+02
6.576499999999999773e+02
6.775399999999999636e+02
1.667299999999999898e+02
1.866400000000000148e+02
2.467100000000000080e+02
5.676399999999999864e+02
5.973999999999999773e+02
1.668100000000000023e+02
1.866899999999999977e+02
2.467899999999999920e+02
1.868100000000000023e+02
2.470600000000000023e+02
3.148600000000000136e+02
3.444499999999999886e+02
3.538199999999999932e+02
3.848000000000000114e+02
8.526700000000000728e+02
3.149900000000000091e+02
3.538600000000000136e+02
3.849200000000000159e+02
3.539399999999999977e+02
1.623000000000000043e+01
2.746000000000000085e+01
5.667999999999999972e+01
1.370000000000000000e+02
1.960099999999999909e+02
2.060600000000000023e+02
2.358300000000000125e+02
2.958700000000000045e+02
3.359200000000000159e+02
3.856000000000000227e+02
4.263600000000000136e+02
4.758299999999999841e+02
5.051000000000000227e+02
5.357000000000000455e+02
5.656399999999999864e+02
5.756399999999999864e+02
7.058400000000000318e+02
8.059400000000000546e+02
8.145000000000000000e+02
8.548100000000000591e+02
1.626999999999999957e+01
2.359699999999999989e+02
2.959499999999999886e+02
3.364599999999999795e+02
3.856899999999999977e+02
5.051600000000000250e+02
5.657799999999999727e+02
7.060900000000000318e+02
1.630999999999999872e+01
5.052300000000000182e+02
1.637999999999999901e+01
5.053400000000000318e+02
1.662000000000000099e+01
