2.790000000000000036e+00
3.030000000000000249e+00
4.820000000000000284e+00
6.690000000000000391e+00
6.830000000000000071e+00
6.879999999999999893e+00
7.080000000000000071e+00
8.800000000000000711e+00
9.089999999999999858e+00
1.071000000000000085e+01
1.265000000000000036e+01
1.295000000000000107e+01
1.491000000000000014e+01
1.491999999999999993e+01
1.691000000000000014e+01
1.691000000000000014e+01
1.710999999999999943e+01
1.912999999999999901e+01
2.055999999999999872e+01
2.083000000000000185e+01
2.267000000000000171e+01
2.478999999999999915e+01
2.483999999999999986e+01
2.492000000000000171e+01
2.655000000000000071e+01
2.696000000000000085e+01
2.719000000000000128e+01
2.858000000000000185e+01
2.887999999999999901e+01
3.082000000000000028e+01
3.126999999999999957e+01
3.478000000000000114e+01
3.484000000000000341e+01
3.675000000000000000e+01
3.873000000000000398e+01
3.905000000000000426e+01
3.918999999999999773e+01
4.149000000000000199e+01
4.278000000000000114e+01
4.285000000000000142e+01
4.466000000000000369e+01
4.475000000000000000e+01
4.675999999999999801e+01
4.681000000000000227e+01
4.717000000000000171e+01
4.846999999999999886e+01
4.910000000000000142e+01
5.070000000000000284e+01
5.110000000000000142e+01
5.331000000000000227e+01
5.478000000000000114e+01
5.700999999999999801e+01
5.862000000000000455e+01
5.877000000000000313e+01
6.273000000000000398e+01
6.360999999999999943e+01
6.476000000000000512e+01
6.850000000000000000e+01
6.879000000000000625e+01
7.067000000000000171e+01
7.101999999999999602e+01
7.106000000000000227e+01
7.328000000000000114e+01
7.462000000000000455e+01
7.814000000000000057e+01
7.854000000000000625e+01
8.075000000000000000e+01
8.140000000000000568e+01
8.290000000000000568e+01
8.460000000000000853e+01
8.506000000000000227e+01
8.545000000000000284e+01
8.615999999999999659e+01
8.679000000000000625e+01
8.873000000000000398e+01
8.921000000000000796e+01
9.082999999999999829e+01
9.087000000000000455e+01
9.178000000000000114e+01
9.300000000000000000e+01
9.335000000000000853e+01
9.435000000000000853e+01
9.660000000000000853e+01
9.704000000000000625e+01
1.005900000000000034e+02
1.012900000000000063e+02
1.024200000000000017e+02
1.028900000000000006e+02
1.040900000000000034e+02
1.063900000000000006e+02
1.069300000000000068e+02
1.092400000000000091e+02
1.101400000000000006e+02
1.102900000000000063e+02
1.107699999999999960e+02
1.129600000000000080e+02
1.144399999999999977e+02
1.151099999999999994e+02
1.159900000000000091e+02
1.173299999999999983e+02
1.183599999999999994e+02
1.188700000000000045e+02
1.214900000000000091e+02
1.219099999999999966e+02
1.224900000000000091e+02
1.250100000000000051e+02
1.261899999999999977e+02
1.304000000000000057e+02
1.307100000000000080e+02
1.328900000000000148e+02
1.341700000000000159e+02
1.364099999999999966e+02
1.368600000000000136e+02
1.422199999999999989e+02
1.428000000000000114e+02
1.465399999999999920e+02
1.473700000000000045e+02
1.483499999999999943e+02
1.488700000000000045e+02
1.515800000000000125e+02
1.522800000000000011e+02
1.544799999999999898e+02
1.549500000000000171e+02
1.562299999999999898e+02
1.571700000000000159e+02
1.580000000000000000e+02
1.602800000000000011e+02
1.611800000000000068e+02
1.634799999999999898e+02
1.641100000000000136e+02
1.650000000000000000e+02
1.653100000000000023e+02
1.662800000000000011e+02
1.675200000000000102e+02
1.684500000000000171e+02
1.688900000000000148e+02
1.694900000000000091e+02
1.711599999999999966e+02
1.713199999999999932e+02
1.737800000000000011e+02
1.739699999999999989e+02
1.747500000000000000e+02
1.764799999999999898e+02
1.795999999999999943e+02
1.801299999999999955e+02
1.808600000000000136e+02
1.814900000000000091e+02
1.830900000000000034e+02
1.856100000000000136e+02
1.859500000000000171e+02
1.869799999999999898e+02
1.873300000000000125e+02
1.891899999999999977e+02
1.895600000000000023e+02
1.901200000000000045e+02
1.917599999999999909e+02
1.934300000000000068e+02
1.956299999999999955e+02
1.967800000000000011e+02
1.981899999999999977e+02
1.989800000000000182e+02
1.993900000000000148e+02
2.003499999999999943e+02
2.015699999999999932e+02
2.027100000000000080e+02
2.038600000000000136e+02
2.060800000000000125e+02
2.066800000000000068e+02
2.083600000000000136e+02
2.098100000000000023e+02
2.106200000000000045e+02
2.122700000000000102e+02
2.128100000000000023e+02
2.166599999999999966e+02
2.170800000000000125e+02
2.175999999999999943e+02
2.181700000000000159e+02
2.192400000000000091e+02
2.217500000000000000e+02
2.257300000000000182e+02
2.260600000000000023e+02
2.266400000000000148e+02
2.295000000000000000e+02
2.329500000000000171e+02
2.339300000000000068e+02
2.355800000000000125e+02
2.367800000000000011e+02
2.370099999999999909e+02
2.390000000000000000e+02
2.407199999999999989e+02
2.412400000000000091e+02
2.436700000000000159e+02
2.445600000000000023e+02
2.449500000000000171e+02
2.461100000000000136e+02
2.468700000000000045e+02
2.477100000000000080e+02
2.490699999999999932e+02
2.528499999999999943e+02
2.548700000000000045e+02
2.556899999999999977e+02
2.558900000000000148e+02
2.580500000000000114e+02
2.617300000000000182e+02
2.618500000000000227e+02
2.630099999999999909e+02
2.678999999999999773e+02
2.704300000000000068e+02
2.706899999999999977e+02
2.728500000000000227e+02
2.731800000000000068e+02
2.755600000000000023e+02
2.768400000000000318e+02
2.778799999999999955e+02
2.779399999999999977e+02
2.789100000000000250e+02
2.810600000000000023e+02
2.837300000000000182e+02
2.840600000000000023e+02
2.859700000000000273e+02
2.887099999999999795e+02
2.889700000000000273e+02
2.905600000000000023e+02
2.919499999999999886e+02
2.943899999999999864e+02
2.967300000000000182e+02
2.967599999999999909e+02
3.009100000000000250e+02
3.017200000000000273e+02
3.018600000000000136e+02
3.041500000000000341e+02
3.070699999999999932e+02
3.101700000000000159e+02
3.128700000000000045e+02
3.211200000000000045e+02
3.259100000000000250e+02
3.260000000000000000e+02
3.268000000000000114e+02
3.291999999999999886e+02
3.324800000000000182e+02
3.336600000000000250e+02
3.354599999999999795e+02
3.371899999999999977e+02
3.374200000000000159e+02
3.377200000000000273e+02
3.407599999999999909e+02
3.414499999999999886e+02
3.421399999999999864e+02
3.449800000000000182e+02
3.450099999999999909e+02
3.460400000000000205e+02
3.476999999999999886e+02
3.505099999999999909e+02
3.520699999999999932e+02
3.529900000000000091e+02
3.553299999999999841e+02
3.553799999999999955e+02
3.556200000000000045e+02
3.577500000000000000e+02
3.606200000000000045e+02
3.615400000000000205e+02
3.652699999999999818e+02
3.666000000000000227e+02
3.696999999999999886e+02
3.699599999999999795e+02
3.714000000000000341e+02
3.741399999999999864e+02
3.746899999999999977e+02
3.753500000000000227e+02
3.794399999999999977e+02
3.811100000000000136e+02
3.817099999999999795e+02
3.837699999999999818e+02
3.849100000000000250e+02
3.849499999999999886e+02
3.902599999999999909e+02
3.916700000000000159e+02
3.951800000000000068e+02
3.953000000000000114e+02
3.974600000000000364e+02
3.976500000000000341e+02
4.002300000000000182e+02
4.055900000000000318e+02
4.081999999999999886e+02
4.144600000000000364e+02
4.156000000000000227e+02
4.191999999999999886e+02
4.215300000000000296e+02
4.249100000000000250e+02
4.254000000000000341e+02
4.325000000000000000e+02
4.395000000000000000e+02
4.398600000000000136e+02
4.462400000000000091e+02
4.497800000000000296e+02
4.500400000000000205e+02
4.517300000000000182e+02
4.532100000000000364e+02
4.572699999999999818e+02
4.596200000000000045e+02
4.603700000000000045e+02
4.633000000000000114e+02
4.660799999999999841e+02
4.696100000000000136e+02
4.722599999999999909e+02
4.735600000000000023e+02
4.748700000000000045e+02
4.752699999999999818e+02
4.774399999999999977e+02
4.781800000000000068e+02
4.844800000000000182e+02
4.874700000000000273e+02
4.893000000000000114e+02
4.905099999999999909e+02
4.911700000000000159e+02
4.923400000000000318e+02
4.923600000000000136e+02
4.942500000000000000e+02
4.967400000000000091e+02
4.997300000000000182e+02
5.012200000000000273e+02
5.042300000000000182e+02
5.109800000000000182e+02
5.130700000000000500e+02
5.149500000000000455e+02
5.153100000000000591e+02
5.189900000000000091e+02
5.192899999999999636e+02
5.201100000000000136e+02
5.243300000000000409e+02
5.271000000000000227e+02
5.272400000000000091e+02
5.295299999999999727e+02
5.303700000000000045e+02
5.314900000000000091e+02
5.317899999999999636e+02
5.343300000000000409e+02
5.393400000000000318e+02
5.396499999999999773e+02
5.420900000000000318e+02
5.445000000000000000e+02
5.449900000000000091e+02
5.475099999999999909e+02
5.505800000000000409e+02
5.515099999999999909e+02
5.534099999999999682e+02
5.563899999999999864e+02
5.593500000000000227e+02
5.604400000000000546e+02
5.621699999999999591e+02
5.662000000000000455e+02
5.719700000000000273e+02
5.720099999999999909e+02
5.752300000000000182e+02
5.757100000000000364e+02
5.795399999999999636e+02
5.818999999999999773e+02
5.842699999999999818e+02
5.870800000000000409e+02
5.872799999999999727e+02
5.901900000000000546e+02
5.908799999999999955e+02
5.935700000000000500e+02
5.942400000000000091e+02
5.948200000000000500e+02
5.995000000000000000e+02
6.084500000000000455e+02
6.086599999999999682e+02
6.112899999999999636e+02
6.117699999999999818e+02
6.132799999999999727e+02
6.155500000000000682e+02
6.189199999999999591e+02
6.190199999999999818e+02
6.195700000000000500e+02
6.224900000000000091e+02
6.231699999999999591e+02
6.286000000000000227e+02
6.297899999999999636e+02
6.303999999999999773e+02
6.326399999999999864e+02
6.353600000000000136e+02
6.415199999999999818e+02
6.422200000000000273e+02
6.480099999999999909e+02
6.493400000000000318e+02
6.533600000000000136e+02
6.540199999999999818e+02
6.570399999999999636e+02
6.579900000000000091e+02
6.587000000000000455e+02
6.592500000000000000e+02
6.615399999999999636e+02
6.623100000000000591e+02
6.643100000000000591e+02
6.667300000000000182e+02
6.697500000000000000e+02
6.707500000000000000e+02
6.720099999999999909e+02
6.721699999999999591e+02
6.769400000000000546e+02
6.774300000000000637e+02
6.798000000000000682e+02
6.807699999999999818e+02
6.831599999999999682e+02
6.847000000000000455e+02
6.864800000000000182e+02
6.869199999999999591e+02
6.885399999999999636e+02
6.917100000000000364e+02
6.928000000000000682e+02
6.939500000000000455e+02
6.942300000000000182e+02
6.945800000000000409e+02
6.982899999999999636e+02
6.996800000000000637e+02
7.004600000000000364e+02
7.008700000000000045e+02
7.015600000000000591e+02
7.029199999999999591e+02
7.039900000000000091e+02
7.048400000000000318e+02
7.070500000000000682e+02
7.074099999999999682e+02
7.093999999999999773e+02
7.118000000000000682e+02
7.130000000000000000e+02
7.151000000000000227e+02
7.177400000000000091e+02
7.185800000000000409e+02
7.211599999999999682e+02
7.216699999999999591e+02
7.255000000000000000e+02
7.277699999999999818e+02
7.278500000000000227e+02
7.306000000000000227e+02
7.310199999999999818e+02
7.315800000000000409e+02
7.339400000000000546e+02
7.388200000000000500e+02
7.388999999999999773e+02
7.419099999999999682e+02
7.430099999999999909e+02
7.458999999999999773e+02
7.473400000000000318e+02
7.496699999999999591e+02
7.520700000000000500e+02
7.548200000000000500e+02
7.560700000000000500e+02
7.605399999999999636e+02
7.631499999999999773e+02
7.638200000000000500e+02
7.645199999999999818e+02
7.670099999999999909e+02
7.677000000000000455e+02
7.686299999999999955e+02
7.699500000000000455e+02
7.701399999999999864e+02
7.709800000000000182e+02
7.726900000000000546e+02
7.741100000000000136e+02
7.768500000000000227e+02
7.791200000000000045e+02
7.795299999999999727e+02
7.806100000000000136e+02
7.822899999999999636e+02
7.838600000000000136e+02
7.845700000000000500e+02
7.848600000000000136e+02
7.870099999999999909e+02
7.870700000000000500e+02
7.876599999999999682e+02
7.898000000000000682e+02
7.906700000000000728e+02
7.908000000000000682e+02
7.913799999999999955e+02
7.938999999999999773e+02
7.951700000000000728e+02
7.964300000000000637e+02
7.976200000000000045e+02
7.993000000000000682e+02
7.999400000000000546e+02
8.013799999999999955e+02
8.025800000000000409e+02
8.035800000000000409e+02
8.037200000000000273e+02
8.059600000000000364e+02
8.064900000000000091e+02
8.089400000000000546e+02
8.103700000000000045e+02
8.120000000000000000e+02
8.140800000000000409e+02
8.152300000000000182e+02
8.159099999999999682e+02
8.175399999999999636e+02
8.184700000000000273e+02
8.198500000000000227e+02
8.221499999999999773e+02
8.244099999999999682e+02
8.260600000000000591e+02
8.270800000000000409e+02
8.297100000000000364e+02
8.304400000000000546e+02
8.309900000000000091e+02
8.338100000000000591e+02
8.345000000000000000e+02
8.359700000000000273e+02
8.383400000000000318e+02
8.390399999999999636e+02
8.396299999999999955e+02
8.407599999999999909e+02
8.418500000000000227e+02
8.430199999999999818e+02
8.433300000000000409e+02
8.442699999999999818e+02
8.456499999999999773e+02
8.472500000000000000e+02
8.478500000000000227e+02
8.500099999999999909e+02
8.505000000000000000e+02
8.510299999999999727e+02
8.531800000000000637e+02
8.555399999999999636e+02
8.577400000000000091e+02
8.586200000000000045e+02
8.599200000000000728e+02
8.622699999999999818e+02
8.637500000000000000e+02
8.652899999999999636e+02
8.664900000000000091e+02
8.670299999999999727e+02
8.679600000000000364e+02
8.686100000000000136e+02
8.711800000000000637e+02
8.719400000000000546e+02
8.726700000000000728e+02
8.727400000000000091e+02
8.753000000000000682e+02
8.756000000000000227e+02
8.768999999999999773e+02
8.777300000000000182e+02
8.783300000000000409e+02
8.798999999999999773e+02
8.804600000000000364e+02
8.808700000000000045e+02
8.820500000000000682e+02
8.847799999999999727e+02
8.852599999999999909e+02
8.864300000000000637e+02
8.869400000000000546e+02
8.875099999999999909e+02
8.895700000000000500e+02
8.902799999999999727e+02
8.907100000000000364e+02
8.912400000000000091e+02
8.936499999999999773e+02
8.942400000000000091e+02
8.948200000000000500e+02
8.964099999999999682e+02
8.968300000000000409e+02
8.987100000000000364e+02
8.993200000000000500e+02
9.001499999999999773e+02
9.028400000000000318e+02
9.055700000000000500e+02
9.061499999999999773e+02
9.078999999999999773e+02
9.085000000000000000e+02
9.104099999999999682e+02
9.116499999999999773e+02
9.132200000000000273e+02
9.138000000000000682e+02
9.142400000000000091e+02
9.147200000000000273e+02
9.153300000000000409e+02
9.175099999999999909e+02
9.182300000000000182e+02
9.184700000000000273e+02
9.215099999999999909e+02
9.245600000000000591e+02
9.273700000000000045e+02
9.276299999999999955e+02
9.281299999999999955e+02
9.285299999999999727e+02
9.297699999999999818e+02
9.314900000000000091e+02
9.319500000000000455e+02
9.320000000000000000e+02
9.341599999999999682e+02
9.344700000000000273e+02
9.354900000000000091e+02
9.355700000000000500e+02
9.363200000000000500e+02
9.376399999999999864e+02
9.397599999999999909e+02
9.398000000000000682e+02
9.413799999999999955e+02
9.419099999999999682e+02
9.419900000000000091e+02
9.441800000000000637e+02
9.455800000000000409e+02
9.465099999999999909e+02
9.481100000000000136e+02
9.495800000000000409e+02
9.497300000000000182e+02
9.518500000000000227e+02
9.521299999999999955e+02
9.522100000000000364e+02
9.522100000000000364e+02
9.557699999999999818e+02
9.558300000000000409e+02
9.558999999999999773e+02
9.564600000000000364e+02
9.579200000000000728e+02
9.595099999999999909e+02
9.601100000000000136e+02
9.617799999999999727e+02
9.620099999999999909e+02
9.641200000000000045e+02
9.642699999999999818e+02
9.643400000000000318e+02
9.657000000000000455e+02
9.657599999999999909e+02
9.679099999999999682e+02
9.700399999999999636e+02
9.717100000000000364e+02
9.722599999999999909e+02
9.737599999999999909e+02
9.758899999999999864e+02
9.759700000000000273e+02
9.798600000000000136e+02
9.817400000000000091e+02
9.818100000000000591e+02
9.835700000000000500e+02
9.837000000000000455e+02
9.840000000000000000e+02
9.859700000000000273e+02
9.862400000000000091e+02
9.879500000000000455e+02
9.880299999999999727e+02
9.896000000000000227e+02
9.899300000000000637e+02
9.916900000000000546e+02
9.919099999999999682e+02
9.935299999999999727e+02
9.937599999999999909e+02
9.956900000000000546e+02
9.957900000000000773e+02
9.957900000000000773e+02
9.979500000000000455e+02
9.980700000000000500e+02
9.999500000000000455e+02
