7.969999999999999751e+00
1.233999999999999986e+01
1.481000000000000050e+01
1.840000000000000213e+01
2.105000000000000071e+01
6.018999999999999773e+01
6.294000000000000483e+01
6.893999999999999773e+01
1.125799999999999983e+02
1.157699999999999960e+02
1.198599999999999994e+02
1.600300000000000011e+02
1.628300000000000125e+02
1.658700000000000045e+02
1.694799999999999898e+02
2.092899999999999920e+02
2.116299999999999955e+02
2.148100000000000023e+02
2.170399999999999920e+02
2.593899999999999864e+02
2.623899999999999864e+02
2.672800000000000296e+02
2.699300000000000068e+02
2.725199999999999818e+02
3.117800000000000296e+02
3.160099999999999909e+02
3.192900000000000205e+02
3.618600000000000136e+02
3.661800000000000068e+02
4.115400000000000205e+02
4.139200000000000159e+02
4.600300000000000296e+02
4.646100000000000136e+02
4.672200000000000273e+02
5.107900000000000205e+02
5.130900000000000318e+02
5.152599999999999909e+02
5.571699999999999591e+02
5.595299999999999727e+02
5.622799999999999727e+02
5.654500000000000455e+02
6.072400000000000091e+02
6.094199999999999591e+02
6.136800000000000637e+02
6.585299999999999727e+02
6.615399999999999636e+02
6.644900000000000091e+02
6.667699999999999818e+02
7.069600000000000364e+02
7.100800000000000409e+02
7.135800000000000409e+02
7.572400000000000091e+02
7.605199999999999818e+02
7.656499999999999773e+02
7.682699999999999818e+02
8.075199999999999818e+02
8.109400000000000546e+02
8.152100000000000364e+02
8.185800000000000409e+02
8.566499999999999773e+02
8.589500000000000455e+02
8.617000000000000455e+02
9.084900000000000091e+02
9.110800000000000409e+02
9.563300000000000409e+02
9.589900000000000091e+02
9.625900000000000318e+02
9.671299999999999955e+02
7.990000000000000213e+00
1.500000000000000000e+01
1.901000000000000156e+01
1.126599999999999966e+02
1.601299999999999955e+02
1.666100000000000136e+02
2.094399999999999977e+02
2.116899999999999977e+02
2.170500000000000114e+02
2.594399999999999977e+02
2.625900000000000318e+02
2.701200000000000045e+02
3.119100000000000250e+02
3.161500000000000341e+02
4.116899999999999977e+02
4.139800000000000182e+02
5.109300000000000068e+02
5.137599999999999909e+02
5.580700000000000500e+02
6.072400000000000091e+02
6.094400000000000546e+02
6.138100000000000591e+02
6.586100000000000136e+02
6.616499999999999773e+02
6.646299999999999955e+02
7.573400000000000318e+02
7.611599999999999682e+02
7.658600000000000136e+02
8.075900000000000318e+02
8.110299999999999727e+02
8.187300000000000182e+02
8.570299999999999727e+02
8.593400000000000318e+02
8.617500000000000000e+02
9.086599999999999682e+02
9.111900000000000546e+02
9.564600000000000364e+02
9.591399999999999864e+02
8.019999999999999574e+00
1.127600000000000051e+02
1.668100000000000023e+02
2.594900000000000091e+02
3.125699999999999932e+02
4.142400000000000091e+02
6.072400000000000091e+02
6.094700000000000273e+02
6.587899999999999636e+02
6.617500000000000000e+02
6.647300000000000182e+02
8.077000000000000455e+02
8.111200000000000045e+02
8.572100000000000364e+02
9.112799999999999727e+02
9.566200000000000045e+02
8.080000000000000071e+00
1.129099999999999966e+02
2.595699999999999932e+02
6.072400000000000091e+02
6.095099999999999909e+02
8.112400000000000091e+02
9.113400000000000318e+02
6.072400000000000091e+02
6.072400000000000091e+02
1.072000000000000064e+01
1.291000000000000014e+01
1.575999999999999979e+01
1.790000000000000213e+01
2.014000000000000057e+01
6.077000000000000313e+01
6.359000000000000341e+01
6.581000000000000227e+01
6.804999999999999716e+01
7.217000000000000171e+01
1.100499999999999972e+02
1.123200000000000074e+02
1.148500000000000085e+02
1.179500000000000028e+02
1.611899999999999977e+02
1.637299999999999898e+02
1.678700000000000045e+02
1.702700000000000102e+02
2.110900000000000034e+02
2.133000000000000114e+02
2.154399999999999977e+02
2.178600000000000136e+02
2.609599999999999795e+02
2.642300000000000182e+02
2.669599999999999795e+02
2.701000000000000227e+02
3.087200000000000273e+02
3.116999999999999886e+02
3.151999999999999886e+02
3.178000000000000114e+02
3.229499999999999886e+02
3.613000000000000114e+02
3.636000000000000227e+02
3.657099999999999795e+02
3.679000000000000341e+02
3.702699999999999818e+02
4.118500000000000227e+02
4.151899999999999977e+02
4.183799999999999955e+02
4.616000000000000227e+02
4.639900000000000091e+02
4.669600000000000364e+02
4.698799999999999955e+02
5.132899999999999636e+02
5.160299999999999727e+02
5.187400000000000091e+02
5.228600000000000136e+02
5.598999999999999773e+02
5.630099999999999909e+02
5.659300000000000637e+02
5.684500000000000455e+02
5.711299999999999955e+02
6.070700000000000500e+02
6.072400000000000091e+02
6.104500000000000455e+02
6.134500000000000455e+02
6.156399999999999864e+02
6.180199999999999818e+02
6.619500000000000455e+02
6.654800000000000182e+02
6.676200000000000045e+02
6.712200000000000273e+02
6.735000000000000000e+02
7.109300000000000637e+02
7.136499999999999773e+02
7.162899999999999636e+02
7.189300000000000637e+02
7.214099999999999682e+02
7.611699999999999591e+02
7.648400000000000318e+02
7.670500000000000682e+02
7.708799999999999955e+02
8.100000000000000000e+02
8.128300000000000409e+02
8.156599999999999682e+02
8.188300000000000409e+02
8.596200000000000045e+02
8.618200000000000500e+02
8.639800000000000182e+02
8.662000000000000455e+02
9.116700000000000728e+02
9.144500000000000455e+02
9.166399999999999864e+02
9.207899999999999636e+02
9.229400000000000546e+02
9.603700000000000045e+02
9.631100000000000136e+02
9.671299999999999955e+02
9.693300000000000409e+02
1.099000000000000021e+01
1.466999999999999993e+01
1.783000000000000185e+01
2.039000000000000057e+01
6.238000000000000256e+01
6.504999999999999716e+01
6.756000000000000227e+01
7.235000000000000853e+01
1.101700000000000017e+02
1.124500000000000028e+02
1.154300000000000068e+02
1.181400000000000006e+02
1.612800000000000011e+02
1.679699999999999989e+02
1.704000000000000057e+02
2.112000000000000171e+02
2.142199999999999989e+02
2.179000000000000057e+02
2.610900000000000318e+02
2.643400000000000318e+02
2.671800000000000068e+02
2.705000000000000000e+02
3.088899999999999864e+02
3.118199999999999932e+02
3.152900000000000205e+02
3.614000000000000341e+02
3.637900000000000205e+02
3.678500000000000227e+02
3.704000000000000341e+02
4.120000000000000000e+02
4.153500000000000227e+02
4.190699999999999932e+02
4.623400000000000318e+02
4.644399999999999977e+02
4.670300000000000296e+02
4.709399999999999977e+02
5.134900000000000091e+02
5.161699999999999591e+02
5.603300000000000409e+02
5.660299999999999727e+02
5.685199999999999818e+02
5.722400000000000091e+02
6.071200000000000045e+02
6.072400000000000091e+02
6.116200000000000045e+02
6.148100000000000591e+02
6.171399999999999864e+02
6.621100000000000136e+02
6.659800000000000182e+02
6.681000000000000227e+02
7.110500000000000682e+02
7.137400000000000091e+02
7.163799999999999955e+02
7.205900000000000318e+02
7.613000000000000682e+02
7.672200000000000273e+02
8.101000000000000227e+02
8.128899999999999864e+02
8.162300000000000182e+02
8.188799999999999955e+02
8.618000000000000682e+02
8.640199999999999818e+02
8.663000000000000682e+02
9.150800000000000409e+02
9.173600000000000136e+02
9.608700000000000045e+02
9.631900000000000546e+02
9.675000000000000000e+02
9.696200000000000045e+02
1.149000000000000021e+01
6.625000000000000000e+01
1.126099999999999994e+02
1.155300000000000011e+02
1.680699999999999932e+02
1.718600000000000136e+02
2.114200000000000159e+02
2.146200000000000045e+02
2.179699999999999989e+02
2.645000000000000000e+02
3.154000000000000341e+02
3.615000000000000000e+02
3.639599999999999795e+02
4.154700000000000273e+02
4.191999999999999886e+02
4.643400000000000318e+02
4.672599999999999909e+02
4.711000000000000227e+02
5.137400000000000091e+02
5.661100000000000136e+02
5.686100000000000136e+02
6.072400000000000091e+02
6.118000000000000682e+02
6.173799999999999955e+02
6.678799999999999955e+02
7.112200000000000273e+02
7.138899999999999864e+02
7.164700000000000273e+02
8.101900000000000546e+02
8.129500000000000455e+02
8.163300000000000409e+02
8.189400000000000546e+02
8.641299999999999955e+02
8.664600000000000364e+02
9.174300000000000637e+02
9.633400000000000318e+02
9.695000000000000000e+02
1.156200000000000045e+02
2.180200000000000102e+02
2.645799999999999841e+02
4.163199999999999932e+02
4.644499999999999886e+02
5.661800000000000637e+02
6.072400000000000091e+02
7.113600000000000136e+02
7.140299999999999727e+02
8.130500000000000682e+02
8.191200000000000045e+02
9.634500000000000455e+02
6.671000000000000796e+01
1.179800000000000040e+02
2.180699999999999932e+02
2.646700000000000159e+02
2.664499999999999886e+02
4.591600000000000250e+02
4.650400000000000205e+02
5.582200000000000273e+02
5.662599999999999909e+02
6.081499999999999773e+02
7.119500000000000455e+02
8.118500000000000227e+02
9.090099999999999909e+02
2.181400000000000148e+02
5.665000000000000000e+02
