5.459999999999999964e+00
1.318999999999999950e+01
1.600000000000000000e+01
1.930000000000000071e+01
1.996000000000000085e+01
2.792999999999999972e+01
3.071000000000000085e+01
3.717000000000000171e+01
4.328000000000000114e+01
4.467000000000000171e+01
4.896000000000000085e+01
5.566000000000000369e+01
7.270000000000000284e+01
8.160000000000000853e+01
8.385999999999999943e+01
1.003299999999999983e+02
1.075600000000000023e+02
1.121599999999999966e+02
1.129099999999999966e+02
1.188100000000000023e+02
1.238500000000000085e+02
1.340200000000000102e+02
1.376100000000000136e+02
1.406100000000000136e+02
1.533799999999999955e+02
1.645600000000000023e+02
1.722599999999999909e+02
1.740200000000000102e+02
1.788499999999999943e+02
1.850000000000000000e+02
1.852700000000000102e+02
1.906899999999999977e+02
1.935099999999999909e+02
2.011500000000000057e+02
2.050999999999999943e+02
2.141200000000000045e+02
2.187400000000000091e+02
2.279900000000000091e+02
2.378900000000000148e+02
2.487800000000000011e+02
2.496299999999999955e+02
2.546599999999999966e+02
2.571299999999999955e+02
2.580900000000000318e+02
2.626999999999999886e+02
2.639700000000000273e+02
2.666000000000000227e+02
2.680199999999999818e+02
2.708600000000000136e+02
2.782500000000000000e+02
2.845500000000000114e+02
2.859399999999999977e+02
2.871600000000000250e+02
2.987400000000000091e+02
3.051000000000000227e+02
3.084900000000000091e+02
3.265900000000000318e+02
3.329399999999999977e+02
3.371200000000000045e+02
3.464900000000000091e+02
3.571899999999999977e+02
3.675099999999999909e+02
3.759399999999999977e+02
3.766500000000000341e+02
3.832699999999999818e+02
3.903700000000000045e+02
3.974499999999999886e+02
4.062400000000000091e+02
4.085199999999999818e+02
4.130199999999999818e+02
4.153000000000000114e+02
4.183000000000000114e+02
4.360900000000000318e+02
4.397200000000000273e+02
4.542599999999999909e+02
4.618199999999999932e+02
4.636100000000000136e+02
4.644100000000000250e+02
4.784900000000000091e+02
4.790199999999999818e+02
4.824100000000000250e+02
4.873400000000000318e+02
4.929800000000000182e+02
4.948400000000000318e+02
4.949800000000000182e+02
5.010000000000000000e+02
5.049300000000000068e+02
5.075099999999999909e+02
5.271699999999999591e+02
5.331200000000000045e+02
5.364600000000000364e+02
5.414400000000000546e+02
5.423899999999999864e+02
5.474400000000000546e+02
5.517799999999999727e+02
5.591100000000000136e+02
5.594300000000000637e+02
5.626499999999999773e+02
5.665099999999999909e+02
5.726100000000000136e+02
5.753500000000000227e+02
5.783999999999999773e+02
5.858799999999999955e+02
5.861399999999999864e+02
5.926000000000000227e+02
5.997000000000000455e+02
6.042899999999999636e+02
6.121499999999999773e+02
6.245900000000000318e+02
6.292300000000000182e+02
6.360099999999999909e+02
6.597100000000000364e+02
6.719099999999999682e+02
6.797200000000000273e+02
6.847400000000000091e+02
6.930099999999999909e+02
6.941499999999999773e+02
6.945199999999999818e+02
7.006399999999999864e+02
7.034199999999999591e+02
7.059800000000000182e+02
7.117100000000000364e+02
7.176200000000000045e+02
7.293300000000000409e+02
7.504500000000000455e+02
7.633400000000000318e+02
7.668799999999999955e+02
7.704500000000000455e+02
7.846399999999999864e+02
7.854300000000000637e+02
7.941200000000000045e+02
7.963799999999999955e+02
7.998100000000000591e+02
8.035700000000000500e+02
8.038500000000000227e+02
8.113000000000000682e+02
8.162300000000000182e+02
8.281299999999999955e+02
8.308400000000000318e+02
8.363300000000000409e+02
8.387699999999999818e+02
8.445800000000000409e+02
8.473899999999999864e+02
8.559800000000000182e+02
8.571900000000000546e+02
8.576599999999999682e+02
8.599200000000000728e+02
8.679600000000000364e+02
8.705199999999999818e+02
8.760500000000000682e+02
8.846299999999999955e+02
8.878899999999999864e+02
8.907799999999999727e+02
9.007100000000000364e+02
9.113000000000000682e+02
9.116200000000000045e+02
9.136700000000000728e+02
9.182200000000000273e+02
9.201100000000000136e+02
9.248300000000000409e+02
9.272799999999999727e+02
9.287300000000000182e+02
9.323300000000000409e+02
9.330600000000000591e+02
9.411299999999999955e+02
9.520299999999999727e+02
9.524400000000000546e+02
9.528200000000000500e+02
9.563899999999999864e+02
9.643999999999999773e+02
9.694099999999999682e+02
9.774400000000000546e+02
9.918200000000000500e+02
9.936399999999999864e+02
9.961000000000000227e+02
9.987300000000000182e+02
9.994200000000000728e+02
