4.730000000000000426e+00
5.509999999999999787e+00
6.320000000000000284e+00
6.679999999999999716e+00
6.790000000000000036e+00
6.900000000000000355e+00
7.219999999999999751e+00
7.440000000000000391e+00
7.620000000000000107e+00
7.740000000000000213e+00
7.959999999999999964e+00
9.230000000000000426e+00
2.153999999999999915e+01
2.230999999999999872e+01
2.276000000000000156e+01
2.308000000000000185e+01
2.308999999999999986e+01
2.312000000000000099e+01
2.335000000000000142e+01
2.373000000000000043e+01
2.400000000000000000e+01
2.451000000000000156e+01
2.483000000000000185e+01
2.569999999999999929e+01
3.861999999999999744e+01
3.900999999999999801e+01
3.967000000000000171e+01
4.039999999999999858e+01
4.060999999999999943e+01
4.167999999999999972e+01
4.168999999999999773e+01
4.231000000000000227e+01
5.573000000000000398e+01
5.627000000000000313e+01
5.639000000000000057e+01
5.775000000000000000e+01
5.796999999999999886e+01
5.838000000000000256e+01
7.220000000000000284e+01
7.270000000000000284e+01
7.282999999999999829e+01
7.318999999999999773e+01
7.345000000000000284e+01
7.364000000000000057e+01
7.364000000000000057e+01
7.365999999999999659e+01
7.373999999999999488e+01
7.410999999999999943e+01
7.467000000000000171e+01
8.770000000000000284e+01
8.850000000000000000e+01
8.865000000000000568e+01
8.892000000000000171e+01
8.957999999999999829e+01
9.007000000000000739e+01
9.029000000000000625e+01
9.115000000000000568e+01
9.143999999999999773e+01
9.148999999999999488e+01
9.159000000000000341e+01
9.181000000000000227e+01
1.047400000000000091e+02
1.052500000000000000e+02
1.053100000000000023e+02
1.054300000000000068e+02
1.056700000000000017e+02
1.064500000000000028e+02
1.074300000000000068e+02
1.075900000000000034e+02
1.077999999999999972e+02
1.084399999999999977e+02
1.086200000000000045e+02
1.216000000000000085e+02
1.225900000000000034e+02
1.227400000000000091e+02
1.230600000000000023e+02
1.236000000000000085e+02
1.237999999999999972e+02
1.245300000000000011e+02
1.248900000000000006e+02
1.376400000000000148e+02
1.393199999999999932e+02
1.398000000000000114e+02
1.399799999999999898e+02
1.403199999999999932e+02
1.405099999999999909e+02
1.405399999999999920e+02
1.406299999999999955e+02
1.411599999999999966e+02
1.412100000000000080e+02
1.413799999999999955e+02
1.416200000000000045e+02
1.550200000000000102e+02
1.552299999999999898e+02
1.557000000000000171e+02
1.558499999999999943e+02
1.560399999999999920e+02
1.563900000000000148e+02
1.564300000000000068e+02
1.573900000000000148e+02
1.577899999999999920e+02
1.584799999999999898e+02
1.591400000000000148e+02
1.716100000000000136e+02
1.726299999999999955e+02
1.728300000000000125e+02
1.737100000000000080e+02
1.740300000000000011e+02
1.740900000000000034e+02
1.751299999999999955e+02
1.758499999999999943e+02
1.758799999999999955e+02
1.876400000000000148e+02
1.887599999999999909e+02
1.887800000000000011e+02
1.891700000000000159e+02
1.897500000000000000e+02
1.901800000000000068e+02
1.902800000000000011e+02
1.905000000000000000e+02
1.906200000000000045e+02
2.044800000000000182e+02
2.049099999999999966e+02
2.049699999999999989e+02
2.051700000000000159e+02
2.069300000000000068e+02
2.069900000000000091e+02
2.070600000000000023e+02
2.080800000000000125e+02
2.083199999999999932e+02
2.087800000000000011e+02
2.100800000000000125e+02
2.212000000000000171e+02
2.222199999999999989e+02
2.230900000000000034e+02
2.237400000000000091e+02
2.245999999999999943e+02
2.247400000000000091e+02
2.397300000000000182e+02
2.401800000000000068e+02
2.401800000000000068e+02
2.402300000000000182e+02
2.403900000000000148e+02
2.413600000000000136e+02
2.541599999999999966e+02
2.555999999999999943e+02
2.557800000000000011e+02
2.565199999999999818e+02
2.567400000000000091e+02
2.568000000000000114e+02
2.569599999999999795e+02
2.571899999999999977e+02
2.699900000000000091e+02
2.716299999999999955e+02
2.729200000000000159e+02
2.734200000000000159e+02
2.738500000000000227e+02
2.742099999999999795e+02
2.866999999999999886e+02
2.893299999999999841e+02
2.893299999999999841e+02
2.894399999999999977e+02
2.900600000000000023e+02
2.904800000000000182e+02
2.906899999999999977e+02
3.030799999999999841e+02
3.048700000000000045e+02
3.049000000000000341e+02
3.052300000000000182e+02
3.052699999999999818e+02
3.054300000000000068e+02
3.056899999999999977e+02
3.064100000000000250e+02
3.071899999999999977e+02
3.079800000000000182e+02
3.090199999999999818e+02
3.210500000000000114e+02
3.216399999999999864e+02
3.227900000000000205e+02
3.232800000000000296e+02
3.237300000000000182e+02
3.249800000000000182e+02
3.369000000000000341e+02
3.371100000000000136e+02
3.386200000000000045e+02
3.406999999999999886e+02
3.409599999999999795e+02
3.417099999999999795e+02
3.419700000000000273e+02
3.420300000000000296e+02
3.530400000000000205e+02
3.532099999999999795e+02
3.535600000000000023e+02
3.538799999999999955e+02
3.540400000000000205e+02
3.540600000000000023e+02
3.543799999999999955e+02
3.552800000000000296e+02
3.557400000000000091e+02
3.563799999999999955e+02
3.573299999999999841e+02
3.579800000000000182e+02
3.583400000000000318e+02
3.705099999999999909e+02
3.715600000000000023e+02
3.718100000000000023e+02
3.721600000000000250e+02
3.724300000000000068e+02
3.727699999999999818e+02
3.735400000000000205e+02
3.738000000000000114e+02
3.741200000000000045e+02
3.748600000000000136e+02
3.748700000000000045e+02
3.756700000000000159e+02
3.767099999999999795e+02
3.864900000000000091e+02
3.880500000000000114e+02
3.882699999999999818e+02
3.886399999999999864e+02
3.892400000000000091e+02
3.901500000000000341e+02
3.902100000000000364e+02
3.902500000000000000e+02
3.903299999999999841e+02
3.905000000000000000e+02
3.911500000000000341e+02
3.920900000000000318e+02
3.929399999999999977e+02
4.028100000000000023e+02
4.032900000000000205e+02
4.041100000000000136e+02
4.045000000000000000e+02
4.047599999999999909e+02
4.056999999999999886e+02
4.063799999999999955e+02
4.069200000000000159e+02
4.073000000000000114e+02
4.074800000000000182e+02
4.075900000000000318e+02
4.085500000000000114e+02
4.101100000000000136e+02
4.189300000000000068e+02
4.193299999999999841e+02
4.214200000000000159e+02
4.231000000000000227e+02
4.231200000000000045e+02
4.231700000000000159e+02
4.237500000000000000e+02
4.239399999999999977e+02
4.261200000000000045e+02
4.261600000000000250e+02
4.367200000000000273e+02
4.368600000000000136e+02
4.385300000000000296e+02
4.390300000000000296e+02
4.394300000000000068e+02
4.397900000000000205e+02
4.399200000000000159e+02
4.399499999999999886e+02
4.402400000000000091e+02
4.416200000000000045e+02
4.427100000000000364e+02
4.532400000000000091e+02
4.533500000000000227e+02
4.536700000000000159e+02
4.543500000000000227e+02
4.555600000000000023e+02
4.556200000000000045e+02
4.557300000000000182e+02
4.563400000000000318e+02
4.567599999999999909e+02
4.568400000000000318e+02
4.570300000000000296e+02
4.571000000000000227e+02
4.571700000000000159e+02
4.581500000000000341e+02
4.585500000000000114e+02
4.595199999999999818e+02
4.599300000000000068e+02
4.706000000000000227e+02
4.722800000000000296e+02
4.730300000000000296e+02
4.731200000000000045e+02
4.733199999999999932e+02
4.737400000000000091e+02
4.737599999999999909e+02
4.755099999999999909e+02
4.756500000000000341e+02
4.761200000000000045e+02
4.881000000000000227e+02
4.881100000000000136e+02
4.885500000000000114e+02
4.886299999999999955e+02
4.888799999999999955e+02
4.896100000000000136e+02
4.904200000000000159e+02
4.945400000000000205e+02
5.034200000000000159e+02
5.040799999999999841e+02
5.041399999999999864e+02
5.051100000000000136e+02
5.075600000000000023e+02
5.079600000000000364e+02
5.082100000000000364e+02
5.091299999999999955e+02
5.093100000000000023e+02
5.111999999999999886e+02
5.177100000000000364e+02
5.201299999999999955e+02
5.207999999999999545e+02
5.232400000000000091e+02
5.234600000000000364e+02
5.236599999999999682e+02
5.376100000000000136e+02
5.378899999999999864e+02
5.389400000000000546e+02
5.400099999999999909e+02
5.400700000000000500e+02
5.402899999999999636e+02
5.405000000000000000e+02
5.416100000000000136e+02
5.421299999999999955e+02
5.431800000000000637e+02
5.553000000000000682e+02
5.555000000000000000e+02
5.559600000000000364e+02
5.561299999999999955e+02
5.574199999999999591e+02
5.576599999999999682e+02
5.586100000000000136e+02
5.589400000000000546e+02
5.600000000000000000e+02
5.689800000000000182e+02
5.696000000000000227e+02
5.713300000000000409e+02
5.715199999999999818e+02
5.718100000000000591e+02
5.735099999999999909e+02
5.736499999999999773e+02
5.738400000000000318e+02
5.742500000000000000e+02
5.753600000000000136e+02
5.828200000000000500e+02
5.857400000000000091e+02
5.861599999999999682e+02
5.863500000000000227e+02
5.876900000000000546e+02
5.893000000000000682e+02
5.907799999999999727e+02
5.908000000000000682e+02
5.908700000000000045e+02
5.910299999999999727e+02
5.922300000000000182e+02
5.922699999999999818e+02
5.933500000000000227e+02
5.935900000000000318e+02
6.034800000000000182e+02
6.039400000000000546e+02
6.050299999999999727e+02
6.062000000000000455e+02
6.062500000000000000e+02
6.063600000000000136e+02
6.067500000000000000e+02
6.081299999999999955e+02
6.087000000000000455e+02
6.108200000000000500e+02
6.171399999999999864e+02
6.200500000000000682e+02
6.202200000000000273e+02
6.234199999999999591e+02
6.237200000000000273e+02
6.247200000000000273e+02
6.253100000000000591e+02
6.266000000000000227e+02
6.279400000000000546e+02
6.335900000000000318e+02
6.383999999999999773e+02
6.392000000000000455e+02
6.392100000000000364e+02
6.396299999999999955e+02
6.401599999999999682e+02
6.418899999999999864e+02
6.519400000000000546e+02
6.525900000000000318e+02
6.538600000000000136e+02
6.560399999999999636e+02
6.561399999999999864e+02
6.567300000000000182e+02
6.568300000000000409e+02
6.570500000000000682e+02
6.576900000000000546e+02
6.592100000000000364e+02
6.705299999999999727e+02
6.715199999999999818e+02
6.716299999999999955e+02
6.716399999999999864e+02
6.726800000000000637e+02
6.729500000000000455e+02
6.733400000000000318e+02
6.745399999999999636e+02
6.747200000000000273e+02
6.757200000000000273e+02
6.790399999999999636e+02
6.868000000000000682e+02
6.869400000000000546e+02
6.874199999999999591e+02
6.876200000000000045e+02
6.934199999999999591e+02
6.964400000000000546e+02
7.007200000000000273e+02
7.025900000000000318e+02
7.031800000000000637e+02
7.038200000000000500e+02
7.048100000000000591e+02
7.061200000000000045e+02
7.067000000000000455e+02
7.067500000000000000e+02
7.110199999999999818e+02
7.112500000000000000e+02
7.187000000000000455e+02
7.203500000000000227e+02
7.219600000000000364e+02
7.241699999999999591e+02
7.255800000000000409e+02
7.348500000000000227e+02
7.356599999999999682e+02
7.382799999999999727e+02
7.384600000000000364e+02
7.393700000000000045e+02
7.407799999999999727e+02
7.442100000000000364e+02
7.513200000000000500e+02
7.527400000000000091e+02
7.532699999999999818e+02
7.554500000000000455e+02
7.557400000000000091e+02
7.565600000000000591e+02
7.578999999999999773e+02
7.591399999999999864e+02
7.594700000000000273e+02
7.598500000000000227e+02
7.616100000000000136e+02
7.677599999999999909e+02
7.703400000000000318e+02
7.706299999999999955e+02
7.713600000000000136e+02
7.718500000000000227e+02
7.722200000000000273e+02
7.725700000000000500e+02
7.743300000000000409e+02
7.762000000000000455e+02
7.770900000000000318e+02
7.825900000000000318e+02
7.856499999999999773e+02
7.860099999999999909e+02
7.860399999999999636e+02
7.885700000000000500e+02
7.888400000000000318e+02
7.898300000000000409e+02
7.901700000000000728e+02
7.917500000000000000e+02
7.921399999999999864e+02
7.935900000000000318e+02
8.021900000000000546e+02
8.027699999999999818e+02
8.028200000000000500e+02
8.031399999999999864e+02
8.043000000000000682e+02
8.049500000000000455e+02
8.058200000000000500e+02
8.060500000000000682e+02
8.061000000000000227e+02
8.080900000000000318e+02
8.084400000000000546e+02
8.085299999999999727e+02
8.102400000000000091e+02
8.109800000000000182e+02
8.165900000000000318e+02
8.190399999999999636e+02
8.212000000000000455e+02
8.233799999999999955e+02
8.235500000000000682e+02
8.241000000000000227e+02
8.264200000000000728e+02
8.281100000000000136e+02
8.331299999999999955e+02
8.348500000000000227e+02
8.353300000000000409e+02
8.363000000000000682e+02
8.365199999999999818e+02
8.375199999999999818e+02
8.380500000000000682e+02
8.386299999999999955e+02
8.407100000000000364e+02
8.408300000000000409e+02
8.499099999999999682e+02
8.510399999999999636e+02
8.537300000000000182e+02
8.563200000000000500e+02
8.573899999999999864e+02
8.583799999999999955e+02
8.591800000000000637e+02
8.602100000000000364e+02
8.618899999999999864e+02
8.672699999999999818e+02
8.703799999999999955e+02
8.703999999999999773e+02
8.704200000000000728e+02
8.708100000000000591e+02
8.721900000000000546e+02
8.758700000000000045e+02
8.766700000000000728e+02
8.769400000000000546e+02
8.772200000000000273e+02
8.795600000000000591e+02
8.809300000000000637e+02
8.854500000000000455e+02
8.866399999999999864e+02
8.870800000000000409e+02
8.897400000000000091e+02
8.898799999999999955e+02
8.909700000000000273e+02
8.917000000000000455e+02
8.930099999999999909e+02
8.939800000000000182e+02
8.944099999999999682e+02
8.948799999999999955e+02
8.990800000000000409e+02
9.019600000000000364e+02
9.037200000000000273e+02
9.038000000000000682e+02
9.038500000000000227e+02
9.045299999999999727e+02
9.064300000000000637e+02
9.090000000000000000e+02
9.093700000000000045e+02
9.100099999999999909e+02
9.179400000000000546e+02
9.192200000000000273e+02
9.202599999999999909e+02
9.203100000000000591e+02
9.211100000000000136e+02
9.235299999999999727e+02
9.238999999999999773e+02
9.249300000000000637e+02
9.255600000000000591e+02
9.291800000000000637e+02
9.308899999999999864e+02
9.363400000000000318e+02
9.364700000000000273e+02
9.371900000000000546e+02
9.385000000000000000e+02
9.395600000000000591e+02
9.399600000000000364e+02
9.427500000000000000e+02
9.452000000000000455e+02
9.461499999999999773e+02
9.479400000000000546e+02
9.484900000000000091e+02
9.485099999999999909e+02
9.505000000000000000e+02
9.508200000000000500e+02
9.511299999999999955e+02
9.545399999999999636e+02
9.548899999999999864e+02
9.549099999999999682e+02
9.564400000000000546e+02
9.605299999999999727e+02
9.609400000000000546e+02
9.667500000000000000e+02
9.674300000000000637e+02
9.681299999999999955e+02
9.702400000000000091e+02
9.714600000000000364e+02
9.726100000000000136e+02
9.727799999999999727e+02
9.733500000000000227e+02
9.733899999999999864e+02
9.734300000000000637e+02
9.754500000000000455e+02
9.764400000000000546e+02
9.784400000000000546e+02
9.790800000000000409e+02
9.815299999999999727e+02
9.817599999999999909e+02
9.856499999999999773e+02
9.889900000000000091e+02
9.890600000000000591e+02
9.893899999999999864e+02
9.921200000000000045e+02
9.923400000000000318e+02
9.933300000000000409e+02
9.933899999999999864e+02
9.945000000000000000e+02
9.957200000000000273e+02
