2.939999999999999947e+00
3.290000000000000036e+00
3.450000000000000178e+00
3.589999999999999858e+00
3.629999999999999893e+00
3.720000000000000195e+00
3.919999999999999929e+00
3.950000000000000178e+00
4.060000000000000497e+00
4.179999999999999716e+00
4.310000000000000497e+00
4.310000000000000497e+00
4.560000000000000497e+00
4.690000000000000391e+00
5.000000000000000000e+00
5.089999999999999858e+00
5.389999999999999680e+00
5.509999999999999787e+00
6.020000000000000462e+00
1.346000000000000085e+01
1.384999999999999964e+01
1.396000000000000085e+01
1.404000000000000092e+01
1.431000000000000050e+01
1.439000000000000057e+01
1.484999999999999964e+01
1.500000000000000000e+01
1.505000000000000071e+01
1.526999999999999957e+01
1.528000000000000114e+01
1.639999999999999858e+01
1.657000000000000028e+01
2.321000000000000085e+01
2.342000000000000171e+01
2.344000000000000128e+01
2.396999999999999886e+01
2.398000000000000043e+01
2.406000000000000227e+01
2.410999999999999943e+01
2.424000000000000199e+01
2.426999999999999957e+01
2.440000000000000213e+01
2.441000000000000014e+01
2.451999999999999957e+01
2.482000000000000028e+01
2.485000000000000142e+01
2.487999999999999901e+01
2.491000000000000014e+01
2.492000000000000171e+01
2.494999999999999929e+01
2.500000000000000000e+01
2.635999999999999943e+01
3.388000000000000256e+01
3.392999999999999972e+01
3.407999999999999829e+01
3.417000000000000171e+01
3.435000000000000142e+01
3.435999999999999943e+01
3.439000000000000057e+01
3.459000000000000341e+01
3.464999999999999858e+01
3.484000000000000341e+01
3.507000000000000028e+01
3.513000000000000256e+01
3.520000000000000284e+01
3.595000000000000284e+01
3.627000000000000313e+01
4.282999999999999829e+01
4.285000000000000142e+01
4.350000000000000000e+01
4.353999999999999915e+01
4.356000000000000227e+01
4.357999999999999829e+01
4.361999999999999744e+01
4.380000000000000426e+01
4.432000000000000028e+01
4.452000000000000313e+01
4.461999999999999744e+01
4.470000000000000284e+01
4.475000000000000000e+01
4.478999999999999915e+01
4.485999999999999943e+01
4.499000000000000199e+01
4.568999999999999773e+01
4.568999999999999773e+01
4.571999999999999886e+01
4.575000000000000000e+01
4.596999999999999886e+01
4.609000000000000341e+01
4.610999999999999943e+01
4.653999999999999915e+01
5.271000000000000085e+01
5.324000000000000199e+01
5.342999999999999972e+01
5.345000000000000284e+01
5.357999999999999829e+01
5.371999999999999886e+01
5.382000000000000028e+01
5.410000000000000142e+01
5.446000000000000085e+01
5.464999999999999858e+01
5.467000000000000171e+01
5.473000000000000398e+01
5.512000000000000455e+01
5.531000000000000227e+01
5.546999999999999886e+01
5.559000000000000341e+01
5.564999999999999858e+01
6.296999999999999886e+01
6.367000000000000171e+01
6.385999999999999943e+01
6.394000000000000483e+01
6.434999999999999432e+01
6.446000000000000796e+01
6.448000000000000398e+01
6.470000000000000284e+01
6.475000000000000000e+01
6.493000000000000682e+01
6.506000000000000227e+01
6.517000000000000171e+01
6.543000000000000682e+01
6.634999999999999432e+01
7.304000000000000625e+01
7.351999999999999602e+01
7.360000000000000853e+01
7.385000000000000853e+01
7.400000000000000000e+01
7.401000000000000512e+01
7.414000000000000057e+01
7.426000000000000512e+01
7.435999999999999943e+01
7.440000000000000568e+01
7.445000000000000284e+01
7.451999999999999602e+01
7.454999999999999716e+01
7.473999999999999488e+01
7.521999999999999886e+01
7.567000000000000171e+01
7.610000000000000853e+01
7.654000000000000625e+01
7.696000000000000796e+01
8.321999999999999886e+01
8.354000000000000625e+01
8.359000000000000341e+01
8.382999999999999829e+01
8.387000000000000455e+01
8.395000000000000284e+01
8.404999999999999716e+01
8.404999999999999716e+01
8.410000000000000853e+01
8.420000000000000284e+01
8.426999999999999602e+01
8.434000000000000341e+01
8.453000000000000114e+01
8.468999999999999773e+01
8.512000000000000455e+01
8.556000000000000227e+01
8.557999999999999829e+01
8.562000000000000455e+01
8.625000000000000000e+01
8.646999999999999886e+01
9.271000000000000796e+01
9.335000000000000853e+01
9.357999999999999829e+01
9.396999999999999886e+01
9.434000000000000341e+01
9.442000000000000171e+01
9.454999999999999716e+01
9.462000000000000455e+01
9.462000000000000455e+01
9.470000000000000284e+01
9.471999999999999886e+01
9.473000000000000398e+01
9.517000000000000171e+01
9.523999999999999488e+01
9.540999999999999659e+01
9.620000000000000284e+01
9.665000000000000568e+01
1.025700000000000074e+02
1.029300000000000068e+02
1.029800000000000040e+02
1.036099999999999994e+02
1.036099999999999994e+02
1.036700000000000017e+02
1.042199999999999989e+02
1.046000000000000085e+02
1.047800000000000011e+02
1.048599999999999994e+02
1.049900000000000091e+02
1.051000000000000085e+02
1.052400000000000091e+02
1.054200000000000017e+02
1.054800000000000040e+02
1.055600000000000023e+02
1.060600000000000023e+02
1.066099999999999994e+02
1.117999999999999972e+02
1.127400000000000091e+02
1.129699999999999989e+02
1.131200000000000045e+02
1.134200000000000017e+02
1.137100000000000080e+02
1.137400000000000091e+02
1.137500000000000000e+02
1.137699999999999960e+02
1.139699999999999989e+02
1.141000000000000085e+02
1.142500000000000000e+02
1.144099999999999966e+02
1.144099999999999966e+02
1.144699999999999989e+02
1.149500000000000028e+02
1.153100000000000023e+02
1.154699999999999989e+02
1.154800000000000040e+02
1.155900000000000034e+02
1.160900000000000034e+02
1.169200000000000017e+02
1.169200000000000017e+02
1.229600000000000080e+02
1.236899999999999977e+02
1.237000000000000028e+02
1.237699999999999960e+02
1.238400000000000034e+02
1.241099999999999994e+02
1.242400000000000091e+02
1.247100000000000080e+02
1.248599999999999994e+02
1.251400000000000006e+02
1.252800000000000011e+02
1.254399999999999977e+02
1.256000000000000085e+02
1.257100000000000080e+02
1.257800000000000011e+02
1.264800000000000040e+02
1.266700000000000017e+02
1.330200000000000102e+02
1.332199999999999989e+02
1.338300000000000125e+02
1.338400000000000034e+02
1.340500000000000114e+02
1.345399999999999920e+02
1.345699999999999932e+02
1.349699999999999989e+02
1.353600000000000136e+02
1.354499999999999886e+02
1.358000000000000114e+02
1.358300000000000125e+02
1.362800000000000011e+02
1.364000000000000057e+02
1.368000000000000114e+02
1.427400000000000091e+02
1.430200000000000102e+02
1.431200000000000045e+02
1.432400000000000091e+02
1.435099999999999909e+02
1.436100000000000136e+02
1.436899999999999977e+02
1.437599999999999909e+02
1.441400000000000148e+02
1.443300000000000125e+02
1.444300000000000068e+02
1.445699999999999932e+02
1.447800000000000011e+02
1.450800000000000125e+02
1.452899999999999920e+02
1.454399999999999977e+02
1.459399999999999977e+02
1.460000000000000000e+02
1.528700000000000045e+02
1.529699999999999989e+02
1.535000000000000000e+02
1.538799999999999955e+02
1.539600000000000080e+02
1.540000000000000000e+02
1.540600000000000023e+02
1.543100000000000023e+02
1.545500000000000114e+02
1.547800000000000011e+02
1.548100000000000023e+02
1.550099999999999909e+02
1.550999999999999943e+02
1.552599999999999909e+02
1.554900000000000091e+02
1.562800000000000011e+02
1.625999999999999943e+02
1.630999999999999943e+02
1.633000000000000114e+02
1.633600000000000136e+02
1.634500000000000171e+02
1.637299999999999898e+02
1.638799999999999955e+02
1.639799999999999898e+02
1.640900000000000034e+02
1.646599999999999966e+02
1.646599999999999966e+02
1.647299999999999898e+02
1.649099999999999966e+02
1.650399999999999920e+02
1.654300000000000068e+02
1.657199999999999989e+02
1.668199999999999932e+02
1.723700000000000045e+02
1.725999999999999943e+02
1.728400000000000034e+02
1.732299999999999898e+02
1.735500000000000114e+02
1.736800000000000068e+02
1.736899999999999977e+02
1.738100000000000023e+02
1.738199999999999932e+02
1.739300000000000068e+02
1.742899999999999920e+02
1.746899999999999977e+02
1.747800000000000011e+02
1.753600000000000136e+02
1.757199999999999989e+02
1.759699999999999989e+02
1.760600000000000023e+02
1.767000000000000171e+02
1.770999999999999943e+02
1.819500000000000171e+02
1.833199999999999932e+02
1.835900000000000034e+02
1.838199999999999932e+02
1.841599999999999966e+02
1.842700000000000102e+02
1.844900000000000091e+02
1.845000000000000000e+02
1.847500000000000000e+02
1.847700000000000102e+02
1.849699999999999989e+02
1.851299999999999955e+02
1.852599999999999909e+02
1.855900000000000034e+02
1.916400000000000148e+02
1.929500000000000171e+02
1.930399999999999920e+02
1.932500000000000000e+02
1.933199999999999932e+02
1.938499999999999943e+02
1.939699999999999989e+02
1.940000000000000000e+02
1.944800000000000182e+02
1.950600000000000023e+02
1.951200000000000045e+02
1.951299999999999955e+02
1.951400000000000148e+02
1.954099999999999966e+02
1.955500000000000114e+02
1.965200000000000102e+02
2.017000000000000171e+02
2.031599999999999966e+02
2.033700000000000045e+02
2.034000000000000057e+02
2.037800000000000011e+02
2.037800000000000011e+02
2.038000000000000114e+02
2.040399999999999920e+02
2.043900000000000148e+02
2.045000000000000000e+02
2.047500000000000000e+02
2.051299999999999955e+02
2.053499999999999943e+02
2.065200000000000102e+02
2.066100000000000136e+02
2.073799999999999955e+02
2.129399999999999977e+02
2.133499999999999943e+02
2.136500000000000057e+02
2.137000000000000171e+02
2.138499999999999943e+02
2.140200000000000102e+02
2.142700000000000102e+02
2.148700000000000045e+02
2.149200000000000159e+02
2.151700000000000159e+02
2.155099999999999909e+02
2.155500000000000114e+02
2.160000000000000000e+02
2.163799999999999955e+02
2.163900000000000148e+02
2.164800000000000182e+02
2.168000000000000114e+02
2.170300000000000011e+02
2.223700000000000045e+02
2.223900000000000148e+02
2.224200000000000159e+02
2.228799999999999955e+02
2.232100000000000080e+02
2.235399999999999920e+02
2.244699999999999989e+02
2.246899999999999977e+02
2.249500000000000171e+02
2.250000000000000000e+02
2.250200000000000102e+02
2.251800000000000068e+02
2.254000000000000057e+02
2.259300000000000068e+02
2.263900000000000148e+02
2.264099999999999966e+02
2.267700000000000102e+02
2.281200000000000045e+02
2.322700000000000102e+02
2.323199999999999932e+02
2.325600000000000023e+02
2.331100000000000136e+02
2.331599999999999966e+02
2.331899999999999977e+02
2.338600000000000136e+02
2.342199999999999989e+02
2.351100000000000136e+02
2.353600000000000136e+02
2.353799999999999955e+02
2.355600000000000023e+02
2.369099999999999966e+02
2.374600000000000080e+02
2.424900000000000091e+02
2.426500000000000057e+02
2.428600000000000136e+02
2.429200000000000159e+02
2.431200000000000045e+02
2.432300000000000182e+02
2.432700000000000102e+02
2.435500000000000114e+02
2.438400000000000034e+02
2.442199999999999989e+02
2.447599999999999909e+02
2.447599999999999909e+02
2.449500000000000171e+02
2.452700000000000102e+02
2.453100000000000023e+02
2.469000000000000057e+02
2.506100000000000136e+02
2.521400000000000148e+02
2.525600000000000023e+02
2.529300000000000068e+02
2.530100000000000193e+02
2.532000000000000171e+02
2.533700000000000045e+02
2.535699999999999932e+02
2.536100000000000136e+02
2.538100000000000023e+02
2.538900000000000148e+02
2.542400000000000091e+02
2.546299999999999955e+02
2.546700000000000159e+02
2.547800000000000011e+02
2.558499999999999943e+02
2.561600000000000250e+02
2.567900000000000205e+02
2.568899999999999864e+02
2.574700000000000273e+02
2.608799999999999955e+02
2.623899999999999864e+02
2.629100000000000250e+02
2.633100000000000023e+02
2.634900000000000091e+02
2.636200000000000045e+02
2.641999999999999886e+02
2.642900000000000205e+02
2.643000000000000114e+02
2.649900000000000091e+02
2.658100000000000023e+02
2.659900000000000091e+02
2.659900000000000091e+02
2.673199999999999932e+02
2.708999999999999773e+02
2.715600000000000023e+02
2.720300000000000296e+02
2.720799999999999841e+02
2.728400000000000318e+02
2.732500000000000000e+02
2.734700000000000273e+02
2.738199999999999932e+02
2.740500000000000114e+02
2.742699999999999818e+02
2.743600000000000136e+02
2.745000000000000000e+02
2.745099999999999909e+02
2.746999999999999886e+02
2.752500000000000000e+02
2.756100000000000136e+02
2.768600000000000136e+02
2.771700000000000159e+02
2.778000000000000114e+02
2.808000000000000114e+02
2.814100000000000250e+02
2.826600000000000250e+02
2.828299999999999841e+02
2.832300000000000182e+02
2.834000000000000341e+02
2.834399999999999977e+02
2.834700000000000273e+02
2.837699999999999818e+02
2.839200000000000159e+02
2.839700000000000273e+02
2.840099999999999909e+02
2.841200000000000045e+02
2.842599999999999909e+02
2.842900000000000205e+02
2.849399999999999977e+02
2.849900000000000091e+02
2.852300000000000182e+02
2.854900000000000091e+02
2.866000000000000227e+02
2.877300000000000182e+02
2.906700000000000159e+02
2.912500000000000000e+02
2.915300000000000296e+02
2.917800000000000296e+02
2.918700000000000045e+02
2.921999999999999886e+02
2.922300000000000182e+02
2.928199999999999932e+02
2.932099999999999795e+02
2.932099999999999795e+02
2.935600000000000023e+02
2.937300000000000182e+02
2.945600000000000023e+02
2.946000000000000227e+02
2.946200000000000045e+02
2.951200000000000045e+02
2.957800000000000296e+02
2.961200000000000045e+02
2.966000000000000227e+02
2.973199999999999932e+02
3.005699999999999932e+02
3.011700000000000159e+02
3.030000000000000000e+02
3.032400000000000091e+02
3.033000000000000114e+02
3.035799999999999841e+02
3.036600000000000250e+02
3.039499999999999886e+02
3.040199999999999818e+02
3.040300000000000296e+02
3.051000000000000227e+02
3.051700000000000159e+02
3.051800000000000068e+02
3.059599999999999795e+02
3.060799999999999841e+02
3.067599999999999909e+02
3.071100000000000136e+02
3.075300000000000296e+02
3.119300000000000068e+02
3.122200000000000273e+02
3.122300000000000182e+02
3.123199999999999932e+02
3.130000000000000000e+02
3.135799999999999841e+02
3.138199999999999932e+02
3.139499999999999886e+02
3.140900000000000318e+02
3.142699999999999818e+02
3.150000000000000000e+02
3.153299999999999841e+02
3.158100000000000023e+02
3.163100000000000023e+02
3.163600000000000136e+02
3.167500000000000000e+02
3.203700000000000045e+02
3.207800000000000296e+02
3.229100000000000250e+02
3.230900000000000318e+02
3.234599999999999795e+02
3.240699999999999932e+02
3.245500000000000114e+02
3.246500000000000341e+02
3.251999999999999886e+02
3.253700000000000045e+02
3.258600000000000136e+02
3.260000000000000000e+02
3.314200000000000159e+02
3.316700000000000159e+02
3.327900000000000205e+02
3.334100000000000250e+02
3.337400000000000091e+02
3.338299999999999841e+02
3.339300000000000068e+02
3.349399999999999977e+02
3.349399999999999977e+02
3.350300000000000296e+02
3.350500000000000114e+02
3.368299999999999841e+02
3.389000000000000341e+02
3.407400000000000091e+02
3.419700000000000273e+02
3.420500000000000114e+02
3.422500000000000000e+02
3.422800000000000296e+02
3.425600000000000023e+02
3.426899999999999977e+02
3.428100000000000023e+02
3.433700000000000045e+02
3.437599999999999909e+02
3.444200000000000159e+02
3.445600000000000023e+02
3.453000000000000114e+02
3.509000000000000341e+02
3.516899999999999977e+02
3.519499999999999886e+02
3.520099999999999909e+02
3.527699999999999818e+02
3.530500000000000114e+02
3.530699999999999932e+02
3.538600000000000136e+02
3.538899999999999864e+02
3.548700000000000045e+02
3.549100000000000250e+02
3.551000000000000227e+02
3.553799999999999955e+02
3.556299999999999955e+02
3.561500000000000341e+02
3.581700000000000159e+02
3.591500000000000341e+02
3.595500000000000114e+02
3.613700000000000045e+02
3.618299999999999841e+02
3.621000000000000227e+02
3.624399999999999977e+02
3.639100000000000250e+02
3.640000000000000000e+02
3.643400000000000318e+02
3.644399999999999977e+02
3.644800000000000182e+02
3.644900000000000091e+02
3.651899999999999977e+02
3.655199999999999818e+02
3.656100000000000136e+02
3.659100000000000250e+02
3.665500000000000114e+02
3.677900000000000205e+02
3.698199999999999932e+02
3.715500000000000114e+02
3.716100000000000136e+02
3.718899999999999864e+02
3.723600000000000136e+02
3.726000000000000227e+02
3.729300000000000068e+02
3.732800000000000296e+02
3.734200000000000159e+02
3.735400000000000205e+02
3.747599999999999909e+02
3.755099999999999909e+02
3.757400000000000091e+02
3.760099999999999909e+02
3.804300000000000068e+02
3.806200000000000045e+02
3.813500000000000227e+02
3.813500000000000227e+02
3.818899999999999864e+02
3.818899999999999864e+02
3.821899999999999977e+02
3.824800000000000182e+02
3.827300000000000182e+02
3.829300000000000068e+02
3.831000000000000227e+02
3.838000000000000114e+02
3.840400000000000205e+02
3.846600000000000250e+02
3.849600000000000364e+02
3.853000000000000114e+02
3.860199999999999818e+02
3.861200000000000045e+02
3.862800000000000296e+02
3.870600000000000023e+02
3.907599999999999909e+02
3.913199999999999932e+02
3.916800000000000068e+02
3.923100000000000023e+02
3.923899999999999864e+02
3.934800000000000182e+02
3.934800000000000182e+02
3.943899999999999864e+02
3.946600000000000250e+02
3.951100000000000136e+02
3.955199999999999818e+02
3.955799999999999841e+02
3.962500000000000000e+02
3.964100000000000250e+02
3.965699999999999932e+02
3.981299999999999955e+02
4.000000000000000000e+02
4.000199999999999818e+02
4.016700000000000159e+02
4.027300000000000182e+02
4.030400000000000205e+02
4.033500000000000227e+02
4.039100000000000250e+02
4.047300000000000182e+02
4.052200000000000273e+02
4.053400000000000318e+02
4.054200000000000159e+02
4.057400000000000091e+02
4.072300000000000182e+02
4.074100000000000250e+02
4.081399999999999864e+02
4.095799999999999841e+02
4.097400000000000091e+02
4.101800000000000068e+02
4.112200000000000273e+02
4.113799999999999955e+02
4.115400000000000205e+02
4.118400000000000318e+02
4.120000000000000000e+02
4.124399999999999977e+02
4.125799999999999841e+02
4.130300000000000296e+02
4.133100000000000023e+02
4.135600000000000023e+02
4.135600000000000023e+02
4.140400000000000205e+02
4.142400000000000091e+02
4.151899999999999977e+02
4.153400000000000318e+02
4.155799999999999841e+02
4.158700000000000045e+02
4.169300000000000068e+02
4.174499999999999886e+02
4.176100000000000136e+02
4.208100000000000023e+02
4.216500000000000341e+02
4.217800000000000296e+02
4.223000000000000114e+02
4.228000000000000114e+02
4.229300000000000068e+02
4.239000000000000341e+02
4.240099999999999909e+02
4.246299999999999955e+02
4.252599999999999909e+02
4.253799999999999955e+02
4.256100000000000136e+02
4.258000000000000114e+02
4.264700000000000273e+02
4.269800000000000182e+02
4.276500000000000341e+02
4.282200000000000273e+02
4.284900000000000091e+02
4.285500000000000114e+02
4.304100000000000250e+02
4.309100000000000250e+02
4.315300000000000296e+02
4.319600000000000364e+02
4.322100000000000364e+02
4.324700000000000273e+02
4.327699999999999818e+02
4.329300000000000068e+02
4.345000000000000000e+02
4.348700000000000045e+02
4.348700000000000045e+02
4.350099999999999909e+02
4.357400000000000091e+02
4.359800000000000182e+02
4.370199999999999818e+02
4.378100000000000023e+02
4.385900000000000318e+02
4.408400000000000318e+02
4.422400000000000091e+02
4.424300000000000068e+02
4.425400000000000205e+02
4.425900000000000318e+02
4.426899999999999977e+02
4.428400000000000318e+02
4.438700000000000045e+02
4.439800000000000182e+02
4.447699999999999818e+02
4.449200000000000159e+02
4.450799999999999841e+02
4.453199999999999932e+02
4.459200000000000159e+02
4.460199999999999818e+02
4.460900000000000318e+02
4.464300000000000068e+02
4.477400000000000091e+02
4.483000000000000114e+02
4.495699999999999932e+02
4.505799999999999841e+02
4.522800000000000296e+02
4.524900000000000091e+02
4.525500000000000114e+02
4.526500000000000341e+02
4.534900000000000091e+02
4.539300000000000068e+02
4.548100000000000023e+02
4.549300000000000068e+02
4.553400000000000318e+02
4.567699999999999818e+02
4.576399999999999864e+02
4.594399999999999977e+02
4.594600000000000364e+02
4.595500000000000114e+02
4.599000000000000341e+02
4.613100000000000023e+02
4.615600000000000023e+02
4.618500000000000227e+02
4.619100000000000250e+02
4.620600000000000023e+02
4.624100000000000250e+02
4.630600000000000023e+02
4.631399999999999864e+02
4.631500000000000341e+02
4.644000000000000341e+02
4.652200000000000273e+02
4.653199999999999932e+02
4.653500000000000227e+02
4.655500000000000114e+02
4.662400000000000091e+02
4.672699999999999818e+02
4.672900000000000205e+02
4.684300000000000068e+02
4.696000000000000227e+02
4.701600000000000250e+02
4.709800000000000182e+02
4.714900000000000091e+02
4.715500000000000114e+02
4.716600000000000250e+02
4.733500000000000227e+02
4.737900000000000205e+02
4.739399999999999977e+02
4.739700000000000273e+02
4.747900000000000205e+02
4.748299999999999841e+02
4.750000000000000000e+02
4.759399999999999977e+02
4.760099999999999909e+02
4.769399999999999977e+02
4.791899999999999977e+02
4.806999999999999886e+02
4.807300000000000182e+02
4.815699999999999932e+02
4.822500000000000000e+02
4.830500000000000114e+02
4.831500000000000341e+02
4.832800000000000296e+02
4.840500000000000114e+02
4.840699999999999932e+02
4.843299999999999841e+02
4.845799999999999841e+02
4.848400000000000318e+02
4.855400000000000205e+02
4.869200000000000159e+02
4.871000000000000227e+02
4.871500000000000341e+02
4.900000000000000000e+02
4.901999999999999886e+02
4.928899999999999864e+02
4.932800000000000296e+02
4.937500000000000000e+02
4.947599999999999909e+02
4.948100000000000023e+02
4.948199999999999932e+02
4.951899999999999977e+02
4.953899999999999864e+02
4.954900000000000091e+02
4.961800000000000068e+02
4.993299999999999841e+02
5.014700000000000273e+02
5.015200000000000387e+02
5.019000000000000341e+02
5.022800000000000296e+02
5.027500000000000000e+02
5.030099999999999909e+02
5.031800000000000068e+02
5.049600000000000364e+02
5.058500000000000227e+02
5.058700000000000045e+02
5.066800000000000068e+02
5.069300000000000068e+02
5.072800000000000296e+02
5.093199999999999932e+02
5.096899999999999977e+02
5.096999999999999886e+02
5.106500000000000341e+02
5.111899999999999977e+02
5.118700000000000045e+02
5.121499999999999773e+02
5.124900000000000091e+02
5.144500000000000455e+02
5.147699999999999818e+02
5.148600000000000136e+02
5.159400000000000546e+02
5.180499999999999545e+02
5.188700000000000045e+02
5.189800000000000182e+02
5.194300000000000637e+02
5.195199999999999818e+02
5.207300000000000182e+02
5.216499999999999773e+02
5.219800000000000182e+02
5.226100000000000136e+02
5.231900000000000546e+02
5.233500000000000227e+02
5.234400000000000546e+02
5.238100000000000591e+02
5.246100000000000136e+02
5.251900000000000546e+02
5.254600000000000364e+02
5.259400000000000546e+02
5.266299999999999955e+02
5.268300000000000409e+02
5.268899999999999864e+02
5.279400000000000546e+02
5.281000000000000227e+02
5.290000000000000000e+02
5.299400000000000546e+02
5.304900000000000091e+02
5.317200000000000273e+02
5.318799999999999955e+02
5.318899999999999864e+02
5.327999999999999545e+02
5.329600000000000364e+02
5.331200000000000045e+02
5.337899999999999636e+02
5.338799999999999955e+02
5.338899999999999864e+02
5.342799999999999727e+02
5.352999999999999545e+02
5.352999999999999545e+02
5.354500000000000455e+02
5.364400000000000546e+02
5.365800000000000409e+02
5.367899999999999636e+02
5.374600000000000364e+02
5.383899999999999864e+02
5.388799999999999955e+02
5.388999999999999773e+02
5.397899999999999636e+02
5.411399999999999864e+02
5.417400000000000091e+02
5.422200000000000273e+02
5.429600000000000364e+02
5.432200000000000273e+02
5.432699999999999818e+02
5.443799999999999955e+02
5.461599999999999682e+02
5.465299999999999727e+02
5.484400000000000546e+02
5.487100000000000364e+02
5.495099999999999909e+02
5.499300000000000637e+02
5.499500000000000455e+02
5.508799999999999955e+02
5.515700000000000500e+02
5.518200000000000500e+02
5.521499999999999773e+02
5.523500000000000227e+02
5.526699999999999591e+02
5.532200000000000273e+02
5.544900000000000091e+02
5.547000000000000455e+02
5.549800000000000182e+02
5.556599999999999682e+02
5.558300000000000409e+02
5.563999999999999773e+02
5.568600000000000136e+02
5.570299999999999727e+02
5.573300000000000409e+02
5.577200000000000273e+02
5.583999999999999773e+02
5.584900000000000091e+02
5.588999999999999773e+02
5.591699999999999591e+02
5.606200000000000045e+02
5.610099999999999909e+02
5.614600000000000364e+02
5.618300000000000409e+02
5.629300000000000637e+02
5.633000000000000682e+02
5.637899999999999636e+02
5.641599999999999682e+02
5.649300000000000637e+02
5.654600000000000364e+02
5.660800000000000409e+02
5.678899999999999864e+02
5.688600000000000136e+02
5.694300000000000637e+02
5.697899999999999636e+02
5.711100000000000136e+02
5.713600000000000136e+02
5.713799999999999955e+02
5.722000000000000455e+02
5.722100000000000364e+02
5.723600000000000136e+02
5.728999999999999773e+02
5.728999999999999773e+02
5.735600000000000591e+02
5.745199999999999818e+02
5.749400000000000546e+02
5.750000000000000000e+02
5.764199999999999591e+02
5.773799999999999955e+02
5.783400000000000318e+02
5.797599999999999909e+02
5.817400000000000091e+02
5.823999999999999773e+02
5.833200000000000500e+02
5.833700000000000045e+02
5.836000000000000227e+02
5.843200000000000500e+02
5.854600000000000364e+02
5.859199999999999591e+02
5.879700000000000273e+02
5.900099999999999909e+02
5.900600000000000591e+02
5.905199999999999818e+02
5.915099999999999909e+02
5.923400000000000318e+02
5.925000000000000000e+02
5.942599999999999909e+02
5.945500000000000682e+02
5.953400000000000318e+02
5.970800000000000409e+02
5.976299999999999955e+02
5.978100000000000591e+02
5.997400000000000091e+02
5.997500000000000000e+02
6.013500000000000227e+02
6.014800000000000182e+02
6.015099999999999909e+02
6.016699999999999591e+02
6.030199999999999818e+02
6.031499999999999773e+02
6.039600000000000364e+02
6.051200000000000045e+02
6.052799999999999727e+02
6.054700000000000273e+02
6.067699999999999818e+02
6.070800000000000409e+02
6.071200000000000045e+02
6.080000000000000000e+02
6.082100000000000364e+02
6.087500000000000000e+02
6.089800000000000182e+02
6.104199999999999591e+02
6.104800000000000182e+02
6.111299999999999955e+02
6.118799999999999955e+02
6.124700000000000273e+02
6.126299999999999955e+02
6.130399999999999636e+02
6.131599999999999682e+02
6.142000000000000455e+02
6.144800000000000182e+02
6.150299999999999727e+02
6.165800000000000409e+02
6.167000000000000455e+02
6.184199999999999591e+02
6.195000000000000000e+02
6.201499999999999773e+02
6.208500000000000227e+02
6.218200000000000500e+02
6.222599999999999909e+02
6.223000000000000682e+02
6.240199999999999818e+02
6.241699999999999591e+02
6.243799999999999955e+02
6.245500000000000682e+02
6.252799999999999727e+02
6.269900000000000091e+02
6.270299999999999727e+02
6.279300000000000637e+02
6.281100000000000136e+02
6.281299999999999955e+02
6.281599999999999682e+02
6.282699999999999818e+02
6.294900000000000091e+02
6.295399999999999636e+02
6.296399999999999864e+02
6.303300000000000409e+02
6.303500000000000227e+02
6.306399999999999864e+02
6.311000000000000227e+02
6.312200000000000273e+02
6.328799999999999955e+02
6.331399999999999864e+02
6.333899999999999864e+02
6.335500000000000682e+02
6.335600000000000591e+02
6.337599999999999909e+02
6.347500000000000000e+02
6.355399999999999636e+02
6.358000000000000682e+02
6.365000000000000000e+02
6.369500000000000455e+02
6.370900000000000318e+02
6.379400000000000546e+02
6.387699999999999818e+02
6.390199999999999818e+02
6.409400000000000546e+02
6.411800000000000637e+02
6.420800000000000409e+02
6.423000000000000682e+02
6.430700000000000500e+02
6.437799999999999727e+02
6.441499999999999773e+02
6.447300000000000182e+02
6.448400000000000318e+02
6.460600000000000591e+02
6.467200000000000273e+02
6.467400000000000091e+02
6.471599999999999682e+02
6.488500000000000227e+02
6.493999999999999773e+02
6.512599999999999909e+02
6.518999999999999773e+02
6.521399999999999864e+02
6.534099999999999682e+02
6.538799999999999955e+02
6.550299999999999727e+02
6.552000000000000455e+02
6.553000000000000682e+02
6.555500000000000682e+02
6.557400000000000091e+02
6.561800000000000637e+02
6.569300000000000637e+02
6.572000000000000455e+02
6.595099999999999909e+02
6.601499999999999773e+02
6.611000000000000227e+02
6.612599999999999909e+02
6.622500000000000000e+02
6.625900000000000318e+02
6.627200000000000273e+02
6.641100000000000136e+02
6.644800000000000182e+02
6.646399999999999864e+02
6.649800000000000182e+02
6.658999999999999773e+02
6.669600000000000364e+02
6.678999999999999773e+02
6.680500000000000682e+02
6.688799999999999955e+02
6.689400000000000546e+02
6.711000000000000227e+02
6.717899999999999636e+02
6.729300000000000637e+02
6.739900000000000091e+02
6.743500000000000227e+02
6.751200000000000045e+02
6.755700000000000500e+02
6.756699999999999591e+02
6.757599999999999909e+02
6.774400000000000546e+02
6.797599999999999909e+02
6.801000000000000227e+02
6.807799999999999727e+02
6.811599999999999682e+02
6.817400000000000091e+02
6.833500000000000227e+02
6.839500000000000455e+02
6.844600000000000364e+02
6.853899999999999864e+02
6.863700000000000045e+02
6.882500000000000000e+02
6.884500000000000455e+02
6.889900000000000091e+02
6.891000000000000227e+02
6.897000000000000455e+02
6.897500000000000000e+02
6.900000000000000000e+02
6.917599999999999909e+02
6.919600000000000364e+02
6.920000000000000000e+02
6.926399999999999864e+02
6.933000000000000682e+02
6.948300000000000409e+02
6.956100000000000136e+02
6.959300000000000637e+02
6.977300000000000182e+02
6.982599999999999909e+02
6.986800000000000637e+02
6.986900000000000546e+02
6.994199999999999591e+02
6.996800000000000637e+02
7.000500000000000682e+02
7.009900000000000091e+02
7.016800000000000637e+02
7.019300000000000637e+02
7.020500000000000682e+02
7.036900000000000546e+02
7.037400000000000091e+02
7.039800000000000182e+02
7.045099999999999909e+02
7.057400000000000091e+02
7.057400000000000091e+02
7.067599999999999909e+02
7.071499999999999773e+02
7.076399999999999864e+02
7.077500000000000000e+02
7.089199999999999591e+02
7.098300000000000409e+02
7.100299999999999727e+02
7.103600000000000136e+02
7.104400000000000546e+02
7.112699999999999818e+02
7.113999999999999773e+02
7.122599999999999909e+02
7.127699999999999818e+02
7.134099999999999682e+02
7.142400000000000091e+02
7.160199999999999818e+02
7.171399999999999864e+02
7.180800000000000409e+02
7.181200000000000045e+02
7.183200000000000500e+02
7.185199999999999818e+02
7.204600000000000364e+02
7.211100000000000136e+02
7.223999999999999773e+02
7.226399999999999864e+02
7.230600000000000591e+02
7.234600000000000364e+02
7.256499999999999773e+02
7.258500000000000227e+02
7.261000000000000227e+02
7.273400000000000318e+02
7.276200000000000045e+02
7.277899999999999636e+02
7.279500000000000455e+02
7.280199999999999818e+02
7.284500000000000455e+02
7.294199999999999591e+02
7.298899999999999864e+02
7.302200000000000273e+02
7.311200000000000045e+02
7.317400000000000091e+02
7.324199999999999591e+02
7.325900000000000318e+02
7.331800000000000637e+02
7.340700000000000500e+02
7.358200000000000500e+02
7.358200000000000500e+02
7.358899999999999864e+02
7.368799999999999955e+02
7.386599999999999682e+02
7.409900000000000091e+02
7.411299999999999955e+02
7.420600000000000591e+02
7.421100000000000136e+02
7.423200000000000500e+02
7.439600000000000364e+02
7.440399999999999636e+02
7.442100000000000364e+02
7.443300000000000409e+02
7.451599999999999682e+02
7.460600000000000591e+02
7.462599999999999909e+02
7.463100000000000591e+02
7.475600000000000591e+02
7.478799999999999955e+02
7.480199999999999818e+02
7.481900000000000546e+02
7.489400000000000546e+02
7.501100000000000136e+02
7.501800000000000637e+02
7.505700000000000500e+02
7.531200000000000045e+02
7.531200000000000045e+02
7.531499999999999773e+02
7.536399999999999864e+02
7.538200000000000500e+02
7.540800000000000409e+02
7.552400000000000091e+02
7.554600000000000364e+02
7.571200000000000045e+02
7.571800000000000637e+02
7.575500000000000682e+02
7.581800000000000637e+02
7.591599999999999682e+02
7.591699999999999591e+02
7.595399999999999636e+02
7.600000000000000000e+02
7.602400000000000091e+02
7.619700000000000273e+02
7.623100000000000591e+02
7.644600000000000364e+02
7.646200000000000045e+02
7.647400000000000091e+02
7.648500000000000227e+02
7.652500000000000000e+02
7.657300000000000182e+02
7.660000000000000000e+02
7.670199999999999818e+02
7.673700000000000045e+02
7.682000000000000455e+02
7.686700000000000728e+02
7.693400000000000318e+02
7.704400000000000546e+02
7.705199999999999818e+02
7.711800000000000637e+02
7.714400000000000546e+02
7.719700000000000273e+02
7.726200000000000045e+02
7.727200000000000273e+02
7.738100000000000591e+02
7.742200000000000273e+02
7.749700000000000273e+02
7.759600000000000364e+02
7.760500000000000682e+02
7.765600000000000591e+02
7.779800000000000182e+02
7.783000000000000682e+02
7.799700000000000273e+02
7.802599999999999909e+02
7.814900000000000091e+02
7.815800000000000409e+02
7.817899999999999636e+02
7.823500000000000227e+02
7.832699999999999818e+02
7.834900000000000091e+02
7.846100000000000136e+02
7.847300000000000182e+02
7.853999999999999773e+02
7.866499999999999773e+02
7.878200000000000500e+02
7.881399999999999864e+02
7.881800000000000637e+02
7.883899999999999864e+02
7.895099999999999909e+02
7.914300000000000637e+02
7.914600000000000364e+02
7.918100000000000591e+02
7.923899999999999864e+02
7.930900000000000318e+02
7.943200000000000500e+02
7.947200000000000273e+02
7.953400000000000318e+02
7.964900000000000091e+02
7.973600000000000136e+02
7.976900000000000546e+02
7.979800000000000182e+02
7.986299999999999955e+02
8.000099999999999909e+02
8.000800000000000409e+02
8.003799999999999955e+02
8.004900000000000091e+02
8.017500000000000000e+02
8.022899999999999636e+02
8.032899999999999636e+02
8.035299999999999727e+02
8.037000000000000455e+02
8.038200000000000500e+02
8.039600000000000364e+02
8.047799999999999727e+02
8.052500000000000000e+02
8.060199999999999818e+02
8.065299999999999727e+02
8.071800000000000637e+02
8.082000000000000455e+02
8.090099999999999909e+02
8.096000000000000227e+02
8.098899999999999864e+02
8.100800000000000409e+02
8.109300000000000637e+02
8.115900000000000318e+02
8.121800000000000637e+02
8.127100000000000364e+02
8.136399999999999864e+02
8.137899999999999636e+02
8.143899999999999864e+02
8.148700000000000045e+02
8.150199999999999818e+02
8.151000000000000227e+02
8.159500000000000455e+02
8.161100000000000136e+02
8.167200000000000273e+02
8.170800000000000409e+02
8.182500000000000000e+02
8.182599999999999909e+02
8.188300000000000409e+02
8.193300000000000409e+02
8.199500000000000455e+02
8.207100000000000364e+02
8.218400000000000318e+02
8.220700000000000500e+02
8.229300000000000637e+02
8.231100000000000136e+02
8.232899999999999636e+02
8.255399999999999636e+02
8.261299999999999955e+02
8.263200000000000500e+02
8.266700000000000728e+02
8.266800000000000637e+02
8.280299999999999727e+02
8.284500000000000455e+02
8.285399999999999636e+02
8.289300000000000637e+02
8.299400000000000546e+02
8.301200000000000045e+02
8.309600000000000364e+02
8.316299999999999955e+02
8.319300000000000637e+02
8.322400000000000091e+02
8.322899999999999636e+02
8.327699999999999818e+02
8.341800000000000637e+02
8.350000000000000000e+02
8.351000000000000227e+02
8.355199999999999818e+02
8.367400000000000091e+02
8.368700000000000045e+02
8.368899999999999864e+02
8.375199999999999818e+02
8.376399999999999864e+02
8.377899999999999636e+02
8.386299999999999955e+02
8.392100000000000364e+02
8.396399999999999864e+02
8.398799999999999955e+02
8.408799999999999955e+02
8.408899999999999864e+02
8.417000000000000455e+02
8.422000000000000455e+02
8.428799999999999955e+02
8.429700000000000273e+02
8.436499999999999773e+02
8.445600000000000591e+02
8.449500000000000455e+02
8.468600000000000136e+02
8.469600000000000364e+02
8.470399999999999636e+02
8.472500000000000000e+02
8.479300000000000637e+02
8.495099999999999909e+02
8.495299999999999727e+02
8.495399999999999636e+02
8.503000000000000682e+02
8.519900000000000091e+02
8.520099999999999909e+02
8.520399999999999636e+02
8.523600000000000136e+02
8.525000000000000000e+02
8.542500000000000000e+02
8.544300000000000637e+02
8.556399999999999864e+02
8.558300000000000409e+02
8.566299999999999955e+02
8.567500000000000000e+02
8.580700000000000500e+02
8.581800000000000637e+02
8.588300000000000409e+02
8.588899999999999864e+02
8.590299999999999727e+02
8.601399999999999864e+02
8.609900000000000091e+02
8.611800000000000637e+02
8.620500000000000682e+02
8.622699999999999818e+02
8.626900000000000546e+02
8.632899999999999636e+02
8.636499999999999773e+02
8.641399999999999864e+02
8.648100000000000591e+02
8.657799999999999727e+02
8.659300000000000637e+02
8.659400000000000546e+02
8.661700000000000728e+02
8.662300000000000182e+02
8.670399999999999636e+02
8.672100000000000364e+02
8.679300000000000637e+02
8.695399999999999636e+02
8.698200000000000500e+02
8.700000000000000000e+02
8.704800000000000182e+02
8.720199999999999818e+02
8.720500000000000682e+02
8.728700000000000045e+02
8.731599999999999682e+02
8.747100000000000364e+02
8.760000000000000000e+02
8.763600000000000136e+02
8.764700000000000273e+02
8.786599999999999682e+02
8.789300000000000637e+02
8.790800000000000409e+02
8.795399999999999636e+02
8.808600000000000136e+02
8.809600000000000364e+02
8.818500000000000227e+02
8.854800000000000182e+02
8.855299999999999727e+02
8.856499999999999773e+02
8.864900000000000091e+02
8.873300000000000409e+02
8.878000000000000682e+02
8.878500000000000227e+02
8.887300000000000182e+02
8.888700000000000045e+02
8.888999999999999773e+02
8.900700000000000500e+02
8.904200000000000728e+02
8.907500000000000000e+02
8.911200000000000045e+02
8.917500000000000000e+02
8.920000000000000000e+02
8.931200000000000045e+02
8.936900000000000546e+02
8.943500000000000227e+02
8.950800000000000409e+02
8.952300000000000182e+02
8.961800000000000637e+02
8.971000000000000227e+02
8.984300000000000637e+02
8.992400000000000091e+02
8.999800000000000182e+02
8.999900000000000091e+02
9.008500000000000227e+02
9.010399999999999636e+02
9.010700000000000500e+02
9.019500000000000455e+02
9.024200000000000728e+02
9.025000000000000000e+02
9.026200000000000045e+02
9.039600000000000364e+02
9.043799999999999955e+02
9.050700000000000500e+02
9.053000000000000682e+02
9.053700000000000045e+02
9.053899999999999864e+02
9.056800000000000637e+02
9.061599999999999682e+02
9.066599999999999682e+02
9.068999999999999773e+02
9.074800000000000182e+02
9.075700000000000500e+02
9.087899999999999636e+02
9.090500000000000682e+02
9.094500000000000455e+02
9.098700000000000045e+02
9.110000000000000000e+02
9.112899999999999636e+02
9.113000000000000682e+02
9.124099999999999682e+02
9.134800000000000182e+02
9.135199999999999818e+02
9.139500000000000455e+02
9.144700000000000273e+02
9.152100000000000364e+02
9.154500000000000455e+02
9.157200000000000273e+02
9.159700000000000273e+02
9.174500000000000455e+02
9.182699999999999818e+02
9.194200000000000728e+02
9.201000000000000227e+02
9.202000000000000455e+02
9.202400000000000091e+02
9.203799999999999955e+02
9.205000000000000000e+02
9.218300000000000409e+02
9.228100000000000591e+02
9.241599999999999682e+02
9.245600000000000591e+02
9.246800000000000637e+02
9.256399999999999864e+02
9.257200000000000273e+02
9.267100000000000364e+02
9.268100000000000591e+02
9.274500000000000455e+02
9.282799999999999727e+02
9.289800000000000182e+02
9.292599999999999909e+02
9.304500000000000455e+02
9.304900000000000091e+02
9.311100000000000136e+02
9.326399999999999864e+02
9.330500000000000682e+02
9.331800000000000637e+02
9.335600000000000591e+02
9.336100000000000136e+02
9.340399999999999636e+02
9.344300000000000637e+02
9.345299999999999727e+02
9.354600000000000364e+02
9.354800000000000182e+02
9.355900000000000318e+02
9.361700000000000728e+02
9.366399999999999864e+02
9.368899999999999864e+02
9.373200000000000500e+02
9.380700000000000500e+02
9.383300000000000409e+02
9.388899999999999864e+02
9.389099999999999682e+02
9.398600000000000136e+02
9.402500000000000000e+02
9.428300000000000409e+02
9.431599999999999682e+02
9.450399999999999636e+02
9.452699999999999818e+02
9.454400000000000546e+02
9.454600000000000364e+02
9.455500000000000682e+02
9.474900000000000091e+02
9.477500000000000000e+02
9.478200000000000500e+02
9.480900000000000318e+02
9.485199999999999818e+02
9.489400000000000546e+02
9.493600000000000136e+02
9.494600000000000364e+02
9.511200000000000045e+02
9.512500000000000000e+02
9.526200000000000045e+02
9.530399999999999636e+02
9.538100000000000591e+02
9.546299999999999955e+02
9.553400000000000318e+02
9.558200000000000500e+02
9.563899999999999864e+02
9.564500000000000455e+02
9.566200000000000045e+02
9.571100000000000136e+02
9.575700000000000500e+02
9.577599999999999909e+02
9.581800000000000637e+02
9.590000000000000000e+02
9.599900000000000091e+02
9.603100000000000591e+02
9.607400000000000091e+02
9.607500000000000000e+02
9.610000000000000000e+02
9.611200000000000045e+02
9.622000000000000455e+02
9.623100000000000591e+02
9.624400000000000546e+02
9.628799999999999955e+02
9.636700000000000728e+02
9.642000000000000455e+02
9.653700000000000045e+02
9.660099999999999909e+02
9.663899999999999864e+02
9.670700000000000500e+02
9.688600000000000136e+02
9.696100000000000136e+02
9.702000000000000455e+02
9.703100000000000591e+02
9.704200000000000728e+02
9.707699999999999818e+02
9.712100000000000364e+02
9.725099999999999909e+02
9.729300000000000637e+02
9.731499999999999773e+02
9.744600000000000364e+02
9.744900000000000091e+02
9.746599999999999682e+02
9.751299999999999955e+02
9.775399999999999636e+02
9.777000000000000455e+02
9.782400000000000091e+02
9.791599999999999682e+02
9.797000000000000455e+02
9.799600000000000364e+02
9.801000000000000227e+02
9.807699999999999818e+02
9.832599999999999909e+02
9.839300000000000637e+02
9.842900000000000773e+02
9.848899999999999864e+02
9.853700000000000045e+02
9.856900000000000546e+02
9.866499999999999773e+02
9.866499999999999773e+02
9.870600000000000591e+02
9.885500000000000682e+02
9.889700000000000273e+02
9.893200000000000500e+02
9.905099999999999909e+02
9.926900000000000546e+02
9.927900000000000773e+02
9.930900000000000318e+02
9.937900000000000773e+02
9.941800000000000637e+02
9.950500000000000682e+02
9.954700000000000273e+02
9.958799999999999955e+02
9.963300000000000409e+02
9.964500000000000455e+02
9.977300000000000182e+02
9.990299999999999727e+02
9.990900000000000318e+02
