1.068400000000000034e+02
2.963100000000000023e+02
3.086899999999999977e+02
3.813899999999999864e+02
4.661000000000000227e+02
6.498500000000000227e+02
9.049200000000000728e+02
7.860000000000000320e+00
2.251999999999999957e+01
2.464000000000000057e+01
4.136999999999999744e+01
5.820000000000000284e+01
7.290999999999999659e+01
7.626000000000000512e+01
9.178000000000000114e+01
1.096000000000000085e+02
1.413199999999999932e+02
1.586299999999999955e+02
1.739699999999999989e+02
1.919399999999999977e+02
1.947800000000000011e+02
2.080399999999999920e+02
2.267300000000000182e+02
2.449200000000000159e+02
2.597800000000000296e+02
2.761500000000000341e+02
2.936999999999999886e+02
3.121800000000000068e+02
3.424300000000000068e+02
3.452699999999999818e+02
3.617099999999999795e+02
3.755600000000000023e+02
3.960799999999999841e+02
4.128000000000000114e+02
4.465600000000000023e+02
4.641399999999999864e+02
4.820500000000000114e+02
4.935799999999999841e+02
4.963199999999999932e+02
5.130499999999999545e+02
5.287799999999999727e+02
5.448400000000000318e+02
5.478899999999999864e+02
5.624500000000000455e+02
5.980299999999999727e+02
6.000399999999999636e+02
6.159600000000000364e+02
6.288899999999999864e+02
6.480199999999999818e+02
6.620199999999999818e+02
6.657100000000000364e+02
6.801800000000000637e+02
6.964199999999999591e+02
7.144500000000000455e+02
7.508100000000000591e+02
8.171900000000000546e+02
8.193999999999999773e+02
8.319400000000000546e+02
8.504600000000000364e+02
8.838500000000000227e+02
9.001000000000000227e+02
9.378899999999999864e+02
9.513400000000000318e+02
9.671000000000000227e+02
4.639999999999999680e+00
7.030000000000000249e+00
9.040000000000000924e+00
2.276999999999999957e+01
2.478000000000000114e+01
2.816000000000000014e+01
3.852000000000000313e+01
4.053000000000000114e+01
4.253999999999999915e+01
5.684000000000000341e+01
7.304000000000000625e+01
8.976000000000000512e+01
9.181000000000000227e+01
1.057500000000000000e+02
1.081400000000000006e+02
1.236800000000000068e+02
1.257000000000000028e+02
1.278400000000000034e+02
1.406899999999999977e+02
1.442199999999999989e+02
1.562700000000000102e+02
1.589500000000000171e+02
1.610800000000000125e+02
1.747899999999999920e+02
1.778499999999999943e+02
1.902000000000000171e+02
1.922199999999999989e+02
2.069600000000000080e+02
2.090000000000000000e+02
2.239000000000000057e+02
2.273199999999999932e+02
2.429300000000000068e+02
2.449500000000000171e+02
2.583999999999999773e+02
2.604100000000000250e+02
2.747900000000000205e+02
2.777500000000000000e+02
2.913600000000000136e+02
2.933700000000000045e+02
2.953899999999999864e+02
3.069100000000000250e+02
3.089900000000000091e+02
3.110000000000000000e+02
3.265199999999999818e+02
3.292699999999999818e+02
3.407900000000000205e+02
3.428000000000000114e+02
3.449399999999999977e+02
3.589000000000000341e+02
3.609100000000000250e+02
3.744000000000000341e+02
3.764100000000000250e+02
3.924800000000000182e+02
3.954499999999999886e+02
4.099100000000000250e+02
4.121800000000000068e+02
4.251399999999999864e+02
4.271500000000000341e+02
4.415600000000000023e+02
4.436700000000000159e+02
4.456899999999999977e+02
4.611500000000000341e+02
4.744399999999999977e+02
4.764800000000000182e+02
4.784900000000000091e+02
4.805099999999999909e+02
4.921700000000000159e+02
4.945900000000000318e+02
4.966000000000000227e+02
5.101200000000000045e+02
5.121499999999999773e+02
5.257899999999999636e+02
5.278500000000000227e+02
5.298600000000000136e+02
5.318700000000000045e+02
5.419800000000000182e+02
5.444800000000000182e+02
5.593899999999999864e+02
5.621100000000000136e+02
5.641200000000000045e+02
5.768799999999999955e+02
5.790800000000000409e+02
5.918600000000000136e+02
5.950500000000000682e+02
5.974199999999999591e+02
6.108600000000000136e+02
6.264099999999999682e+02
6.286800000000000637e+02
6.306900000000000546e+02
6.434199999999999591e+02
6.463500000000000227e+02
6.619300000000000637e+02
6.644900000000000091e+02
6.776699999999999591e+02
6.943100000000000591e+02
6.970600000000000591e+02
7.108600000000000136e+02
7.134800000000000182e+02
7.260099999999999909e+02
7.302200000000000273e+02
7.447100000000000364e+02
7.467300000000000182e+02
7.495600000000000591e+02
7.619400000000000546e+02
7.647100000000000364e+02
7.667200000000000273e+02
7.776700000000000728e+02
7.796800000000000637e+02
7.818600000000000136e+02
7.940500000000000682e+02
7.973300000000000409e+02
8.112599999999999909e+02
8.132799999999999727e+02
8.153200000000000500e+02
8.293600000000000136e+02
8.341499999999999773e+02
8.439200000000000728e+02
8.459400000000000546e+02
8.615399999999999636e+02
8.652000000000000455e+02
8.785600000000000591e+02
8.805700000000000500e+02
8.962599999999999909e+02
8.983000000000000682e+02
9.132500000000000000e+02
9.152699999999999818e+02
9.172899999999999636e+02
9.271299999999999955e+02
9.291599999999999682e+02
9.311700000000000728e+02
9.336700000000000728e+02
9.465199999999999818e+02
9.485299999999999727e+02
9.622799999999999727e+02
9.643000000000000682e+02
9.663200000000000500e+02
9.792000000000000455e+02
9.812500000000000000e+02
9.832699999999999818e+02
9.969700000000000273e+02
4.530000000000000249e+00
6.740000000000000213e+00
9.820000000000000284e+00
2.187000000000000099e+01
2.389000000000000057e+01
2.591000000000000014e+01
3.907999999999999829e+01
4.170000000000000284e+01
4.377000000000000313e+01
5.573000000000000398e+01
5.775000000000000000e+01
6.000000000000000000e+01
7.157000000000000739e+01
7.357999999999999829e+01
7.559000000000000341e+01
8.796000000000000796e+01
8.996999999999999886e+01
9.225000000000000000e+01
1.047300000000000040e+02
1.083200000000000074e+02
1.228400000000000034e+02
1.258800000000000097e+02
1.383499999999999943e+02
1.405500000000000114e+02
1.425999999999999943e+02
1.562500000000000000e+02
1.587299999999999898e+02
1.607400000000000091e+02
1.713900000000000148e+02
1.735999999999999943e+02
1.756100000000000136e+02
1.776599999999999966e+02
1.889699999999999989e+02
1.909900000000000091e+02
1.933499999999999943e+02
2.060600000000000023e+02
2.080699999999999932e+02
2.104800000000000182e+02
2.225800000000000125e+02
2.246700000000000159e+02
2.272199999999999989e+02
2.385099999999999909e+02
2.405300000000000011e+02
2.425500000000000114e+02
2.445699999999999932e+02
2.560900000000000318e+02
2.581000000000000227e+02
2.601100000000000136e+02
2.725000000000000000e+02
2.745099999999999909e+02
2.766100000000000136e+02
2.898600000000000136e+02
2.918700000000000045e+02
3.060699999999999932e+02
3.081200000000000045e+02
3.106100000000000136e+02
3.234399999999999977e+02
3.261700000000000159e+02
3.287800000000000296e+02
3.389800000000000182e+02
3.421299999999999955e+02
3.441500000000000341e+02
3.571899999999999977e+02
3.592300000000000182e+02
3.723400000000000318e+02
3.743500000000000227e+02
3.763600000000000136e+02
3.904600000000000364e+02
3.931200000000000045e+02
4.080099999999999909e+02
4.106600000000000250e+02
4.232500000000000000e+02
4.252599999999999909e+02
4.272800000000000296e+02
4.400400000000000205e+02
4.423600000000000136e+02
4.443700000000000045e+02
4.562500000000000000e+02
4.582699999999999818e+02
4.602800000000000296e+02
4.738600000000000136e+02
4.759000000000000341e+02
4.779600000000000364e+02
4.900900000000000318e+02
4.921000000000000227e+02
4.948400000000000318e+02
5.062300000000000182e+02
5.082400000000000091e+02
5.102500000000000000e+02
5.240900000000000318e+02
5.261000000000000227e+02
5.281100000000000136e+02
5.405399999999999636e+02
5.432100000000000364e+02
5.452400000000000091e+02
5.557799999999999727e+02
5.578000000000000682e+02
5.598100000000000591e+02
5.629700000000000273e+02
5.739800000000000182e+02
5.760299999999999727e+02
5.780500000000000682e+02
5.904700000000000273e+02
5.928600000000000136e+02
5.948700000000000045e+02
6.075800000000000409e+02
6.100800000000000409e+02
6.128700000000000045e+02
6.242899999999999636e+02
6.263000000000000682e+02
6.283700000000000045e+02
6.404500000000000455e+02
6.432100000000000364e+02
6.452500000000000000e+02
6.571299999999999955e+02
6.591499999999999773e+02
6.620299999999999727e+02
6.736699999999999591e+02
6.756800000000000637e+02
6.776900000000000546e+02
6.797000000000000455e+02
6.915399999999999636e+02
6.938000000000000682e+02
7.063600000000000136e+02
7.084400000000000546e+02
7.105600000000000591e+02
7.250299999999999727e+02
7.278500000000000227e+02
7.298999999999999773e+02
7.398400000000000318e+02
7.431900000000000546e+02
7.452200000000000273e+02
7.576699999999999591e+02
7.596800000000000637e+02
7.619400000000000546e+02
7.646100000000000136e+02
7.733999999999999773e+02
7.762799999999999727e+02
7.786200000000000045e+02
7.901700000000000728e+02
7.923400000000000318e+02
7.943500000000000227e+02
7.963700000000000045e+02
8.078500000000000227e+02
8.101200000000000045e+02
8.121299999999999955e+02
8.249800000000000182e+02
8.269900000000000091e+02
8.290900000000000318e+02
8.423600000000000136e+02
8.445800000000000409e+02
8.568400000000000318e+02
8.595800000000000409e+02
8.618600000000000136e+02
8.638700000000000045e+02
8.757000000000000455e+02
8.778899999999999864e+02
8.812799999999999727e+02
8.921200000000000045e+02
8.941299999999999955e+02
8.961399999999999864e+02
9.072799999999999727e+02
9.092899999999999636e+02
9.113000000000000682e+02
9.244900000000000091e+02
9.273300000000000409e+02
9.301299999999999955e+02
9.411499999999999773e+02
9.432400000000000091e+02
9.452500000000000000e+02
9.476900000000000546e+02
9.584099999999999682e+02
9.608999999999999773e+02
9.632699999999999818e+02
9.656000000000000227e+02
9.759600000000000364e+02
9.779700000000000273e+02
9.919700000000000273e+02
9.939800000000000182e+02
9.959900000000000091e+02
5.459999999999999964e+00
7.469999999999999751e+00
9.480000000000000426e+00
2.046000000000000085e+01
2.267000000000000171e+01
2.474000000000000199e+01
2.685999999999999943e+01
3.743999999999999773e+01
4.025000000000000000e+01
4.228000000000000114e+01
5.475000000000000000e+01
5.678000000000000114e+01
5.880000000000000426e+01
7.154000000000000625e+01
7.354999999999999716e+01
8.760999999999999943e+01
8.962999999999999545e+01
9.221000000000000796e+01
1.041099999999999994e+02
1.061299999999999955e+02
1.081400000000000006e+02
1.101700000000000017e+02
1.212000000000000028e+02
1.233100000000000023e+02
1.254099999999999966e+02
1.375300000000000011e+02
1.395600000000000023e+02
1.415800000000000125e+02
1.548600000000000136e+02
1.570200000000000102e+02
1.590300000000000011e+02
1.718700000000000045e+02
1.741700000000000159e+02
1.761800000000000068e+02
1.878300000000000125e+02
1.898700000000000045e+02
1.918799999999999955e+02
2.039900000000000091e+02
2.060000000000000000e+02
2.080099999999999909e+02
2.100200000000000102e+02
2.213700000000000045e+02
2.234699999999999989e+02
2.254800000000000182e+02
2.381899999999999977e+02
2.403799999999999955e+02
2.430300000000000011e+02
2.552100000000000080e+02
2.572200000000000273e+02
2.720199999999999818e+02
2.742300000000000182e+02
2.770699999999999932e+02
2.873400000000000318e+02
2.896200000000000045e+02
2.916999999999999886e+02
3.046600000000000250e+02
3.066700000000000159e+02
3.086800000000000068e+02
3.106899999999999977e+02
3.211399999999999864e+02
3.231500000000000341e+02
3.253799999999999955e+02
3.376500000000000341e+02
3.396700000000000159e+02
3.416800000000000068e+02
3.436899999999999977e+02
3.545400000000000205e+02
3.565500000000000114e+02
3.585699999999999932e+02
3.716000000000000227e+02
3.736100000000000136e+02
3.756299999999999955e+02
3.883600000000000136e+02
3.904200000000000159e+02
3.926100000000000136e+02
4.045699999999999932e+02
4.065900000000000318e+02
4.086100000000000136e+02
4.106500000000000341e+02
4.209600000000000364e+02
4.229700000000000273e+02
4.249900000000000091e+02
4.381000000000000227e+02
4.401100000000000136e+02
4.421600000000000250e+02
4.538700000000000045e+02
4.558799999999999955e+02
4.586800000000000068e+02
4.707100000000000364e+02
4.727200000000000273e+02
4.747400000000000091e+02
4.879200000000000159e+02
4.905199999999999818e+02
4.925600000000000023e+02
5.040000000000000000e+02
5.060300000000000296e+02
5.086100000000000136e+02
5.220199999999999818e+02
5.240299999999999727e+02
5.380399999999999636e+02
5.400600000000000591e+02
5.423799999999999955e+02
5.553500000000000227e+02
5.576200000000000045e+02
5.597899999999999636e+02
5.721100000000000136e+02
5.744800000000000182e+02
5.765000000000000000e+02
5.873799999999999955e+02
5.893899999999999864e+02
5.913999999999999773e+02
5.934199999999999591e+02
6.059300000000000637e+02
6.080099999999999909e+02
6.100399999999999636e+02
6.220500000000000682e+02
6.240600000000000591e+02
6.263100000000000591e+02
6.375900000000000318e+02
6.396399999999999864e+02
6.416599999999999682e+02
6.538899999999999864e+02
6.559099999999999682e+02
6.579300000000000637e+02
6.599400000000000546e+02
6.710900000000000318e+02
6.731000000000000227e+02
6.751100000000000136e+02
6.870500000000000682e+02
6.893100000000000591e+02
6.920399999999999636e+02
7.037699999999999818e+02
7.057799999999999727e+02
7.077899999999999636e+02
7.098000000000000682e+02
7.207000000000000455e+02
7.227200000000000273e+02
7.247799999999999727e+02
7.268000000000000682e+02
7.380399999999999636e+02
7.400500000000000682e+02
7.420600000000000591e+02
7.450299999999999727e+02
7.533999999999999773e+02
7.554099999999999682e+02
7.574199999999999591e+02
7.596599999999999682e+02
7.707300000000000182e+02
7.727400000000000091e+02
7.747500000000000000e+02
7.767599999999999909e+02
7.887599999999999909e+02
7.908100000000000591e+02
7.928300000000000409e+02
8.039800000000000182e+02
8.061200000000000045e+02
8.081800000000000637e+02
8.213799999999999955e+02
8.233899999999999864e+02
8.254700000000000273e+02
8.373700000000000045e+02
8.394700000000000273e+02
8.414800000000000182e+02
8.435299999999999727e+02
8.538899999999999864e+02
8.559099999999999682e+02
8.579300000000000637e+02
8.605299999999999727e+02
8.719099999999999682e+02
8.742500000000000000e+02
8.762599999999999909e+02
8.782799999999999727e+02
8.878999999999999773e+02
8.899200000000000728e+02
8.919300000000000637e+02
9.043200000000000500e+02
9.063400000000000318e+02
9.091399999999999864e+02
9.200099999999999909e+02
9.220199999999999818e+02
9.240399999999999636e+02
9.263400000000000318e+02
9.371599999999999682e+02
9.392699999999999818e+02
9.420500000000000682e+02
9.547799999999999727e+02
9.570600000000000591e+02
9.597400000000000091e+02
9.617899999999999636e+02
9.711000000000000227e+02
9.731800000000000637e+02
9.758400000000000318e+02
9.877599999999999909e+02
9.897699999999999818e+02
9.920400000000000773e+02
4.330000000000000071e+00
6.350000000000000533e+00
8.359999999999999432e+00
2.169000000000000128e+01
2.369999999999999929e+01
2.573000000000000043e+01
3.685999999999999943e+01
3.886999999999999744e+01
4.096999999999999886e+01
5.423000000000000398e+01
5.625999999999999801e+01
5.827000000000000313e+01
7.221999999999999886e+01
7.423999999999999488e+01
7.626000000000000512e+01
8.870000000000000284e+01
9.071000000000000796e+01
9.271999999999999886e+01
1.042600000000000051e+02
1.062699999999999960e+02
1.082800000000000011e+02
1.221599999999999966e+02
1.241700000000000017e+02
1.272600000000000051e+02
1.375500000000000114e+02
1.402400000000000091e+02
1.430099999999999909e+02
1.547299999999999898e+02
1.567400000000000091e+02
1.597500000000000000e+02
1.706700000000000159e+02
1.726899999999999977e+02
1.747000000000000171e+02
1.875399999999999920e+02
1.895500000000000114e+02
1.915600000000000023e+02
2.038499999999999943e+02
2.058600000000000136e+02
2.078700000000000045e+02
2.210699999999999932e+02
2.233300000000000125e+02
2.259000000000000057e+02
2.377199999999999989e+02
2.398900000000000148e+02
2.419000000000000057e+02
2.543400000000000034e+02
2.563500000000000227e+02
2.583600000000000136e+02
2.706299999999999955e+02
2.726499999999999773e+02
2.750400000000000205e+02
2.877900000000000205e+02
2.898000000000000114e+02
2.923799999999999955e+02
3.032699999999999818e+02
3.061700000000000159e+02
3.082500000000000000e+02
3.195000000000000000e+02
3.216600000000000250e+02
3.239000000000000341e+02
3.371500000000000341e+02
3.396899999999999977e+02
3.416999999999999886e+02
3.531800000000000068e+02
3.551899999999999977e+02
3.571999999999999886e+02
3.592699999999999818e+02
3.698100000000000023e+02
3.718199999999999932e+02
3.738299999999999841e+02
3.758500000000000227e+02
3.869900000000000091e+02
3.894100000000000250e+02
3.916100000000000136e+02
4.027400000000000091e+02
4.047599999999999909e+02
4.069100000000000250e+02
4.196200000000000045e+02
4.216299999999999955e+02
4.238299999999999841e+02
4.356500000000000341e+02
4.376700000000000159e+02
4.396800000000000068e+02
4.416899999999999977e+02
4.527300000000000182e+02
4.547599999999999909e+02
4.567800000000000296e+02
4.698400000000000318e+02
4.718500000000000227e+02
4.738600000000000136e+02
4.869800000000000182e+02
4.890000000000000000e+02
4.910199999999999818e+02
5.019300000000000068e+02
5.039399999999999977e+02
5.059600000000000364e+02
5.079900000000000091e+02
5.199500000000000455e+02
5.219600000000000364e+02
5.240299999999999727e+02
5.361699999999999591e+02
5.381800000000000637e+02
5.402000000000000455e+02
5.535299999999999727e+02
5.568999999999999773e+02
5.698999999999999773e+02
5.719099999999999682e+02
5.739199999999999591e+02
5.864400000000000546e+02
5.889500000000000455e+02
5.910600000000000591e+02
6.037599999999999909e+02
6.058899999999999864e+02
6.085099999999999909e+02
6.180900000000000318e+02
6.201000000000000227e+02
6.221100000000000136e+02
6.241299999999999955e+02
6.361399999999999864e+02
6.381499999999999773e+02
6.404400000000000546e+02
6.520299999999999727e+02
6.541900000000000546e+02
6.562000000000000455e+02
6.680099999999999909e+02
6.710099999999999909e+02
6.732799999999999727e+02
6.850199999999999818e+02
6.870299999999999727e+02
6.891900000000000546e+02
7.015399999999999636e+02
7.035600000000000591e+02
7.065500000000000682e+02
7.182500000000000000e+02
7.202799999999999727e+02
7.225299999999999727e+02
7.245500000000000682e+02
7.346399999999999864e+02
7.366499999999999773e+02
7.386599999999999682e+02
7.406699999999999591e+02
7.506299999999999955e+02
7.532699999999999818e+02
7.553200000000000500e+02
7.573799999999999955e+02
7.685900000000000318e+02
7.708000000000000682e+02
7.728100000000000591e+02
7.850700000000000500e+02
7.870800000000000409e+02
7.892300000000000182e+02
7.912699999999999818e+02
8.019500000000000455e+02
8.039600000000000364e+02
8.059800000000000182e+02
8.169600000000000364e+02
8.194400000000000546e+02
8.217799999999999727e+02
8.338000000000000682e+02
8.360600000000000591e+02
8.389900000000000091e+02
8.410000000000000000e+02
8.516599999999999682e+02
8.536900000000000546e+02
8.558100000000000591e+02
8.665199999999999818e+02
8.686000000000000227e+02
8.706100000000000136e+02
8.731100000000000136e+02
8.753200000000000500e+02
8.848100000000000591e+02
8.869300000000000637e+02
8.889800000000000182e+02
9.005600000000000591e+02
9.025700000000000500e+02
9.046100000000000136e+02
9.071299999999999955e+02
9.174300000000000637e+02
9.197000000000000455e+02
9.226299999999999955e+02
9.338500000000000227e+02
9.358600000000000136e+02
9.378899999999999864e+02
9.399099999999999682e+02
9.509800000000000182e+02
9.531200000000000045e+02
9.552699999999999818e+02
9.678799999999999955e+02
9.700700000000000500e+02
9.722100000000000364e+02
9.828899999999999864e+02
9.856399999999999864e+02
9.876700000000000728e+02
9.901800000000000637e+02
9.998400000000000318e+02
6.799999999999999822e+00
9.009999999999999787e+00
2.087000000000000099e+01
2.348000000000000043e+01
2.576000000000000156e+01
3.742000000000000171e+01
3.945000000000000284e+01
4.149000000000000199e+01
5.398000000000000398e+01
5.602000000000000313e+01
5.803000000000000114e+01
7.135000000000000853e+01
7.335999999999999943e+01
7.598999999999999488e+01
8.748000000000000398e+01
8.950000000000000000e+01
9.151999999999999602e+01
1.055400000000000063e+02
1.079800000000000040e+02
1.213700000000000045e+02
1.239500000000000028e+02
1.368900000000000148e+02
1.403400000000000034e+02
1.557800000000000011e+02
1.578499999999999943e+02
1.713799999999999955e+02
1.737199999999999989e+02
1.868400000000000034e+02
1.888499999999999943e+02
1.910500000000000114e+02
2.034699999999999989e+02
2.054800000000000182e+02
2.075300000000000011e+02
2.205300000000000011e+02
2.236200000000000045e+02
2.378499999999999943e+02
2.400099999999999909e+02
2.531200000000000045e+02
2.560199999999999818e+02
2.580300000000000296e+02
2.692200000000000273e+02
2.712400000000000091e+02
2.746399999999999864e+02
2.856999999999999886e+02
2.877099999999999795e+02
2.899399999999999977e+02
3.033100000000000023e+02
3.053299999999999841e+02
3.080400000000000205e+02
3.196000000000000227e+02
3.221200000000000045e+02
3.349599999999999795e+02
3.369700000000000273e+02
3.389800000000000182e+02
3.409900000000000091e+02
3.517300000000000182e+02
3.542099999999999795e+02
3.563500000000000227e+02
3.583799999999999955e+02
3.691500000000000341e+02
3.711600000000000250e+02
3.736899999999999977e+02
3.858899999999999864e+02
3.879000000000000341e+02
3.899100000000000250e+02
4.018100000000000023e+02
4.038299999999999841e+02
4.060600000000000023e+02
4.193199999999999932e+02
4.216999999999999886e+02
4.344800000000000182e+02
4.365000000000000000e+02
4.385199999999999818e+02
4.510300000000000296e+02
4.530500000000000114e+02
4.550600000000000023e+02
4.706600000000000250e+02
4.726800000000000068e+02
4.853400000000000318e+02
4.882599999999999909e+02
5.010000000000000000e+02
5.030099999999999909e+02
5.176800000000000637e+02
5.196900000000000546e+02
5.225499999999999545e+02
5.352799999999999727e+02
5.376499999999999773e+02
5.397000000000000455e+02
5.513200000000000500e+02
5.533300000000000409e+02
5.668500000000000227e+02
5.688700000000000045e+02
5.719700000000000273e+02
5.850399999999999636e+02
5.870600000000000591e+02
5.891499999999999773e+02
6.003200000000000500e+02
6.023700000000000045e+02
6.043899999999999864e+02
6.164300000000000637e+02
6.185600000000000591e+02
6.336000000000000227e+02
6.356100000000000136e+02
6.376399999999999864e+02
6.491100000000000136e+02
6.511200000000000045e+02
6.534600000000000364e+02
6.666100000000000136e+02
6.686299999999999955e+02
6.820000000000000000e+02
6.856399999999999864e+02
6.886000000000000227e+02
6.985199999999999818e+02
7.011200000000000045e+02
7.031299999999999955e+02
7.051399999999999864e+02
7.152100000000000364e+02
7.172200000000000273e+02
7.192300000000000182e+02
7.212599999999999909e+02
7.328899999999999864e+02
7.349600000000000364e+02
7.375700000000000500e+02
7.491599999999999682e+02
7.512200000000000273e+02
7.533100000000000591e+02
7.650199999999999818e+02
7.670399999999999636e+02
7.703000000000000682e+02
7.823899999999999864e+02
7.848100000000000591e+02
7.868300000000000409e+02
7.975600000000000591e+02
7.995700000000000500e+02
8.019200000000000728e+02
8.139300000000000637e+02
8.160299999999999727e+02
8.184900000000000091e+02
8.325800000000000409e+02
8.346399999999999864e+02
8.484200000000000728e+02
8.508000000000000682e+02
8.528200000000000500e+02
8.657799999999999727e+02
8.679400000000000546e+02
8.699600000000000364e+02
8.794700000000000273e+02
8.816700000000000728e+02
8.836900000000000546e+02
8.857100000000000364e+02
8.877300000000000182e+02
8.987699999999999818e+02
9.014200000000000728e+02
9.128400000000000318e+02
9.150900000000000318e+02
9.187799999999999727e+02
9.326700000000000728e+02
9.355399999999999636e+02
9.476200000000000045e+02
9.496299999999999955e+02
9.516399999999999864e+02
9.638200000000000500e+02
9.659600000000000364e+02
9.691599999999999682e+02
9.808000000000000682e+02
9.839600000000000364e+02
9.972100000000000364e+02
9.997500000000000000e+02
7.669999999999999929e+00
2.219000000000000128e+01
2.419999999999999929e+01
3.928000000000000114e+01
4.171999999999999886e+01
5.573000000000000398e+01
8.862000000000000455e+01
9.062999999999999545e+01
1.048100000000000023e+02
1.075100000000000051e+02
1.206599999999999966e+02
1.227800000000000011e+02
1.389300000000000068e+02
1.558100000000000023e+02
1.702599999999999909e+02
1.738000000000000114e+02
1.869399999999999977e+02
1.896500000000000057e+02
2.038300000000000125e+02
2.058400000000000034e+02
2.371899999999999977e+02
2.392000000000000171e+02
2.535399999999999920e+02
2.562800000000000296e+02
2.724200000000000159e+02
2.860400000000000205e+02
2.882300000000000182e+02
3.037699999999999818e+02
3.217800000000000296e+02
3.363899999999999864e+02
3.386100000000000136e+02
3.531399999999999864e+02
3.718100000000000023e+02
3.852300000000000182e+02
4.009499999999999886e+02
4.191399999999999864e+02
4.211800000000000068e+02
4.360500000000000114e+02
4.523700000000000045e+02
4.674499999999999886e+02
4.695300000000000296e+02
4.876399999999999864e+02
5.018500000000000227e+02
5.171200000000000045e+02
5.191599999999999682e+02
5.498300000000000409e+02
5.544099999999999682e+02
5.688600000000000136e+02
5.815399999999999636e+02
5.835600000000000591e+02
5.985800000000000409e+02
6.161800000000000637e+02
6.186200000000000045e+02
6.336399999999999864e+02
6.804700000000000273e+02
6.974700000000000273e+02
7.003100000000000591e+02
7.145700000000000500e+02
7.165900000000000318e+02
7.186200000000000045e+02
7.335099999999999909e+02
7.476599999999999682e+02
7.501000000000000227e+02
7.628799999999999955e+02
7.672300000000000182e+02
7.822100000000000364e+02
8.122100000000000364e+02
8.142200000000000273e+02
8.164400000000000546e+02
8.290900000000000318e+02
8.313100000000000591e+02
8.615700000000000500e+02
8.640399999999999636e+02
8.660500000000000682e+02
8.779200000000000728e+02
8.799600000000000364e+02
8.825000000000000000e+02
8.946100000000000136e+02
8.966200000000000045e+02
8.999600000000000364e+02
9.111800000000000637e+02
9.143200000000000500e+02
9.301599999999999682e+02
9.640500000000000682e+02
9.660700000000000500e+02
9.782100000000000364e+02
9.957900000000000773e+02
5.940000000000000391e+00
3.836999999999999744e+01
5.621999999999999886e+01
5.849000000000000199e+01
1.083400000000000034e+02
1.380900000000000034e+02
2.218100000000000023e+02
2.357000000000000171e+02
2.382100000000000080e+02
2.873500000000000227e+02
2.999499999999999886e+02
3.842699999999999818e+02
4.006000000000000227e+02
4.489399999999999977e+02
5.316399999999999864e+02
5.612000000000000455e+02
6.299600000000000364e+02
6.795399999999999636e+02
6.974300000000000637e+02
7.130000000000000000e+02
9.253700000000000045e+02
9.905000000000000000e+02
2.335699999999999932e+02
