2.870000000000000107e+00
3.350000000000000089e+00
4.419999999999999929e+00
8.410000000000000142e+00
8.859999999999999432e+00
1.270000000000000107e+01
1.279000000000000092e+01
1.366000000000000014e+01
1.575000000000000000e+01
1.632000000000000028e+01
1.787999999999999901e+01
1.941000000000000014e+01
1.996000000000000085e+01
2.107000000000000028e+01
2.114000000000000057e+01
2.235000000000000142e+01
2.342000000000000171e+01
2.510999999999999943e+01
2.582000000000000028e+01
2.728000000000000114e+01
2.985000000000000142e+01
3.384000000000000341e+01
3.610000000000000142e+01
3.667000000000000171e+01
3.707999999999999829e+01
4.121000000000000085e+01
4.330000000000000426e+01
4.424000000000000199e+01
4.624000000000000199e+01
4.735000000000000142e+01
4.957999999999999829e+01
4.968999999999999773e+01
5.177000000000000313e+01
5.306000000000000227e+01
5.350000000000000000e+01
5.450999999999999801e+01
5.485999999999999943e+01
5.703999999999999915e+01
5.806000000000000227e+01
5.960000000000000142e+01
5.985000000000000142e+01
6.319000000000000483e+01
6.562000000000000455e+01
6.596000000000000796e+01
7.003000000000000114e+01
7.181000000000000227e+01
7.226000000000000512e+01
7.285999999999999943e+01
7.342000000000000171e+01
7.664000000000000057e+01
7.737000000000000455e+01
7.909000000000000341e+01
8.098999999999999488e+01
8.323000000000000398e+01
8.418000000000000682e+01
8.585999999999999943e+01
8.996000000000000796e+01
9.079000000000000625e+01
9.179000000000000625e+01
9.332000000000000739e+01
9.715000000000000568e+01
9.926999999999999602e+01
1.031599999999999966e+02
1.042900000000000063e+02
1.066700000000000017e+02
1.075700000000000074e+02
1.109500000000000028e+02
1.114200000000000017e+02
1.138900000000000006e+02
1.163100000000000023e+02
1.178299999999999983e+02
1.228200000000000074e+02
1.255000000000000000e+02
1.255300000000000011e+02
1.267100000000000080e+02
1.281299999999999955e+02
1.309499999999999886e+02
1.335399999999999920e+02
1.337299999999999898e+02
1.347400000000000091e+02
1.365900000000000034e+02
1.380600000000000023e+02
1.384500000000000171e+02
1.390999999999999943e+02
1.392000000000000171e+02
1.405699999999999932e+02
1.417400000000000091e+02
1.427500000000000000e+02
1.463499999999999943e+02
1.466700000000000159e+02
1.472599999999999909e+02
1.490800000000000125e+02
1.496899999999999977e+02
1.501899999999999977e+02
1.530900000000000034e+02
1.532100000000000080e+02
1.573600000000000136e+02
1.601299999999999955e+02
1.626299999999999955e+02
1.631500000000000057e+02
1.634799999999999898e+02
1.692100000000000080e+02
1.715399999999999920e+02
1.734300000000000068e+02
1.777000000000000171e+02
1.789300000000000068e+02
1.800200000000000102e+02
1.802599999999999909e+02
1.807000000000000171e+02
1.823600000000000136e+02
1.830399999999999920e+02
1.842599999999999909e+02
1.847299999999999898e+02
1.851899999999999977e+02
1.866700000000000159e+02
1.875800000000000125e+02
1.879200000000000159e+02
1.892800000000000011e+02
1.905399999999999920e+02
1.929600000000000080e+02
1.933600000000000136e+02
1.985600000000000023e+02
1.992899999999999920e+02
2.007599999999999909e+02
2.030900000000000034e+02
2.052400000000000091e+02
2.053700000000000045e+02
2.081899999999999977e+02
2.093000000000000114e+02
2.113700000000000045e+02
2.124000000000000057e+02
2.131200000000000045e+02
2.158600000000000136e+02
2.186899999999999977e+02
2.222599999999999909e+02
2.238499999999999943e+02
2.254099999999999966e+02
2.273600000000000136e+02
2.321800000000000068e+02
2.372100000000000080e+02
2.401800000000000068e+02
2.450900000000000034e+02
2.462100000000000080e+02
2.472199999999999989e+02
2.475100000000000193e+02
2.476599999999999966e+02
2.486599999999999966e+02
2.496700000000000159e+02
2.505800000000000125e+02
2.521200000000000045e+02
2.536299999999999955e+02
2.547000000000000171e+02
2.550800000000000125e+02
2.552000000000000171e+02
2.557800000000000011e+02
2.575300000000000296e+02
2.580600000000000023e+02
2.582699999999999818e+02
2.617500000000000000e+02
2.622099999999999795e+02
2.636899999999999977e+02
2.651000000000000227e+02
2.672200000000000273e+02
2.676700000000000159e+02
2.706200000000000045e+02
2.706800000000000068e+02
2.736999999999999886e+02
2.737500000000000000e+02
2.776500000000000341e+02
2.795500000000000114e+02
2.802300000000000182e+02
2.809599999999999795e+02
2.840000000000000000e+02
2.853100000000000023e+02
2.866999999999999886e+02
2.890199999999999818e+02
2.896299999999999955e+02
2.932599999999999909e+02
2.947699999999999818e+02
2.966600000000000250e+02
2.975400000000000205e+02
2.983100000000000023e+02
2.987800000000000296e+02
3.019900000000000091e+02
3.026200000000000045e+02
3.048299999999999841e+02
3.067800000000000296e+02
3.074499999999999886e+02
3.081999999999999886e+02
3.112699999999999818e+02
3.120300000000000296e+02
3.124800000000000182e+02
3.134499999999999886e+02
3.161600000000000250e+02
3.201299999999999955e+02
3.212900000000000205e+02
3.257400000000000091e+02
3.287200000000000273e+02
3.288500000000000227e+02
3.315099999999999909e+02
3.329800000000000182e+02
3.330600000000000023e+02
3.333000000000000114e+02
3.350099999999999909e+02
3.368299999999999841e+02
3.370199999999999818e+02
3.371200000000000045e+02
3.413100000000000023e+02
3.418600000000000136e+02
3.457800000000000296e+02
3.461800000000000068e+02
3.500600000000000023e+02
3.554800000000000182e+02
3.567099999999999795e+02
3.576399999999999864e+02
3.606999999999999886e+02
3.617900000000000205e+02
3.630099999999999909e+02
3.647800000000000296e+02
3.665900000000000318e+02
3.683600000000000136e+02
3.691500000000000341e+02
3.694700000000000273e+02
3.741100000000000136e+02
3.751700000000000159e+02
3.756200000000000045e+02
3.763400000000000318e+02
3.818000000000000114e+02
3.818600000000000136e+02
3.851600000000000250e+02
3.853199999999999932e+02
3.858199999999999932e+02
3.865000000000000000e+02
3.871299999999999955e+02
3.873400000000000318e+02
3.895099999999999909e+02
3.913199999999999932e+02
3.918100000000000023e+02
3.959200000000000159e+02
3.965000000000000000e+02
3.969800000000000182e+02
4.002699999999999818e+02
4.032300000000000182e+02
4.033799999999999955e+02
4.058000000000000114e+02
4.061800000000000068e+02
4.081700000000000159e+02
4.111999999999999886e+02
4.119499999999999886e+02
4.136899999999999977e+02
4.141800000000000068e+02
4.145199999999999818e+02
4.164300000000000068e+02
4.177100000000000364e+02
4.197300000000000182e+02
4.201500000000000341e+02
4.227599999999999909e+02
4.274700000000000273e+02
4.277200000000000273e+02
4.297100000000000364e+02
4.330099999999999909e+02
4.339700000000000273e+02
4.353799999999999955e+02
4.357200000000000273e+02
4.361200000000000045e+02
4.394000000000000341e+02
4.407200000000000273e+02
4.445400000000000205e+02
4.448100000000000023e+02
4.473899999999999864e+02
4.514600000000000364e+02
4.518500000000000227e+02
4.538600000000000136e+02
4.562599999999999909e+02
4.572500000000000000e+02
4.598600000000000136e+02
4.604000000000000341e+02
4.611600000000000250e+02
4.633000000000000114e+02
4.638799999999999955e+02
4.704600000000000364e+02
4.748299999999999841e+02
4.780300000000000296e+02
4.780400000000000205e+02
4.793000000000000114e+02
4.804300000000000068e+02
4.825300000000000296e+02
4.829100000000000250e+02
4.831500000000000341e+02
4.853299999999999841e+02
4.870400000000000205e+02
4.874900000000000091e+02
4.881000000000000227e+02
4.891800000000000068e+02
4.904700000000000273e+02
4.919000000000000341e+02
4.920600000000000023e+02
4.939000000000000341e+02
4.944499999999999886e+02
4.959900000000000091e+02
4.978799999999999955e+02
4.984600000000000364e+02
5.000500000000000114e+02
5.001299999999999955e+02
5.035000000000000000e+02
5.064900000000000091e+02
5.065500000000000114e+02
5.075600000000000023e+02
5.099499999999999886e+02
5.100300000000000296e+02
5.105799999999999841e+02
5.146699999999999591e+02
5.159300000000000637e+02
5.164400000000000546e+02
5.165199999999999818e+02
5.176000000000000227e+02
5.194800000000000182e+02
5.213899999999999864e+02
5.218600000000000136e+02
5.224600000000000364e+02
5.264300000000000637e+02
5.270600000000000591e+02
5.300499999999999545e+02
5.303300000000000409e+02
5.313700000000000045e+02
5.327599999999999909e+02
5.355600000000000591e+02
5.362999999999999545e+02
5.370700000000000500e+02
5.382999999999999545e+02
5.412300000000000182e+02
5.413400000000000318e+02
5.421699999999999591e+02
5.460099999999999909e+02
5.463799999999999955e+02
5.468899999999999864e+02
5.512899999999999636e+02
5.581800000000000637e+02
5.584500000000000455e+02
5.589199999999999591e+02
5.596599999999999682e+02
5.601599999999999682e+02
5.612799999999999727e+02
5.624099999999999682e+02
5.631100000000000136e+02
5.652500000000000000e+02
5.660199999999999818e+02
5.663899999999999864e+02
5.690900000000000318e+02
5.698100000000000591e+02
5.715099999999999909e+02
5.721100000000000136e+02
5.747899999999999636e+02
5.764099999999999682e+02
5.782899999999999636e+02
5.785299999999999727e+02
5.810099999999999909e+02
5.817100000000000364e+02
5.832000000000000455e+02
5.855600000000000591e+02
5.857899999999999636e+02
5.898100000000000591e+02
5.905299999999999727e+02
5.917799999999999727e+02
5.927200000000000273e+02
5.947100000000000364e+02
5.950800000000000409e+02
5.956100000000000136e+02
5.975199999999999818e+02
5.995000000000000000e+02
6.013999999999999773e+02
6.021900000000000546e+02
6.036100000000000136e+02
6.051100000000000136e+02
6.070199999999999818e+02
6.083000000000000682e+02
6.106499999999999773e+02
6.110399999999999636e+02
6.143500000000000227e+02
6.161299999999999955e+02
6.192400000000000091e+02
6.241100000000000136e+02
6.253799999999999955e+02
6.255000000000000000e+02
6.285000000000000000e+02
6.307699999999999818e+02
6.310299999999999727e+02
6.340900000000000318e+02
6.356000000000000227e+02
6.363700000000000045e+02
6.393200000000000500e+02
6.417000000000000455e+02
6.459400000000000546e+02
6.467500000000000000e+02
6.484500000000000455e+02
6.514300000000000637e+02
6.539199999999999591e+02
6.545600000000000591e+02
6.587200000000000273e+02
6.587300000000000182e+02
6.623600000000000136e+02
6.624099999999999682e+02
6.628200000000000500e+02
6.630600000000000591e+02
6.649700000000000273e+02
6.687699999999999818e+02
6.697400000000000091e+02
6.716100000000000136e+02
6.719300000000000637e+02
6.781200000000000045e+02
6.820299999999999727e+02
6.828899999999999864e+02
6.843200000000000500e+02
6.871200000000000045e+02
6.905800000000000409e+02
6.910199999999999818e+02
6.933400000000000318e+02
6.940700000000000500e+02
6.966499999999999773e+02
6.968000000000000682e+02
6.973600000000000136e+02
6.989199999999999591e+02
7.001399999999999864e+02
7.016699999999999591e+02
7.017400000000000091e+02
7.043700000000000045e+02
7.050299999999999727e+02
7.078899999999999864e+02
7.092200000000000273e+02
7.113999999999999773e+02
7.115700000000000500e+02
7.149700000000000273e+02
7.161599999999999682e+02
7.174500000000000455e+02
7.215700000000000500e+02
7.221100000000000136e+02
7.224500000000000455e+02
7.240199999999999818e+02
7.248100000000000591e+02
7.249800000000000182e+02
7.284900000000000091e+02
7.288500000000000227e+02
7.307400000000000091e+02
7.331499999999999773e+02
7.353400000000000318e+02
7.364300000000000637e+02
7.371200000000000045e+02
7.415199999999999818e+02
7.434099999999999682e+02
7.453799999999999955e+02
7.463999999999999773e+02
7.483500000000000227e+02
7.497599999999999909e+02
7.548600000000000136e+02
7.558100000000000591e+02
7.628600000000000136e+02
7.657400000000000091e+02
7.673700000000000045e+02
7.687899999999999636e+02
7.692000000000000455e+02
7.709800000000000182e+02
7.718999999999999773e+02
7.738200000000000500e+02
7.756200000000000045e+02
7.798000000000000682e+02
7.813999999999999773e+02
7.823400000000000318e+02
7.832799999999999727e+02
7.852699999999999818e+02
7.867599999999999909e+02
7.883400000000000318e+02
7.900800000000000409e+02
7.902699999999999818e+02
7.935500000000000682e+02
7.939099999999999682e+02
7.951700000000000728e+02
7.962300000000000182e+02
7.989300000000000637e+02
7.993500000000000227e+02
8.020900000000000318e+02
8.026900000000000546e+02
8.028400000000000318e+02
8.031700000000000728e+02
8.058200000000000500e+02
8.096900000000000546e+02
8.116499999999999773e+02
8.116700000000000728e+02
8.118600000000000136e+02
8.137799999999999727e+02
8.138799999999999955e+02
8.140000000000000000e+02
8.154400000000000546e+02
8.155000000000000000e+02
8.165099999999999909e+02
8.200600000000000591e+02
8.211900000000000546e+02
8.240600000000000591e+02
8.247799999999999727e+02
8.276499999999999773e+02
8.282200000000000273e+02
8.289400000000000546e+02
8.305199999999999818e+02
8.306800000000000637e+02
8.341399999999999864e+02
8.342799999999999727e+02
8.360099999999999909e+02
8.368700000000000045e+02
8.383200000000000500e+02
8.418799999999999955e+02
8.425900000000000318e+02
8.426800000000000637e+02
8.448200000000000500e+02
8.451700000000000728e+02
8.460600000000000591e+02
8.461700000000000728e+02
8.492699999999999818e+02
8.556000000000000227e+02
8.557899999999999636e+02
8.569600000000000364e+02
8.572000000000000455e+02
8.593999999999999773e+02
8.596399999999999864e+02
8.608700000000000045e+02
8.643600000000000136e+02
8.677000000000000455e+02
8.682100000000000364e+02
8.700600000000000591e+02
8.704500000000000455e+02
8.709099999999999682e+02
8.724800000000000182e+02
8.758300000000000409e+02
8.767100000000000364e+02
8.788200000000000500e+02
8.811700000000000728e+02
8.835099999999999909e+02
8.837699999999999818e+02
8.843600000000000136e+02
8.876200000000000045e+02
8.879099999999999682e+02
8.905299999999999727e+02
8.911100000000000136e+02
8.912200000000000273e+02
8.933100000000000591e+02
8.935900000000000318e+02
9.003200000000000500e+02
9.041299999999999955e+02
9.063700000000000045e+02
9.076700000000000728e+02
9.110099999999999909e+02
9.114400000000000546e+02
9.133400000000000318e+02
9.155600000000000591e+02
9.168999999999999773e+02
9.180199999999999818e+02
9.198200000000000500e+02
9.210700000000000500e+02
9.226200000000000045e+02
9.236599999999999682e+02
9.248899999999999864e+02
9.267799999999999727e+02
9.277400000000000091e+02
9.279500000000000455e+02
9.305600000000000591e+02
9.316100000000000136e+02
9.327899999999999636e+02
9.343000000000000682e+02
9.353400000000000318e+02
9.359700000000000273e+02
9.384400000000000546e+02
9.397000000000000455e+02
9.408600000000000136e+02
9.414099999999999682e+02
9.438999999999999773e+02
9.451499999999999773e+02
9.469300000000000637e+02
9.507300000000000182e+02
9.508899999999999864e+02
9.524600000000000364e+02
9.540700000000000500e+02
9.562000000000000455e+02
9.562699999999999818e+02
9.591200000000000045e+02
9.592300000000000182e+02
9.594700000000000273e+02
9.628200000000000500e+02
9.631700000000000728e+02
9.637500000000000000e+02
9.655299999999999727e+02
9.660299999999999727e+02
9.683300000000000409e+02
9.767599999999999909e+02
9.782100000000000364e+02
9.811900000000000546e+02
9.818400000000000318e+02
9.829700000000000273e+02
9.835900000000000318e+02
9.863100000000000591e+02
9.866499999999999773e+02
9.881399999999999864e+02
9.883500000000000227e+02
9.896100000000000136e+02
9.914600000000000364e+02
9.926800000000000637e+02
9.943400000000000318e+02
9.955600000000000591e+02
9.956900000000000546e+02
9.977100000000000364e+02
9.981900000000000546e+02
9.991499999999999773e+02
