6.429999999999999716e+00
1.001999999999999957e+01
1.041000000000000014e+01
1.385999999999999943e+01
1.728999999999999915e+01
1.737999999999999901e+01
1.876999999999999957e+01
2.366000000000000014e+01
2.446999999999999886e+01
2.478999999999999915e+01
2.687999999999999901e+01
2.831000000000000227e+01
3.162999999999999901e+01
3.457999999999999829e+01
3.866000000000000369e+01
4.132999999999999829e+01
4.239999999999999858e+01
4.680000000000000426e+01
4.686999999999999744e+01
4.862000000000000455e+01
5.213000000000000256e+01
5.327000000000000313e+01
5.535999999999999943e+01
5.732999999999999829e+01
5.735999999999999943e+01
6.024000000000000199e+01
6.096000000000000085e+01
6.166000000000000369e+01
6.232000000000000028e+01
6.403000000000000114e+01
6.434999999999999432e+01
6.467000000000000171e+01
6.471999999999999886e+01
6.806000000000000227e+01
7.040999999999999659e+01
7.123999999999999488e+01
7.206000000000000227e+01
7.212000000000000455e+01
7.348999999999999488e+01
7.393999999999999773e+01
7.600000000000000000e+01
7.826999999999999602e+01
7.885000000000000853e+01
8.618000000000000682e+01
8.690999999999999659e+01
8.718999999999999773e+01
8.850000000000000000e+01
9.012000000000000455e+01
9.014000000000000057e+01
9.585999999999999943e+01
9.743000000000000682e+01
9.910999999999999943e+01
9.967000000000000171e+01
1.032600000000000051e+02
1.079500000000000028e+02
1.113900000000000006e+02
1.158400000000000034e+02
1.159200000000000017e+02
1.159200000000000017e+02
1.176599999999999966e+02
1.210700000000000074e+02
1.214099999999999966e+02
1.222400000000000091e+02
1.244900000000000091e+02
1.261800000000000068e+02
1.279200000000000017e+02
1.288100000000000023e+02
1.288499999999999943e+02
1.315800000000000125e+02
1.352800000000000011e+02
1.389500000000000171e+02
1.416299999999999955e+02
1.458700000000000045e+02
1.488499999999999943e+02
1.511100000000000136e+02
1.511599999999999966e+02
1.587899999999999920e+02
1.622500000000000000e+02
1.642899999999999920e+02
1.660699999999999932e+02
1.661800000000000068e+02
1.671200000000000045e+02
1.707000000000000171e+02
1.710300000000000011e+02
1.773199999999999932e+02
1.799600000000000080e+02
1.849300000000000068e+02
1.883799999999999955e+02
1.886400000000000148e+02
1.909600000000000080e+02
1.923199999999999932e+02
1.935300000000000011e+02
1.938100000000000023e+02
1.946899999999999977e+02
1.958300000000000125e+02
1.966200000000000045e+02
1.984699999999999989e+02
1.991200000000000045e+02
2.030900000000000034e+02
2.105099999999999909e+02
2.108300000000000125e+02
2.109699999999999989e+02
2.112100000000000080e+02
2.149300000000000068e+02
2.172500000000000000e+02
2.186100000000000136e+02
2.186599999999999966e+02
2.189099999999999966e+02
2.218199999999999932e+02
2.267300000000000182e+02
2.306200000000000045e+02
2.321899999999999977e+02
2.346400000000000148e+02
2.352400000000000091e+02
2.357300000000000182e+02
2.357400000000000091e+02
2.389900000000000091e+02
2.395300000000000011e+02
2.457899999999999920e+02
2.513100000000000023e+02
2.562400000000000091e+02
2.596999999999999886e+02
2.603100000000000023e+02
2.607900000000000205e+02
2.608500000000000227e+02
2.628199999999999932e+02
2.628199999999999932e+02
2.646000000000000227e+02
2.650799999999999841e+02
2.657800000000000296e+02
2.672599999999999909e+02
2.693100000000000023e+02
2.706800000000000068e+02
2.731600000000000250e+02
2.731800000000000068e+02
2.766299999999999955e+02
2.876000000000000227e+02
2.897200000000000273e+02
2.905000000000000000e+02
2.920799999999999841e+02
2.948299999999999841e+02
2.961600000000000250e+02
3.024100000000000250e+02
3.033899999999999864e+02
3.034700000000000273e+02
3.053799999999999955e+02
3.056999999999999886e+02
3.061000000000000227e+02
3.070099999999999909e+02
3.081899999999999977e+02
3.087200000000000273e+02
3.092400000000000091e+02
3.103199999999999932e+02
3.103199999999999932e+02
3.161100000000000136e+02
3.184100000000000250e+02
3.201299999999999955e+02
3.206000000000000227e+02
3.217900000000000205e+02
3.259800000000000182e+02
3.271299999999999955e+02
3.430199999999999818e+02
3.454000000000000341e+02
3.476000000000000227e+02
3.568100000000000023e+02
3.604399999999999977e+02
3.607900000000000205e+02
3.619900000000000091e+02
3.640300000000000296e+02
3.717699999999999818e+02
3.741399999999999864e+02
3.746800000000000068e+02
3.790400000000000205e+02
3.797400000000000091e+02
3.845799999999999841e+02
3.845900000000000318e+02
3.849600000000000364e+02
3.886100000000000136e+02
3.892400000000000091e+02
3.896500000000000341e+02
3.941399999999999864e+02
3.949100000000000250e+02
3.962699999999999818e+02
4.020500000000000114e+02
4.023600000000000136e+02
4.040400000000000205e+02
4.063600000000000136e+02
4.077900000000000205e+02
4.082599999999999909e+02
4.085000000000000000e+02
4.110799999999999841e+02
4.203299999999999841e+02
4.218000000000000114e+02
4.318600000000000136e+02
4.320199999999999818e+02
4.321600000000000250e+02
4.404300000000000068e+02
4.411800000000000068e+02
4.429000000000000341e+02
4.435099999999999909e+02
4.454600000000000364e+02
4.480600000000000023e+02
4.520500000000000114e+02
4.530600000000000023e+02
4.534300000000000068e+02
4.569100000000000250e+02
4.581800000000000068e+02
4.584700000000000273e+02
4.606500000000000341e+02
4.615300000000000296e+02
4.636000000000000227e+02
4.648400000000000318e+02
4.677200000000000273e+02
4.735699999999999932e+02
4.739800000000000182e+02
4.755799999999999841e+02
4.767100000000000364e+02
4.794900000000000091e+02
4.801100000000000136e+02
4.829200000000000159e+02
4.830799999999999841e+02
4.841299999999999955e+02
4.855900000000000318e+02
4.881600000000000250e+02
4.885099999999999909e+02
4.906000000000000227e+02
4.936200000000000045e+02
4.936700000000000159e+02
4.975799999999999841e+02
5.001000000000000227e+02
5.003799999999999955e+02
5.010600000000000023e+02
5.025099999999999909e+02
5.025099999999999909e+02
5.040200000000000387e+02
5.089800000000000182e+02
5.096299999999999955e+02
5.115000000000000000e+02
5.120499999999999545e+02
5.120600000000000591e+02
5.140299999999999727e+02
5.170800000000000409e+02
5.195700000000000500e+02
5.206399999999999864e+02
5.215399999999999636e+02
5.221200000000000045e+02
5.255700000000000500e+02
5.259300000000000637e+02
5.306599999999999682e+02
5.307699999999999818e+02
5.309900000000000091e+02
5.341800000000000637e+02
5.348600000000000136e+02
5.350499999999999545e+02
5.372500000000000000e+02
5.431399999999999864e+02
5.431499999999999773e+02
5.444199999999999591e+02
5.451699999999999591e+02
5.470099999999999909e+02
5.495600000000000591e+02
5.520000000000000000e+02
5.548799999999999955e+02
5.586000000000000227e+02
5.607500000000000000e+02
5.612799999999999727e+02
5.620299999999999727e+02
5.623000000000000682e+02
5.631000000000000227e+02
5.720099999999999909e+02
5.720500000000000682e+02
5.728200000000000500e+02
5.764700000000000273e+02
5.782899999999999636e+02
5.798999999999999773e+02
5.811699999999999591e+02
5.826100000000000136e+02
5.839099999999999682e+02
5.852300000000000182e+02
5.856200000000000045e+02
5.867000000000000455e+02
5.873000000000000682e+02
5.904300000000000637e+02
5.911200000000000045e+02
5.931900000000000546e+02
5.986100000000000136e+02
6.011200000000000045e+02
6.015299999999999727e+02
6.027799999999999727e+02
6.062100000000000364e+02
6.073700000000000045e+02
6.115500000000000682e+02
6.121399999999999864e+02
6.146599999999999682e+02
6.181900000000000546e+02
6.195399999999999636e+02
6.195800000000000409e+02
6.229600000000000364e+02
6.260299999999999727e+02
6.284099999999999682e+02
6.292500000000000000e+02
6.352000000000000455e+02
6.355199999999999818e+02
6.370600000000000591e+02
6.393899999999999864e+02
6.397100000000000364e+02
6.425299999999999727e+02
6.438500000000000227e+02
6.446599999999999682e+02
6.467400000000000091e+02
6.511000000000000227e+02
6.517300000000000182e+02
6.602599999999999909e+02
6.605000000000000000e+02
6.609800000000000182e+02
6.641900000000000546e+02
6.673899999999999864e+02
6.682599999999999909e+02
6.691900000000000546e+02
6.702799999999999727e+02
6.719900000000000091e+02
6.724500000000000455e+02
6.781800000000000637e+02
6.786800000000000637e+02
6.806200000000000045e+02
6.809900000000000091e+02
6.831100000000000136e+02
6.831499999999999773e+02
6.833200000000000500e+02
6.851900000000000546e+02
6.863999999999999773e+02
6.917000000000000455e+02
6.920700000000000500e+02
6.942100000000000364e+02
6.945000000000000000e+02
6.986200000000000045e+02
6.989099999999999682e+02
7.013799999999999955e+02
7.050099999999999909e+02
7.053100000000000591e+02
7.056599999999999682e+02
7.062599999999999909e+02
7.070299999999999727e+02
7.096699999999999591e+02
7.101699999999999591e+02
7.109700000000000273e+02
7.109800000000000182e+02
7.196299999999999955e+02
7.207899999999999636e+02
7.246299999999999955e+02
7.268999999999999773e+02
7.273000000000000682e+02
7.279400000000000546e+02
7.280000000000000000e+02
7.323799999999999955e+02
7.345399999999999636e+02
7.369099999999999682e+02
7.399600000000000364e+02
7.417899999999999636e+02
7.426699999999999591e+02
7.434199999999999591e+02
7.487300000000000182e+02
7.523899999999999864e+02
7.554199999999999591e+02
7.594900000000000091e+02
7.619099999999999682e+02
7.634600000000000364e+02
7.648999999999999773e+02
7.673899999999999864e+02
7.679700000000000273e+02
7.713300000000000409e+02
7.718500000000000227e+02
7.722300000000000182e+02
7.747500000000000000e+02
7.773400000000000318e+02
7.783799999999999955e+02
7.895199999999999818e+02
8.002699999999999818e+02
8.009400000000000546e+02
8.020900000000000318e+02
8.035600000000000591e+02
8.039600000000000364e+02
8.041399999999999864e+02
8.060800000000000409e+02
8.102000000000000455e+02
8.104800000000000182e+02
8.123200000000000500e+02
8.148700000000000045e+02
8.222699999999999818e+02
8.231599999999999682e+02
8.257400000000000091e+02
8.258999999999999773e+02
8.269600000000000364e+02
8.278600000000000136e+02
8.287500000000000000e+02
8.299500000000000455e+02
8.317300000000000182e+02
8.365199999999999818e+02
8.391700000000000728e+02
8.410399999999999636e+02
8.423600000000000136e+02
8.445700000000000500e+02
8.464099999999999682e+02
8.512699999999999818e+02
8.522799999999999727e+02
8.557400000000000091e+02
8.585600000000000591e+02
8.614600000000000364e+02
8.620000000000000000e+02
8.645700000000000500e+02
8.650700000000000500e+02
8.701599999999999682e+02
8.710299999999999727e+02
8.733400000000000318e+02
8.775600000000000591e+02
8.805900000000000318e+02
8.832300000000000182e+02
8.836700000000000728e+02
8.854400000000000546e+02
8.877599999999999909e+02
8.888400000000000318e+02
8.897400000000000091e+02
8.912400000000000091e+02
8.913400000000000318e+02
8.945900000000000318e+02
8.984099999999999682e+02
8.989300000000000637e+02
9.124200000000000728e+02
9.161200000000000045e+02
9.172500000000000000e+02
9.183999999999999773e+02
9.276399999999999864e+02
9.314700000000000273e+02
9.316900000000000546e+02
9.332599999999999909e+02
9.340500000000000682e+02
9.381900000000000546e+02
9.438799999999999955e+02
9.450600000000000591e+02
9.456299999999999955e+02
9.479099999999999682e+02
9.528700000000000045e+02
9.547200000000000273e+02
9.605600000000000591e+02
9.608200000000000500e+02
9.650800000000000409e+02
9.653200000000000500e+02
9.702599999999999909e+02
9.707599999999999909e+02
9.720600000000000591e+02
9.746200000000000045e+02
9.799200000000000728e+02
9.827500000000000000e+02
9.843999999999999773e+02
9.881900000000000546e+02
9.884900000000000091e+02
9.886200000000000045e+02
9.891700000000000728e+02
9.921599999999999682e+02
9.924900000000000091e+02
9.931700000000000728e+02
9.938400000000000318e+02
9.951499999999999773e+02
9.996700000000000728e+02
