1.864000000000000057e+02
3.160699999999999932e+02
8.112000000000000455e+01
8.957000000000000739e+01
1.055400000000000063e+02
1.131200000000000045e+02
2.582800000000000296e+02
2.745799999999999841e+02
2.784700000000000273e+02
3.463400000000000318e+02
3.630000000000000000e+02
3.953899999999999864e+02
3.996100000000000136e+02
4.226899999999999977e+02
5.749800000000000182e+02
5.964900000000000091e+02
6.522000000000000455e+02
6.556299999999999955e+02
7.123200000000000500e+02
7.162599999999999909e+02
7.199500000000000455e+02
7.325399999999999636e+02
7.403899999999999864e+02
8.144600000000000364e+02
8.204600000000000364e+02
8.370099999999999909e+02
8.450299999999999727e+02
8.771000000000000227e+02
9.490800000000000409e+02
9.891499999999999773e+02
1.262000000000000099e+01
2.535999999999999943e+01
2.871000000000000085e+01
3.327000000000000313e+01
4.489000000000000057e+01
4.875000000000000000e+01
5.317999999999999972e+01
6.096000000000000085e+01
6.882999999999999829e+01
7.343000000000000682e+01
7.679999999999999716e+01
8.567000000000000171e+01
9.720000000000000284e+01
1.049099999999999966e+02
1.095000000000000000e+02
1.206700000000000017e+02
1.250600000000000023e+02
1.491400000000000148e+02
1.570900000000000034e+02
1.648100000000000023e+02
1.685500000000000114e+02
1.727500000000000000e+02
1.776100000000000136e+02
2.010800000000000125e+02
2.090800000000000125e+02
2.168100000000000023e+02
2.328799999999999955e+02
2.412599999999999909e+02
2.530000000000000000e+02
2.568999999999999773e+02
2.690300000000000296e+02
2.931700000000000159e+02
2.980600000000000023e+02
3.015900000000000318e+02
3.053100000000000023e+02
3.090900000000000318e+02
3.176600000000000250e+02
3.207099999999999795e+02
3.294000000000000341e+02
3.415199999999999818e+02
3.493700000000000045e+02
3.527300000000000182e+02
3.577900000000000205e+02
3.654900000000000091e+02
3.850799999999999841e+02
3.886399999999999864e+02
3.937599999999999909e+02
3.968000000000000114e+02
4.051100000000000136e+02
4.093100000000000023e+02
4.131800000000000068e+02
4.185000000000000000e+02
4.255199999999999818e+02
4.292200000000000273e+02
4.343500000000000227e+02
4.451600000000000250e+02
4.611000000000000227e+02
4.736100000000000136e+02
4.768700000000000045e+02
4.932400000000000091e+02
4.981399999999999864e+02
5.025799999999999841e+02
5.130600000000000591e+02
5.185499999999999545e+02
5.296200000000000045e+02
5.497799999999999727e+02
5.626900000000000546e+02
5.772699999999999818e+02
5.945600000000000591e+02
5.976800000000000637e+02
6.023300000000000409e+02
6.057200000000000273e+02
6.089400000000000546e+02
6.137200000000000273e+02
6.170700000000000500e+02
6.251399999999999864e+02
6.330399999999999636e+02
6.411100000000000136e+02
6.490099999999999909e+02
6.583799999999999955e+02
6.617200000000000273e+02
6.736800000000000637e+02
6.977200000000000273e+02
7.053999999999999773e+02
7.377400000000000091e+02
7.505399999999999636e+02
7.532599999999999909e+02
7.571399999999999864e+02
7.933700000000000045e+02
7.972200000000000273e+02
7.993700000000000045e+02
8.055299999999999727e+02
8.137699999999999818e+02
8.173200000000000500e+02
8.293999999999999773e+02
8.353700000000000045e+02
8.414300000000000637e+02
8.608500000000000227e+02
8.778000000000000682e+02
8.809200000000000728e+02
8.892699999999999818e+02
9.251900000000000546e+02
9.295199999999999818e+02
9.351700000000000728e+02
9.373000000000000682e+02
9.513100000000000591e+02
9.555500000000000682e+02
9.576800000000000637e+02
9.630299999999999727e+02
9.712899999999999636e+02
8.960000000000000853e+00
1.262000000000000099e+01
1.694999999999999929e+01
2.087999999999999901e+01
3.718999999999999773e+01
4.043999999999999773e+01
4.461999999999999744e+01
4.870000000000000284e+01
5.637000000000000455e+01
6.857999999999999829e+01
7.251000000000000512e+01
8.481000000000000227e+01
9.260000000000000853e+01
1.007999999999999972e+02
1.125900000000000034e+02
1.163599999999999994e+02
1.203599999999999994e+02
1.246300000000000097e+02
1.363300000000000125e+02
1.525500000000000114e+02
1.560200000000000102e+02
1.604000000000000057e+02
1.647800000000000011e+02
1.844600000000000080e+02
1.881500000000000057e+02
1.926400000000000148e+02
1.962500000000000000e+02
2.006100000000000136e+02
2.046200000000000045e+02
2.127300000000000182e+02
2.165900000000000034e+02
2.203000000000000114e+02
2.252000000000000171e+02
2.286700000000000159e+02
2.327000000000000171e+02
2.360800000000000125e+02
2.441400000000000148e+02
2.524600000000000080e+02
2.567599999999999909e+02
2.601800000000000068e+02
2.645000000000000000e+02
2.686200000000000045e+02
2.722099999999999795e+02
2.767800000000000296e+02
2.800300000000000296e+02
2.841700000000000159e+02
2.884499999999999886e+02
2.926399999999999864e+02
2.998100000000000023e+02
3.047500000000000000e+02
3.081800000000000068e+02
3.122900000000000205e+02
3.323299999999999841e+02
3.365500000000000114e+02
3.524800000000000182e+02
3.562500000000000000e+02
3.640699999999999932e+02
3.716299999999999955e+02
3.754399999999999977e+02
3.800500000000000114e+02
3.962599999999999909e+02
4.076200000000000045e+02
4.121000000000000227e+02
4.194900000000000091e+02
4.236399999999999864e+02
4.278799999999999955e+02
4.321899999999999977e+02
4.361600000000000250e+02
4.404300000000000068e+02
4.433100000000000023e+02
4.554300000000000068e+02
4.634600000000000364e+02
4.727699999999999818e+02
4.757400000000000091e+02
4.804000000000000341e+02
4.961299999999999955e+02
4.993600000000000136e+02
5.074000000000000341e+02
5.120399999999999636e+02
5.166200000000000045e+02
5.318700000000000045e+02
5.391299999999999955e+02
5.479300000000000637e+02
5.631399999999999864e+02
5.677300000000000182e+02
5.752799999999999727e+02
5.871299999999999955e+02
6.028400000000000318e+02
6.063700000000000045e+02
6.148300000000000409e+02
6.193000000000000682e+02
6.277799999999999727e+02
6.323700000000000045e+02
6.352400000000000091e+02
6.389800000000000182e+02
6.437899999999999636e+02
6.522200000000000273e+02
6.546299999999999955e+02
6.669700000000000273e+02
6.744099999999999682e+02
6.876499999999999773e+02
6.922400000000000091e+02
7.066200000000000045e+02
7.105900000000000318e+02
7.224700000000000273e+02
7.268600000000000136e+02
7.478600000000000136e+02
7.516800000000000637e+02
7.581699999999999591e+02
7.627400000000000091e+02
7.662799999999999727e+02
7.759200000000000728e+02
7.835500000000000682e+02
8.001000000000000227e+02
8.022300000000000182e+02
8.080800000000000409e+02
8.305299999999999727e+02
8.356499999999999773e+02
8.462200000000000273e+02
8.499800000000000182e+02
8.558000000000000682e+02
8.617899999999999636e+02
8.663799999999999955e+02
8.754500000000000455e+02
8.782100000000000364e+02
8.939500000000000455e+02
8.983000000000000682e+02
9.078000000000000682e+02
9.099500000000000455e+02
9.159500000000000455e+02
9.220600000000000591e+02
9.376499999999999773e+02
9.539600000000000364e+02
9.676800000000000637e+02
9.698799999999999955e+02
9.735700000000000500e+02
9.775900000000000318e+02
9.852699999999999818e+02
9.895400000000000773e+02
9.976000000000000227e+02
3.657999999999999829e+01
4.439999999999999858e+01
6.450000000000000000e+01
6.823000000000000398e+01
9.673000000000000398e+01
1.001099999999999994e+02
1.165600000000000023e+02
1.280999999999999943e+02
1.320800000000000125e+02
1.362299999999999898e+02
1.521899999999999977e+02
1.721400000000000148e+02
1.953199999999999932e+02
2.080500000000000114e+02
2.355800000000000125e+02
2.508000000000000114e+02
2.710799999999999841e+02
2.747900000000000205e+02
2.871200000000000045e+02
2.956200000000000045e+02
3.037900000000000205e+02
3.146100000000000136e+02
3.308799999999999955e+02
3.353600000000000136e+02
3.664200000000000159e+02
3.826800000000000068e+02
3.948000000000000114e+02
4.453899999999999864e+02
4.585900000000000318e+02
4.624600000000000364e+02
4.741500000000000341e+02
5.461299999999999955e+02
5.764199999999999591e+02
6.011900000000000546e+02
6.460000000000000000e+02
6.499099999999999682e+02
6.530700000000000500e+02
6.696100000000000136e+02
6.773600000000000136e+02
6.934900000000000091e+02
7.076800000000000637e+02
7.334099999999999682e+02
7.365800000000000409e+02
7.400199999999999818e+02
7.648999999999999773e+02
7.674200000000000728e+02
7.711399999999999864e+02
8.048300000000000409e+02
8.070299999999999727e+02
8.122400000000000091e+02
8.283799999999999955e+02
8.403000000000000682e+02
8.428000000000000682e+02
8.667100000000000364e+02
8.827200000000000273e+02
8.882500000000000000e+02
8.943000000000000682e+02
9.005800000000000409e+02
9.317300000000000182e+02
9.858999999999999773e+02
4.700000000000000178e+00
1.249000000000000021e+01
1.672400000000000091e+02
1.712400000000000091e+02
2.310600000000000023e+02
4.925200000000000387e+02
4.992900000000000205e+02
5.162400000000000091e+02
6.391499999999999773e+02
7.021299999999999955e+02
8.094900000000000091e+02
8.885099999999999909e+02
