4.690000000000000391e+00
5.100000000000000533e+00
5.580000000000000071e+00
5.709999999999999964e+00
5.810000000000000497e+00
6.509999999999999787e+00
6.520000000000000462e+00
6.759999999999999787e+00
6.770000000000000462e+00
6.910000000000000142e+00
7.520000000000000462e+00
7.719999999999999751e+00
7.839999999999999858e+00
8.980000000000000426e+00
2.130999999999999872e+01
2.235999999999999943e+01
2.255999999999999872e+01
2.258999999999999986e+01
2.285999999999999943e+01
2.317999999999999972e+01
2.382000000000000028e+01
2.382000000000000028e+01
2.405000000000000071e+01
2.466000000000000014e+01
2.514000000000000057e+01
3.850999999999999801e+01
3.946999999999999886e+01
3.948000000000000398e+01
3.963000000000000256e+01
3.975999999999999801e+01
3.996000000000000085e+01
4.096999999999999886e+01
4.193999999999999773e+01
5.541000000000000369e+01
5.606000000000000227e+01
5.607999999999999829e+01
5.620000000000000284e+01
5.621000000000000085e+01
5.656000000000000227e+01
5.746999999999999886e+01
5.767000000000000171e+01
7.242000000000000171e+01
7.262999999999999545e+01
7.273999999999999488e+01
7.304000000000000625e+01
7.312000000000000455e+01
7.351999999999999602e+01
7.454999999999999716e+01
7.512999999999999545e+01
7.556000000000000227e+01
8.823999999999999488e+01
8.882000000000000739e+01
8.896999999999999886e+01
8.954999999999999716e+01
8.960000000000000853e+01
8.984000000000000341e+01
9.021999999999999886e+01
9.035999999999999943e+01
9.098999999999999488e+01
9.101000000000000512e+01
9.114000000000000057e+01
9.146999999999999886e+01
9.185000000000000853e+01
9.193999999999999773e+01
1.049399999999999977e+02
1.053599999999999994e+02
1.059500000000000028e+02
1.060400000000000063e+02
1.066000000000000085e+02
1.069699999999999989e+02
1.072400000000000091e+02
1.086899999999999977e+02
1.090300000000000011e+02
1.214300000000000068e+02
1.223900000000000006e+02
1.229200000000000017e+02
1.235199999999999960e+02
1.236800000000000068e+02
1.244900000000000091e+02
1.385500000000000114e+02
1.392800000000000011e+02
1.393400000000000034e+02
1.395399999999999920e+02
1.397199999999999989e+02
1.398400000000000034e+02
1.403000000000000114e+02
1.403100000000000023e+02
1.413600000000000136e+02
1.556400000000000148e+02
1.559000000000000057e+02
1.560000000000000000e+02
1.566599999999999966e+02
1.570099999999999909e+02
1.570600000000000023e+02
1.577500000000000000e+02
1.584799999999999898e+02
1.591400000000000148e+02
1.714900000000000091e+02
1.718799999999999955e+02
1.730200000000000102e+02
1.739500000000000171e+02
1.752100000000000080e+02
1.755200000000000102e+02
1.895000000000000000e+02
1.895300000000000011e+02
1.900099999999999909e+02
1.901500000000000057e+02
1.901899999999999977e+02
1.912700000000000102e+02
1.914200000000000159e+02
1.914300000000000068e+02
1.919900000000000091e+02
1.926400000000000148e+02
2.051800000000000068e+02
2.053000000000000114e+02
2.055600000000000023e+02
2.057700000000000102e+02
2.062000000000000171e+02
2.063300000000000125e+02
2.073300000000000125e+02
2.081299999999999955e+02
2.082199999999999989e+02
2.083900000000000148e+02
2.087100000000000080e+02
2.094300000000000068e+02
2.218400000000000034e+02
2.218700000000000045e+02
2.219200000000000159e+02
2.222400000000000091e+02
2.224900000000000091e+02
2.232199999999999989e+02
2.232199999999999989e+02
2.233700000000000045e+02
2.241400000000000148e+02
2.241800000000000068e+02
2.254800000000000182e+02
2.382400000000000091e+02
2.385399999999999920e+02
2.393900000000000148e+02
2.411800000000000068e+02
2.527300000000000182e+02
2.552000000000000171e+02
2.555100000000000193e+02
2.560799999999999841e+02
2.572599999999999909e+02
2.577400000000000091e+02
2.582599999999999909e+02
2.703999999999999773e+02
2.714100000000000250e+02
2.715799999999999841e+02
2.725400000000000205e+02
2.726100000000000136e+02
2.729700000000000273e+02
2.737300000000000182e+02
2.746500000000000341e+02
2.869900000000000091e+02
2.882800000000000296e+02
2.885799999999999841e+02
2.887400000000000091e+02
2.891299999999999955e+02
2.892200000000000273e+02
2.899000000000000341e+02
2.900799999999999841e+02
2.903000000000000114e+02
2.906200000000000045e+02
2.907699999999999818e+02
2.912699999999999818e+02
2.917099999999999795e+02
2.926299999999999955e+02
3.039300000000000068e+02
3.052500000000000000e+02
3.053100000000000023e+02
3.059300000000000068e+02
3.059399999999999977e+02
3.060199999999999818e+02
3.060699999999999932e+02
3.063700000000000045e+02
3.066700000000000159e+02
3.068000000000000114e+02
3.092099999999999795e+02
3.200799999999999841e+02
3.218100000000000023e+02
3.224499999999999886e+02
3.225699999999999932e+02
3.234900000000000091e+02
3.250000000000000000e+02
3.387900000000000205e+02
3.392300000000000182e+02
3.396000000000000227e+02
3.398500000000000227e+02
3.406000000000000227e+02
3.431800000000000068e+02
3.445199999999999818e+02
3.554200000000000159e+02
3.563400000000000318e+02
3.569000000000000341e+02
3.569399999999999977e+02
3.572099999999999795e+02
3.580199999999999818e+02
3.706700000000000159e+02
3.713700000000000045e+02
3.724499999999999886e+02
3.727699999999999818e+02
3.729399999999999977e+02
3.731700000000000159e+02
3.741100000000000136e+02
3.742599999999999909e+02
3.746600000000000250e+02
3.871700000000000159e+02
3.887900000000000205e+02
3.895000000000000000e+02
3.901200000000000045e+02
3.904800000000000182e+02
3.910799999999999841e+02
3.913700000000000045e+02
3.914399999999999977e+02
3.914499999999999886e+02
3.917900000000000205e+02
3.926899999999999977e+02
4.040000000000000000e+02
4.042900000000000205e+02
4.047800000000000296e+02
4.055000000000000000e+02
4.055099999999999909e+02
4.062300000000000182e+02
4.063400000000000318e+02
4.070500000000000114e+02
4.089900000000000091e+02
4.096100000000000136e+02
4.204300000000000068e+02
4.218899999999999864e+02
4.222800000000000296e+02
4.227200000000000273e+02
4.229100000000000250e+02
4.239800000000000182e+02
4.240900000000000318e+02
4.249200000000000159e+02
4.252200000000000273e+02
4.366600000000000250e+02
4.378000000000000114e+02
4.391600000000000250e+02
4.395099999999999909e+02
4.397500000000000000e+02
4.399100000000000250e+02
4.413700000000000045e+02
4.415300000000000296e+02
4.415500000000000114e+02
4.424499999999999886e+02
4.434700000000000273e+02
4.526299999999999955e+02
4.533000000000000114e+02
4.540300000000000296e+02
4.551100000000000136e+02
4.562599999999999909e+02
4.563500000000000227e+02
4.564499999999999886e+02
4.571299999999999955e+02
4.584900000000000091e+02
4.587100000000000364e+02
4.593600000000000136e+02
4.599900000000000091e+02
4.602900000000000205e+02
4.697300000000000182e+02
4.703000000000000114e+02
4.703199999999999932e+02
4.713100000000000023e+02
4.719800000000000182e+02
4.732400000000000091e+02
4.734700000000000273e+02
4.737400000000000091e+02
4.740900000000000318e+02
4.741600000000000250e+02
4.744200000000000159e+02
4.748299999999999841e+02
4.749300000000000068e+02
4.767400000000000091e+02
4.853899999999999864e+02
4.874700000000000273e+02
4.892200000000000273e+02
4.894600000000000364e+02
4.915699999999999932e+02
4.925699999999999932e+02
5.016100000000000136e+02
5.036899999999999977e+02
5.048500000000000227e+02
5.055000000000000000e+02
5.056200000000000045e+02
5.060000000000000000e+02
5.073299999999999841e+02
5.074600000000000364e+02
5.080500000000000114e+02
5.114900000000000091e+02
5.193500000000000227e+02
5.197200000000000273e+02
5.216299999999999955e+02
5.219900000000000091e+02
5.226399999999999864e+02
5.228899999999999864e+02
5.235800000000000409e+02
5.240099999999999909e+02
5.250600000000000591e+02
5.257699999999999818e+02
5.266000000000000227e+02
5.278500000000000227e+02
5.357100000000000364e+02
5.369300000000000637e+02
5.370700000000000500e+02
5.384400000000000546e+02
5.387999999999999545e+02
5.399500000000000455e+02
5.400900000000000318e+02
5.413799999999999955e+02
5.415600000000000591e+02
5.426100000000000136e+02
5.431100000000000136e+02
5.544700000000000273e+02
5.548799999999999955e+02
5.549600000000000364e+02
5.553999999999999773e+02
5.565299999999999727e+02
5.571200000000000045e+02
5.591000000000000227e+02
5.675299999999999727e+02
5.680800000000000409e+02
5.698000000000000682e+02
5.703300000000000409e+02
5.708300000000000409e+02
5.715500000000000682e+02
5.723300000000000409e+02
5.726399999999999864e+02
5.728000000000000682e+02
5.730099999999999909e+02
5.730900000000000318e+02
5.733200000000000500e+02
5.758200000000000500e+02
5.758799999999999955e+02
5.770399999999999636e+02
5.862899999999999636e+02
5.865399999999999636e+02
5.867799999999999727e+02
5.871399999999999864e+02
5.873700000000000045e+02
5.885099999999999909e+02
5.898200000000000500e+02
5.900800000000000409e+02
5.901299999999999955e+02
5.905500000000000682e+02
5.912799999999999727e+02
5.914500000000000455e+02
5.923600000000000136e+02
5.931800000000000637e+02
6.020600000000000591e+02
6.032799999999999727e+02
6.038500000000000227e+02
6.039300000000000637e+02
6.039500000000000455e+02
6.046299999999999955e+02
6.063000000000000682e+02
6.072699999999999818e+02
6.073799999999999955e+02
6.086399999999999864e+02
6.091599999999999682e+02
6.095000000000000000e+02
6.186699999999999591e+02
6.191800000000000637e+02
6.206100000000000136e+02
6.207000000000000455e+02
6.214900000000000091e+02
6.215099999999999909e+02
6.244400000000000546e+02
6.250700000000000500e+02
6.262500000000000000e+02
6.334300000000000637e+02
6.349199999999999591e+02
6.353200000000000500e+02
6.361399999999999864e+02
6.371200000000000045e+02
6.374199999999999591e+02
6.382100000000000364e+02
6.397500000000000000e+02
6.400399999999999636e+02
6.401200000000000045e+02
6.409300000000000637e+02
6.416299999999999955e+02
6.422100000000000364e+02
6.437500000000000000e+02
6.440800000000000409e+02
6.491800000000000637e+02
6.517799999999999727e+02
6.527100000000000364e+02
6.552400000000000091e+02
6.556399999999999864e+02
6.564300000000000637e+02
6.573000000000000682e+02
6.583200000000000500e+02
6.589199999999999591e+02
6.608700000000000045e+02
6.677100000000000364e+02
6.686499999999999773e+02
6.692599999999999909e+02
6.711499999999999773e+02
6.721499999999999773e+02
6.725800000000000409e+02
6.726200000000000045e+02
6.732300000000000182e+02
6.741399999999999864e+02
6.742699999999999818e+02
6.761499999999999773e+02
6.773100000000000591e+02
6.880299999999999727e+02
6.895099999999999909e+02
6.915199999999999818e+02
6.922300000000000182e+02
6.952500000000000000e+02
7.023000000000000682e+02
7.039700000000000273e+02
7.042500000000000000e+02
7.053799999999999955e+02
7.058799999999999955e+02
7.061900000000000546e+02
7.069800000000000182e+02
7.086200000000000045e+02
7.086599999999999682e+02
7.098100000000000591e+02
7.116299999999999955e+02
7.179500000000000455e+02
7.227899999999999636e+02
7.244600000000000364e+02
7.249700000000000273e+02
7.252899999999999636e+02
7.269099999999999682e+02
7.386599999999999682e+02
7.387799999999999727e+02
7.396299999999999955e+02
7.403100000000000591e+02
7.404400000000000546e+02
7.430500000000000682e+02
7.437899999999999636e+02
7.440700000000000500e+02
7.492899999999999636e+02
7.528100000000000591e+02
7.532400000000000091e+02
7.549600000000000364e+02
7.571599999999999682e+02
7.576200000000000045e+02
7.578600000000000136e+02
7.693600000000000136e+02
7.697000000000000455e+02
7.699200000000000728e+02
7.729300000000000637e+02
7.732500000000000000e+02
7.744600000000000364e+02
7.750199999999999818e+02
7.752799999999999727e+02
7.760000000000000000e+02
7.847300000000000182e+02
7.857899999999999636e+02
7.894800000000000182e+02
7.897500000000000000e+02
7.906499999999999773e+02
7.911700000000000728e+02
7.918300000000000409e+02
8.005800000000000409e+02
8.015800000000000409e+02
8.022400000000000091e+02
8.058700000000000045e+02
8.066200000000000045e+02
8.067799999999999727e+02
8.076599999999999682e+02
8.092500000000000000e+02
8.102699999999999818e+02
8.129099999999999682e+02
8.209500000000000455e+02
8.238300000000000409e+02
8.242699999999999818e+02
8.249800000000000182e+02
8.259300000000000637e+02
8.268200000000000500e+02
8.339400000000000546e+02
8.341499999999999773e+02
8.360099999999999909e+02
8.372400000000000091e+02
8.373999999999999773e+02
8.384099999999999682e+02
8.398500000000000227e+02
8.400000000000000000e+02
8.416700000000000728e+02
8.423400000000000318e+02
8.471399999999999864e+02
8.482899999999999636e+02
8.527400000000000091e+02
8.533500000000000227e+02
8.543300000000000409e+02
8.558600000000000136e+02
8.578400000000000318e+02
8.580900000000000318e+02
8.715199999999999818e+02
8.734800000000000182e+02
8.748500000000000227e+02
8.760600000000000591e+02
8.764099999999999682e+02
8.770399999999999636e+02
8.788300000000000409e+02
8.830600000000000591e+02
8.843500000000000227e+02
8.867899999999999636e+02
8.883000000000000682e+02
8.896499999999999773e+02
8.897500000000000000e+02
8.898300000000000409e+02
8.934700000000000273e+02
8.960600000000000591e+02
8.963200000000000500e+02
8.966100000000000136e+02
8.973400000000000318e+02
9.009900000000000091e+02
9.017899999999999636e+02
9.036200000000000045e+02
9.046599999999999682e+02
9.047200000000000273e+02
9.069800000000000182e+02
9.073200000000000500e+02
9.096000000000000227e+02
9.106299999999999955e+02
9.132400000000000091e+02
9.204500000000000455e+02
9.222899999999999636e+02
9.229900000000000091e+02
9.235099999999999909e+02
9.258100000000000591e+02
9.267599999999999909e+02
9.288000000000000682e+02
9.293000000000000682e+02
9.307200000000000273e+02
9.337899999999999636e+02
9.341499999999999773e+02
9.354300000000000637e+02
9.363799999999999955e+02
9.368200000000000500e+02
9.374099999999999682e+02
9.398200000000000500e+02
9.399300000000000637e+02
9.411499999999999773e+02
9.428500000000000227e+02
9.429500000000000455e+02
9.452400000000000091e+02
9.518000000000000682e+02
9.526100000000000136e+02
9.533999999999999773e+02
9.551700000000000728e+02
9.555099999999999909e+02
9.570099999999999909e+02
9.582200000000000273e+02
9.585700000000000500e+02
9.643600000000000136e+02
9.673799999999999955e+02
9.699099999999999682e+02
9.711499999999999773e+02
9.714300000000000637e+02
9.726299999999999955e+02
9.736299999999999955e+02
9.749300000000000637e+02
9.766000000000000227e+02
9.785000000000000000e+02
9.791000000000000227e+02
9.804300000000000637e+02
9.818700000000000045e+02
9.881200000000000045e+02
9.884600000000000364e+02
9.891800000000000637e+02
9.920199999999999818e+02
9.926000000000000227e+02
9.987500000000000000e+02
