2.091500000000000057e+02
3.186700000000000159e+02
6.062599999999999909e+02
5.103999999999999915e+01
8.292000000000000171e+01
8.507000000000000739e+01
1.163200000000000074e+02
1.711599999999999966e+02
2.204399999999999977e+02
2.535500000000000114e+02
2.707300000000000182e+02
3.523100000000000023e+02
3.653799999999999955e+02
4.773400000000000318e+02
5.035699999999999932e+02
5.155800000000000409e+02
5.485399999999999636e+02
7.742500000000000000e+02
8.393100000000000591e+02
8.679600000000000364e+02
8.959400000000000546e+02
9.851000000000000227e+02
2.069000000000000128e+01
2.280999999999999872e+01
2.978999999999999915e+01
5.302000000000000313e+01
1.729399999999999977e+02
2.149699999999999989e+02
2.722300000000000182e+02
2.767500000000000000e+02
3.095500000000000114e+02
3.556399999999999864e+02
4.556100000000000136e+02
4.776500000000000341e+02
4.926600000000000250e+02
5.176299999999999955e+02
5.686000000000000227e+02
5.883700000000000045e+02
6.302799999999999727e+02
6.792799999999999727e+02
6.930000000000000000e+02
7.488100000000000591e+02
8.206900000000000546e+02
8.275299999999999727e+02
8.423500000000000227e+02
9.141499999999999773e+02
9.530600000000000591e+02
3.999000000000000199e+01
1.901599999999999966e+02
3.130199999999999818e+02
4.946399999999999864e+02
6.232400000000000091e+02
9.704099999999999682e+02
