3.149999999999999911e+00
3.200000000000000178e+00
3.220000000000000195e+00
3.310000000000000053e+00
3.359999999999999876e+00
3.410000000000000142e+00
6.900000000000000355e+00
6.950000000000000178e+00
7.040000000000000036e+00
7.049999999999999822e+00
7.350000000000000533e+00
1.093999999999999950e+01
1.100000000000000000e+01
1.102999999999999936e+01
1.108000000000000007e+01
1.507000000000000028e+01
1.515000000000000036e+01
1.541000000000000014e+01
1.550999999999999979e+01
1.903999999999999915e+01
1.916000000000000014e+01
1.925000000000000000e+01
1.926999999999999957e+01
1.967000000000000171e+01
2.294000000000000128e+01
2.301000000000000156e+01
2.303999999999999915e+01
2.319000000000000128e+01
2.376999999999999957e+01
2.687000000000000099e+01
2.696000000000000085e+01
2.724000000000000199e+01
2.733999999999999986e+01
2.808999999999999986e+01
3.092000000000000171e+01
3.103999999999999915e+01
3.105000000000000071e+01
3.117999999999999972e+01
3.488000000000000256e+01
3.489000000000000057e+01
3.511999999999999744e+01
3.550000000000000000e+01
3.895000000000000284e+01
3.906000000000000227e+01
3.955000000000000426e+01
3.966000000000000369e+01
3.971000000000000085e+01
4.267999999999999972e+01
4.288000000000000256e+01
4.296999999999999886e+01
4.300999999999999801e+01
4.359000000000000341e+01
4.681000000000000227e+01
4.695000000000000284e+01
4.705000000000000426e+01
4.755000000000000426e+01
5.096999999999999886e+01
5.106000000000000227e+01
5.110999999999999943e+01
5.150999999999999801e+01
5.168999999999999773e+01
5.471000000000000085e+01
5.496000000000000085e+01
5.509000000000000341e+01
5.527000000000000313e+01
5.560000000000000142e+01
5.859000000000000341e+01
5.882000000000000028e+01
5.932999999999999829e+01
6.246999999999999886e+01
6.252000000000000313e+01
6.300000000000000000e+01
6.323000000000000398e+01
6.665999999999999659e+01
6.687000000000000455e+01
6.707999999999999829e+01
7.079000000000000625e+01
7.087000000000000455e+01
7.087000000000000455e+01
7.185000000000000853e+01
7.442000000000000171e+01
7.471000000000000796e+01
7.496999999999999886e+01
7.518999999999999773e+01
7.546999999999999886e+01
7.890999999999999659e+01
7.901000000000000512e+01
7.907000000000000739e+01
7.912999999999999545e+01
7.971999999999999886e+01
8.223000000000000398e+01
8.265000000000000568e+01
8.290000000000000568e+01
8.325000000000000000e+01
8.362000000000000455e+01
8.665000000000000568e+01
8.721999999999999886e+01
8.748000000000000398e+01
8.782999999999999829e+01
9.060000000000000853e+01
9.062999999999999545e+01
9.121000000000000796e+01
9.153000000000000114e+01
9.478000000000000114e+01
9.521999999999999886e+01
9.535000000000000853e+01
9.832000000000000739e+01
9.854999999999999716e+01
9.923000000000000398e+01
9.928000000000000114e+01
1.023299999999999983e+02
1.025199999999999960e+02
1.029099999999999966e+02
1.032300000000000040e+02
1.037300000000000040e+02
1.066200000000000045e+02
1.071099999999999994e+02
1.072000000000000028e+02
1.077600000000000051e+02
1.103900000000000006e+02
1.105199999999999960e+02
1.107900000000000063e+02
1.112100000000000080e+02
1.116700000000000017e+02
1.143100000000000023e+02
1.146200000000000045e+02
1.155700000000000074e+02
1.186700000000000017e+02
1.187600000000000051e+02
1.189600000000000080e+02
1.204399999999999977e+02
1.204699999999999989e+02
1.227500000000000000e+02
1.227999999999999972e+02
1.233100000000000023e+02
1.243100000000000023e+02
1.265600000000000023e+02
1.270000000000000000e+02
1.273800000000000097e+02
1.278299999999999983e+02
1.300500000000000114e+02
1.300900000000000034e+02
1.308000000000000114e+02
1.311800000000000068e+02
1.344699999999999989e+02
1.347400000000000091e+02
1.354000000000000057e+02
1.382100000000000080e+02
1.386800000000000068e+02
1.387299999999999898e+02
1.394300000000000068e+02
1.418100000000000023e+02
1.422700000000000102e+02
1.427400000000000091e+02
1.430800000000000125e+02
1.439900000000000091e+02
1.459200000000000159e+02
1.462800000000000011e+02
1.470200000000000102e+02
1.474099999999999966e+02
1.484600000000000080e+02
1.497199999999999989e+02
1.501500000000000057e+02
1.507199999999999989e+02
1.514500000000000171e+02
1.521299999999999955e+02
1.541500000000000057e+02
1.545399999999999920e+02
1.551500000000000057e+02
1.560900000000000034e+02
1.577299999999999898e+02
1.585200000000000102e+02
1.588499999999999943e+02
1.595999999999999943e+02
1.601700000000000159e+02
1.618799999999999955e+02
1.622400000000000091e+02
1.625300000000000011e+02
1.630600000000000023e+02
1.654799999999999898e+02
1.660300000000000011e+02
1.666500000000000057e+02
1.670800000000000125e+02
1.684799999999999898e+02
1.694600000000000080e+02
1.705600000000000023e+02
1.707199999999999989e+02
1.712199999999999989e+02
1.721299999999999955e+02
1.737500000000000000e+02
1.744900000000000091e+02
1.749399999999999977e+02
1.751700000000000159e+02
1.762299999999999898e+02
1.785399999999999920e+02
1.801599999999999966e+02
1.815900000000000034e+02
1.825399999999999920e+02
1.828300000000000125e+02
1.833100000000000023e+02
1.846100000000000136e+02
1.850200000000000102e+02
1.862599999999999909e+02
1.864900000000000091e+02
1.879500000000000171e+02
1.879600000000000080e+02
1.901500000000000057e+02
1.905699999999999932e+02
1.914600000000000080e+02
1.921800000000000068e+02
1.929500000000000171e+02
1.938000000000000114e+02
1.945200000000000102e+02
1.954699999999999989e+02
1.963100000000000023e+02
1.985900000000000034e+02
1.989399999999999977e+02
1.994500000000000171e+02
2.002800000000000011e+02
2.022599999999999909e+02
2.026299999999999955e+02
2.038799999999999955e+02
2.042300000000000182e+02
2.053499999999999943e+02
2.063799999999999955e+02
2.064800000000000182e+02
2.075900000000000034e+02
2.084699999999999989e+02
2.096299999999999955e+02
2.098499999999999943e+02
2.104099999999999966e+02
2.116500000000000057e+02
2.137800000000000011e+02
2.138400000000000034e+02
2.145399999999999920e+02
2.154900000000000091e+02
2.167300000000000182e+02
2.178600000000000136e+02
2.184900000000000091e+02
2.194099999999999966e+02
2.215099999999999909e+02
2.216899999999999977e+02
2.227700000000000102e+02
2.233799999999999955e+02
2.253799999999999955e+02
2.258000000000000114e+02
2.266299999999999955e+02
2.273400000000000034e+02
2.285900000000000034e+02
2.295600000000000023e+02
2.302599999999999909e+02
2.303900000000000148e+02
2.313600000000000136e+02
2.339399999999999977e+02
2.343600000000000136e+02
2.358000000000000114e+02
2.376400000000000148e+02
2.390800000000000125e+02
2.394200000000000159e+02
2.417400000000000091e+02
2.417700000000000102e+02
2.426200000000000045e+02
2.436200000000000045e+02
2.458000000000000114e+02
2.467100000000000080e+02
2.475999999999999943e+02
2.486400000000000148e+02
2.490300000000000011e+02
2.493900000000000148e+02
2.506200000000000045e+02
2.513700000000000045e+02
2.530800000000000125e+02
2.536899999999999977e+02
2.546400000000000148e+02
2.554000000000000057e+02
2.563799999999999955e+02
2.576399999999999864e+02
2.583700000000000045e+02
2.599200000000000159e+02
2.617099999999999795e+02
2.620699999999999932e+02
2.626700000000000159e+02
2.635000000000000000e+02
2.648600000000000136e+02
2.650000000000000000e+02
2.653600000000000136e+02
2.666499999999999773e+02
2.676100000000000136e+02
2.697300000000000182e+02
2.703700000000000045e+02
2.717699999999999818e+02
2.725900000000000318e+02
2.726600000000000250e+02
2.733600000000000136e+02
2.750400000000000205e+02
2.755300000000000296e+02
2.770799999999999841e+02
2.772900000000000205e+02
2.783299999999999841e+02
2.795900000000000318e+02
2.804300000000000068e+02
2.805099999999999909e+02
2.813899999999999864e+02
2.822500000000000000e+02
2.837200000000000273e+02
2.846100000000000136e+02
2.852500000000000000e+02
2.865900000000000318e+02
2.876899999999999977e+02
2.889000000000000341e+02
2.905500000000000114e+02
2.913000000000000114e+02
2.935799999999999841e+02
2.939200000000000159e+02
2.950099999999999909e+02
2.954200000000000159e+02
2.970400000000000205e+02
2.981600000000000250e+02
2.997200000000000273e+02
3.009300000000000068e+02
3.014200000000000159e+02
3.027300000000000182e+02
3.033600000000000136e+02
3.054599999999999795e+02
3.065500000000000114e+02
3.076600000000000250e+02
3.087500000000000000e+02
3.090799999999999841e+02
3.103799999999999955e+02
3.118199999999999932e+02
3.122800000000000296e+02
3.128299999999999841e+02
3.131999999999999886e+02
3.141500000000000341e+02
3.144100000000000250e+02
3.154000000000000341e+02
3.171200000000000045e+02
3.172200000000000273e+02
3.183700000000000045e+02
3.192500000000000000e+02
3.201100000000000136e+02
3.210600000000000023e+02
3.212200000000000273e+02
3.229100000000000250e+02
3.233899999999999864e+02
3.250400000000000205e+02
3.275099999999999909e+02
3.290900000000000318e+02
3.301600000000000250e+02
3.320600000000000023e+02
3.322900000000000205e+02
3.328700000000000045e+02
3.339800000000000182e+02
3.359300000000000068e+02
3.360799999999999841e+02
3.376800000000000068e+02
3.384399999999999977e+02
3.395900000000000318e+02
3.402599999999999909e+02
3.411899999999999977e+02
3.415600000000000023e+02
3.425199999999999818e+02
3.439100000000000250e+02
3.446299999999999955e+02
3.451200000000000045e+02
3.463500000000000227e+02
3.484000000000000341e+02
3.488299999999999841e+02
3.498700000000000045e+02
3.502900000000000205e+02
3.513199999999999932e+02
3.532699999999999818e+02
3.542500000000000000e+02
3.558500000000000227e+02
3.588100000000000023e+02
3.597699999999999818e+02
3.598600000000000136e+02
3.606899999999999977e+02
3.610600000000000023e+02
3.622400000000000091e+02
3.636500000000000341e+02
3.636899999999999977e+02
3.649800000000000182e+02
3.653299999999999841e+02
3.662099999999999795e+02
3.677200000000000273e+02
3.678500000000000227e+02
3.690900000000000318e+02
3.698700000000000045e+02
3.700500000000000114e+02
3.718000000000000114e+02
3.734599999999999795e+02
3.740500000000000114e+02
3.755199999999999818e+02
3.759800000000000182e+02
3.772500000000000000e+02
3.775400000000000205e+02
3.782099999999999795e+02
3.797500000000000000e+02
3.813000000000000114e+02
3.816600000000000250e+02
3.825000000000000000e+02
3.835199999999999818e+02
3.836899999999999977e+02
3.845699999999999932e+02
3.862900000000000205e+02
3.877599999999999909e+02
3.890600000000000023e+02
3.895900000000000318e+02
3.902599999999999909e+02
3.916399999999999864e+02
3.920300000000000296e+02
3.925400000000000205e+02
3.933500000000000227e+02
3.942200000000000273e+02
3.953600000000000136e+02
3.958299999999999841e+02
3.969300000000000068e+02
3.972599999999999909e+02
3.982400000000000091e+02
4.001299999999999955e+02
4.008100000000000023e+02
4.022100000000000364e+02
4.038799999999999955e+02
4.051000000000000227e+02
4.059300000000000068e+02
4.072900000000000205e+02
4.076399999999999864e+02
4.096500000000000341e+02
4.102900000000000205e+02
4.115900000000000318e+02
4.118000000000000114e+02
4.121800000000000068e+02
4.141500000000000341e+02
4.147300000000000182e+02
4.160199999999999818e+02
4.167500000000000000e+02
4.177200000000000273e+02
4.177400000000000091e+02
4.206899999999999977e+02
4.218299999999999841e+02
4.220099999999999909e+02
4.235600000000000023e+02
4.249900000000000091e+02
4.259800000000000182e+02
4.276600000000000250e+02
4.285900000000000318e+02
4.293199999999999932e+02
4.299300000000000068e+02
4.320699999999999932e+02
4.325699999999999932e+02
4.339600000000000364e+02
4.340199999999999818e+02
4.356399999999999864e+02
4.364700000000000273e+02
4.376200000000000045e+02
4.384900000000000091e+02
4.397100000000000364e+02
4.402400000000000091e+02
4.422300000000000182e+02
4.437100000000000364e+02
4.440099999999999909e+02
4.461299999999999955e+02
4.468100000000000023e+02
4.497200000000000273e+02
4.504700000000000273e+02
4.519700000000000273e+02
4.527200000000000273e+02
4.537500000000000000e+02
4.538500000000000227e+02
4.557800000000000296e+02
4.566000000000000227e+02
4.579499999999999886e+02
4.579499999999999886e+02
4.595300000000000296e+02
4.605199999999999818e+02
4.623700000000000045e+02
4.630500000000000114e+02
4.639000000000000341e+02
4.642500000000000000e+02
4.656899999999999977e+02
4.661800000000000068e+02
4.668199999999999932e+02
4.678199999999999932e+02
4.684200000000000159e+02
4.698799999999999955e+02
4.701100000000000136e+02
4.717200000000000273e+02
4.720600000000000023e+02
4.741500000000000341e+02
4.751000000000000227e+02
4.754600000000000364e+02
4.762699999999999818e+02
4.781500000000000341e+02
4.801299999999999955e+02
4.819200000000000159e+02
4.823600000000000136e+02
4.838199999999999932e+02
4.859600000000000364e+02
4.859800000000000182e+02
4.879900000000000091e+02
4.882100000000000364e+02
4.903100000000000023e+02
4.909800000000000182e+02
4.922300000000000182e+02
4.922300000000000182e+02
4.941200000000000045e+02
4.941399999999999864e+02
4.960300000000000296e+02
4.979399999999999977e+02
4.980500000000000114e+02
4.980799999999999841e+02
5.001399999999999864e+02
5.006399999999999864e+02
5.017900000000000205e+02
5.037900000000000205e+02
5.056800000000000068e+02
5.059300000000000068e+02
5.067300000000000182e+02
5.084499999999999886e+02
5.098199999999999932e+02
5.102599999999999909e+02
5.116399999999999864e+02
5.123999999999999773e+02
5.124300000000000637e+02
5.139600000000000364e+02
5.142899999999999636e+02
5.147100000000000364e+02
5.157699999999999818e+02
5.166200000000000045e+02
5.178899999999999864e+02
5.203799999999999955e+02
5.208400000000000318e+02
5.220800000000000409e+02
5.237100000000000364e+02
5.242400000000000091e+02
5.262699999999999818e+02
5.275299999999999727e+02
5.277799999999999727e+02
5.300199999999999818e+02
5.306100000000000136e+02
5.323100000000000591e+02
5.360399999999999636e+02
5.376000000000000227e+02
5.404300000000000637e+02
5.406399999999999864e+02
5.417400000000000091e+02
5.423700000000000045e+02
5.441699999999999591e+02
5.458500000000000227e+02
5.465399999999999636e+02
5.477100000000000364e+02
5.480600000000000591e+02
5.501499999999999773e+02
5.519300000000000637e+02
5.558300000000000409e+02
5.573899999999999864e+02
5.574600000000000364e+02
5.598100000000000591e+02
5.601000000000000227e+02
5.615600000000000591e+02
5.618899999999999864e+02
5.633700000000000045e+02
5.641900000000000546e+02
5.654099999999999682e+02
5.678400000000000318e+02
5.679900000000000091e+02
5.694800000000000182e+02
5.712799999999999727e+02
5.716900000000000546e+02
5.717500000000000000e+02
5.734800000000000182e+02
5.735800000000000409e+02
5.755000000000000000e+02
5.779099999999999682e+02
5.793200000000000500e+02
5.812799999999999727e+02
5.845099999999999909e+02
5.856699999999999591e+02
5.870600000000000591e+02
5.878700000000000045e+02
5.885700000000000500e+02
5.912699999999999818e+02
5.920199999999999818e+02
5.945500000000000682e+02
5.960099999999999909e+02
5.962400000000000091e+02
5.982799999999999727e+02
5.994600000000000364e+02
6.001299999999999955e+02
6.013400000000000318e+02
6.021800000000000637e+02
6.040800000000000409e+02
6.053200000000000500e+02
6.076599999999999682e+02
6.098700000000000045e+02
6.100000000000000000e+02
6.118400000000000318e+02
6.120800000000000409e+02
6.132300000000000182e+02
6.145800000000000409e+02
6.153899999999999864e+02
6.162100000000000364e+02
6.177000000000000455e+02
6.195000000000000000e+02
6.199300000000000637e+02
6.210600000000000591e+02
6.219700000000000273e+02
6.235800000000000409e+02
6.256599999999999682e+02
6.294700000000000273e+02
6.313000000000000682e+02
6.316000000000000227e+02
6.332000000000000455e+02
6.336399999999999864e+02
6.361699999999999591e+02
6.375299999999999727e+02
6.396000000000000227e+02
6.417599999999999909e+02
6.430199999999999818e+02
6.438200000000000500e+02
6.441499999999999773e+02
6.456900000000000546e+02
6.475299999999999727e+02
6.498500000000000227e+02
6.515099999999999909e+02
6.533100000000000591e+02
6.543100000000000591e+02
6.565199999999999818e+02
6.591299999999999955e+02
6.600700000000000500e+02
6.601100000000000136e+02
6.613400000000000318e+02
6.623799999999999955e+02
6.642400000000000091e+02
6.656200000000000045e+02
6.673999999999999773e+02
6.693500000000000227e+02
6.713999999999999773e+02
6.730900000000000318e+02
6.734800000000000182e+02
6.759500000000000455e+02
6.774600000000000364e+02
6.802100000000000364e+02
6.820900000000000318e+02
6.859099999999999682e+02
6.869600000000000364e+02
6.883700000000000045e+02
6.887500000000000000e+02
6.905099999999999909e+02
6.916499999999999773e+02
6.929199999999999591e+02
6.954600000000000364e+02
6.960500000000000682e+02
6.995800000000000409e+02
6.998300000000000409e+02
7.008899999999999864e+02
7.023799999999999955e+02
7.038799999999999955e+02
7.052100000000000364e+02
7.061399999999999864e+02
7.080399999999999636e+02
7.083400000000000318e+02
7.091599999999999682e+02
7.104500000000000455e+02
7.140399999999999636e+02
7.149199999999999591e+02
7.169300000000000637e+02
7.176399999999999864e+02
7.185399999999999636e+02
7.205399999999999636e+02
7.207400000000000091e+02
7.237699999999999818e+02
7.246900000000000546e+02
7.252400000000000091e+02
7.268700000000000045e+02
7.280299999999999727e+02
7.282100000000000364e+02
7.296499999999999773e+02
7.308999999999999773e+02
7.324300000000000637e+02
7.349900000000000091e+02
7.354600000000000364e+02
7.361100000000000136e+02
7.384300000000000637e+02
7.387300000000000182e+02
7.391000000000000227e+02
7.408500000000000227e+02
7.416000000000000227e+02
7.430800000000000409e+02
7.455099999999999909e+02
7.482100000000000364e+02
7.496599999999999682e+02
7.518999999999999773e+02
7.520500000000000682e+02
7.553799999999999955e+02
7.558799999999999955e+02
7.568600000000000136e+02
7.604300000000000637e+02
7.613000000000000682e+02
7.636299999999999955e+02
7.650199999999999818e+02
7.661700000000000728e+02
7.673999999999999773e+02
7.696700000000000728e+02
7.732000000000000455e+02
7.740700000000000500e+02
7.756299999999999955e+02
7.785199999999999818e+02
7.791299999999999955e+02
7.812799999999999727e+02
7.817599999999999909e+02
7.864500000000000455e+02
7.868600000000000136e+02
7.893700000000000045e+02
7.914400000000000546e+02
7.916100000000000136e+02
7.927000000000000455e+02
7.974400000000000546e+02
7.982899999999999636e+02
7.989800000000000182e+02
8.009300000000000637e+02
8.032699999999999818e+02
8.040500000000000682e+02
8.048700000000000045e+02
8.056700000000000728e+02
8.079600000000000364e+02
8.093100000000000591e+02
8.106900000000000546e+02
8.119500000000000455e+02
8.138000000000000682e+02
8.159900000000000091e+02
8.174700000000000273e+02
8.190099999999999909e+02
8.192200000000000273e+02
8.207799999999999727e+02
8.235399999999999636e+02
8.282000000000000455e+02
8.288200000000000500e+02
8.289300000000000637e+02
8.295600000000000591e+02
8.322599999999999909e+02
8.330000000000000000e+02
8.341499999999999773e+02
8.350500000000000682e+02
8.364800000000000182e+02
8.390900000000000318e+02
8.395600000000000591e+02
8.400800000000000409e+02
8.413600000000000136e+02
8.418600000000000136e+02
8.432699999999999818e+02
8.439500000000000455e+02
8.446599999999999682e+02
8.532400000000000091e+02
8.532500000000000000e+02
8.586200000000000045e+02
8.618799999999999955e+02
8.644500000000000455e+02
8.675099999999999909e+02
8.681100000000000136e+02
8.688200000000000500e+02
8.737300000000000182e+02
8.737899999999999636e+02
8.762699999999999818e+02
8.765399999999999636e+02
8.788500000000000227e+02
8.798999999999999773e+02
8.813700000000000045e+02
8.843700000000000045e+02
8.869700000000000273e+02
8.877300000000000182e+02
8.893799999999999955e+02
8.902400000000000091e+02
8.925700000000000500e+02
8.931900000000000546e+02
8.985399999999999636e+02
8.988400000000000318e+02
8.994600000000000364e+02
9.010000000000000000e+02
9.019500000000000455e+02
9.064600000000000364e+02
9.086599999999999682e+02
9.120900000000000318e+02
9.124200000000000728e+02
9.126499999999999773e+02
9.206299999999999955e+02
9.237400000000000091e+02
9.241800000000000637e+02
9.301499999999999773e+02
9.303200000000000500e+02
9.324900000000000091e+02
9.336700000000000728e+02
9.359700000000000273e+02
9.362000000000000455e+02
9.382899999999999636e+02
9.404200000000000728e+02
9.406100000000000136e+02
9.476599999999999682e+02
9.486900000000000546e+02
9.516399999999999864e+02
9.524300000000000637e+02
9.525700000000000500e+02
9.544300000000000637e+02
9.599800000000000182e+02
9.614600000000000364e+02
9.639600000000000364e+02
9.662400000000000091e+02
9.680600000000000591e+02
9.704600000000000364e+02
9.706800000000000637e+02
9.717899999999999636e+02
9.741000000000000227e+02
9.760900000000000318e+02
9.782599999999999909e+02
9.834700000000000273e+02
9.844800000000000182e+02
9.862799999999999727e+02
9.880900000000000318e+02
9.918999999999999773e+02
9.940600000000000591e+02
9.942699999999999818e+02
9.960099999999999909e+02
9.983600000000000136e+02
9.997699999999999818e+02
