2.840000000000000213e+01
3.053000000000000114e+01
3.831000000000000227e+01
7.448999999999999488e+01
1.778000000000000114e+02
2.019600000000000080e+02
2.076299999999999955e+02
3.224300000000000068e+02
3.325799999999999841e+02
3.527400000000000091e+02
3.948100000000000023e+02
4.150500000000000114e+02
4.762900000000000205e+02
5.218400000000000318e+02
5.800500000000000682e+02
7.043000000000000682e+02
7.290299999999999727e+02
7.753400000000000318e+02
8.662799999999999727e+02
9.004400000000000546e+02
3.438000000000000256e+01
4.042000000000000171e+01
4.407000000000000028e+01
4.828000000000000114e+01
6.432999999999999829e+01
7.228000000000000114e+01
1.068200000000000074e+02
1.105000000000000000e+02
1.188299999999999983e+02
1.246400000000000006e+02
1.267800000000000011e+02
1.625200000000000102e+02
1.805600000000000023e+02
1.847100000000000080e+02
1.868000000000000114e+02
1.929000000000000057e+02
2.008799999999999955e+02
2.127899999999999920e+02
2.166700000000000159e+02
2.335000000000000000e+02
2.369000000000000057e+02
2.393199999999999932e+02
2.527600000000000193e+02
2.568299999999999841e+02
2.710900000000000318e+02
2.891000000000000227e+02
3.016800000000000068e+02
3.090300000000000296e+02
3.150000000000000000e+02
3.211000000000000227e+02
3.310400000000000205e+02
3.569900000000000091e+02
3.660000000000000000e+02
3.874900000000000091e+02
3.932500000000000000e+02
4.193299999999999841e+02
4.454300000000000068e+02
4.475099999999999909e+02
4.542599999999999909e+02
4.836100000000000136e+02
4.916299999999999955e+02
4.966100000000000136e+02
5.074499999999999886e+02
5.247100000000000364e+02
5.417599999999999909e+02
5.648300000000000409e+02
5.686800000000000637e+02
5.877899999999999636e+02
6.038400000000000318e+02
6.082000000000000455e+02
6.161200000000000045e+02
6.573400000000000318e+02
6.634199999999999591e+02
6.781100000000000136e+02
6.914700000000000273e+02
7.381499999999999773e+02
7.462899999999999636e+02
7.783100000000000591e+02
7.863100000000000591e+02
8.041599999999999682e+02
8.146200000000000045e+02
8.302100000000000364e+02
8.462899999999999636e+02
8.965399999999999636e+02
9.369200000000000728e+02
9.390900000000000318e+02
9.448999999999999773e+02
9.851000000000000227e+02
9.951100000000000136e+02
1.421000000000000085e+01
2.228000000000000114e+01
3.820000000000000284e+01
4.028999999999999915e+01
5.820000000000000284e+01
7.053000000000000114e+01
8.220000000000000284e+01
8.612999999999999545e+01
8.825000000000000000e+01
1.040900000000000034e+02
1.140300000000000011e+02
1.199800000000000040e+02
1.240700000000000074e+02
1.561800000000000068e+02
1.604600000000000080e+02
1.782199999999999989e+02
1.940000000000000000e+02
1.961800000000000068e+02
2.079300000000000068e+02
2.101200000000000045e+02
2.122000000000000171e+02
2.198900000000000148e+02
2.339099999999999966e+02
2.362899999999999920e+02
2.399000000000000057e+02
2.425300000000000011e+02
2.484099999999999966e+02
2.742900000000000205e+02
2.863199999999999932e+02
2.941399999999999864e+02
3.099200000000000159e+02
3.226299999999999955e+02
3.439200000000000159e+02
3.583600000000000136e+02
3.660500000000000114e+02
3.685699999999999932e+02
3.715900000000000318e+02
3.783299999999999841e+02
3.906999999999999886e+02
3.986600000000000250e+02
4.025300000000000296e+02
4.099399999999999977e+02
4.154700000000000273e+02
4.204900000000000091e+02
4.298700000000000045e+02
4.347500000000000000e+02
4.514900000000000091e+02
4.658199999999999932e+02
4.685600000000000023e+02
4.848199999999999932e+02
4.882800000000000296e+02
5.025699999999999932e+02
5.064200000000000159e+02
5.296900000000000546e+02
5.524800000000000182e+02
5.637000000000000455e+02
5.666299999999999955e+02
5.687200000000000273e+02
5.827100000000000364e+02
5.915900000000000318e+02
5.994300000000000637e+02
6.095700000000000500e+02
6.186699999999999591e+02
6.229900000000000091e+02
6.308100000000000591e+02
6.346800000000000637e+02
6.368899999999999864e+02
6.395199999999999818e+02
6.474199999999999591e+02
6.513100000000000591e+02
6.557300000000000182e+02
6.734199999999999591e+02
6.794600000000000364e+02
6.889500000000000455e+02
6.930600000000000591e+02
7.007799999999999727e+02
7.028600000000000136e+02
7.134800000000000182e+02
7.308999999999999773e+02
7.333999999999999773e+02
7.376100000000000136e+02
7.432899999999999636e+02
7.473899999999999864e+02
7.526100000000000136e+02
7.547200000000000273e+02
7.754099999999999682e+02
7.810700000000000500e+02
7.834099999999999682e+02
7.929800000000000182e+02
7.971800000000000637e+02
7.992899999999999636e+02
8.233200000000000500e+02
8.294400000000000546e+02
8.333200000000000500e+02
8.434200000000000728e+02
8.489800000000000182e+02
8.709300000000000637e+02
8.772899999999999636e+02
8.810800000000000409e+02
8.853100000000000591e+02
8.890600000000000591e+02
9.011299999999999955e+02
9.112500000000000000e+02
9.149700000000000273e+02
9.170099999999999909e+02
9.269200000000000728e+02
9.352200000000000273e+02
9.391000000000000227e+02
9.429800000000000182e+02
9.450399999999999636e+02
9.510299999999999727e+02
9.630099999999999909e+02
9.670399999999999636e+02
9.693000000000000682e+02
9.771000000000000227e+02
9.808500000000000227e+02
9.851900000000000546e+02
9.910199999999999818e+02
9.931100000000000136e+02
7.959999999999999964e+00
1.006000000000000050e+01
2.416000000000000014e+01
2.619999999999999929e+01
3.021999999999999886e+01
3.417999999999999972e+01
3.791000000000000369e+01
4.182000000000000028e+01
5.378000000000000114e+01
5.960000000000000142e+01
7.796999999999999886e+01
8.176000000000000512e+01
8.575000000000000000e+01
9.771999999999999886e+01
1.118599999999999994e+02
1.197100000000000080e+02
1.234800000000000040e+02
1.278400000000000034e+02
1.395099999999999909e+02
1.457899999999999920e+02
1.595300000000000011e+02
1.632700000000000102e+02
1.696200000000000045e+02
1.756100000000000136e+02
2.096299999999999955e+02
2.151100000000000136e+02
2.255999999999999943e+02
2.335699999999999932e+02
2.434500000000000171e+02
2.493700000000000045e+02
2.595300000000000296e+02
2.745500000000000114e+02
2.987599999999999909e+02
3.116100000000000136e+02
3.504000000000000341e+02
3.626700000000000159e+02
3.712200000000000273e+02
3.864399999999999977e+02
3.911700000000000159e+02
3.949600000000000364e+02
3.990099999999999909e+02
4.110900000000000318e+02
4.139499999999999886e+02
4.387400000000000091e+02
4.448299999999999841e+02
4.649700000000000273e+02
4.705600000000000023e+02
4.747100000000000364e+02
4.767900000000000205e+02
4.807500000000000000e+02
4.849300000000000068e+02
4.897900000000000205e+02
4.955799999999999841e+02
5.084800000000000182e+02
5.147500000000000000e+02
5.207500000000000000e+02
5.258400000000000318e+02
5.314400000000000546e+02
5.505800000000000409e+02
5.833500000000000227e+02
5.884199999999999591e+02
5.965000000000000000e+02
6.112200000000000273e+02
6.202200000000000273e+02
6.527400000000000091e+02
6.629900000000000091e+02
6.701399999999999864e+02
6.788200000000000500e+02
6.907100000000000364e+02
7.180000000000000000e+02
7.206699999999999591e+02
7.404099999999999682e+02
7.507200000000000273e+02
7.543500000000000227e+02
7.680600000000000591e+02
7.702100000000000364e+02
7.741299999999999955e+02
7.778799999999999955e+02
7.863600000000000136e+02
7.917899999999999636e+02
7.959300000000000637e+02
8.142599999999999909e+02
8.196200000000000045e+02
8.377699999999999818e+02
8.398200000000000500e+02
8.457200000000000273e+02
8.478100000000000591e+02
8.557400000000000091e+02
8.578200000000000500e+02
8.598700000000000045e+02
8.779800000000000182e+02
8.833999999999999773e+02
8.859099999999999682e+02
8.897500000000000000e+02
9.056000000000000227e+02
9.292400000000000091e+02
9.411800000000000637e+02
9.474400000000000546e+02
9.553500000000000227e+02
9.595099999999999909e+02
9.712400000000000091e+02
9.733200000000000500e+02
9.851399999999999864e+02
9.872300000000000182e+02
9.950900000000000318e+02
4.540000000000000036e+00
1.225000000000000000e+01
4.402000000000000313e+01
4.767999999999999972e+01
7.976000000000000512e+01
1.095600000000000023e+02
1.448799999999999955e+02
1.489200000000000159e+02
1.591800000000000068e+02
2.399800000000000182e+02
2.821999999999999886e+02
3.220799999999999841e+02
3.570400000000000205e+02
3.617099999999999795e+02
4.284200000000000159e+02
4.332200000000000273e+02
4.946899999999999977e+02
5.721900000000000546e+02
5.786900000000000546e+02
5.980500000000000682e+02
6.872899999999999636e+02
6.901100000000000136e+02
7.270000000000000000e+02
7.546100000000000136e+02
7.608799999999999955e+02
8.619099999999999682e+02
8.723100000000000591e+02
9.318300000000000409e+02
9.531900000000000546e+02
2.771700000000000159e+02
3.919200000000000159e+02
1.459300000000000068e+02
