1.737000000000000099e+01
5.321000000000000085e+01
1.538100000000000023e+02
2.180500000000000114e+02
2.983600000000000136e+02
3.025500000000000114e+02
5.834199999999999591e+02
7.646200000000000045e+02
8.290399999999999636e+02
8.828400000000000318e+02
1.856100000000000136e+02
2.093100000000000023e+02
2.774599999999999795e+02
2.814399999999999977e+02
4.056800000000000068e+02
4.541899999999999977e+02
4.583199999999999932e+02
4.895799999999999841e+02
5.025799999999999841e+02
6.347100000000000364e+02
6.697300000000000182e+02
7.138500000000000227e+02
7.172599999999999909e+02
7.375199999999999818e+02
7.711700000000000728e+02
7.820199999999999818e+02
7.897400000000000091e+02
8.551900000000000546e+02
8.675700000000000500e+02
9.137799999999999727e+02
9.335800000000000409e+02
9.657200000000000273e+02
2.478999999999999915e+01
2.896000000000000085e+01
2.206400000000000148e+02
2.249900000000000091e+02
3.006600000000000250e+02
3.321600000000000250e+02
3.924000000000000341e+02
3.956999999999999886e+02
4.201600000000000250e+02
5.200600000000000591e+02
5.606599999999999682e+02
5.721900000000000546e+02
6.750299999999999727e+02
6.785000000000000000e+02
6.998100000000000591e+02
7.084500000000000455e+02
7.121299999999999955e+02
7.744200000000000728e+02
7.837899999999999636e+02
7.946200000000000045e+02
8.025500000000000682e+02
8.322699999999999818e+02
8.360099999999999909e+02
8.560800000000000409e+02
8.858600000000000136e+02
8.941800000000000637e+02
9.079200000000000728e+02
9.515000000000000000e+02
9.558300000000000409e+02
9.267000000000000171e+01
1.166599999999999966e+02
1.480300000000000011e+02
1.640800000000000125e+02
4.112200000000000273e+02
4.151999999999999886e+02
5.028400000000000318e+02
5.734099999999999682e+02
6.022300000000000182e+02
7.573700000000000045e+02
7.955900000000000318e+02
8.006399999999999864e+02
8.687100000000000364e+02
8.785000000000000000e+02
8.881800000000000637e+02
9.602400000000000091e+02
9.702300000000000182e+02
9.917200000000000273e+02
9.997400000000000091e+02
9.976999999999999602e+01
3.620099999999999909e+02
9.086399999999999864e+02
