2.520000000000000018e+00
3.399999999999999911e+00
3.560000000000000053e+00
5.500000000000000000e+00
6.370000000000000107e+00
6.530000000000000249e+00
7.709999999999999964e+00
8.439999999999999503e+00
1.052999999999999936e+01
1.138000000000000078e+01
1.258999999999999986e+01
1.356000000000000050e+01
1.562000000000000099e+01
1.641000000000000014e+01
1.642999999999999972e+01
1.651999999999999957e+01
1.860000000000000142e+01
2.044000000000000128e+01
2.046999999999999886e+01
2.144999999999999929e+01
2.266000000000000014e+01
2.271999999999999886e+01
2.646999999999999886e+01
2.658000000000000185e+01
2.766000000000000014e+01
2.924000000000000199e+01
2.950000000000000000e+01
3.066000000000000014e+01
3.331000000000000227e+01
3.357000000000000028e+01
3.538000000000000256e+01
3.620000000000000284e+01
3.832000000000000028e+01
3.949000000000000199e+01
3.980000000000000426e+01
4.061999999999999744e+01
4.196999999999999886e+01
4.270000000000000284e+01
4.346000000000000085e+01
4.549000000000000199e+01
4.616000000000000369e+01
4.634000000000000341e+01
4.673000000000000398e+01
4.859000000000000341e+01
4.977000000000000313e+01
5.032000000000000028e+01
5.032999999999999829e+01
5.167000000000000171e+01
5.281000000000000227e+01
5.473000000000000398e+01
5.521000000000000085e+01
5.648000000000000398e+01
5.757000000000000028e+01
6.043999999999999773e+01
6.325999999999999801e+01
6.785999999999999943e+01
6.940000000000000568e+01
7.082000000000000739e+01
7.156000000000000227e+01
7.260000000000000853e+01
7.315000000000000568e+01
7.526000000000000512e+01
7.562000000000000455e+01
7.632999999999999829e+01
7.707000000000000739e+01
7.814000000000000057e+01
7.843999999999999773e+01
7.989000000000000057e+01
7.993999999999999773e+01
8.062999999999999545e+01
8.265999999999999659e+01
8.298999999999999488e+01
8.562000000000000455e+01
8.635000000000000853e+01
8.682000000000000739e+01
8.845000000000000284e+01
8.875000000000000000e+01
8.998000000000000398e+01
9.165000000000000568e+01
9.243999999999999773e+01
9.289000000000000057e+01
9.462999999999999545e+01
9.484000000000000341e+01
9.510000000000000853e+01
9.696000000000000796e+01
9.768999999999999773e+01
9.768999999999999773e+01
9.814000000000000057e+01
9.976000000000000512e+01
1.020100000000000051e+02
1.031400000000000006e+02
1.033700000000000045e+02
1.048799999999999955e+02
1.103599999999999994e+02
1.109500000000000028e+02
1.112999999999999972e+02
1.137300000000000040e+02
1.138100000000000023e+02
1.153500000000000085e+02
1.154800000000000040e+02
1.166899999999999977e+02
1.182999999999999972e+02
1.184399999999999977e+02
1.188100000000000023e+02
1.198500000000000085e+02
1.212199999999999989e+02
1.221899999999999977e+02
1.237699999999999960e+02
1.272500000000000000e+02
1.293300000000000125e+02
1.293700000000000045e+02
1.332500000000000000e+02
1.346400000000000148e+02
1.361999999999999886e+02
1.377400000000000091e+02
1.383400000000000034e+02
1.414099999999999966e+02
1.424099999999999966e+02
1.428400000000000034e+02
1.446400000000000148e+02
1.451899999999999977e+02
1.458499999999999943e+02
1.468499999999999943e+02
1.473300000000000125e+02
1.475500000000000114e+02
1.487299999999999898e+02
1.502100000000000080e+02
1.502199999999999989e+02
1.514900000000000091e+02
1.533900000000000148e+02
1.558000000000000114e+02
1.568400000000000034e+02
1.582199999999999989e+02
1.600500000000000114e+02
1.605800000000000125e+02
1.622400000000000091e+02
1.651599999999999966e+02
1.667500000000000000e+02
1.674099999999999966e+02
1.684000000000000057e+02
1.696299999999999955e+02
1.707500000000000000e+02
1.714699999999999989e+02
1.754799999999999898e+02
1.784399999999999977e+02
1.809600000000000080e+02
1.841400000000000148e+02
1.853799999999999955e+02
1.860200000000000102e+02
1.885399999999999920e+02
1.910200000000000102e+02
1.918100000000000023e+02
1.940399999999999920e+02
1.946599999999999966e+02
1.950699999999999932e+02
1.979800000000000182e+02
2.004399999999999977e+02
2.014200000000000159e+02
2.016500000000000057e+02
2.050200000000000102e+02
2.059300000000000068e+02
2.075800000000000125e+02
2.084399999999999977e+02
2.086800000000000068e+02
2.107800000000000011e+02
2.122599999999999909e+02
2.130600000000000023e+02
2.145000000000000000e+02
2.158100000000000023e+02
2.182100000000000080e+02
2.193199999999999932e+02
2.199500000000000171e+02
2.224000000000000057e+02
2.260399999999999920e+02
2.273900000000000148e+02
2.297599999999999909e+02
2.303600000000000136e+02
2.332000000000000171e+02
2.371800000000000068e+02
2.378000000000000114e+02
2.382700000000000102e+02
2.407700000000000102e+02
2.419000000000000057e+02
2.435500000000000114e+02
2.503900000000000148e+02
2.516200000000000045e+02
2.533300000000000125e+02
2.562800000000000296e+02
2.583400000000000318e+02
2.611700000000000159e+02
2.648299999999999841e+02
2.653500000000000227e+02
2.676700000000000159e+02
2.683199999999999932e+02
2.708500000000000227e+02
2.747800000000000296e+02
2.752300000000000182e+02
2.773100000000000023e+02
2.774700000000000273e+02
2.794900000000000091e+02
2.815699999999999932e+02
2.835099999999999909e+02
2.838000000000000114e+02
2.872699999999999818e+02
2.880900000000000318e+02
2.905199999999999818e+02
2.913000000000000114e+02
2.970400000000000205e+02
2.974800000000000182e+02
2.978500000000000227e+02
2.998400000000000318e+02
3.004399999999999977e+02
3.007400000000000091e+02
3.023100000000000023e+02
3.038199999999999932e+02
3.066500000000000341e+02
3.070400000000000205e+02
3.083199999999999932e+02
3.101299999999999955e+02
3.112699999999999818e+02
3.126700000000000159e+02
3.146899999999999977e+02
3.147200000000000273e+02
3.164599999999999795e+02
3.170699999999999932e+02
3.205600000000000023e+02
3.218899999999999864e+02
3.230099999999999909e+02
3.264399999999999977e+02
3.265199999999999818e+02
3.270300000000000296e+02
3.286299999999999955e+02
3.305000000000000000e+02
3.326999999999999886e+02
3.330000000000000000e+02
3.343600000000000136e+02
3.353400000000000318e+02
3.378199999999999932e+02
3.411100000000000136e+02
3.431800000000000068e+02
3.436800000000000068e+02
3.451700000000000159e+02
3.453500000000000227e+02
3.481299999999999955e+02
3.485600000000000023e+02
3.503799999999999955e+02
3.507599999999999909e+02
3.529000000000000341e+02
3.564499999999999886e+02
3.566999999999999886e+02
3.577800000000000296e+02
3.578700000000000045e+02
3.602599999999999909e+02
3.603799999999999955e+02
3.625600000000000023e+02
3.628199999999999932e+02
3.655900000000000318e+02
3.656899999999999977e+02
3.665300000000000296e+02
3.687500000000000000e+02
3.691600000000000250e+02
3.708799999999999955e+02
3.713500000000000227e+02
3.740099999999999909e+02
3.744300000000000068e+02
3.752500000000000000e+02
3.776399999999999864e+02
3.792599999999999909e+02
3.799300000000000068e+02
3.837900000000000205e+02
3.853000000000000114e+02
3.859399999999999977e+02
3.889600000000000364e+02
3.902200000000000273e+02
3.910600000000000023e+02
3.928899999999999864e+02
3.930099999999999909e+02
3.932300000000000182e+02
3.943299999999999841e+02
3.971899999999999977e+02
3.988700000000000045e+02
4.001999999999999886e+02
4.023100000000000023e+02
4.026700000000000159e+02
4.050500000000000114e+02
4.054399999999999977e+02
4.061700000000000159e+02
4.078299999999999841e+02
4.086500000000000341e+02
4.102800000000000296e+02
4.112900000000000205e+02
4.115400000000000205e+02
4.116100000000000136e+02
4.119900000000000091e+02
4.123799999999999955e+02
4.136800000000000068e+02
4.165699999999999932e+02
4.179399999999999977e+02
4.182699999999999818e+02
4.186100000000000136e+02
4.213199999999999932e+02
4.219900000000000091e+02
4.233500000000000227e+02
4.259700000000000273e+02
4.284499999999999886e+02
4.289000000000000341e+02
4.289900000000000091e+02
4.292400000000000091e+02
4.295099999999999909e+02
4.322800000000000296e+02
4.352200000000000273e+02
4.389700000000000273e+02
4.401399999999999864e+02
4.417200000000000273e+02
4.429700000000000273e+02
4.432200000000000273e+02
4.443400000000000318e+02
4.458799999999999955e+02
4.471700000000000159e+02
4.490099999999999909e+02
4.494700000000000273e+02
4.495600000000000023e+02
4.501800000000000068e+02
4.519600000000000364e+02
4.532900000000000205e+02
4.536399999999999864e+02
4.540400000000000205e+02
4.558000000000000114e+02
4.560799999999999841e+02
4.573500000000000227e+02
4.581600000000000250e+02
4.594399999999999977e+02
4.610799999999999841e+02
4.614900000000000091e+02
4.620000000000000000e+02
4.632200000000000273e+02
4.640900000000000318e+02
4.643700000000000045e+02
4.659900000000000091e+02
4.670400000000000205e+02
4.671500000000000341e+02
4.672599999999999909e+02
4.676600000000000250e+02
4.691999999999999886e+02
4.692900000000000205e+02
4.720900000000000318e+02
4.721800000000000068e+02
4.733700000000000045e+02
4.750000000000000000e+02
4.750099999999999909e+02
4.771100000000000136e+02
4.773000000000000114e+02
4.789399999999999977e+02
4.801000000000000227e+02
4.812300000000000182e+02
4.841100000000000136e+02
4.861600000000000250e+02
4.880900000000000318e+02
4.890600000000000023e+02
4.911399999999999864e+02
4.911700000000000159e+02
4.921100000000000136e+02
4.950799999999999841e+02
4.950799999999999841e+02
4.971000000000000227e+02
4.979499999999999886e+02
5.001000000000000227e+02
5.001399999999999864e+02
5.013199999999999932e+02
5.021100000000000136e+02
5.031399999999999864e+02
5.041299999999999955e+02
5.061000000000000227e+02
5.070600000000000023e+02
5.090200000000000387e+02
5.090799999999999841e+02
5.099600000000000364e+02
5.119399999999999977e+02
5.120700000000000500e+02
5.129600000000000364e+02
5.130900000000000318e+02
5.149300000000000637e+02
5.151000000000000227e+02
5.190199999999999818e+02
5.190800000000000409e+02
5.200900000000000318e+02
5.201100000000000136e+02
5.212300000000000182e+02
5.230299999999999727e+02
5.240499999999999545e+02
5.241499999999999773e+02
5.270600000000000591e+02
5.270900000000000318e+02
5.289600000000000364e+02
5.300399999999999636e+02
5.310700000000000500e+02
5.320499999999999545e+02
5.332500000000000000e+02
5.359300000000000637e+02
5.377799999999999727e+02
5.381000000000000227e+02
5.381699999999999591e+02
5.411100000000000136e+02
5.412599999999999909e+02
5.430199999999999818e+02
5.438999999999999773e+02
5.443300000000000409e+02
5.448300000000000409e+02
5.451100000000000136e+02
5.464900000000000091e+02
5.468899999999999864e+02
5.470900000000000318e+02
5.474700000000000273e+02
5.478100000000000591e+02
5.490399999999999636e+02
5.509099999999999682e+02
5.512200000000000273e+02
5.528799999999999955e+02
5.550600000000000591e+02
5.578100000000000591e+02
5.579600000000000364e+02
5.591499999999999773e+02
5.609700000000000273e+02
5.615000000000000000e+02
5.627200000000000273e+02
5.631900000000000546e+02
5.648100000000000591e+02
5.649800000000000182e+02
5.652699999999999818e+02
5.663700000000000045e+02
5.670399999999999636e+02
5.688200000000000500e+02
5.698000000000000682e+02
5.712400000000000091e+02
5.714900000000000091e+02
5.717000000000000455e+02
5.718999999999999773e+02
5.762400000000000091e+02
5.768799999999999955e+02
5.790500000000000682e+02
5.805099999999999909e+02
5.808000000000000682e+02
5.816100000000000136e+02
5.829600000000000364e+02
5.832799999999999727e+02
5.855199999999999818e+02
5.859099999999999682e+02
5.863400000000000318e+02
5.873500000000000227e+02
5.876900000000000546e+02
5.889099999999999682e+02
5.910399999999999636e+02
5.916900000000000546e+02
5.923100000000000591e+02
5.932899999999999636e+02
5.939400000000000546e+02
5.956299999999999955e+02
5.968999999999999773e+02
5.975000000000000000e+02
5.977699999999999818e+02
5.990199999999999818e+02
6.002500000000000000e+02
6.016399999999999864e+02
6.020600000000000591e+02
6.042899999999999636e+02
6.048000000000000682e+02
6.054400000000000546e+02
6.059400000000000546e+02
6.072599999999999909e+02
6.086599999999999682e+02
6.094900000000000091e+02
6.107500000000000000e+02
6.114600000000000364e+02
6.144600000000000364e+02
6.149500000000000455e+02
6.163100000000000591e+02
6.170900000000000318e+02
6.177599999999999909e+02
6.192500000000000000e+02
6.215900000000000318e+02
6.219199999999999591e+02
6.222500000000000000e+02
6.243999999999999773e+02
6.249199999999999591e+02
6.271299999999999955e+02
6.276800000000000637e+02
6.292899999999999636e+02
6.309800000000000182e+02
6.312500000000000000e+02
6.314800000000000182e+02
6.335800000000000409e+02
6.347599999999999909e+02
6.353100000000000591e+02
6.377599999999999909e+02
6.378799999999999955e+02
6.398899999999999864e+02
6.403999999999999773e+02
6.407500000000000000e+02
6.413600000000000136e+02
6.433600000000000136e+02
6.458700000000000045e+02
6.477699999999999818e+02
6.488100000000000591e+02
6.494500000000000455e+02
6.526699999999999591e+02
6.546100000000000136e+02
6.552799999999999727e+02
6.564199999999999591e+02
6.567599999999999909e+02
6.579900000000000091e+02
6.603500000000000227e+02
6.607300000000000182e+02
6.622599999999999909e+02
6.639400000000000546e+02
6.663300000000000409e+02
6.668100000000000591e+02
6.672300000000000182e+02
6.689099999999999682e+02
6.711100000000000136e+02
6.728799999999999955e+02
6.732400000000000091e+02
6.759199999999999591e+02
6.762000000000000455e+02
6.782599999999999909e+02
6.786900000000000546e+02
6.793000000000000682e+02
6.812599999999999909e+02
6.828999999999999773e+02
6.829900000000000091e+02
6.842799999999999727e+02
6.851000000000000227e+02
6.867400000000000091e+02
6.893400000000000318e+02
6.896699999999999591e+02
6.916399999999999864e+02
6.917699999999999818e+02
6.940199999999999818e+02
6.955600000000000591e+02
7.006399999999999864e+02
7.009500000000000455e+02
7.012000000000000455e+02
7.035199999999999818e+02
7.052200000000000273e+02
7.086800000000000637e+02
7.092100000000000364e+02
7.094400000000000546e+02
7.094700000000000273e+02
7.122200000000000273e+02
7.126900000000000546e+02
7.148799999999999955e+02
7.154600000000000364e+02
7.179800000000000182e+02
7.184300000000000637e+02
7.195399999999999636e+02
7.219600000000000364e+02
7.245299999999999727e+02
7.273600000000000136e+02
7.284500000000000455e+02
7.286399999999999864e+02
7.294700000000000273e+02
7.310600000000000591e+02
7.325399999999999636e+02
7.348400000000000318e+02
7.364199999999999591e+02
7.373100000000000591e+02
7.403000000000000682e+02
7.427100000000000364e+02
7.443799999999999955e+02
7.470199999999999818e+02
7.498799999999999955e+02
7.498999999999999773e+02
7.548500000000000227e+02
7.567899999999999636e+02
7.619199999999999591e+02
7.660800000000000409e+02
7.683600000000000136e+02
7.690399999999999636e+02
7.698600000000000136e+02
7.713999999999999773e+02
7.726200000000000045e+02
7.738200000000000500e+02
7.762799999999999727e+02
7.767300000000000182e+02
7.793400000000000318e+02
7.818799999999999955e+02
7.820700000000000500e+02
7.828999999999999773e+02
7.869700000000000273e+02
7.890299999999999727e+02
7.902300000000000182e+02
7.910700000000000500e+02
7.922899999999999636e+02
7.940000000000000000e+02
7.960600000000000591e+02
7.960900000000000318e+02
7.967599999999999909e+02
7.982100000000000364e+02
7.990000000000000000e+02
8.012500000000000000e+02
8.017200000000000273e+02
8.031499999999999773e+02
8.047100000000000364e+02
8.097599999999999909e+02
8.110700000000000500e+02
8.123400000000000318e+02
8.142799999999999727e+02
8.154900000000000091e+02
8.172100000000000364e+02
8.176900000000000546e+02
8.213000000000000682e+02
8.216399999999999864e+02
8.218000000000000682e+02
8.251299999999999955e+02
8.254900000000000091e+02
8.287500000000000000e+02
8.301399999999999864e+02
8.331700000000000728e+02
8.345900000000000318e+02
8.366499999999999773e+02
8.373999999999999773e+02
8.380399999999999636e+02
8.402000000000000455e+02
8.406200000000000045e+02
8.429500000000000455e+02
8.444500000000000455e+02
8.447200000000000273e+02
8.448899999999999864e+02
8.450600000000000591e+02
8.472000000000000455e+02
8.496000000000000227e+02
8.510600000000000591e+02
8.510700000000000500e+02
8.538999999999999773e+02
8.542000000000000455e+02
8.546700000000000728e+02
8.566100000000000136e+02
8.568200000000000500e+02
8.583600000000000136e+02
8.629500000000000455e+02
8.635399999999999636e+02
8.652799999999999727e+02
8.656299999999999955e+02
8.665399999999999636e+02
8.668799999999999955e+02
8.683200000000000500e+02
8.688400000000000318e+02
8.690099999999999909e+02
8.724099999999999682e+02
8.734200000000000728e+02
8.746399999999999864e+02
8.747300000000000182e+02
8.764300000000000637e+02
8.764500000000000455e+02
8.778799999999999955e+02
8.785800000000000409e+02
8.800800000000000409e+02
8.814800000000000182e+02
8.815700000000000500e+02
8.838899999999999864e+02
8.843400000000000318e+02
8.843999999999999773e+02
8.858700000000000045e+02
8.870700000000000500e+02
8.873300000000000409e+02
8.901800000000000637e+02
8.908100000000000591e+02
8.909300000000000637e+02
8.925000000000000000e+02
8.930399999999999636e+02
8.933200000000000500e+02
8.946100000000000136e+02
8.967100000000000364e+02
8.975500000000000682e+02
8.983799999999999955e+02
8.998700000000000045e+02
9.015900000000000318e+02
9.046000000000000227e+02
9.050500000000000682e+02
9.055399999999999636e+02
9.073200000000000500e+02
9.088799999999999955e+02
9.095299999999999727e+02
9.126700000000000728e+02
9.132100000000000364e+02
9.133899999999999864e+02
9.166499999999999773e+02
9.184400000000000546e+02
9.187699999999999818e+02
9.246100000000000136e+02
9.247899999999999636e+02
9.269700000000000273e+02
9.285900000000000318e+02
9.311700000000000728e+02
9.328600000000000136e+02
9.330800000000000409e+02
9.350099999999999909e+02
9.352300000000000182e+02
9.366399999999999864e+02
9.377100000000000364e+02
9.388000000000000682e+02
9.389600000000000364e+02
9.398400000000000318e+02
9.427000000000000455e+02
9.450800000000000409e+02
9.453500000000000227e+02
9.468000000000000682e+02
9.479600000000000364e+02
9.495700000000000500e+02
9.498100000000000591e+02
9.501499999999999773e+02
9.522500000000000000e+02
9.534800000000000182e+02
9.537300000000000182e+02
9.549900000000000091e+02
9.551700000000000728e+02
9.553100000000000591e+02
9.556700000000000728e+02
9.578200000000000500e+02
9.585500000000000682e+02
9.598700000000000045e+02
9.606700000000000728e+02
9.615299999999999727e+02
9.623300000000000409e+02
9.638700000000000045e+02
9.669300000000000637e+02
9.674700000000000273e+02
9.677699999999999818e+02
9.690299999999999727e+02
9.695900000000000318e+02
9.707899999999999636e+02
9.714400000000000546e+02
9.716599999999999682e+02
9.729900000000000091e+02
9.749300000000000637e+02
9.754400000000000546e+02
9.759300000000000637e+02
9.792799999999999727e+02
9.804900000000000091e+02
9.808400000000000318e+02
9.816100000000000136e+02
9.836100000000000136e+02
9.837900000000000773e+02
9.846599999999999682e+02
9.867599999999999909e+02
9.886399999999999864e+02
9.886900000000000546e+02
9.898999999999999773e+02
9.907799999999999727e+02
9.915400000000000773e+02
9.927500000000000000e+02
9.936299999999999955e+02
9.937400000000000091e+02
9.957300000000000182e+02
9.958100000000000591e+02
9.965199999999999818e+02
9.987699999999999818e+02
9.987799999999999727e+02
9.995000000000000000e+02
