5.835000000000000000e+02
5.965800000000000409e+02
7.166100000000000136e+02
7.623999999999999488e+01
5.835099999999999909e+02
5.966299999999999955e+02
6.795000000000000000e+02
6.931699999999999591e+02
7.166499999999999773e+02
5.835099999999999909e+02
6.932200000000000273e+02
5.835199999999999818e+02
6.932799999999999727e+02
5.835299999999999727e+02
4.421999999999999886e+01
4.427000000000000313e+01
4.431000000000000227e+01
4.438000000000000256e+01
2.628999999999999915e+01
2.111299999999999955e+02
5.323400000000000318e+02
5.834900000000000091e+02
5.964700000000000273e+02
7.165199999999999818e+02
8.459600000000000364e+02
2.646999999999999886e+01
2.112400000000000091e+02
5.834900000000000091e+02
5.964900000000000091e+02
7.165299999999999727e+02
5.834900000000000091e+02
5.965000000000000000e+02
7.165500000000000682e+02
5.834900000000000091e+02
5.965299999999999727e+02
7.165600000000000591e+02
5.835000000000000000e+02
5.965500000000000682e+02
7.165800000000000409e+02
