5.410000000000000142e+00
1.805000000000000071e+01
1.408400000000000034e+02
1.849200000000000159e+02
2.487500000000000000e+02
2.652900000000000205e+02
2.666999999999999886e+02
2.872200000000000273e+02
3.983600000000000136e+02
4.616600000000000250e+02
4.784600000000000364e+02
5.197500000000000000e+02
5.385499999999999545e+02
5.517599999999999909e+02
6.724400000000000546e+02
7.115099999999999909e+02
7.756299999999999955e+02
8.044200000000000728e+02
8.245700000000000500e+02
8.385500000000000682e+02
8.443999999999999773e+02
8.713500000000000227e+02
8.769700000000000273e+02
8.881599999999999682e+02
9.007500000000000000e+02
9.916700000000000728e+02
