3.876700000000000159e+02
9.890999999999999659e+01
1.497199999999999989e+02
4.042400000000000091e+02
4.346800000000000068e+02
4.872800000000000296e+02
7.738999999999999773e+02
8.006100000000000136e+02
8.629700000000000273e+02
1.987000000000000099e+01
2.615000000000000213e+01
3.229999999999999716e+01
4.235999999999999943e+01
4.855000000000000426e+01
5.252000000000000313e+01
7.865000000000000568e+01
8.673999999999999488e+01
9.073999999999999488e+01
9.828000000000000114e+01
1.368199999999999932e+02
1.469500000000000171e+02
1.573400000000000034e+02
1.673100000000000023e+02
1.836700000000000159e+02
2.115699999999999932e+02
2.261299999999999955e+02
2.377000000000000171e+02
2.415399999999999920e+02
2.436200000000000045e+02
2.557199999999999989e+02
2.742900000000000205e+02
2.899499999999999886e+02
3.100300000000000296e+02
3.228299999999999841e+02
3.449000000000000341e+02
3.569399999999999977e+02
3.624300000000000068e+02
3.987400000000000091e+02
4.289700000000000273e+02
4.331600000000000250e+02
4.352100000000000364e+02
4.471600000000000250e+02
4.932300000000000182e+02
5.005600000000000023e+02
5.156299999999999955e+02
5.560299999999999727e+02
5.820399999999999636e+02
5.913000000000000682e+02
6.001399999999999864e+02
6.201699999999999591e+02
6.242799999999999727e+02
6.559300000000000637e+02
6.637300000000000182e+02
6.664900000000000091e+02
6.765299999999999727e+02
6.797899999999999636e+02
6.825800000000000409e+02
7.080700000000000500e+02
7.143999999999999773e+02
7.166800000000000637e+02
7.308600000000000136e+02
7.531200000000000045e+02
7.569800000000000182e+02
7.712500000000000000e+02
7.788200000000000500e+02
7.833400000000000318e+02
8.156000000000000227e+02
8.395500000000000682e+02
8.415900000000000318e+02
8.518100000000000591e+02
9.100900000000000318e+02
9.462599999999999909e+02
9.846900000000000546e+02
4.040000000000000036e+00
7.950000000000000178e+00
9.980000000000000426e+00
1.381000000000000050e+01
1.637000000000000099e+01
2.587000000000000099e+01
3.241000000000000369e+01
3.635000000000000142e+01
4.020000000000000284e+01
4.223000000000000398e+01
4.630000000000000426e+01
4.838000000000000256e+01
5.221000000000000085e+01
5.610999999999999943e+01
5.841000000000000369e+01
7.212999999999999545e+01
7.443000000000000682e+01
8.446000000000000796e+01
8.653000000000000114e+01
9.032000000000000739e+01
9.615000000000000568e+01
1.004900000000000091e+02
1.025100000000000051e+02
1.062800000000000011e+02
1.124000000000000057e+02
1.162800000000000011e+02
1.185499999999999972e+02
1.206000000000000085e+02
1.226599999999999966e+02
1.423400000000000034e+02
1.485099999999999909e+02
1.546899999999999977e+02
1.584600000000000080e+02
1.623100000000000023e+02
1.643700000000000045e+02
1.664300000000000068e+02
1.687400000000000091e+02
1.723300000000000125e+02
1.809099999999999966e+02
1.906500000000000057e+02
1.930800000000000125e+02
1.967899999999999920e+02
2.149800000000000182e+02
2.171800000000000068e+02
2.228600000000000136e+02
2.270200000000000102e+02
2.306899999999999977e+02
2.369000000000000057e+02
2.425699999999999932e+02
2.447300000000000182e+02
2.471700000000000159e+02
2.626800000000000068e+02
2.649300000000000068e+02
2.687200000000000273e+02
2.712699999999999818e+02
2.789300000000000068e+02
2.845199999999999818e+02
2.866100000000000136e+02
2.991899999999999977e+02
3.026800000000000068e+02
3.056399999999999864e+02
3.089900000000000091e+02
3.178100000000000023e+02
3.270600000000000023e+02
3.369900000000000091e+02
3.390600000000000023e+02
3.430099999999999909e+02
3.469900000000000091e+02
3.516800000000000068e+02
3.591200000000000045e+02
3.632099999999999795e+02
3.652599999999999909e+02
3.709399999999999977e+02
3.856000000000000227e+02
3.908600000000000136e+02
3.977300000000000182e+02
4.089300000000000068e+02
4.110000000000000000e+02
4.158700000000000045e+02
4.331899999999999977e+02
4.420300000000000296e+02
4.441000000000000227e+02
4.593000000000000114e+02
4.671200000000000045e+02
4.694100000000000250e+02
4.791800000000000068e+02
4.812400000000000091e+02
4.833000000000000114e+02
4.893799999999999955e+02
4.923600000000000136e+02
5.035300000000000296e+02
5.055799999999999841e+02
5.076200000000000045e+02
5.113899999999999864e+02
5.212100000000000364e+02
5.234700000000000273e+02
5.255900000000000318e+02
5.415700000000000500e+02
5.436699999999999591e+02
5.457200000000000273e+02
5.485399999999999636e+02
5.515600000000000591e+02
5.656200000000000045e+02
5.774800000000000182e+02
5.866900000000000546e+02
5.967799999999999727e+02
5.995199999999999818e+02
6.017400000000000091e+02
6.096599999999999682e+02
6.119099999999999682e+02
6.178300000000000409e+02
6.218700000000000045e+02
6.239300000000000637e+02
6.278400000000000318e+02
6.310800000000000409e+02
6.331299999999999955e+02
6.351699999999999591e+02
6.477400000000000091e+02
6.556900000000000546e+02
6.598400000000000318e+02
6.717699999999999818e+02
6.818899999999999864e+02
6.840199999999999818e+02
6.895000000000000000e+02
6.953899999999999864e+02
6.994600000000000364e+02
7.196000000000000227e+02
7.221100000000000136e+02
7.315099999999999909e+02
7.355500000000000682e+02
7.433899999999999864e+02
7.483100000000000591e+02
7.521299999999999955e+02
7.541800000000000637e+02
7.643000000000000682e+02
7.697100000000000364e+02
7.720600000000000591e+02
7.740800000000000409e+02
7.761399999999999864e+02
7.781800000000000637e+02
7.802699999999999818e+02
7.825299999999999727e+02
7.855199999999999818e+02
7.918500000000000227e+02
7.962599999999999909e+02
8.002100000000000364e+02
8.098999999999999773e+02
8.161200000000000045e+02
8.242500000000000000e+02
8.282599999999999909e+02
8.322100000000000364e+02
8.482500000000000000e+02
8.503100000000000591e+02
8.541200000000000045e+02
8.561700000000000728e+02
8.662799999999999727e+02
8.722599999999999909e+02
8.745199999999999818e+02
8.886200000000000045e+02
8.924900000000000091e+02
8.945500000000000682e+02
9.006599999999999682e+02
9.143000000000000682e+02
9.164200000000000728e+02
9.188000000000000682e+02
9.226499999999999773e+02
9.284400000000000546e+02
9.325900000000000318e+02
9.368500000000000227e+02
9.389400000000000546e+02
9.425299999999999727e+02
9.448500000000000227e+02
9.469700000000000273e+02
9.528600000000000136e+02
9.586599999999999682e+02
9.606900000000000546e+02
9.669600000000000364e+02
9.749700000000000273e+02
9.785600000000000591e+02
9.828400000000000318e+02
9.886100000000000136e+02
9.906599999999999682e+02
9.927699999999999818e+02
9.968100000000000591e+02
5.750000000000000000e+00
1.029000000000000092e+01
1.375999999999999979e+01
1.583000000000000007e+01
1.787999999999999901e+01
2.014000000000000057e+01
2.216000000000000014e+01
2.591000000000000014e+01
2.803999999999999915e+01
3.192999999999999972e+01
3.592999999999999972e+01
3.798000000000000398e+01
4.417999999999999972e+01
4.973000000000000398e+01
5.187000000000000455e+01
5.587000000000000455e+01
5.975000000000000000e+01
6.596000000000000796e+01
7.006000000000000227e+01
7.210000000000000853e+01
7.415000000000000568e+01
7.618000000000000682e+01
7.820000000000000284e+01
8.029000000000000625e+01
8.396000000000000796e+01
8.801000000000000512e+01
9.176000000000000512e+01
9.385999999999999943e+01
9.590999999999999659e+01
9.992000000000000171e+01
1.019900000000000091e+02
1.041000000000000085e+02
1.061599999999999966e+02
1.082100000000000080e+02
1.102500000000000000e+02
1.122999999999999972e+02
1.143299999999999983e+02
1.163599999999999994e+02
1.220900000000000034e+02
1.280200000000000102e+02
1.300600000000000023e+02
1.321100000000000136e+02
1.341599999999999966e+02
1.380999999999999943e+02
1.401400000000000148e+02
1.439600000000000080e+02
1.498900000000000148e+02
1.559600000000000080e+02
1.581299999999999955e+02
1.601500000000000057e+02
1.622000000000000171e+02
1.676599999999999966e+02
1.702899999999999920e+02
1.757199999999999989e+02
1.840200000000000102e+02
1.880600000000000023e+02
1.900999999999999943e+02
1.980800000000000125e+02
2.001700000000000159e+02
2.036599999999999966e+02
2.118300000000000125e+02
2.140399999999999920e+02
2.202000000000000171e+02
2.277300000000000182e+02
2.319200000000000159e+02
2.340500000000000114e+02
2.375999999999999943e+02
2.396899999999999977e+02
2.420900000000000034e+02
2.455600000000000023e+02
2.481599999999999966e+02
2.540200000000000102e+02
2.560699999999999932e+02
2.643700000000000045e+02
2.704700000000000273e+02
2.737099999999999795e+02
2.778100000000000023e+02
2.837599999999999909e+02
2.894599999999999795e+02
2.977800000000000296e+02
3.044599999999999795e+02
3.135699999999999932e+02
3.157599999999999909e+02
3.194599999999999795e+02
3.262500000000000000e+02
3.303100000000000023e+02
3.324399999999999977e+02
3.382300000000000182e+02
3.414399999999999977e+02
3.536200000000000045e+02
3.564900000000000091e+02
3.598100000000000023e+02
3.624300000000000068e+02
3.664399999999999977e+02
3.757200000000000273e+02
3.777900000000000205e+02
3.801999999999999886e+02
3.838600000000000136e+02
3.859100000000000250e+02
3.956299999999999955e+02
3.976899999999999977e+02
4.012699999999999818e+02
4.079000000000000341e+02
4.158799999999999955e+02
4.203700000000000045e+02
4.224700000000000273e+02
4.263199999999999932e+02
4.283899999999999864e+02
4.335600000000000023e+02
4.474700000000000273e+02
4.511999999999999886e+02
4.543100000000000023e+02
4.582900000000000205e+02
4.614700000000000273e+02
4.643799999999999955e+02
4.675799999999999841e+02
4.705500000000000114e+02
4.734900000000000091e+02
4.803600000000000136e+02
4.834200000000000159e+02
4.903500000000000227e+02
4.936700000000000159e+02
5.016200000000000045e+02
5.105600000000000023e+02
5.133100000000000591e+02
5.214700000000000273e+02
5.255499999999999545e+02
5.283899999999999864e+02
5.304400000000000546e+02
5.324700000000000273e+02
5.393700000000000045e+02
5.463300000000000409e+02
5.495600000000000591e+02
5.526100000000000136e+02
5.575299999999999727e+02
5.605299999999999727e+02
5.632500000000000000e+02
5.673000000000000682e+02
5.730399999999999636e+02
5.762400000000000091e+02
5.793200000000000500e+02
5.852400000000000091e+02
5.874500000000000455e+02
5.912599999999999909e+02
5.943799999999999955e+02
5.965900000000000318e+02
5.986299999999999955e+02
6.054400000000000546e+02
6.086900000000000546e+02
6.125500000000000682e+02
6.146000000000000227e+02
6.166399999999999864e+02
6.213400000000000318e+02
6.327699999999999818e+02
6.352599999999999909e+02
6.383600000000000136e+02
6.416900000000000546e+02
6.454300000000000637e+02
6.483799999999999955e+02
6.546200000000000045e+02
6.593799999999999955e+02
6.705900000000000318e+02
6.726399999999999864e+02
6.784800000000000182e+02
6.813799999999999955e+02
6.912500000000000000e+02
6.932899999999999636e+02
6.975199999999999818e+02
7.006299999999999955e+02
7.047100000000000364e+02
7.071499999999999773e+02
7.094500000000000455e+02
7.125500000000000682e+02
7.171200000000000045e+02
7.191499999999999773e+02
7.213899999999999864e+02
7.251000000000000227e+02
7.271800000000000637e+02
7.325500000000000682e+02
7.346200000000000045e+02
7.410299999999999727e+02
7.446399999999999864e+02
7.506200000000000045e+02
7.568400000000000318e+02
7.624600000000000364e+02
7.652300000000000182e+02
7.673000000000000682e+02
7.708700000000000045e+02
7.750900000000000318e+02
7.851100000000000136e+02
7.871399999999999864e+02
7.891900000000000546e+02
7.929200000000000728e+02
7.951000000000000227e+02
7.986299999999999955e+02
8.025700000000000500e+02
8.048300000000000409e+02
8.085600000000000591e+02
8.167200000000000273e+02
8.210900000000000318e+02
8.231900000000000546e+02
8.271599999999999682e+02
8.309300000000000637e+02
8.349900000000000091e+02
8.371800000000000637e+02
8.406000000000000227e+02
8.430299999999999727e+02
8.451000000000000227e+02
8.471499999999999773e+02
8.510500000000000682e+02
8.530800000000000409e+02
8.569099999999999682e+02
8.589600000000000364e+02
8.610299999999999727e+02
8.690099999999999909e+02
8.710399999999999636e+02
8.748200000000000500e+02
8.768700000000000045e+02
8.789200000000000728e+02
8.810000000000000000e+02
8.830199999999999818e+02
8.908400000000000318e+02
8.928999999999999773e+02
8.949200000000000728e+02
9.030800000000000409e+02
9.066000000000000227e+02
9.089099999999999682e+02
9.126599999999999682e+02
9.149500000000000455e+02
9.249400000000000546e+02
9.286800000000000637e+02
9.307300000000000182e+02
9.330500000000000682e+02
9.351700000000000728e+02
9.372200000000000273e+02
9.408000000000000682e+02
9.428700000000000045e+02
9.508400000000000318e+02
9.546499999999999773e+02
9.588700000000000045e+02
9.609800000000000182e+02
9.630299999999999727e+02
9.669400000000000546e+02
9.690700000000000500e+02
9.711000000000000227e+02
9.748000000000000682e+02
9.769300000000000637e+02
9.851000000000000227e+02
9.887599999999999909e+02
9.908700000000000045e+02
9.929099999999999682e+02
9.951100000000000136e+02
9.972000000000000455e+02
9.992599999999999909e+02
5.919999999999999929e+00
9.740000000000000213e+00
1.387000000000000099e+01
2.174000000000000199e+01
2.378999999999999915e+01
2.581000000000000227e+01
2.787000000000000099e+01
2.994000000000000128e+01
3.203999999999999915e+01
4.578999999999999915e+01
4.785000000000000142e+01
5.177000000000000313e+01
5.589000000000000057e+01
5.974000000000000199e+01
7.785000000000000853e+01
7.998000000000000398e+01
8.600000000000000000e+01
9.368999999999999773e+01
9.578000000000000114e+01
9.956000000000000227e+01
1.035300000000000011e+02
1.076599999999999966e+02
1.112600000000000051e+02
1.133500000000000085e+02
1.154200000000000017e+02
1.236000000000000085e+02
1.273299999999999983e+02
1.316299999999999955e+02
1.336899999999999977e+02
1.376500000000000057e+02
1.432599999999999909e+02
1.514099999999999966e+02
1.534500000000000171e+02
1.573600000000000136e+02
1.594699999999999989e+02
1.616400000000000148e+02
1.655600000000000023e+02
1.676100000000000136e+02
1.696599999999999966e+02
1.717100000000000080e+02
1.750399999999999920e+02
1.775999999999999943e+02
1.812000000000000171e+02
1.856700000000000159e+02
1.891299999999999955e+02
1.913300000000000125e+02
1.950000000000000000e+02
2.012000000000000171e+02
2.034500000000000171e+02
2.054699999999999989e+02
2.089099999999999966e+02
2.109300000000000068e+02
2.150600000000000023e+02
2.192599999999999909e+02
2.227300000000000182e+02
2.270600000000000023e+02
2.292000000000000171e+02
2.312800000000000011e+02
2.368199999999999932e+02
2.411100000000000136e+02
2.446599999999999966e+02
2.486899999999999977e+02
2.507199999999999989e+02
2.566499999999999773e+02
2.629700000000000273e+02
2.686499999999999773e+02
2.714900000000000091e+02
2.765099999999999909e+02
2.785699999999999932e+02
2.831100000000000136e+02
2.862699999999999818e+02
2.904800000000000182e+02
2.930300000000000296e+02
2.951500000000000341e+02
2.984900000000000091e+02
3.029499999999999886e+02
3.071200000000000045e+02
3.166899999999999977e+02
3.231700000000000159e+02
3.271299999999999955e+02
3.308400000000000318e+02
3.350000000000000000e+02
3.403700000000000045e+02
3.424599999999999795e+02
3.460500000000000114e+02
3.484499999999999886e+02
3.507500000000000000e+02
3.542699999999999818e+02
3.563500000000000227e+02
3.588700000000000045e+02
3.660600000000000023e+02
3.681100000000000136e+02
3.701600000000000250e+02
3.750900000000000318e+02
3.771399999999999864e+02
3.807900000000000205e+02
3.828400000000000318e+02
3.849700000000000273e+02
3.938799999999999955e+02
3.961100000000000136e+02
3.998899999999999864e+02
4.019399999999999977e+02
4.066700000000000159e+02
4.150300000000000296e+02
4.236500000000000341e+02
4.298400000000000318e+02
4.335600000000000023e+02
4.364499999999999886e+02
4.385300000000000296e+02
4.405799999999999841e+02
4.428899999999999864e+02
4.507200000000000273e+02
4.563000000000000114e+02
4.607599999999999909e+02
4.635300000000000296e+02
4.665799999999999841e+02
4.697599999999999909e+02
4.767100000000000364e+02
4.787400000000000091e+02
4.885000000000000000e+02
4.913600000000000136e+02
4.954100000000000250e+02
4.975900000000000318e+02
5.006800000000000068e+02
5.102300000000000182e+02
5.126200000000000045e+02
5.157300000000000182e+02
5.203100000000000591e+02
5.223899999999999864e+02
5.254099999999999682e+02
5.294199999999999591e+02
5.345199999999999818e+02
5.402999999999999545e+02
5.442699999999999818e+02
5.484700000000000273e+02
5.614700000000000273e+02
5.660299999999999727e+02
5.690900000000000318e+02
5.731800000000000637e+02
5.762200000000000273e+02
5.782699999999999818e+02
5.813100000000000591e+02
5.833500000000000227e+02
5.942500000000000000e+02
5.962799999999999727e+02
6.000600000000000591e+02
6.029099999999999682e+02
6.049700000000000273e+02
6.140000000000000000e+02
6.182200000000000273e+02
6.220600000000000591e+02
6.263000000000000682e+02
6.308400000000000318e+02
6.339700000000000273e+02
6.365900000000000318e+02
6.386599999999999682e+02
6.428000000000000682e+02
6.489500000000000455e+02
6.522100000000000364e+02
6.580800000000000409e+02
6.605600000000000591e+02
6.637100000000000364e+02
6.737500000000000000e+02
6.780099999999999909e+02
6.843000000000000682e+02
6.935600000000000591e+02
6.962599999999999909e+02
6.983799999999999955e+02
7.019600000000000364e+02
7.057100000000000364e+02
7.078600000000000136e+02
7.103500000000000227e+02
7.158000000000000682e+02
7.184700000000000273e+02
7.237500000000000000e+02
7.321499999999999773e+02
7.376299999999999955e+02
7.401399999999999864e+02
7.436900000000000546e+02
7.460500000000000682e+02
7.483600000000000136e+02
7.543100000000000591e+02
7.616499999999999773e+02
7.656100000000000136e+02
7.682599999999999909e+02
7.703100000000000591e+02
7.735700000000000500e+02
7.800199999999999818e+02
7.875199999999999818e+02
7.914400000000000546e+02
7.975500000000000682e+02
8.039600000000000364e+02
8.061000000000000227e+02
8.081499999999999773e+02
8.113100000000000591e+02
8.135399999999999636e+02
8.172200000000000273e+02
8.193899999999999864e+02
8.254099999999999682e+02
8.317300000000000182e+02
8.354300000000000637e+02
8.415600000000000591e+02
8.436499999999999773e+02
8.457000000000000455e+02
8.532100000000000364e+02
8.573500000000000227e+02
8.596800000000000637e+02
8.634300000000000637e+02
8.674300000000000637e+02
8.694800000000000182e+02
8.777100000000000364e+02
8.811100000000000136e+02
8.855399999999999636e+02
8.876000000000000227e+02
8.912899999999999636e+02
8.933700000000000045e+02
8.954900000000000091e+02
8.975199999999999818e+02
9.012899999999999636e+02
9.071800000000000637e+02
9.154099999999999682e+02
9.174600000000000364e+02
9.212599999999999909e+02
9.236399999999999864e+02
9.291800000000000637e+02
9.313600000000000136e+02
9.333799999999999955e+02
9.369800000000000182e+02
9.391000000000000227e+02
9.413200000000000500e+02
9.451000000000000227e+02
9.471900000000000546e+02
9.512200000000000273e+02
9.554500000000000455e+02
9.612400000000000091e+02
9.731800000000000637e+02
9.752500000000000000e+02
9.773200000000000500e+02
9.828899999999999864e+02
9.850600000000000591e+02
9.871100000000000136e+02
9.891700000000000728e+02
9.912300000000000182e+02
9.932799999999999727e+02
9.968200000000000500e+02
3.919999999999999929e+00
7.890000000000000568e+00
1.610999999999999943e+01
1.821000000000000085e+01
2.581000000000000227e+01
2.992999999999999972e+01
3.599000000000000199e+01
4.378999999999999915e+01
4.959000000000000341e+01
5.750000000000000000e+01
6.342000000000000171e+01
7.343999999999999773e+01
7.548000000000000398e+01
7.929999999999999716e+01
8.739000000000000057e+01
9.943999999999999773e+01
1.051599999999999966e+02
1.154600000000000080e+02
1.233400000000000034e+02
1.253800000000000097e+02
1.274300000000000068e+02
1.369399999999999977e+02
1.431299999999999955e+02
1.610900000000000034e+02
1.643700000000000045e+02
1.687000000000000171e+02
1.747599999999999909e+02
1.768600000000000136e+02
1.826700000000000159e+02
1.923600000000000136e+02
1.944800000000000182e+02
2.003000000000000114e+02
2.042899999999999920e+02
2.184500000000000171e+02
2.205600000000000023e+02
2.305099999999999909e+02
2.425699999999999932e+02
2.458300000000000125e+02
2.714300000000000068e+02
2.739800000000000182e+02
2.801999999999999886e+02
2.841200000000000045e+02
2.955600000000000023e+02
2.977300000000000182e+02
2.997900000000000205e+02
3.191100000000000136e+02
3.276000000000000227e+02
3.358000000000000114e+02
3.388500000000000227e+02
3.508400000000000318e+02
3.653700000000000045e+02
3.695799999999999841e+02
3.724599999999999795e+02
3.753299999999999841e+02
3.793500000000000227e+02
3.827300000000000182e+02
3.851299999999999955e+02
3.923899999999999864e+02
3.964200000000000159e+02
4.031999999999999886e+02
4.109700000000000273e+02
4.281800000000000068e+02
4.403100000000000023e+02
4.423600000000000136e+02
4.608799999999999955e+02
4.668100000000000023e+02
4.738600000000000136e+02
4.806299999999999955e+02
5.005099999999999909e+02
5.086000000000000227e+02
5.202100000000000364e+02
5.324300000000000637e+02
5.361900000000000546e+02
5.389099999999999682e+02
5.472599999999999909e+02
5.521299999999999955e+02
5.541900000000000546e+02
5.591000000000000227e+02
5.639800000000000182e+02
5.698700000000000045e+02
5.742300000000000182e+02
5.861499999999999773e+02
5.919099999999999682e+02
6.046699999999999591e+02
6.077500000000000000e+02
6.097899999999999636e+02
6.118400000000000318e+02
6.195500000000000682e+02
6.242100000000000364e+02
6.294600000000000364e+02
6.335199999999999818e+02
6.414600000000000364e+02
6.435099999999999909e+02
6.476299999999999955e+02
6.651399999999999864e+02
6.678200000000000500e+02
6.731800000000000637e+02
6.791800000000000637e+02
6.833100000000000591e+02
6.873999999999999773e+02
6.938700000000000045e+02
7.028899999999999864e+02
7.117699999999999818e+02
7.154400000000000546e+02
7.211499999999999773e+02
7.269900000000000091e+02
7.290199999999999818e+02
7.551800000000000637e+02
7.790700000000000500e+02
7.830900000000000318e+02
8.025299999999999727e+02
8.163000000000000682e+02
8.183500000000000227e+02
8.261200000000000045e+02
8.282100000000000364e+02
8.398500000000000227e+02
8.523799999999999955e+02
8.602200000000000273e+02
8.661800000000000637e+02
8.721800000000000637e+02
8.797000000000000455e+02
8.820299999999999727e+02
8.859200000000000728e+02
8.879800000000000182e+02
8.916000000000000227e+02
8.958200000000000500e+02
8.993899999999999864e+02
9.038999999999999773e+02
9.059800000000000182e+02
9.096499999999999773e+02
9.116800000000000637e+02
9.156200000000000045e+02
9.199099999999999682e+02
9.255399999999999636e+02
9.296000000000000227e+02
9.353200000000000500e+02
9.435099999999999909e+02
9.475600000000000591e+02
9.513600000000000136e+02
9.534600000000000364e+02
9.555399999999999636e+02
9.576000000000000227e+02
9.654900000000000091e+02
9.733200000000000500e+02
9.775600000000000591e+02
9.930000000000000000e+02
9.950500000000000682e+02
2.785999999999999943e+01
1.917100000000000080e+02
2.296200000000000045e+02
2.531800000000000068e+02
2.730600000000000023e+02
2.823400000000000318e+02
3.226899999999999977e+02
3.343600000000000136e+02
3.711999999999999886e+02
3.992100000000000364e+02
4.126600000000000250e+02
4.372100000000000364e+02
5.025600000000000023e+02
5.203999999999999773e+02
5.520900000000000318e+02
6.272200000000000273e+02
6.844199999999999591e+02
7.023400000000000318e+02
7.070900000000000318e+02
7.677400000000000091e+02
8.152000000000000455e+02
8.172500000000000000e+02
8.922400000000000091e+02
8.980399999999999636e+02
9.198400000000000318e+02
9.653799999999999955e+02
5.332999999999999829e+01
5.400900000000000318e+02
6.286800000000000637e+02
