6.810000000000000497e+00
2.908000000000000185e+01
5.243999999999999773e+01
1.025100000000000051e+02
1.337199999999999989e+02
1.863400000000000034e+02
2.295000000000000000e+02
2.375600000000000023e+02
3.421100000000000136e+02
3.847699999999999818e+02
4.209200000000000159e+02
4.477699999999999818e+02
5.218500000000000227e+02
5.558899999999999864e+02
6.056399999999999864e+02
6.176599999999999682e+02
6.290600000000000591e+02
6.531200000000000045e+02
6.651399999999999864e+02
8.447000000000000455e+02
8.865000000000000000e+02
8.945700000000000500e+02
9.520700000000000500e+02
