4.541000000000000227e+02
6.348999999999999773e+02
8.977899999999999636e+02
8.060000000000000497e+00
1.023000000000000043e+01
2.102500000000000000e+02
2.931899999999999977e+02
3.446899999999999977e+02
4.617599999999999909e+02
4.782100000000000364e+02
4.940400000000000205e+02
5.129900000000000091e+02
5.785199999999999818e+02
6.451599999999999682e+02
6.623400000000000318e+02
8.143899999999999864e+02
8.486200000000000045e+02
9.322300000000000182e+02
9.658799999999999955e+02
9.833899999999999864e+02
6.570000000000000284e+00
2.403999999999999915e+01
2.640000000000000213e+01
4.096999999999999886e+01
5.689000000000000057e+01
9.029999999999999716e+01
9.251999999999999602e+01
1.075499999999999972e+02
1.103799999999999955e+02
1.250100000000000051e+02
1.418300000000000125e+02
1.585600000000000023e+02
1.913300000000000125e+02
1.936700000000000159e+02
2.088300000000000125e+02
2.256700000000000159e+02
2.587400000000000091e+02
2.752099999999999795e+02
2.919200000000000159e+02
3.067900000000000205e+02
3.265199999999999818e+02
3.413299999999999841e+02
3.586899999999999977e+02
3.746500000000000341e+02
3.919600000000000364e+02
4.085300000000000296e+02
4.107599999999999909e+02
4.252599999999999909e+02
4.428400000000000318e+02
4.578299999999999841e+02
4.604800000000000182e+02
4.755000000000000000e+02
5.089399999999999977e+02
5.250600000000000591e+02
5.273500000000000227e+02
5.427000000000000455e+02
5.770800000000000409e+02
5.927599999999999909e+02
6.087400000000000091e+02
6.109400000000000546e+02
6.259300000000000637e+02
6.431100000000000136e+02
6.604099999999999682e+02
6.777200000000000273e+02
7.098700000000000045e+02
7.130299999999999727e+02
7.259400000000000546e+02
7.281399999999999864e+02
7.419199999999999591e+02
7.443100000000000591e+02
7.767599999999999909e+02
7.926499999999999773e+02
8.273999999999999773e+02
8.774800000000000182e+02
8.801499999999999773e+02
8.949400000000000546e+02
8.973200000000000500e+02
9.110800000000000409e+02
9.146700000000000728e+02
9.272799999999999727e+02
9.301399999999999864e+02
9.441299999999999955e+02
9.465099999999999909e+02
9.600399999999999636e+02
9.780800000000000409e+02
9.802599999999999909e+02
6.160000000000000142e+00
8.740000000000000213e+00
2.385000000000000142e+01
4.078000000000000114e+01
4.323000000000000398e+01
5.775000000000000000e+01
7.425000000000000000e+01
9.129999999999999716e+01
1.068400000000000034e+02
1.101099999999999994e+02
1.239000000000000057e+02
1.407899999999999920e+02
1.575300000000000011e+02
1.597199999999999989e+02
1.729399999999999977e+02
1.751599999999999966e+02
1.910900000000000034e+02
2.067899999999999920e+02
2.097899999999999920e+02
2.239900000000000091e+02
2.575900000000000318e+02
2.900500000000000114e+02
3.074599999999999795e+02
3.106500000000000341e+02
3.232900000000000205e+02
3.411899999999999977e+02
3.584499999999999886e+02
3.740900000000000318e+02
3.910099999999999909e+02
3.940000000000000000e+02
4.075199999999999818e+02
4.237599999999999909e+02
4.261999999999999886e+02
4.392900000000000205e+02
4.415500000000000114e+02
4.576000000000000227e+02
4.599900000000000091e+02
4.748500000000000227e+02
4.905799999999999841e+02
4.928100000000000023e+02
5.071200000000000045e+02
5.092700000000000387e+02
5.231100000000000136e+02
5.252699999999999818e+02
5.399099999999999682e+02
5.563600000000000136e+02
5.585099999999999909e+02
5.738100000000000591e+02
5.899900000000000091e+02
5.925500000000000682e+02
6.061100000000000136e+02
6.101100000000000136e+02
6.229700000000000273e+02
6.265000000000000000e+02
6.388999999999999773e+02
6.410500000000000682e+02
6.571200000000000045e+02
6.595600000000000591e+02
6.726299999999999955e+02
6.752899999999999636e+02
6.933300000000000409e+02
7.068600000000000136e+02
7.242899999999999636e+02
7.401399999999999864e+02
7.564400000000000546e+02
7.586599999999999682e+02
7.743400000000000318e+02
7.771599999999999682e+02
7.912599999999999909e+02
8.079400000000000546e+02
8.105800000000000409e+02
8.253200000000000500e+02
8.387200000000000273e+02
8.410700000000000500e+02
8.434600000000000364e+02
8.573300000000000409e+02
8.594300000000000637e+02
8.750000000000000000e+02
8.909099999999999682e+02
9.059200000000000728e+02
9.082300000000000182e+02
9.238000000000000682e+02
9.411100000000000136e+02
9.565800000000000409e+02
9.595000000000000000e+02
9.729099999999999682e+02
9.751299999999999955e+02
9.899400000000000546e+02
9.934900000000000091e+02
7.179999999999999716e+00
2.278999999999999915e+01
2.598000000000000043e+01
3.999000000000000199e+01
5.728000000000000114e+01
7.390000000000000568e+01
7.696999999999999886e+01
8.971999999999999886e+01
9.221999999999999886e+01
1.064200000000000017e+02
1.229099999999999966e+02
1.400500000000000114e+02
1.574399999999999977e+02
1.910500000000000114e+02
2.066299999999999955e+02
2.231100000000000136e+02
2.396299999999999955e+02
2.566000000000000227e+02
2.729100000000000250e+02
2.902200000000000273e+02
3.068299999999999841e+02
3.215600000000000023e+02
3.236600000000000250e+02
3.402800000000000296e+02
3.570000000000000000e+02
3.721500000000000341e+02
3.754800000000000182e+02
3.903700000000000045e+02
3.927200000000000273e+02
4.055000000000000000e+02
4.219000000000000341e+02
4.240500000000000114e+02
4.381399999999999864e+02
4.411100000000000136e+02
4.555300000000000296e+02
4.585300000000000296e+02
4.712100000000000364e+02
4.733600000000000136e+02
4.889499999999999886e+02
5.051800000000000068e+02
5.073000000000000114e+02
5.212100000000000364e+02
5.233999999999999773e+02
5.382300000000000182e+02
5.564900000000000091e+02
5.712799999999999727e+02
5.738899999999999864e+02
5.878899999999999864e+02
5.912699999999999818e+02
6.047599999999999909e+02
6.218899999999999864e+02
6.376100000000000136e+02
6.414400000000000546e+02
6.541900000000000546e+02
6.564800000000000182e+02
6.738400000000000318e+02
6.895800000000000409e+02
7.037799999999999727e+02
7.076100000000000136e+02
7.542899999999999636e+02
7.708400000000000318e+02
7.862100000000000364e+02
8.037100000000000364e+02
8.073700000000000045e+02
8.225099999999999909e+02
8.374900000000000091e+02
8.396499999999999773e+02
8.542699999999999818e+02
8.858300000000000409e+02
8.880199999999999818e+02
9.024700000000000273e+02
9.048899999999999864e+02
9.369300000000000637e+02
9.532699999999999818e+02
9.688600000000000136e+02
9.711499999999999773e+02
7.049999999999999822e+00
2.408999999999999986e+01
7.407999999999999829e+01
9.107999999999999829e+01
1.255700000000000074e+02
1.571100000000000136e+02
2.079200000000000159e+02
2.234099999999999966e+02
2.409500000000000171e+02
2.542100000000000080e+02
2.718799999999999955e+02
2.884599999999999795e+02
3.054200000000000159e+02
3.886600000000000250e+02
4.548000000000000114e+02
4.715300000000000296e+02
4.868600000000000136e+02
5.030900000000000318e+02
5.208999999999999773e+02
5.371800000000000637e+02
5.690000000000000000e+02
5.878799999999999955e+02
6.035399999999999636e+02
6.201499999999999773e+02
6.363799999999999955e+02
6.506599999999999682e+02
6.530199999999999818e+02
6.691800000000000637e+02
7.194800000000000182e+02
7.507699999999999818e+02
8.020700000000000500e+02
8.352799999999999727e+02
8.845399999999999636e+02
9.352200000000000273e+02
9.819099999999999682e+02
