8.390000000000000568e+00
1.087000000000000099e+01
1.380000000000000071e+01
1.589000000000000057e+01
1.800000000000000000e+01
2.010000000000000142e+01
2.499000000000000199e+01
5.987000000000000455e+01
6.198000000000000398e+01
6.476999999999999602e+01
6.687999999999999545e+01
7.062000000000000455e+01
7.517000000000000171e+01
1.076700000000000017e+02
1.098900000000000006e+02
1.125199999999999960e+02
1.146299999999999955e+02
1.179500000000000028e+02
1.219099999999999966e+02
1.240100000000000051e+02
1.628300000000000125e+02
1.649200000000000159e+02
1.679399999999999977e+02
1.703300000000000125e+02
2.085600000000000023e+02
2.108400000000000034e+02
2.131400000000000148e+02
2.152599999999999909e+02
2.173499999999999943e+02
2.212800000000000011e+02
2.608199999999999932e+02
2.637900000000000205e+02
2.665300000000000296e+02
2.701000000000000227e+02
3.095600000000000023e+02
3.127800000000000296e+02
3.151000000000000227e+02
3.173400000000000318e+02
3.199800000000000182e+02
3.221100000000000136e+02
3.600199999999999818e+02
3.633600000000000136e+02
3.654100000000000250e+02
3.675500000000000114e+02
3.701700000000000159e+02
4.076999999999999886e+02
4.103700000000000045e+02
4.124100000000000250e+02
4.151999999999999886e+02
4.184300000000000068e+02
4.212800000000000296e+02
4.580000000000000000e+02
4.601399999999999864e+02
4.622900000000000205e+02
4.643500000000000227e+02
4.669100000000000250e+02
4.696100000000000136e+02
4.722699999999999818e+02
5.068899999999999864e+02
5.098199999999999932e+02
5.125800000000000409e+02
5.148500000000000227e+02
5.189800000000000182e+02
5.211299999999999955e+02
5.583700000000000045e+02
5.604700000000000273e+02
5.629500000000000455e+02
5.656800000000000637e+02
5.683100000000000591e+02
5.709700000000000273e+02
5.731499999999999773e+02
6.068700000000000045e+02
6.102300000000000182e+02
6.123500000000000227e+02
6.148100000000000591e+02
6.170700000000000500e+02
6.196900000000000546e+02
6.587300000000000182e+02
6.611599999999999682e+02
6.632599999999999909e+02
6.653700000000000045e+02
6.674600000000000364e+02
6.705000000000000000e+02
6.735099999999999909e+02
7.082300000000000182e+02
7.109600000000000364e+02
7.134099999999999682e+02
7.163100000000000591e+02
7.191100000000000136e+02
7.216800000000000637e+02
7.238400000000000318e+02
7.574900000000000091e+02
7.611000000000000227e+02
7.644500000000000455e+02
7.667799999999999727e+02
7.689400000000000546e+02
7.710299999999999727e+02
7.735299999999999727e+02
8.080700000000000500e+02
8.101100000000000136e+02
8.126100000000000136e+02
8.152599999999999909e+02
8.173500000000000227e+02
8.193899999999999864e+02
8.239200000000000728e+02
8.577899999999999636e+02
8.598300000000000409e+02
8.619400000000000546e+02
8.640900000000000318e+02
8.661700000000000728e+02
8.691900000000000546e+02
9.061599999999999682e+02
9.091800000000000637e+02
9.113400000000000318e+02
9.133999999999999773e+02
9.162899999999999636e+02
9.200700000000000500e+02
9.227699999999999818e+02
9.256900000000000546e+02
9.564500000000000455e+02
9.595700000000000500e+02
9.627799999999999727e+02
9.650299999999999727e+02
9.671000000000000227e+02
9.693799999999999955e+02
1.242999999999999972e+01
1.453000000000000114e+01
1.778999999999999915e+01
2.076999999999999957e+01
6.096999999999999886e+01
6.425000000000000000e+01
6.637999999999999545e+01
6.864000000000000057e+01
1.120799999999999983e+02
1.158700000000000045e+02
1.193100000000000023e+02
1.217800000000000011e+02
1.598900000000000148e+02
1.623300000000000125e+02
1.645699999999999932e+02
1.674200000000000159e+02
1.695300000000000011e+02
2.090300000000000011e+02
2.120399999999999920e+02
2.146200000000000045e+02
2.170099999999999909e+02
2.253900000000000148e+02
2.589599999999999795e+02
2.620300000000000296e+02
2.641100000000000136e+02
2.697500000000000000e+02
2.722300000000000182e+02
3.096100000000000136e+02
3.126200000000000045e+02
3.153500000000000227e+02
3.603500000000000227e+02
3.624700000000000273e+02
3.659700000000000273e+02
3.688700000000000045e+02
4.075699999999999932e+02
4.114900000000000091e+02
4.139600000000000364e+02
4.211000000000000227e+02
4.597300000000000182e+02
4.618600000000000136e+02
4.648500000000000227e+02
4.669499999999999886e+02
4.690600000000000023e+02
5.092800000000000296e+02
5.129400000000000546e+02
5.150199999999999818e+02
5.171699999999999591e+02
5.196499999999999773e+02
5.580099999999999909e+02
5.608400000000000318e+02
5.653700000000000045e+02
5.675299999999999727e+02
6.063899999999999864e+02
6.095199999999999818e+02
6.128999999999999773e+02
6.150800000000000409e+02
6.196399999999999864e+02
6.582799999999999727e+02
6.603400000000000318e+02
6.640000000000000000e+02
6.666100000000000136e+02
6.687100000000000364e+02
7.068700000000000045e+02
7.093300000000000409e+02
7.120500000000000682e+02
7.162599999999999909e+02
7.193200000000000500e+02
7.538500000000000227e+02
7.571299999999999955e+02
7.603600000000000136e+02
7.632300000000000182e+02
7.656100000000000136e+02
7.677000000000000455e+02
7.724300000000000637e+02
8.053600000000000136e+02
8.073999999999999773e+02
8.097300000000000182e+02
8.121299999999999955e+02
8.146700000000000728e+02
8.174099999999999682e+02
8.519500000000000455e+02
8.557200000000000273e+02
8.579800000000000182e+02
8.615600000000000591e+02
8.644500000000000455e+02
8.682500000000000000e+02
9.033500000000000227e+02
9.075700000000000500e+02
9.103799999999999955e+02
9.151000000000000227e+02
9.555700000000000500e+02
9.587799999999999727e+02
9.624800000000000182e+02
9.645600000000000591e+02
9.669900000000000091e+02
1.465000000000000036e+01
2.196000000000000085e+01
6.570000000000000284e+01
6.956000000000000227e+01
1.157400000000000091e+02
1.178200000000000074e+02
1.617299999999999898e+02
1.643300000000000125e+02
1.716200000000000045e+02
2.088900000000000148e+02
2.114300000000000068e+02
2.139300000000000068e+02
2.191100000000000136e+02
2.596899999999999977e+02
2.632200000000000273e+02
2.662599999999999909e+02
3.091200000000000045e+02
3.179900000000000091e+02
3.600300000000000296e+02
3.633600000000000136e+02
3.675000000000000000e+02
3.695900000000000318e+02
4.125799999999999841e+02
4.165400000000000205e+02
4.592300000000000182e+02
4.616399999999999864e+02
4.651399999999999864e+02
5.051000000000000227e+02
5.151000000000000227e+02
5.580299999999999727e+02
5.608700000000000045e+02
5.630199999999999818e+02
5.680000000000000000e+02
6.082699999999999818e+02
6.551399999999999864e+02
6.605700000000000500e+02
6.627300000000000182e+02
6.652300000000000182e+02
7.054700000000000273e+02
7.126200000000000045e+02
7.578400000000000318e+02
7.606699999999999591e+02
8.111100000000000136e+02
8.545600000000000591e+02
8.605199999999999818e+02
8.627000000000000455e+02
9.049099999999999682e+02
9.091299999999999955e+02
9.116700000000000728e+02
9.541499999999999773e+02
9.573600000000000136e+02
9.625299999999999727e+02
2.663899999999999864e+02
3.065600000000000023e+02
3.593899999999999864e+02
5.087300000000000182e+02
