2.550000000000000266e+00
3.350000000000000089e+00
3.439999999999999947e+00
4.330000000000000071e+00
4.339999999999999858e+00
4.480000000000000426e+00
6.240000000000000213e+00
6.299999999999999822e+00
6.350000000000000533e+00
6.370000000000000107e+00
7.350000000000000533e+00
7.370000000000000107e+00
7.610000000000000320e+00
9.480000000000000426e+00
9.519999999999999574e+00
1.037000000000000099e+01
1.045000000000000107e+01
1.131000000000000050e+01
1.142999999999999972e+01
1.147000000000000064e+01
1.240000000000000036e+01
1.240000000000000036e+01
1.241999999999999993e+01
1.342999999999999972e+01
1.346000000000000085e+01
1.433999999999999986e+01
1.442999999999999972e+01
1.450999999999999979e+01
1.524000000000000021e+01
1.548000000000000043e+01
1.635000000000000142e+01
1.817000000000000171e+01
1.850000000000000000e+01
1.853000000000000114e+01
1.939000000000000057e+01
2.028000000000000114e+01
2.033000000000000185e+01
2.044999999999999929e+01
2.060000000000000142e+01
2.233000000000000185e+01
2.249000000000000199e+01
2.316000000000000014e+01
2.323000000000000043e+01
2.353999999999999915e+01
2.362000000000000099e+01
2.433000000000000185e+01
2.517999999999999972e+01
2.531000000000000227e+01
2.558000000000000185e+01
2.631000000000000227e+01
2.742999999999999972e+01
2.840000000000000213e+01
2.856000000000000227e+01
2.919000000000000128e+01
2.935000000000000142e+01
2.935000000000000142e+01
2.946999999999999886e+01
2.960999999999999943e+01
3.060999999999999943e+01
3.116000000000000014e+01
3.119000000000000128e+01
3.153999999999999915e+01
3.166000000000000014e+01
3.231000000000000227e+01
3.275000000000000000e+01
3.406000000000000227e+01
3.535999999999999943e+01
3.550999999999999801e+01
3.591000000000000369e+01
3.648000000000000398e+01
3.650999999999999801e+01
3.717999999999999972e+01
3.736999999999999744e+01
3.825999999999999801e+01
3.830000000000000426e+01
3.924000000000000199e+01
3.942000000000000171e+01
3.942999999999999972e+01
3.950999999999999801e+01
4.025000000000000000e+01
4.035000000000000142e+01
4.055000000000000426e+01
4.057000000000000028e+01
4.066000000000000369e+01
4.124000000000000199e+01
4.246999999999999886e+01
4.324000000000000199e+01
4.327000000000000313e+01
4.380000000000000426e+01
4.406000000000000227e+01
4.423000000000000398e+01
4.453999999999999915e+01
4.535999999999999943e+01
4.567000000000000171e+01
4.728000000000000114e+01
4.741000000000000369e+01
4.824000000000000199e+01
4.849000000000000199e+01
4.855000000000000426e+01
4.871000000000000085e+01
4.934000000000000341e+01
4.950999999999999801e+01
5.014000000000000057e+01
5.032999999999999829e+01
5.062000000000000455e+01
5.091000000000000369e+01
5.132999999999999829e+01
5.241000000000000369e+01
5.253000000000000114e+01
5.267000000000000171e+01
5.352000000000000313e+01
5.416000000000000369e+01
5.425999999999999801e+01
5.431000000000000227e+01
5.464999999999999858e+01
5.509000000000000341e+01
5.517000000000000171e+01
5.556000000000000227e+01
5.643999999999999773e+01
5.646999999999999886e+01
5.753000000000000114e+01
5.850000000000000000e+01
5.906000000000000227e+01
5.910999999999999943e+01
5.934000000000000341e+01
5.935999999999999943e+01
5.960999999999999943e+01
6.103999999999999915e+01
6.112000000000000455e+01
6.173000000000000398e+01
6.219000000000000483e+01
6.237000000000000455e+01
6.255000000000000426e+01
6.375000000000000000e+01
6.401999999999999602e+01
6.456000000000000227e+01
6.503000000000000114e+01
6.548999999999999488e+01
6.570000000000000284e+01
6.579999999999999716e+01
6.684999999999999432e+01
6.715000000000000568e+01
6.745000000000000284e+01
6.751000000000000512e+01
6.957999999999999829e+01
7.037999999999999545e+01
7.065999999999999659e+01
7.082000000000000739e+01
7.310000000000000853e+01
7.340999999999999659e+01
7.365999999999999659e+01
7.396000000000000796e+01
7.514000000000000057e+01
7.606000000000000227e+01
7.723999999999999488e+01
7.795000000000000284e+01
7.840000000000000568e+01
7.887000000000000455e+01
8.004999999999999716e+01
8.051999999999999602e+01
8.070000000000000284e+01
8.084000000000000341e+01
8.093000000000000682e+01
8.123000000000000398e+01
8.200000000000000000e+01
8.276000000000000512e+01
8.278000000000000114e+01
8.321999999999999886e+01
8.382000000000000739e+01
8.428000000000000114e+01
8.509000000000000341e+01
8.529999999999999716e+01
8.543000000000000682e+01
8.671000000000000796e+01
8.779999999999999716e+01
8.818999999999999773e+01
8.851000000000000512e+01
8.890999999999999659e+01
8.907000000000000739e+01
8.946999999999999886e+01
9.037999999999999545e+01
9.043000000000000682e+01
9.082000000000000739e+01
9.092000000000000171e+01
9.123000000000000398e+01
9.179999999999999716e+01
9.210999999999999943e+01
9.215000000000000568e+01
9.221000000000000796e+01
9.246000000000000796e+01
9.451000000000000512e+01
9.481000000000000227e+01
9.626000000000000512e+01
9.654000000000000625e+01
9.654000000000000625e+01
9.831000000000000227e+01
9.937999999999999545e+01
9.995000000000000284e+01
1.000000000000000000e+02
1.021000000000000085e+02
1.023299999999999983e+02
1.023599999999999994e+02
1.024399999999999977e+02
1.026899999999999977e+02
1.032800000000000011e+02
1.037199999999999989e+02
1.039699999999999989e+02
1.041500000000000057e+02
1.050000000000000000e+02
1.053200000000000074e+02
1.060199999999999960e+02
1.070400000000000063e+02
1.076000000000000085e+02
1.082199999999999989e+02
1.085100000000000051e+02
1.092900000000000063e+02
1.109699999999999989e+02
1.114000000000000057e+02
1.115000000000000000e+02
1.116899999999999977e+02
1.117100000000000080e+02
1.118500000000000085e+02
1.121800000000000068e+02
1.129000000000000057e+02
1.137199999999999989e+02
1.139600000000000080e+02
1.146200000000000045e+02
1.146599999999999966e+02
1.151000000000000085e+02
1.152400000000000091e+02
1.155300000000000011e+02
1.156599999999999966e+02
1.157500000000000000e+02
1.160199999999999960e+02
1.163500000000000085e+02
1.164399999999999977e+02
1.168599999999999994e+02
1.170900000000000034e+02
1.172400000000000091e+02
1.173900000000000006e+02
1.174900000000000091e+02
1.181899999999999977e+02
1.184099999999999966e+02
1.184600000000000080e+02
1.186000000000000085e+02
1.199000000000000057e+02
1.209900000000000091e+02
1.216099999999999994e+02
1.218100000000000023e+02
1.221099999999999994e+02
1.237000000000000028e+02
1.249900000000000091e+02
1.257999999999999972e+02
1.264200000000000017e+02
1.266300000000000097e+02
1.271000000000000085e+02
1.274800000000000040e+02
1.278200000000000074e+02
1.281599999999999966e+02
1.288600000000000136e+02
1.294000000000000057e+02
1.305999999999999943e+02
1.312500000000000000e+02
1.319300000000000068e+02
1.339600000000000080e+02
1.350200000000000102e+02
1.351299999999999955e+02
1.353700000000000045e+02
1.367400000000000091e+02
1.371700000000000159e+02
1.371800000000000068e+02
1.373499999999999943e+02
1.375300000000000011e+02
1.375500000000000114e+02
1.379200000000000159e+02
1.383300000000000125e+02
1.383499999999999943e+02
1.395800000000000125e+02
1.398900000000000148e+02
1.399799999999999898e+02
1.407899999999999920e+02
1.409600000000000080e+02
1.410800000000000125e+02
1.411500000000000057e+02
1.412299999999999898e+02
1.412500000000000000e+02
1.420399999999999920e+02
1.420699999999999932e+02
1.434799999999999898e+02
1.435000000000000000e+02
1.436299999999999955e+02
1.437400000000000091e+02
1.443700000000000045e+02
1.462199999999999989e+02
1.467000000000000171e+02
1.470800000000000125e+02
1.482599999999999909e+02
1.484399999999999977e+02
1.493199999999999932e+02
1.497199999999999989e+02
1.503600000000000136e+02
1.504300000000000068e+02
1.509500000000000171e+02
1.531100000000000136e+02
1.532299999999999898e+02
1.557199999999999989e+02
1.557500000000000000e+02
1.563100000000000023e+02
1.580800000000000125e+02
1.583400000000000034e+02
1.589000000000000057e+02
1.596700000000000159e+02
1.597000000000000171e+02
1.598700000000000045e+02
1.599799999999999898e+02
1.601100000000000136e+02
1.602199999999999989e+02
1.603900000000000148e+02
1.617000000000000171e+02
1.622100000000000080e+02
1.626200000000000045e+02
1.630600000000000023e+02
1.636200000000000045e+02
1.636700000000000159e+02
1.643199999999999932e+02
1.653400000000000034e+02
1.655000000000000000e+02
1.655800000000000125e+02
1.659500000000000171e+02
1.663300000000000125e+02
1.664099999999999966e+02
1.665800000000000125e+02
1.666299999999999955e+02
1.672100000000000080e+02
1.678799999999999955e+02
1.679799999999999898e+02
1.696500000000000057e+02
1.700900000000000034e+02
1.704600000000000080e+02
1.705500000000000114e+02
1.709200000000000159e+02
1.712299999999999898e+02
1.713199999999999932e+02
1.721599999999999966e+02
1.726100000000000136e+02
1.727000000000000171e+02
1.730000000000000000e+02
1.738799999999999955e+02
1.744000000000000057e+02
1.748300000000000125e+02
1.755900000000000034e+02
1.758900000000000148e+02
1.760900000000000034e+02
1.763000000000000114e+02
1.764900000000000091e+02
1.766100000000000136e+02
1.770900000000000034e+02
1.776200000000000045e+02
1.780300000000000011e+02
1.796899999999999977e+02
1.798000000000000114e+02
1.803499999999999943e+02
1.805699999999999932e+02
1.817299999999999898e+02
1.823799999999999955e+02
1.825800000000000125e+02
1.826899999999999977e+02
1.827899999999999920e+02
1.839399999999999977e+02
1.842500000000000000e+02
1.846400000000000148e+02
1.847899999999999920e+02
1.852800000000000011e+02
1.853300000000000125e+02
1.858300000000000125e+02
1.863300000000000125e+02
1.864200000000000159e+02
1.866500000000000057e+02
1.868600000000000136e+02
1.874300000000000068e+02
1.897100000000000080e+02
1.898100000000000023e+02
1.902500000000000000e+02
1.905900000000000034e+02
1.909000000000000057e+02
1.916299999999999955e+02
1.918499999999999943e+02
1.922100000000000080e+02
1.923300000000000125e+02
1.930200000000000102e+02
1.931100000000000136e+02
1.932300000000000182e+02
1.943600000000000136e+02
1.954200000000000159e+02
1.954200000000000159e+02
1.960600000000000023e+02
1.966400000000000148e+02
1.968499999999999943e+02
1.974000000000000057e+02
1.980200000000000102e+02
1.994300000000000068e+02
2.001200000000000045e+02
2.007899999999999920e+02
2.009500000000000171e+02
2.012899999999999920e+02
2.018100000000000023e+02
2.037800000000000011e+02
2.039900000000000091e+02
2.041599999999999966e+02
2.045699999999999932e+02
2.049600000000000080e+02
2.068499999999999943e+02
2.075900000000000034e+02
2.081700000000000159e+02
2.082300000000000182e+02
2.083900000000000148e+02
2.086100000000000136e+02
2.098000000000000114e+02
2.099699999999999989e+02
2.100000000000000000e+02
2.100200000000000102e+02
2.100999999999999943e+02
2.103300000000000125e+02
2.107199999999999989e+02
2.121200000000000045e+02
2.129099999999999966e+02
2.130600000000000023e+02
2.135300000000000011e+02
2.151599999999999966e+02
2.157599999999999909e+02
2.158700000000000045e+02
2.162599999999999909e+02
2.166200000000000045e+02
2.168400000000000034e+02
2.183300000000000125e+02
2.183799999999999955e+02
2.185000000000000000e+02
2.185699999999999932e+02
2.189800000000000182e+02
2.205099999999999909e+02
2.205500000000000114e+02
2.209200000000000159e+02
2.211100000000000136e+02
2.211400000000000148e+02
2.218300000000000125e+02
2.222599999999999909e+02
2.230200000000000102e+02
2.231599999999999966e+02
2.235099999999999909e+02
2.237199999999999989e+02
2.238000000000000114e+02
2.240399999999999920e+02
2.251899999999999977e+02
2.262199999999999989e+02
2.264699999999999989e+02
2.268499999999999943e+02
2.273400000000000034e+02
2.280500000000000114e+02
2.288900000000000148e+02
2.293000000000000114e+02
2.295000000000000000e+02
2.296400000000000148e+02
2.321400000000000148e+02
2.330600000000000023e+02
2.331899999999999977e+02
2.332700000000000102e+02
2.334200000000000159e+02
2.334600000000000080e+02
2.342000000000000171e+02
2.345000000000000000e+02
2.363799999999999955e+02
2.369500000000000171e+02
2.377800000000000011e+02
2.382700000000000102e+02
2.390300000000000011e+02
2.407800000000000011e+02
2.415600000000000023e+02
2.423499999999999943e+02
2.432000000000000171e+02
2.446800000000000068e+02
2.452599999999999909e+02
2.457100000000000080e+02
2.457400000000000091e+02
2.467899999999999920e+02
2.470900000000000034e+02
2.471299999999999955e+02
2.471299999999999955e+02
2.471899999999999977e+02
2.472100000000000080e+02
2.481800000000000068e+02
2.492000000000000171e+02
2.492000000000000171e+02
2.493100000000000023e+02
2.500999999999999943e+02
2.503300000000000125e+02
2.512199999999999989e+02
2.513600000000000136e+02
2.526599999999999966e+02
2.530999999999999943e+02
2.537400000000000091e+02
2.550999999999999943e+02
2.561100000000000136e+02
2.571999999999999886e+02
2.577400000000000091e+02
2.587099999999999795e+02
2.587599999999999909e+02
2.592599999999999909e+02
2.600799999999999841e+02
2.610799999999999841e+02
2.611700000000000159e+02
2.617800000000000296e+02
2.631200000000000045e+02
2.631700000000000159e+02
2.636299999999999955e+02
2.641499999999999773e+02
2.641999999999999886e+02
2.645900000000000318e+02
2.647099999999999795e+02
2.652800000000000296e+02
2.656600000000000250e+02
2.661899999999999977e+02
2.676700000000000159e+02
2.687200000000000273e+02
2.691999999999999886e+02
2.696299999999999955e+02
2.706299999999999955e+02
2.707599999999999909e+02
2.716299999999999955e+02
2.716499999999999773e+02
2.725400000000000205e+02
2.728199999999999932e+02
2.733500000000000227e+02
2.740699999999999932e+02
2.741500000000000341e+02
2.752800000000000296e+02
2.756500000000000341e+02
2.756700000000000159e+02
2.759399999999999977e+02
2.762400000000000091e+02
2.766999999999999886e+02
2.775300000000000296e+02
2.776299999999999955e+02
2.780900000000000318e+02
2.783199999999999932e+02
2.783500000000000227e+02
2.790199999999999818e+02
2.790799999999999841e+02
2.792300000000000182e+02
2.794499999999999886e+02
2.796100000000000136e+02
2.806800000000000068e+02
2.819300000000000068e+02
2.822300000000000182e+02
2.824599999999999795e+02
2.824700000000000273e+02
2.825600000000000023e+02
2.827500000000000000e+02
2.840400000000000205e+02
2.843100000000000023e+02
2.853199999999999932e+02
2.857699999999999818e+02
2.858199999999999932e+02
2.861200000000000045e+02
2.862200000000000273e+02
2.878000000000000114e+02
2.881700000000000159e+02
2.895500000000000114e+02
2.895799999999999841e+02
2.915099999999999909e+02
2.916299999999999955e+02
2.916800000000000068e+02
2.924700000000000273e+02
2.934900000000000091e+02
2.940199999999999818e+02
2.946800000000000068e+02
2.960799999999999841e+02
2.961299999999999955e+02
2.968000000000000114e+02
2.975500000000000114e+02
2.975900000000000318e+02
2.977800000000000296e+02
2.993799999999999955e+02
2.999100000000000250e+02
3.001600000000000250e+02
3.012099999999999795e+02
3.016800000000000068e+02
3.018899999999999864e+02
3.034499999999999886e+02
3.036999999999999886e+02
3.046000000000000227e+02
3.049200000000000159e+02
3.071500000000000341e+02
3.073100000000000023e+02
3.080500000000000114e+02
3.086000000000000227e+02
3.090099999999999909e+02
3.090699999999999932e+02
3.098400000000000318e+02
3.100900000000000318e+02
3.104499999999999886e+02
3.109700000000000273e+02
3.110600000000000023e+02
3.112699999999999818e+02
3.114800000000000182e+02
3.126700000000000159e+02
3.132400000000000091e+02
3.135600000000000023e+02
3.137200000000000273e+02
3.137800000000000296e+02
3.141100000000000136e+02
3.147099999999999795e+02
3.150400000000000205e+02
3.158899999999999864e+02
3.161399999999999864e+02
3.169399999999999977e+02
3.185500000000000114e+02
3.189300000000000068e+02
3.197900000000000205e+02
3.197900000000000205e+02
3.203299999999999841e+02
3.207099999999999795e+02
3.214100000000000250e+02
3.216700000000000159e+02
3.220600000000000023e+02
3.224800000000000182e+02
3.225400000000000205e+02
3.227099999999999795e+02
3.232400000000000091e+02
3.263000000000000114e+02
3.274499999999999886e+02
3.274800000000000182e+02
3.290099999999999909e+02
3.291800000000000068e+02
3.299100000000000250e+02
3.302500000000000000e+02
3.315199999999999818e+02
3.321700000000000159e+02
3.322200000000000273e+02
3.331100000000000136e+02
3.334000000000000341e+02
3.336000000000000227e+02
3.342099999999999795e+02
3.347099999999999795e+02
3.347900000000000205e+02
3.351800000000000068e+02
3.351800000000000068e+02
3.353899999999999864e+02
3.354599999999999795e+02
3.354599999999999795e+02
3.360099999999999909e+02
3.369000000000000341e+02
3.384700000000000273e+02
3.389000000000000341e+02
3.396100000000000136e+02
3.401800000000000068e+02
3.403299999999999841e+02
3.404599999999999795e+02
3.418199999999999932e+02
3.423799999999999955e+02
3.427900000000000205e+02
3.434599999999999795e+02
3.438600000000000136e+02
3.444300000000000068e+02
3.455400000000000205e+02
3.457400000000000091e+02
3.458500000000000227e+02
3.470600000000000023e+02
3.477699999999999818e+02
3.478199999999999932e+02
3.480500000000000114e+02
3.481000000000000227e+02
3.482500000000000000e+02
3.497500000000000000e+02
3.512500000000000000e+02
3.516700000000000159e+02
3.521000000000000227e+02
3.530900000000000318e+02
3.533100000000000023e+02
3.538700000000000045e+02
3.548400000000000318e+02
3.550500000000000114e+02
3.556299999999999955e+02
3.558500000000000227e+02
3.565199999999999818e+02
3.574100000000000250e+02
3.575199999999999818e+02
3.583400000000000318e+02
3.584000000000000341e+02
3.595099999999999909e+02
3.600199999999999818e+02
3.604100000000000250e+02
3.604499999999999886e+02
3.606899999999999977e+02
3.607400000000000091e+02
3.612400000000000091e+02
3.628799999999999955e+02
3.634100000000000250e+02
3.635000000000000000e+02
3.636299999999999955e+02
3.637200000000000273e+02
3.638199999999999932e+02
3.643100000000000023e+02
3.643799999999999955e+02
3.657099999999999795e+02
3.663400000000000318e+02
3.673199999999999932e+02
3.675099999999999909e+02
3.682300000000000182e+02
3.683000000000000114e+02
3.684700000000000273e+02
3.688700000000000045e+02
3.689399999999999977e+02
3.692099999999999795e+02
3.696899999999999977e+02
3.700500000000000114e+02
3.703400000000000318e+02
3.709700000000000273e+02
3.714800000000000182e+02
3.717400000000000091e+02
3.723799999999999955e+02
3.724000000000000341e+02
3.727099999999999795e+02
3.729499999999999886e+02
3.732599999999999909e+02
3.736700000000000159e+02
3.739700000000000273e+02
3.743899999999999864e+02
3.745500000000000114e+02
3.745900000000000318e+02
3.750199999999999818e+02
3.774800000000000182e+02
3.779300000000000068e+02
3.785400000000000205e+02
3.796100000000000136e+02
3.801200000000000045e+02
3.805099999999999909e+02
3.805900000000000318e+02
3.809200000000000159e+02
3.819599999999999795e+02
3.819900000000000091e+02
3.820300000000000296e+02
3.821399999999999864e+02
3.831800000000000068e+02
3.835099999999999909e+02
3.838700000000000045e+02
3.841999999999999886e+02
3.855000000000000000e+02
3.862200000000000273e+02
3.863299999999999841e+02
3.867200000000000273e+02
3.880400000000000205e+02
3.894000000000000341e+02
3.897900000000000205e+02
3.900400000000000205e+02
3.908100000000000023e+02
3.910799999999999841e+02
3.923799999999999955e+02
3.928299999999999841e+02
3.929900000000000091e+02
3.935400000000000205e+02
3.939200000000000159e+02
3.940000000000000000e+02
3.941999999999999886e+02
3.942400000000000091e+02
3.952900000000000205e+02
3.954200000000000159e+02
3.954700000000000273e+02
3.962500000000000000e+02
3.970699999999999932e+02
3.979499999999999886e+02
3.980600000000000023e+02
3.993400000000000318e+02
4.000600000000000023e+02
4.003000000000000114e+02
4.011200000000000045e+02
4.015000000000000000e+02
4.020000000000000000e+02
4.030199999999999818e+02
4.034800000000000182e+02
4.036899999999999977e+02
4.038400000000000318e+02
4.044300000000000068e+02
4.046200000000000045e+02
4.050799999999999841e+02
4.052300000000000182e+02
4.054600000000000364e+02
4.057400000000000091e+02
4.057800000000000296e+02
4.059200000000000159e+02
4.062300000000000182e+02
4.077599999999999909e+02
4.078600000000000136e+02
4.082500000000000000e+02
4.083299999999999841e+02
4.086800000000000068e+02
4.098899999999999864e+02
4.104700000000000273e+02
4.124200000000000159e+02
4.126600000000000250e+02
4.128000000000000114e+02
4.128799999999999955e+02
4.141999999999999886e+02
4.144399999999999977e+02
4.144600000000000364e+02
4.147699999999999818e+02
4.151000000000000227e+02
4.155000000000000000e+02
4.155400000000000205e+02
4.163500000000000227e+02
4.166899999999999977e+02
4.186299999999999955e+02
4.188899999999999864e+02
4.200199999999999818e+02
4.203100000000000023e+02
4.228899999999999864e+02
4.230000000000000000e+02
4.232100000000000364e+02
4.243799999999999955e+02
4.249700000000000273e+02
4.250500000000000114e+02
4.255500000000000114e+02
4.255799999999999841e+02
4.257699999999999818e+02
4.265300000000000296e+02
4.265600000000000023e+02
4.268899999999999864e+02
4.279700000000000273e+02
4.283600000000000136e+02
4.288000000000000114e+02
4.301100000000000136e+02
4.304000000000000341e+02
4.306999999999999886e+02
4.308899999999999864e+02
4.309200000000000159e+02
4.315300000000000296e+02
4.318299999999999841e+02
4.325699999999999932e+02
4.330400000000000205e+02
4.331700000000000159e+02
4.335500000000000114e+02
4.342300000000000182e+02
4.345699999999999932e+02
4.347900000000000205e+02
4.348799999999999955e+02
4.351100000000000136e+02
4.361100000000000136e+02
4.371700000000000159e+02
4.383400000000000318e+02
4.394300000000000068e+02
4.402599999999999909e+02
4.413899999999999864e+02
4.426999999999999886e+02
4.435900000000000318e+02
4.436299999999999955e+02
4.442500000000000000e+02
4.444900000000000091e+02
4.448400000000000318e+02
4.449499999999999886e+02
4.449900000000000091e+02
4.451399999999999864e+02
4.456399999999999864e+02
4.456600000000000250e+02
4.471899999999999977e+02
4.477800000000000296e+02
4.479200000000000159e+02
4.480900000000000318e+02
4.485300000000000296e+02
4.489700000000000273e+02
4.491200000000000045e+02
4.503600000000000136e+02
4.504800000000000182e+02
4.505000000000000000e+02
4.512900000000000205e+02
4.519300000000000068e+02
4.522200000000000273e+02
4.523600000000000136e+02
4.526899999999999977e+02
4.533100000000000023e+02
4.541500000000000341e+02
4.548100000000000023e+02
4.554399999999999977e+02
4.558799999999999955e+02
4.561800000000000068e+02
4.564100000000000250e+02
4.568899999999999864e+02
4.569800000000000182e+02
4.570900000000000318e+02
4.575199999999999818e+02
4.584200000000000159e+02
4.586500000000000341e+02
4.586500000000000341e+02
4.587800000000000296e+02
4.592800000000000296e+02
4.597200000000000273e+02
4.604499999999999886e+02
4.607699999999999818e+02
4.609399999999999977e+02
4.609399999999999977e+02
4.613100000000000023e+02
4.616399999999999864e+02
4.617500000000000000e+02
4.631000000000000227e+02
4.631600000000000250e+02
4.634499999999999886e+02
4.638199999999999932e+02
4.640799999999999841e+02
4.647400000000000091e+02
4.649000000000000341e+02
4.651200000000000045e+02
4.651299999999999955e+02
4.652400000000000091e+02
4.660099999999999909e+02
4.666999999999999886e+02
4.669000000000000341e+02
4.669800000000000182e+02
4.673299999999999841e+02
4.679399999999999977e+02
4.680699999999999932e+02
4.691700000000000159e+02
4.700900000000000318e+02
4.710000000000000000e+02
4.718299999999999841e+02
4.718700000000000045e+02
4.721399999999999864e+02
4.722599999999999909e+02
4.737699999999999818e+02
4.741899999999999977e+02
4.748400000000000318e+02
4.751100000000000136e+02
4.758600000000000136e+02
4.759100000000000250e+02
4.762100000000000364e+02
4.766100000000000136e+02
4.769600000000000364e+02
4.771399999999999864e+02
4.773100000000000023e+02
4.776999999999999886e+02
4.778100000000000023e+02
4.780000000000000000e+02
4.781100000000000136e+02
4.788899999999999864e+02
4.801800000000000068e+02
4.808199999999999932e+02
4.810000000000000000e+02
4.810000000000000000e+02
4.817699999999999818e+02
4.820400000000000205e+02
4.822599999999999909e+02
4.828799999999999955e+02
4.829100000000000250e+02
4.830400000000000205e+02
4.831000000000000227e+02
4.831399999999999864e+02
4.831500000000000341e+02
4.838600000000000136e+02
4.839700000000000273e+02
4.840600000000000023e+02
4.849700000000000273e+02
4.851700000000000159e+02
4.860900000000000318e+02
4.861000000000000227e+02
4.870099999999999909e+02
4.870199999999999818e+02
4.870799999999999841e+02
4.871399999999999864e+02
4.889700000000000273e+02
4.890000000000000000e+02
4.890300000000000296e+02
4.891399999999999864e+02
4.900099999999999909e+02
4.901500000000000341e+02
4.909499999999999886e+02
4.918100000000000023e+02
4.918899999999999864e+02
4.919800000000000182e+02
4.920799999999999841e+02
4.922100000000000364e+02
4.930900000000000318e+02
4.948700000000000045e+02
4.960500000000000114e+02
4.960699999999999932e+02
4.961200000000000045e+02
4.961999999999999886e+02
4.968500000000000227e+02
4.970300000000000296e+02
4.970699999999999932e+02
4.971000000000000227e+02
4.988899999999999864e+02
4.989200000000000159e+02
4.990200000000000387e+02
4.990699999999999932e+02
4.998899999999999864e+02
4.999900000000000091e+02
5.008799999999999955e+02
5.010799999999999841e+02
5.020699999999999932e+02
5.021200000000000045e+02
5.029700000000000273e+02
5.038700000000000045e+02
5.040200000000000387e+02
5.059800000000000182e+02
5.060400000000000205e+02
5.070200000000000387e+02
5.079200000000000159e+02
5.079600000000000364e+02
5.079800000000000182e+02
5.080000000000000000e+02
5.098700000000000045e+02
5.099800000000000182e+02
5.109200000000000159e+02
5.109399999999999977e+02
5.109499999999999886e+02
5.110099999999999909e+02
5.110200000000000387e+02
5.120700000000000500e+02
5.130700000000000500e+02
5.138100000000000591e+02
5.138799999999999955e+02
5.139700000000000273e+02
5.141000000000000227e+02
5.150399999999999636e+02
5.150499999999999545e+02
5.160299999999999727e+02
5.160299999999999727e+02
5.168600000000000136e+02
5.168799999999999955e+02
5.170199999999999818e+02
5.178300000000000409e+02
5.179600000000000364e+02
5.189199999999999591e+02
5.189600000000000364e+02
5.190399999999999636e+02
5.198700000000000045e+02
5.200499999999999545e+02
5.209500000000000455e+02
5.209500000000000455e+02
5.209800000000000182e+02
5.219099999999999682e+02
5.219500000000000455e+02
5.219600000000000364e+02
5.228799999999999955e+02
5.240499999999999545e+02
5.248700000000000045e+02
5.250099999999999909e+02
5.251200000000000045e+02
5.258300000000000409e+02
5.268899999999999864e+02
5.277799999999999727e+02
5.278300000000000409e+02
5.280199999999999818e+02
5.282000000000000455e+02
5.288899999999999864e+02
5.289800000000000182e+02
5.290399999999999636e+02
5.298100000000000591e+02
5.299300000000000637e+02
5.309600000000000364e+02
5.310099999999999909e+02
5.310499999999999545e+02
5.328700000000000045e+02
5.330099999999999909e+02
5.330399999999999636e+02
5.338500000000000227e+02
5.338600000000000136e+02
5.338899999999999864e+02
5.340000000000000000e+02
5.341499999999999773e+02
5.348400000000000318e+02
5.348799999999999955e+02
5.360099999999999909e+02
5.360199999999999818e+02
5.360299999999999727e+02
5.368600000000000136e+02
5.370900000000000318e+02
5.377999999999999545e+02
5.381200000000000045e+02
5.381399999999999864e+02
5.388200000000000500e+02
5.408799999999999955e+02
5.412000000000000455e+02
5.429099999999999682e+02
5.429800000000000182e+02
5.450099999999999909e+02
5.456699999999999591e+02
5.458500000000000227e+02
5.460000000000000000e+02
5.461000000000000227e+02
5.477200000000000273e+02
5.478000000000000682e+02
5.478799999999999955e+02
5.496000000000000227e+02
5.500199999999999818e+02
5.505700000000000500e+02
5.509600000000000364e+02
5.511399999999999864e+02
5.514600000000000364e+02
5.515500000000000682e+02
5.516900000000000546e+02
5.525199999999999818e+02
5.525900000000000318e+02
5.529099999999999682e+02
5.531200000000000045e+02
5.532200000000000273e+02
5.533100000000000591e+02
5.535199999999999818e+02
5.538200000000000500e+02
5.539700000000000273e+02
5.548899999999999864e+02
5.551499999999999773e+02
5.557599999999999909e+02
5.560399999999999636e+02
5.561599999999999682e+02
5.567200000000000273e+02
5.580800000000000409e+02
5.587799999999999727e+02
5.591900000000000546e+02
5.598400000000000318e+02
5.600600000000000591e+02
5.601800000000000637e+02
5.606699999999999591e+02
5.607400000000000091e+02
5.611100000000000136e+02
5.612300000000000182e+02
5.620299999999999727e+02
5.620700000000000500e+02
5.628999999999999773e+02
5.634600000000000364e+02
5.655900000000000318e+02
5.657100000000000364e+02
5.664099999999999682e+02
5.667599999999999909e+02
5.678999999999999773e+02
5.680600000000000591e+02
5.684099999999999682e+02
5.689800000000000182e+02
5.692400000000000091e+02
5.693300000000000409e+02
5.696599999999999682e+02
5.704199999999999591e+02
5.712000000000000455e+02
5.717000000000000455e+02
5.718200000000000500e+02
5.718999999999999773e+02
5.721499999999999773e+02
5.741499999999999773e+02
5.751399999999999864e+02
5.752500000000000000e+02
5.752899999999999636e+02
5.757400000000000091e+02
5.762000000000000455e+02
5.766699999999999591e+02
5.774900000000000091e+02
5.782799999999999727e+02
5.787200000000000273e+02
5.788999999999999773e+02
5.792500000000000000e+02
5.797200000000000273e+02
5.803600000000000136e+02
5.805900000000000318e+02
5.807599999999999909e+02
5.807799999999999727e+02
5.813700000000000045e+02
5.816100000000000136e+02
5.828999999999999773e+02
5.834199999999999591e+02
5.841200000000000045e+02
5.847100000000000364e+02
5.853000000000000682e+02
5.861299999999999955e+02
5.862100000000000364e+02
5.869600000000000364e+02
5.873400000000000318e+02
5.882899999999999636e+02
5.899800000000000182e+02
5.907599999999999909e+02
5.908600000000000136e+02
5.909600000000000364e+02
5.919800000000000182e+02
5.929199999999999591e+02
5.930600000000000591e+02
5.935000000000000000e+02
5.936100000000000136e+02
5.937500000000000000e+02
5.942200000000000273e+02
5.946599999999999682e+02
5.949600000000000364e+02
5.949700000000000273e+02
5.952699999999999818e+02
5.953200000000000500e+02
5.956499999999999773e+02
5.973000000000000682e+02
5.973500000000000227e+02
5.973999999999999773e+02
5.979500000000000455e+02
5.981000000000000227e+02
5.988999999999999773e+02
5.993700000000000045e+02
6.002300000000000182e+02
6.008999999999999773e+02
6.009400000000000546e+02
6.021599999999999682e+02
6.023300000000000409e+02
6.026299999999999955e+02
6.033200000000000500e+02
6.047599999999999909e+02
6.051800000000000637e+02
6.054700000000000273e+02
6.059900000000000091e+02
6.062799999999999727e+02
6.067500000000000000e+02
6.076599999999999682e+02
6.083500000000000227e+02
6.085500000000000682e+02
6.085800000000000409e+02
6.098999999999999773e+02
6.099500000000000455e+02
6.101399999999999864e+02
6.107200000000000273e+02
6.112599999999999909e+02
6.113700000000000045e+02
6.127699999999999818e+02
6.133600000000000136e+02
6.142300000000000182e+02
6.145199999999999818e+02
6.150000000000000000e+02
6.151200000000000045e+02
6.154900000000000091e+02
6.160000000000000000e+02
6.166499999999999773e+02
6.168500000000000227e+02
6.173000000000000682e+02
6.174600000000000364e+02
6.176200000000000045e+02
6.183000000000000682e+02
6.184300000000000637e+02
6.189900000000000091e+02
6.194199999999999591e+02
6.194400000000000546e+02
6.202100000000000364e+02
6.207100000000000364e+02
6.214700000000000273e+02
6.218100000000000591e+02
6.222200000000000273e+02
6.232799999999999727e+02
6.234700000000000273e+02
6.235399999999999636e+02
6.239199999999999591e+02
6.239199999999999591e+02
6.245700000000000500e+02
6.261399999999999864e+02
6.268400000000000318e+02
6.295700000000000500e+02
6.308200000000000500e+02
6.317599999999999909e+02
6.322200000000000273e+02
6.323000000000000682e+02
6.323500000000000227e+02
6.329800000000000182e+02
6.331900000000000546e+02
6.337100000000000364e+02
6.355099999999999909e+02
6.370900000000000318e+02
6.371900000000000546e+02
6.376399999999999864e+02
6.377200000000000273e+02
6.378300000000000409e+02
6.381100000000000136e+02
6.382000000000000455e+02
6.399099999999999682e+02
6.399700000000000273e+02
6.405399999999999636e+02
6.410800000000000409e+02
6.417400000000000091e+02
6.431499999999999773e+02
6.434400000000000546e+02
6.440000000000000000e+02
6.446200000000000045e+02
6.454199999999999591e+02
6.457599999999999909e+02
6.457899999999999636e+02
6.462200000000000273e+02
6.464500000000000455e+02
6.476599999999999682e+02
6.479900000000000091e+02
6.488600000000000136e+02
6.491800000000000637e+02
6.496000000000000227e+02
6.512599999999999909e+02
6.516599999999999682e+02
6.524300000000000637e+02
6.529500000000000455e+02
6.529700000000000273e+02
6.532200000000000273e+02
6.534700000000000273e+02
6.537599999999999909e+02
6.540299999999999727e+02
6.543999999999999773e+02
6.552000000000000455e+02
6.558000000000000682e+02
6.558400000000000318e+02
6.560800000000000409e+02
6.568500000000000227e+02
6.585800000000000409e+02
6.596399999999999864e+02
6.603999999999999773e+02
6.611599999999999682e+02
6.612200000000000273e+02
6.616599999999999682e+02
6.624300000000000637e+02
6.629199999999999591e+02
6.630299999999999727e+02
6.632100000000000364e+02
6.635500000000000682e+02
6.644099999999999682e+02
6.644800000000000182e+02
6.658300000000000409e+02
6.660099999999999909e+02
6.667699999999999818e+02
6.684199999999999591e+02
6.685399999999999636e+02
6.685399999999999636e+02
6.685500000000000682e+02
6.691499999999999773e+02
6.694300000000000637e+02
6.697400000000000091e+02
6.700800000000000409e+02
6.705700000000000500e+02
6.712699999999999818e+02
6.715700000000000500e+02
6.716499999999999773e+02
6.721299999999999955e+02
6.721499999999999773e+02
6.734800000000000182e+02
6.736000000000000227e+02
6.740800000000000409e+02
6.750700000000000500e+02
6.753600000000000136e+02
6.762000000000000455e+02
6.764800000000000182e+02
6.777300000000000182e+02
6.777500000000000000e+02
6.800800000000000409e+02
6.802500000000000000e+02
6.809300000000000637e+02
6.814700000000000273e+02
6.823899999999999864e+02
6.841900000000000546e+02
6.854300000000000637e+02
6.857599999999999909e+02
6.860000000000000000e+02
6.861100000000000136e+02
6.874900000000000091e+02
6.878100000000000591e+02
6.886599999999999682e+02
6.902300000000000182e+02
6.903000000000000682e+02
6.908000000000000682e+02
6.922500000000000000e+02
6.934800000000000182e+02
6.940600000000000591e+02
6.942200000000000273e+02
6.944099999999999682e+02
6.949700000000000273e+02
6.954800000000000182e+02
6.966499999999999773e+02
6.973200000000000500e+02
6.977000000000000455e+02
6.987500000000000000e+02
6.988999999999999773e+02
6.997799999999999727e+02
6.997899999999999636e+02
7.011200000000000045e+02
7.012000000000000455e+02
7.014099999999999682e+02
7.016399999999999864e+02
7.031200000000000045e+02
7.031599999999999682e+02
7.034800000000000182e+02
7.035900000000000318e+02
7.036499999999999773e+02
7.041299999999999955e+02
7.048200000000000500e+02
7.050000000000000000e+02
7.057799999999999727e+02
7.059199999999999591e+02
7.065900000000000318e+02
7.071399999999999864e+02
7.074600000000000364e+02
7.079099999999999682e+02
7.083799999999999955e+02
7.087799999999999727e+02
7.093600000000000136e+02
7.095099999999999909e+02
7.105299999999999727e+02
7.108500000000000227e+02
7.108899999999999864e+02
7.111200000000000045e+02
7.112200000000000273e+02
7.113100000000000591e+02
7.115399999999999636e+02
7.117599999999999909e+02
7.124400000000000546e+02
7.129700000000000273e+02
7.132599999999999909e+02
7.135600000000000591e+02
7.138799999999999955e+02
7.142100000000000364e+02
7.143999999999999773e+02
7.144900000000000091e+02
7.150299999999999727e+02
7.153200000000000500e+02
7.166399999999999864e+02
7.170800000000000409e+02
7.176900000000000546e+02
7.181200000000000045e+02
7.184500000000000455e+02
7.186900000000000546e+02
7.187100000000000364e+02
7.189500000000000455e+02
7.191100000000000136e+02
7.194800000000000182e+02
7.200399999999999636e+02
7.203500000000000227e+02
7.216299999999999955e+02
7.233500000000000227e+02
7.237400000000000091e+02
7.239800000000000182e+02
7.245199999999999818e+02
7.256599999999999682e+02
7.258100000000000591e+02
7.259500000000000455e+02
7.263000000000000682e+02
7.264700000000000273e+02
7.268600000000000136e+02
7.276200000000000045e+02
7.285900000000000318e+02
7.286900000000000546e+02
7.290000000000000000e+02
7.292100000000000364e+02
7.299800000000000182e+02
7.301499999999999773e+02
7.302799999999999727e+02
7.307400000000000091e+02
7.315199999999999818e+02
7.330800000000000409e+02
7.335700000000000500e+02
7.336800000000000637e+02
7.338000000000000682e+02
7.345800000000000409e+02
7.348200000000000500e+02
7.349600000000000364e+02
7.352799999999999727e+02
7.359800000000000182e+02
7.362599999999999909e+02
7.366299999999999955e+02
7.368700000000000045e+02
7.369500000000000455e+02
7.375399999999999636e+02
7.379199999999999591e+02
7.382799999999999727e+02
7.398300000000000409e+02
7.398799999999999955e+02
7.403400000000000318e+02
7.407599999999999909e+02
7.409900000000000091e+02
7.412899999999999636e+02
7.417599999999999909e+02
7.419800000000000182e+02
7.430600000000000591e+02
7.443300000000000409e+02
7.446699999999999591e+02
7.447599999999999909e+02
7.452000000000000455e+02
7.462500000000000000e+02
7.473200000000000500e+02
7.482000000000000455e+02
7.506599999999999682e+02
7.511699999999999591e+02
7.513200000000000500e+02
7.516100000000000136e+02
7.518700000000000045e+02
7.532300000000000182e+02
7.532500000000000000e+02
7.546699999999999591e+02
7.557200000000000273e+02
7.564400000000000546e+02
7.567699999999999818e+02
7.572899999999999636e+02
7.579099999999999682e+02
7.588700000000000045e+02
7.593600000000000136e+02
7.596499999999999773e+02
7.598300000000000409e+02
7.598400000000000318e+02
7.598799999999999955e+02
7.612799999999999727e+02
7.613300000000000409e+02
7.622100000000000364e+02
7.627500000000000000e+02
7.636900000000000546e+02
7.637200000000000273e+02
7.641599999999999682e+02
7.641900000000000546e+02
7.642400000000000091e+02
7.653100000000000591e+02
7.655700000000000500e+02
7.656499999999999773e+02
7.663799999999999955e+02
7.681800000000000637e+02
7.683500000000000227e+02
7.688500000000000227e+02
7.691100000000000136e+02
7.693000000000000682e+02
7.706499999999999773e+02
7.717599999999999909e+02
7.718300000000000409e+02
7.722799999999999727e+02
7.727599999999999909e+02
7.732400000000000091e+02
7.742400000000000091e+02
7.746499999999999773e+02
7.760399999999999636e+02
7.762200000000000273e+02
7.767100000000000364e+02
7.772200000000000273e+02
7.779700000000000273e+02
7.788300000000000409e+02
7.795800000000000409e+02
7.816000000000000227e+02
7.821299999999999955e+02
7.822799999999999727e+02
7.823799999999999955e+02
7.830800000000000409e+02
7.832200000000000273e+02
7.837599999999999909e+02
7.848400000000000318e+02
7.852699999999999818e+02
7.857599999999999909e+02
7.861800000000000637e+02
7.869099999999999682e+02
7.878799999999999955e+02
7.883200000000000500e+02
7.888300000000000409e+02
7.893700000000000045e+02
7.894200000000000728e+02
7.894800000000000182e+02
7.899200000000000728e+02
7.902899999999999636e+02
7.905299999999999727e+02
7.911700000000000728e+02
7.916399999999999864e+02
7.923799999999999955e+02
7.928799999999999955e+02
7.929800000000000182e+02
7.956800000000000637e+02
7.960000000000000000e+02
7.973300000000000409e+02
7.975199999999999818e+02
7.983600000000000136e+02
7.987400000000000091e+02
7.992000000000000455e+02
7.993799999999999955e+02
7.999200000000000728e+02
8.003899999999999864e+02
8.010000000000000000e+02
8.015600000000000591e+02
8.019900000000000091e+02
8.030600000000000591e+02
8.031800000000000637e+02
8.036299999999999955e+02
8.040800000000000409e+02
8.048000000000000682e+02
8.050299999999999727e+02
8.058400000000000318e+02
8.063200000000000500e+02
8.078400000000000318e+02
8.078700000000000045e+02
8.086200000000000045e+02
8.088999999999999773e+02
8.092400000000000091e+02
8.095600000000000591e+02
8.096200000000000045e+02
8.100399999999999636e+02
8.100900000000000318e+02
8.101700000000000728e+02
8.118000000000000682e+02
8.118000000000000682e+02
8.130800000000000409e+02
8.132100000000000364e+02
8.141299999999999955e+02
8.143100000000000591e+02
8.144500000000000455e+02
8.155399999999999636e+02
8.159900000000000091e+02
8.161599999999999682e+02
8.166700000000000728e+02
8.167799999999999727e+02
8.190399999999999636e+02
8.191000000000000227e+02
8.195399999999999636e+02
8.196499999999999773e+02
8.197100000000000364e+02
8.199300000000000637e+02
8.201800000000000637e+02
8.208899999999999864e+02
8.213700000000000045e+02
8.216000000000000227e+02
8.216800000000000637e+02
8.220099999999999909e+02
8.222400000000000091e+02
8.227400000000000091e+02
8.236900000000000546e+02
8.237699999999999818e+02
8.237899999999999636e+02
8.242699999999999818e+02
8.243100000000000591e+02
8.244500000000000455e+02
8.251399999999999864e+02
8.253000000000000682e+02
8.257200000000000273e+02
8.258500000000000227e+02
8.261599999999999682e+02
8.275500000000000682e+02
8.276100000000000136e+02
8.277100000000000364e+02
8.280500000000000682e+02
8.282599999999999909e+02
8.289400000000000546e+02
8.289800000000000182e+02
8.295099999999999909e+02
8.300399999999999636e+02
8.306800000000000637e+02
8.310000000000000000e+02
8.331299999999999955e+02
8.332799999999999727e+02
8.337200000000000273e+02
8.337599999999999909e+02
8.348100000000000591e+02
8.350199999999999818e+02
8.361800000000000637e+02
8.363000000000000682e+02
8.367500000000000000e+02
8.369300000000000637e+02
8.380600000000000591e+02
8.384600000000000364e+02
8.396200000000000045e+02
8.399200000000000728e+02
8.399600000000000364e+02
8.400800000000000409e+02
8.414500000000000455e+02
8.419700000000000273e+02
8.423400000000000318e+02
8.423600000000000136e+02
8.435800000000000409e+02
8.449099999999999682e+02
8.455299999999999727e+02
8.463700000000000045e+02
8.467100000000000364e+02
8.470399999999999636e+02
8.471100000000000136e+02
8.478999999999999773e+02
8.484500000000000455e+02
8.488400000000000318e+02
8.489900000000000091e+02
8.490000000000000000e+02
8.490700000000000500e+02
8.497000000000000455e+02
8.502699999999999818e+02
8.505199999999999818e+02
8.505900000000000318e+02
8.516499999999999773e+02
8.518100000000000591e+02
8.523500000000000227e+02
8.525500000000000682e+02
8.527899999999999636e+02
8.530000000000000000e+02
8.530099999999999909e+02
8.533400000000000318e+02
8.540299999999999727e+02
8.546200000000000045e+02
8.553100000000000591e+02
8.555000000000000000e+02
8.555099999999999909e+02
8.562799999999999727e+02
8.571499999999999773e+02
8.576900000000000546e+02
8.579300000000000637e+02
8.583200000000000500e+02
8.589800000000000182e+02
8.589800000000000182e+02
8.595199999999999818e+02
8.597699999999999818e+02
8.600000000000000000e+02
8.604900000000000091e+02
8.610299999999999727e+02
8.612500000000000000e+02
8.619900000000000091e+02
8.622100000000000364e+02
8.624400000000000546e+02
8.640800000000000409e+02
8.645099999999999909e+02
8.653400000000000318e+02
8.655000000000000000e+02
8.656299999999999955e+02
8.657300000000000182e+02
8.689900000000000091e+02
8.691200000000000045e+02
8.692500000000000000e+02
8.702100000000000364e+02
8.708300000000000409e+02
8.708400000000000318e+02
8.710399999999999636e+02
8.719900000000000091e+02
8.722799999999999727e+02
8.727799999999999727e+02
8.736299999999999955e+02
8.743799999999999955e+02
8.757300000000000182e+02
8.761499999999999773e+02
8.762400000000000091e+02
8.763799999999999955e+02
8.768500000000000227e+02
8.771499999999999773e+02
8.776299999999999955e+02
8.776800000000000637e+02
8.779400000000000546e+02
8.787899999999999636e+02
8.790900000000000318e+02
8.793100000000000591e+02
8.793600000000000136e+02
8.796800000000000637e+02
8.801200000000000045e+02
8.809600000000000364e+02
8.809600000000000364e+02
8.816399999999999864e+02
8.823600000000000136e+02
8.830299999999999727e+02
8.835900000000000318e+02
8.841399999999999864e+02
8.841900000000000546e+02
8.844500000000000455e+02
8.846399999999999864e+02
8.854800000000000182e+02
8.862899999999999636e+02
8.865600000000000591e+02
8.866900000000000546e+02
8.869200000000000728e+02
8.877200000000000273e+02
8.877599999999999909e+02
8.887400000000000091e+02
8.889800000000000182e+02
8.898899999999999864e+02
8.900600000000000591e+02
8.902400000000000091e+02
8.903100000000000591e+02
8.907400000000000091e+02
8.907599999999999909e+02
8.908600000000000136e+02
8.917500000000000000e+02
8.923799999999999955e+02
8.932100000000000364e+02
8.939700000000000273e+02
8.941900000000000546e+02
8.942500000000000000e+02
8.949099999999999682e+02
8.959700000000000273e+02
8.962400000000000091e+02
8.964600000000000364e+02
8.975099999999999909e+02
8.975500000000000682e+02
8.975700000000000500e+02
8.976399999999999864e+02
8.978700000000000045e+02
8.983500000000000227e+02
8.984600000000000364e+02
9.023799999999999955e+02
9.036200000000000045e+02
9.052100000000000364e+02
9.056700000000000728e+02
9.059300000000000637e+02
9.083000000000000682e+02
9.083999999999999773e+02
9.086499999999999773e+02
9.109800000000000182e+02
9.109900000000000091e+02
9.117799999999999727e+02
9.129900000000000091e+02
9.131299999999999955e+02
9.131800000000000637e+02
9.137899999999999636e+02
9.138000000000000682e+02
9.140600000000000591e+02
9.142899999999999636e+02
9.145299999999999727e+02
9.145399999999999636e+02
9.148200000000000500e+02
9.159900000000000091e+02
9.170399999999999636e+02
9.177699999999999818e+02
9.181399999999999864e+02
9.187000000000000455e+02
9.188899999999999864e+02
9.211200000000000045e+02
9.218899999999999864e+02
9.221499999999999773e+02
9.240800000000000409e+02
9.252400000000000091e+02
9.254900000000000091e+02
9.261299999999999955e+02
9.265700000000000500e+02
9.268400000000000318e+02
9.277100000000000364e+02
9.286499999999999773e+02
9.298000000000000682e+02
9.303999999999999773e+02
9.305099999999999909e+02
9.307400000000000091e+02
9.308400000000000318e+02
9.311399999999999864e+02
9.322599999999999909e+02
9.329800000000000182e+02
9.337799999999999727e+02
9.338300000000000409e+02
9.339600000000000364e+02
9.350399999999999636e+02
9.354200000000000728e+02
9.357400000000000091e+02
9.368000000000000682e+02
9.374300000000000637e+02
9.374700000000000273e+02
9.379900000000000091e+02
9.381200000000000045e+02
9.385500000000000682e+02
9.387899999999999636e+02
9.389900000000000091e+02
9.390700000000000500e+02
9.402200000000000273e+02
9.422400000000000091e+02
9.426800000000000637e+02
9.435399999999999636e+02
9.446700000000000728e+02
9.448600000000000136e+02
9.455900000000000318e+02
9.456499999999999773e+02
9.467400000000000091e+02
9.481700000000000728e+02
9.485099999999999909e+02
9.485099999999999909e+02
9.493300000000000409e+02
9.499099999999999682e+02
9.506900000000000546e+02
9.507300000000000182e+02
9.509600000000000364e+02
9.522300000000000182e+02
9.524400000000000546e+02
9.529900000000000091e+02
9.537100000000000364e+02
9.539800000000000182e+02
9.547400000000000091e+02
9.548300000000000409e+02
9.568799999999999955e+02
9.572400000000000091e+02
9.577699999999999818e+02
9.578500000000000227e+02
9.586499999999999773e+02
9.588000000000000682e+02
9.590500000000000682e+02
9.593000000000000682e+02
9.593500000000000227e+02
9.597000000000000455e+02
9.598200000000000500e+02
9.605900000000000318e+02
9.611100000000000136e+02
9.614700000000000273e+02
9.615600000000000591e+02
9.620900000000000318e+02
9.623700000000000045e+02
9.627100000000000364e+02
9.628200000000000500e+02
9.629300000000000637e+02
9.634300000000000637e+02
9.657799999999999727e+02
9.665600000000000591e+02
9.666900000000000546e+02
9.667300000000000182e+02
9.668100000000000591e+02
9.670099999999999909e+02
9.687799999999999727e+02
9.688799999999999955e+02
9.692799999999999727e+02
9.693500000000000227e+02
9.705800000000000409e+02
9.721700000000000728e+02
9.727899999999999636e+02
9.733000000000000682e+02
9.734400000000000546e+02
9.744700000000000273e+02
9.748400000000000318e+02
9.765500000000000682e+02
9.766599999999999682e+02
9.767699999999999818e+02
9.785800000000000409e+02
9.786599999999999682e+02
9.794900000000000091e+02
9.806800000000000637e+02
9.807200000000000273e+02
9.807799999999999727e+02
9.824700000000000273e+02
9.845700000000000500e+02
9.854900000000000091e+02
9.855000000000000000e+02
9.858400000000000318e+02
9.865099999999999909e+02
9.865700000000000500e+02
9.866599999999999682e+02
9.875700000000000500e+02
9.877300000000000182e+02
9.887100000000000364e+02
9.887300000000000182e+02
9.894300000000000637e+02
9.895199999999999818e+02
9.897599999999999909e+02
9.907900000000000773e+02
9.917400000000000091e+02
9.923600000000000136e+02
9.923899999999999864e+02
9.925600000000000591e+02
9.925800000000000409e+02
9.926599999999999682e+02
9.926599999999999682e+02
9.927900000000000773e+02
9.935400000000000773e+02
9.956499999999999773e+02
9.966800000000000637e+02
9.975299999999999727e+02
9.976399999999999864e+02
9.983999999999999773e+02
9.985800000000000409e+02
9.993300000000000409e+02
