8.080000000000000071e+00
1.022000000000000064e+01
1.231000000000000050e+01
1.435999999999999943e+01
1.642000000000000171e+01
1.851000000000000156e+01
2.058000000000000185e+01
2.315000000000000213e+01
2.535999999999999943e+01
6.073000000000000398e+01
6.332999999999999829e+01
6.565999999999999659e+01
6.779000000000000625e+01
7.110000000000000853e+01
1.067900000000000063e+02
1.098500000000000085e+02
1.121000000000000085e+02
1.147100000000000080e+02
1.167900000000000063e+02
1.212000000000000028e+02
1.568499999999999943e+02
1.609500000000000171e+02
1.638199999999999932e+02
1.659200000000000159e+02
1.679600000000000080e+02
1.700399999999999920e+02
1.721700000000000159e+02
2.090300000000000011e+02
2.111200000000000045e+02
2.132000000000000171e+02
2.153499999999999943e+02
2.175200000000000102e+02
2.566200000000000045e+02
2.597300000000000182e+02
2.644200000000000159e+02
2.671000000000000227e+02
2.692099999999999795e+02
2.719499999999999886e+02
2.763199999999999932e+02
3.078899999999999864e+02
3.109300000000000068e+02
3.130199999999999818e+02
3.151399999999999864e+02
3.178100000000000023e+02
3.205400000000000205e+02
3.227699999999999818e+02
3.575699999999999932e+02
3.612900000000000205e+02
3.634599999999999795e+02
3.666299999999999955e+02
3.687900000000000205e+02
3.710900000000000318e+02
3.737599999999999909e+02
4.080900000000000318e+02
4.111600000000000250e+02
4.132400000000000091e+02
4.152900000000000205e+02
4.175199999999999818e+02
4.221700000000000159e+02
4.573199999999999932e+02
4.594000000000000341e+02
4.615900000000000318e+02
4.641200000000000045e+02
4.668299999999999841e+02
4.700799999999999841e+02
5.081700000000000159e+02
5.108299999999999841e+02
5.134400000000000546e+02
5.158600000000000136e+02
5.181699999999999591e+02
5.218999999999999773e+02
5.256900000000000546e+02
5.580500000000000682e+02
5.602899999999999636e+02
5.627699999999999818e+02
5.658600000000000136e+02
5.685000000000000000e+02
5.708799999999999955e+02
6.067799999999999727e+02
6.095399999999999636e+02
6.116100000000000136e+02
6.137599999999999909e+02
6.167200000000000273e+02
6.207300000000000182e+02
6.620299999999999727e+02
6.654900000000000091e+02
6.675500000000000682e+02
6.702100000000000364e+02
6.734199999999999591e+02
7.067799999999999727e+02
7.089700000000000273e+02
7.110600000000000591e+02
7.137200000000000273e+02
7.161499999999999773e+02
7.181900000000000546e+02
7.203999999999999773e+02
7.237300000000000182e+02
7.574300000000000637e+02
7.600099999999999909e+02
7.640099999999999909e+02
7.668600000000000136e+02
7.710500000000000682e+02
7.757000000000000455e+02
8.079700000000000273e+02
8.100900000000000318e+02
8.127799999999999727e+02
8.154099999999999682e+02
8.185700000000000500e+02
8.206800000000000637e+02
8.568799999999999955e+02
8.590700000000000500e+02
8.611499999999999773e+02
8.638000000000000682e+02
8.659200000000000728e+02
8.688000000000000682e+02
8.733400000000000318e+02
9.108600000000000136e+02
9.141499999999999773e+02
9.163500000000000227e+02
9.185000000000000000e+02
9.207200000000000273e+02
9.248799999999999955e+02
9.601499999999999773e+02
9.631100000000000136e+02
9.656000000000000227e+02
9.690600000000000591e+02
9.741299999999999955e+02
7.750000000000000000e+00
9.919999999999999929e+00
1.200000000000000000e+01
1.503000000000000114e+01
1.805000000000000071e+01
2.137999999999999901e+01
2.519000000000000128e+01
5.942000000000000171e+01
6.307999999999999829e+01
6.751999999999999602e+01
6.968999999999999773e+01
7.501000000000000512e+01
1.099600000000000080e+02
1.124500000000000028e+02
1.150799999999999983e+02
1.171700000000000017e+02
1.192600000000000051e+02
1.215499999999999972e+02
1.569799999999999898e+02
1.598499999999999943e+02
1.619000000000000057e+02
1.641200000000000045e+02
1.665200000000000102e+02
1.686700000000000159e+02
1.719699999999999989e+02
2.093199999999999932e+02
2.114600000000000080e+02
2.141800000000000068e+02
2.163700000000000045e+02
2.194300000000000068e+02
2.220699999999999932e+02
2.592500000000000000e+02
2.616499999999999773e+02
2.646700000000000159e+02
2.667699999999999818e+02
2.700400000000000205e+02
2.735400000000000205e+02
3.091100000000000136e+02
3.116200000000000045e+02
3.161800000000000068e+02
3.186899999999999977e+02
3.216800000000000068e+02
3.610900000000000318e+02
3.648100000000000023e+02
3.676200000000000045e+02
3.711399999999999864e+02
4.100300000000000296e+02
4.122699999999999818e+02
4.143500000000000227e+02
4.173199999999999932e+02
4.194200000000000159e+02
4.227400000000000091e+02
4.589800000000000182e+02
4.637100000000000364e+02
4.659800000000000182e+02
4.680799999999999841e+02
4.701500000000000341e+02
5.082100000000000364e+02
5.108000000000000114e+02
5.136200000000000045e+02
5.166299999999999955e+02
5.201900000000000546e+02
5.555600000000000591e+02
5.577699999999999818e+02
5.598700000000000045e+02
5.638400000000000318e+02
5.666800000000000637e+02
5.708100000000000591e+02
6.088799999999999955e+02
6.118400000000000318e+02
6.152599999999999909e+02
6.177100000000000364e+02
6.208999999999999773e+02
6.579800000000000182e+02
6.608000000000000682e+02
6.629800000000000182e+02
6.650500000000000682e+02
7.061900000000000546e+02
7.101200000000000045e+02
7.133000000000000682e+02
7.160600000000000591e+02
7.202300000000000182e+02
7.532400000000000091e+02
7.564500000000000455e+02
7.593700000000000045e+02
7.615000000000000000e+02
7.654800000000000182e+02
7.679700000000000273e+02
7.708500000000000227e+02
8.064900000000000091e+02
8.090500000000000682e+02
8.110800000000000409e+02
8.178400000000000318e+02
8.543000000000000682e+02
8.564800000000000182e+02
8.590800000000000409e+02
8.623200000000000500e+02
8.670299999999999727e+02
9.032699999999999818e+02
9.053600000000000136e+02
9.084800000000000182e+02
9.105900000000000318e+02
9.166900000000000546e+02
9.556599999999999682e+02
9.581499999999999773e+02
9.602100000000000364e+02
9.623000000000000682e+02
9.669400000000000546e+02
1.357000000000000028e+01
1.717999999999999972e+01
1.971999999999999886e+01
6.235999999999999943e+01
6.662000000000000455e+01
7.476999999999999602e+01
1.136000000000000085e+02
1.179399999999999977e+02
1.604000000000000057e+02
1.624900000000000091e+02
1.669799999999999898e+02
1.734200000000000159e+02
2.100000000000000000e+02
2.147000000000000171e+02
2.172500000000000000e+02
2.655500000000000114e+02
3.093600000000000136e+02
3.609800000000000182e+02
3.640699999999999932e+02
4.561299999999999955e+02
4.586200000000000045e+02
4.607400000000000091e+02
4.647500000000000000e+02
4.672900000000000205e+02
5.112599999999999909e+02
5.133700000000000045e+02
5.157500000000000000e+02
5.581299999999999955e+02
6.077000000000000455e+02
6.128700000000000045e+02
6.560800000000000409e+02
6.600000000000000000e+02
7.052899999999999636e+02
7.088799999999999955e+02
7.115700000000000500e+02
7.157599999999999909e+02
7.564199999999999591e+02
8.055900000000000318e+02
8.094200000000000728e+02
8.118300000000000409e+02
8.548700000000000045e+02
8.993600000000000136e+02
9.018999999999999773e+02
9.085299999999999727e+02
9.107899999999999636e+02
9.129300000000000637e+02
9.504700000000000273e+02
9.545099999999999909e+02
9.604200000000000728e+02
9.639200000000000728e+02
6.643999999999999773e+01
2.170000000000000000e+02
8.055900000000000318e+02
8.582200000000000273e+02
9.497300000000000182e+02
