6.960000000000000853e+01
1.169200000000000017e+02
1.594300000000000068e+02
1.625399999999999920e+02
2.662300000000000182e+02
3.079599999999999795e+02
3.089399999999999977e+02
3.606399999999999864e+02
3.682200000000000273e+02
4.075900000000000318e+02
4.150400000000000205e+02
4.589499999999999886e+02
4.619200000000000159e+02
4.650300000000000296e+02
5.066500000000000341e+02
5.576100000000000136e+02
5.659800000000000182e+02
6.066699999999999591e+02
6.076599999999999682e+02
7.067200000000000273e+02
7.115700000000000500e+02
7.573500000000000227e+02
8.079200000000000728e+02
8.117000000000000455e+02
8.545600000000000591e+02
8.556200000000000045e+02
8.584200000000000728e+02
8.628799999999999955e+02
8.635399999999999636e+02
9.516599999999999682e+02
9.587300000000000182e+02
1.594699999999999989e+02
3.079599999999999795e+02
3.089900000000000091e+02
3.606999999999999886e+02
4.075900000000000318e+02
5.066800000000000068e+02
5.578000000000000682e+02
5.660299999999999727e+02
6.066699999999999591e+02
6.077000000000000455e+02
7.067200000000000273e+02
7.116800000000000637e+02
8.079300000000000637e+02
8.556200000000000045e+02
8.584700000000000273e+02
8.629200000000000728e+02
3.079599999999999795e+02
3.090300000000000296e+02
3.607699999999999818e+02
4.075900000000000318e+02
5.067300000000000182e+02
5.578999999999999773e+02
5.661100000000000136e+02
6.066699999999999591e+02
6.077599999999999909e+02
7.067200000000000273e+02
8.079500000000000455e+02
8.556200000000000045e+02
3.079599999999999795e+02
3.090799999999999841e+02
4.075900000000000318e+02
6.066699999999999591e+02
6.078600000000000136e+02
7.067200000000000273e+02
8.079600000000000364e+02
8.556200000000000045e+02
3.079599999999999795e+02
3.091200000000000045e+02
4.075900000000000318e+02
6.066699999999999591e+02
7.067200000000000273e+02
8.080099999999999909e+02
8.556200000000000045e+02
7.600000000000000533e+00
9.849999999999999645e+00
1.205000000000000071e+01
1.432000000000000028e+01
1.778000000000000114e+01
2.132000000000000028e+01
5.907999999999999829e+01
6.207999999999999829e+01
6.421000000000000796e+01
6.771999999999999886e+01
7.032999999999999829e+01
7.440999999999999659e+01
1.095100000000000051e+02
1.120100000000000051e+02
1.152300000000000040e+02
1.173400000000000034e+02
1.194000000000000057e+02
1.228500000000000085e+02
1.596599999999999966e+02
1.618100000000000023e+02
1.639200000000000159e+02
1.661200000000000045e+02
1.681800000000000068e+02
1.705800000000000125e+02
2.088900000000000148e+02
2.111700000000000159e+02
2.134500000000000171e+02
2.162100000000000080e+02
2.193100000000000023e+02
2.581499999999999773e+02
2.618500000000000227e+02
2.644100000000000250e+02
2.671100000000000136e+02
2.696399999999999864e+02
3.091600000000000250e+02
3.103500000000000227e+02
3.124100000000000250e+02
3.151399999999999864e+02
3.176299999999999955e+02
3.609499999999999886e+02
3.632400000000000091e+02
3.658600000000000136e+02
3.690400000000000205e+02
4.061600000000000250e+02
4.085400000000000205e+02
4.106899999999999977e+02
4.136600000000000250e+02
4.167300000000000182e+02
4.191600000000000250e+02
4.591899999999999977e+02
4.617599999999999909e+02
4.638500000000000227e+02
4.662300000000000182e+02
4.695000000000000000e+02
5.091500000000000341e+02
5.128100000000000591e+02
5.148700000000000045e+02
5.170800000000000409e+02
5.217799999999999727e+02
5.564199999999999591e+02
5.590500000000000682e+02
5.611299999999999955e+02
5.633200000000000500e+02
5.653999999999999773e+02
5.677899999999999636e+02
6.061399999999999864e+02
6.090700000000000500e+02
6.112300000000000182e+02
6.132899999999999636e+02
6.154099999999999682e+02
6.175500000000000682e+02
6.196900000000000546e+02
6.580299999999999727e+02
6.601800000000000637e+02
6.623600000000000136e+02
6.644099999999999682e+02
6.682100000000000364e+02
6.716699999999999591e+02
7.057000000000000455e+02
7.091000000000000227e+02
7.129500000000000455e+02
7.150800000000000409e+02
7.564800000000000182e+02
7.591699999999999591e+02
7.615299999999999727e+02
7.642100000000000364e+02
7.663200000000000500e+02
8.070399999999999636e+02
8.091299999999999955e+02
8.111700000000000728e+02
8.146299999999999955e+02
8.173100000000000591e+02
8.543100000000000591e+02
8.563700000000000045e+02
8.585500000000000682e+02
8.613300000000000409e+02
8.643100000000000591e+02
8.664400000000000546e+02
8.692799999999999727e+02
9.031800000000000637e+02
9.074800000000000182e+02
9.100099999999999909e+02
9.121000000000000227e+02
9.143999999999999773e+02
9.167200000000000273e+02
9.553600000000000136e+02
9.581399999999999864e+02
9.602500000000000000e+02
9.623200000000000500e+02
9.655299999999999727e+02
9.682300000000000182e+02
7.600000000000000533e+00
9.890000000000000568e+00
1.216999999999999993e+01
1.435999999999999943e+01
1.785999999999999943e+01
2.141000000000000014e+01
5.912000000000000455e+01
6.237000000000000455e+01
6.443999999999999773e+01
6.826000000000000512e+01
7.039000000000000057e+01
7.459000000000000341e+01
1.095400000000000063e+02
1.120499999999999972e+02
1.153299999999999983e+02
1.187800000000000011e+02
1.596899999999999977e+02
1.639900000000000091e+02
1.680800000000000125e+02
2.089399999999999977e+02
2.112100000000000080e+02
2.137300000000000182e+02
2.168199999999999932e+02
2.193900000000000148e+02
2.582400000000000091e+02
2.623700000000000045e+02
2.645600000000000023e+02
2.682599999999999909e+02
3.092200000000000273e+02
3.115600000000000023e+02
3.138100000000000023e+02
3.159599999999999795e+02
3.610199999999999818e+02
3.675500000000000114e+02
4.062100000000000364e+02
4.099100000000000250e+02
4.119800000000000182e+02
4.140300000000000296e+02
4.192500000000000000e+02
4.592500000000000000e+02
4.621200000000000045e+02
4.648100000000000023e+02
4.669499999999999886e+02
5.130399999999999636e+02
5.151000000000000227e+02
5.567200000000000273e+02
5.599099999999999682e+02
5.623300000000000409e+02
5.652899999999999636e+02
5.685700000000000500e+02
6.061900000000000546e+02
6.091299999999999955e+02
6.112599999999999909e+02
6.133500000000000227e+02
6.580299999999999727e+02
6.602899999999999636e+02
6.624500000000000455e+02
6.645000000000000000e+02
7.057200000000000273e+02
7.101299999999999955e+02
7.130900000000000318e+02
7.160099999999999909e+02
7.565399999999999636e+02
7.593200000000000500e+02
7.620299999999999727e+02
7.655099999999999909e+02
7.679400000000000546e+02
8.071599999999999682e+02
8.092899999999999636e+02
8.113700000000000045e+02
8.150399999999999636e+02
8.184800000000000182e+02
8.543500000000000227e+02
8.564400000000000546e+02
8.585900000000000318e+02
8.613600000000000136e+02
8.650900000000000318e+02
9.031800000000000637e+02
9.082599999999999909e+02
9.109600000000000364e+02
9.149400000000000546e+02
9.553799999999999955e+02
9.582100000000000364e+02
9.617799999999999727e+02
7.600000000000000533e+00
9.950000000000001066e+00
1.442999999999999972e+01
5.917000000000000171e+01
6.437000000000000455e+01
6.835999999999999943e+01
1.095799999999999983e+02
1.120799999999999983e+02
1.158400000000000034e+02
1.191400000000000006e+02
1.597100000000000080e+02
1.645399999999999920e+02
1.681899999999999977e+02
2.090099999999999909e+02
2.112500000000000000e+02
2.140500000000000114e+02
2.169900000000000091e+02
2.589800000000000182e+02
2.624399999999999977e+02
2.700199999999999818e+02
3.116600000000000250e+02
3.610699999999999932e+02
4.099499999999999886e+02
4.120400000000000205e+02
4.141100000000000136e+02
4.593100000000000023e+02
4.636999999999999886e+02
4.671100000000000136e+02
5.136299999999999955e+02
5.567699999999999818e+02
5.599700000000000273e+02
6.091800000000000637e+02
6.113000000000000682e+02
6.134600000000000364e+02
6.580299999999999727e+02
6.642200000000000273e+02
7.057699999999999818e+02
7.105500000000000682e+02
7.566599999999999682e+02
7.600099999999999909e+02
7.680399999999999636e+02
8.072300000000000182e+02
8.109600000000000364e+02
8.185399999999999636e+02
8.543999999999999773e+02
8.586700000000000728e+02
8.613899999999999864e+02
8.667899999999999636e+02
9.031800000000000637e+02
9.111900000000000546e+02
9.554099999999999682e+02
9.582899999999999636e+02
9.619900000000000091e+02
7.600000000000000533e+00
1.449000000000000021e+01
1.096400000000000006e+02
1.121500000000000057e+02
1.192500000000000000e+02
1.597400000000000091e+02
1.656700000000000159e+02
2.090699999999999932e+02
2.113400000000000034e+02
2.625000000000000000e+02
3.611200000000000045e+02
4.100099999999999909e+02
4.121399999999999864e+02
4.142400000000000091e+02
4.594000000000000341e+02
5.150900000000000318e+02
5.568000000000000682e+02
5.600299999999999727e+02
6.092300000000000182e+02
6.113500000000000227e+02
6.580299999999999727e+02
6.644099999999999682e+02
7.058200000000000500e+02
8.073000000000000682e+02
8.110299999999999727e+02
8.587400000000000091e+02
8.614099999999999682e+02
9.031800000000000637e+02
9.117899999999999636e+02
9.554400000000000546e+02
7.600000000000000533e+00
1.472000000000000064e+01
1.096800000000000068e+02
1.122400000000000091e+02
1.597700000000000102e+02
2.091500000000000057e+02
3.173199999999999932e+02
4.141299999999999955e+02
5.568300000000000409e+02
6.092799999999999727e+02
6.580299999999999727e+02
7.058600000000000136e+02
8.588100000000000591e+02
8.614500000000000455e+02
9.031800000000000637e+02
9.554900000000000091e+02
7.600000000000000533e+00
1.097100000000000080e+02
1.123100000000000023e+02
1.598100000000000023e+02
3.173400000000000318e+02
5.568600000000000136e+02
6.580299999999999727e+02
7.058999999999999773e+02
9.031800000000000637e+02
7.600000000000000533e+00
7.940000000000000391e+00
1.006000000000000050e+01
1.216000000000000014e+01
1.424000000000000021e+01
1.628999999999999915e+01
1.840000000000000213e+01
2.046000000000000085e+01
5.857000000000000028e+01
6.063000000000000256e+01
6.281000000000000227e+01
6.489000000000000057e+01
6.696000000000000796e+01
7.017000000000000171e+01
7.221000000000000796e+01
1.096899999999999977e+02
1.097300000000000040e+02
1.118599999999999994e+02
1.144099999999999966e+02
1.165000000000000000e+02
1.186400000000000006e+02
1.207300000000000040e+02
1.593499999999999943e+02
1.629500000000000171e+02
1.650800000000000125e+02
1.677199999999999989e+02
1.698700000000000045e+02
1.719699999999999989e+02
2.083700000000000045e+02
2.104900000000000091e+02
2.129500000000000171e+02
2.150300000000000011e+02
2.172000000000000171e+02
2.208900000000000148e+02
2.229900000000000091e+02
2.596999999999999886e+02
2.623799999999999955e+02
2.644599999999999795e+02
2.665600000000000023e+02
2.688199999999999932e+02
2.709200000000000159e+02
3.079599999999999795e+02
3.108700000000000045e+02
3.131399999999999864e+02
3.152099999999999795e+02
3.173000000000000114e+02
3.173700000000000045e+02
3.197900000000000205e+02
3.224200000000000159e+02
3.576700000000000159e+02
3.599000000000000341e+02
3.625000000000000000e+02
3.648700000000000045e+02
3.669800000000000182e+02
3.690699999999999932e+02
3.711600000000000250e+02
4.075799999999999841e+02
4.101299999999999955e+02
4.123500000000000227e+02
4.149399999999999977e+02
4.174200000000000159e+02
4.202100000000000364e+02
4.235300000000000296e+02
4.580000000000000000e+02
4.601100000000000136e+02
4.622200000000000273e+02
4.642599999999999909e+02
4.666999999999999886e+02
4.691999999999999886e+02
4.714600000000000364e+02
5.065900000000000318e+02
5.096299999999999955e+02
5.124600000000000364e+02
5.146299999999999955e+02
5.167200000000000273e+02
5.190000000000000000e+02
5.216100000000000136e+02
5.568999999999999773e+02
5.582200000000000273e+02
5.606200000000000045e+02
5.627599999999999909e+02
5.656299999999999955e+02
5.681499999999999773e+02
5.705800000000000409e+02
6.066599999999999682e+02
6.102400000000000091e+02
6.123600000000000136e+02
6.145500000000000682e+02
6.168100000000000591e+02
6.192400000000000091e+02
6.580299999999999727e+02
6.582799999999999727e+02
6.608899999999999864e+02
6.632899999999999636e+02
6.654900000000000091e+02
6.675500000000000682e+02
6.702500000000000000e+02
7.059300000000000637e+02
7.067200000000000273e+02
7.101599999999999682e+02
7.135500000000000682e+02
7.156599999999999682e+02
7.177599999999999909e+02
7.201399999999999864e+02
7.236699999999999591e+02
7.571900000000000546e+02
7.603200000000000500e+02
7.628400000000000318e+02
7.655399999999999636e+02
7.676599999999999682e+02
7.699700000000000273e+02
7.735399999999999636e+02
8.078400000000000318e+02
8.099500000000000455e+02
8.127799999999999727e+02
8.153000000000000682e+02
8.173999999999999773e+02
8.204500000000000455e+02
8.556200000000000045e+02
8.582699999999999818e+02
8.606100000000000136e+02
8.627100000000000364e+02
8.650099999999999909e+02
8.670900000000000318e+02
8.692400000000000091e+02
8.731599999999999682e+02
9.031800000000000637e+02
9.090000000000000000e+02
9.118799999999999955e+02
9.144900000000000091e+02
9.167699999999999818e+02
9.192799999999999727e+02
9.213500000000000227e+02
9.561299999999999955e+02
9.606299999999999955e+02
9.628100000000000591e+02
9.648999999999999773e+02
9.669800000000000182e+02
9.692200000000000273e+02
9.733000000000000682e+02
7.600000000000000533e+00
7.950000000000000178e+00
1.008999999999999986e+01
1.249000000000000021e+01
1.588000000000000078e+01
1.992999999999999972e+01
5.875000000000000000e+01
6.087000000000000455e+01
6.475000000000000000e+01
6.687000000000000455e+01
7.026000000000000512e+01
7.231000000000000227e+01
1.097300000000000040e+02
1.097600000000000051e+02
1.120100000000000051e+02
1.144500000000000028e+02
1.166000000000000085e+02
1.194500000000000028e+02
1.593600000000000136e+02
1.635699999999999932e+02
1.662400000000000091e+02
1.690399999999999920e+02
1.714600000000000080e+02
2.085000000000000000e+02
2.110399999999999920e+02
2.135399999999999920e+02
2.173199999999999932e+02
2.598999999999999773e+02
2.635799999999999841e+02
2.665799999999999841e+02
2.689100000000000250e+02
2.719800000000000182e+02
3.079599999999999795e+02
3.109900000000000091e+02
3.134200000000000159e+02
3.155199999999999818e+02
3.174000000000000341e+02
3.176800000000000068e+02
3.202599999999999909e+02
3.226000000000000227e+02
3.600099999999999909e+02
3.626200000000000045e+02
3.649200000000000159e+02
3.670199999999999818e+02
3.691200000000000045e+02
4.075799999999999841e+02
4.117500000000000000e+02
4.150199999999999818e+02
4.178799999999999955e+02
4.203199999999999932e+02
4.580600000000000023e+02
4.602200000000000273e+02
4.623899999999999864e+02
4.667800000000000296e+02
4.692800000000000296e+02
4.715900000000000318e+02
5.066000000000000227e+02
5.125499999999999545e+02
5.147699999999999818e+02
5.168600000000000136e+02
5.191200000000000045e+02
5.222699999999999818e+02
5.569500000000000455e+02
5.585500000000000682e+02
5.611499999999999773e+02
5.657300000000000182e+02
5.682000000000000455e+02
5.716000000000000227e+02
6.066599999999999682e+02
6.106599999999999682e+02
6.147599999999999909e+02
6.169400000000000546e+02
6.195600000000000591e+02
6.580299999999999727e+02
6.583899999999999864e+02
6.610099999999999909e+02
6.638799999999999955e+02
6.662400000000000091e+02
6.683700000000000045e+02
6.706699999999999591e+02
7.059700000000000273e+02
7.067200000000000273e+02
7.102799999999999727e+02
7.136699999999999591e+02
7.158000000000000682e+02
7.179700000000000273e+02
7.201800000000000637e+02
7.572200000000000273e+02
7.604099999999999682e+02
7.638000000000000682e+02
7.667400000000000091e+02
8.078600000000000136e+02
8.100700000000000500e+02
8.128500000000000227e+02
8.161700000000000728e+02
8.182899999999999636e+02
8.556200000000000045e+02
8.583100000000000591e+02
8.606399999999999864e+02
8.627300000000000182e+02
8.650700000000000500e+02
8.671599999999999682e+02
8.703799999999999955e+02
9.031800000000000637e+02
9.090600000000000591e+02
9.120500000000000682e+02
9.146100000000000136e+02
9.170700000000000500e+02
9.194099999999999682e+02
9.214800000000000182e+02
9.607599999999999909e+02
9.629200000000000728e+02
9.650099999999999909e+02
9.670800000000000409e+02
9.693300000000000409e+02
9.734200000000000728e+02
7.600000000000000533e+00
7.969999999999999751e+00
1.013000000000000078e+01
1.599000000000000021e+01
2.044000000000000128e+01
6.067999999999999972e+01
6.701999999999999602e+01
7.212000000000000455e+01
1.097800000000000011e+02
1.097900000000000063e+02
1.120600000000000023e+02
1.145000000000000000e+02
1.208900000000000006e+02
1.593700000000000045e+02
1.641200000000000045e+02
1.662899999999999920e+02
1.691200000000000045e+02
1.714799999999999898e+02
2.086200000000000045e+02
2.111299999999999955e+02
2.136700000000000159e+02
2.177599999999999909e+02
2.607599999999999909e+02
2.645799999999999841e+02
2.699300000000000068e+02
2.720600000000000023e+02
3.079599999999999795e+02
3.116299999999999955e+02
3.155199999999999818e+02
3.204800000000000182e+02
3.227200000000000273e+02
3.601000000000000227e+02
3.628199999999999932e+02
3.649599999999999795e+02
3.670900000000000318e+02
3.692699999999999818e+02
4.075799999999999841e+02
4.152699999999999818e+02
4.181600000000000250e+02
4.591100000000000136e+02
4.615000000000000000e+02
4.639700000000000273e+02
4.668400000000000318e+02
4.694600000000000364e+02
5.066100000000000136e+02
5.126200000000000045e+02
5.150600000000000591e+02
5.191900000000000546e+02
5.225000000000000000e+02
5.612200000000000273e+02
5.658300000000000409e+02
5.683500000000000227e+02
6.066599999999999682e+02
6.113400000000000318e+02
6.170199999999999818e+02
6.580299999999999727e+02
6.611499999999999773e+02
6.639700000000000273e+02
6.662799999999999727e+02
6.684099999999999682e+02
7.067200000000000273e+02
7.106800000000000637e+02
7.137799999999999727e+02
7.180900000000000318e+02
7.202200000000000273e+02
7.572500000000000000e+02
7.610399999999999636e+02
7.669400000000000546e+02
8.078799999999999955e+02
8.107599999999999909e+02
8.128700000000000045e+02
8.164900000000000091e+02
8.189200000000000728e+02
8.556200000000000045e+02
8.583400000000000318e+02
8.606700000000000728e+02
8.627599999999999909e+02
8.651299999999999955e+02
8.672400000000000091e+02
9.031800000000000637e+02
9.091299999999999955e+02
9.122100000000000364e+02
9.146800000000000637e+02
9.172300000000000182e+02
9.214700000000000273e+02
9.608999999999999773e+02
9.630600000000000591e+02
9.670900000000000318e+02
7.600000000000000533e+00
8.060000000000000497e+00
1.025000000000000000e+01
1.610000000000000142e+01
7.218999999999999773e+01
1.121099999999999994e+02
1.145700000000000074e+02
1.593900000000000148e+02
1.663499999999999943e+02
1.692299999999999898e+02
1.715000000000000000e+02
2.093499999999999943e+02
2.114699999999999989e+02
2.178100000000000023e+02
2.646499999999999773e+02
3.079599999999999795e+02
3.116899999999999977e+02
3.630300000000000296e+02
3.651999999999999886e+02
4.075799999999999841e+02
4.153500000000000227e+02
4.182699999999999818e+02
4.640699999999999932e+02
4.669900000000000091e+02
5.066200000000000045e+02
5.127100000000000364e+02
5.192400000000000091e+02
5.613600000000000136e+02
5.658999999999999773e+02
6.066599999999999682e+02
6.170600000000000591e+02
6.580299999999999727e+02
6.621299999999999955e+02
6.663300000000000409e+02
6.684500000000000455e+02
7.067200000000000273e+02
7.107500000000000000e+02
7.139099999999999682e+02
7.203100000000000591e+02
7.572799999999999727e+02
7.611900000000000546e+02
8.078899999999999864e+02
8.108700000000000045e+02
8.130099999999999909e+02
8.556200000000000045e+02
8.583600000000000136e+02
8.607100000000000364e+02
8.628000000000000682e+02
8.652000000000000455e+02
8.673300000000000409e+02
9.031800000000000637e+02
9.147500000000000000e+02
9.173100000000000591e+02
9.631399999999999864e+02
8.120000000000000995e+00
1.462000000000000099e+01
2.407000000000000028e+01
5.743999999999999773e+01
6.632000000000000739e+01
6.946999999999999886e+01
1.121800000000000068e+02
1.166700000000000017e+02
1.222900000000000063e+02
1.594000000000000057e+02
1.624200000000000159e+02
1.664000000000000057e+02
1.715600000000000023e+02
2.113700000000000045e+02
2.115000000000000000e+02
2.136100000000000136e+02
2.178700000000000045e+02
2.183700000000000045e+02
2.575799999999999841e+02
2.660799999999999841e+02
3.079599999999999795e+02
3.089100000000000250e+02
3.117800000000000296e+02
3.120500000000000114e+02
3.602099999999999795e+02
3.679499999999999886e+02
4.075799999999999841e+02
4.111800000000000068e+02
4.149100000000000250e+02
4.154399999999999977e+02
4.586800000000000068e+02
4.616100000000000136e+02
4.641399999999999864e+02
4.647900000000000205e+02
4.670699999999999932e+02
5.066399999999999864e+02
5.111700000000000159e+02
5.148300000000000409e+02
5.192899999999999636e+02
5.572500000000000000e+02
5.659500000000000455e+02
6.066699999999999591e+02
6.076299999999999955e+02
6.171100000000000136e+02
6.600800000000000409e+02
6.685399999999999636e+02
7.053100000000000591e+02
7.067200000000000273e+02
7.108500000000000227e+02
7.113999999999999773e+02
7.573100000000000591e+02
7.606900000000000546e+02
8.078999999999999773e+02
8.116000000000000227e+02
8.543999999999999773e+02
8.556200000000000045e+02
8.583899999999999864e+02
8.607699999999999818e+02
8.628400000000000318e+02
8.633899999999999864e+02
8.673899999999999864e+02
9.022200000000000273e+02
9.049800000000000182e+02
9.084099999999999682e+02
9.105700000000000500e+02
9.131200000000000045e+02
9.515800000000000409e+02
9.541700000000000728e+02
9.586299999999999955e+02
9.623300000000000409e+02
9.659400000000000546e+02
