2.621000000000000085e+01
2.067400000000000091e+02
3.874100000000000250e+02
4.064700000000000273e+02
6.914500000000000455e+02
7.100099999999999909e+02
8.315900000000000318e+02
3.800000000000000000e+01
4.613000000000000256e+01
5.048000000000000398e+01
8.685999999999999943e+01
9.475000000000000000e+01
9.868000000000000682e+01
1.291200000000000045e+02
1.494600000000000080e+02
1.681400000000000148e+02
2.121599999999999966e+02
2.178700000000000045e+02
3.009000000000000341e+02
3.031500000000000341e+02
3.132500000000000000e+02
3.274499999999999886e+02
3.334200000000000159e+02
4.019000000000000341e+02
4.039700000000000273e+02
4.343700000000000045e+02
4.725600000000000023e+02
4.870300000000000296e+02
4.969000000000000341e+02
5.000699999999999932e+02
5.142500000000000000e+02
5.162699999999999818e+02
5.266800000000000637e+02
5.778799999999999955e+02
5.860299999999999727e+02
5.941699999999999591e+02
6.022400000000000091e+02
6.608000000000000682e+02
6.727500000000000000e+02
6.832100000000000364e+02
6.984500000000000455e+02
7.247200000000000273e+02
7.736900000000000546e+02
8.003600000000000136e+02
8.124500000000000455e+02
8.305500000000000682e+02
8.627100000000000364e+02
8.953799999999999955e+02
9.861800000000000637e+02
3.700000000000000178e+00
1.162000000000000099e+01
1.374000000000000021e+01
1.962000000000000099e+01
2.205999999999999872e+01
2.583000000000000185e+01
3.203000000000000114e+01
3.418999999999999773e+01
3.788000000000000256e+01
4.006000000000000227e+01
4.207000000000000028e+01
4.409000000000000341e+01
4.825000000000000000e+01
5.224000000000000199e+01
7.451000000000000512e+01
7.653000000000000114e+01
7.854999999999999716e+01
8.257999999999999829e+01
8.623999999999999488e+01
9.046000000000000796e+01
9.795000000000000284e+01
1.184200000000000017e+02
1.365600000000000023e+02
1.409300000000000068e+02
1.466800000000000068e+02
1.527800000000000011e+02
1.551200000000000045e+02
1.571299999999999955e+02
1.611200000000000045e+02
1.649900000000000091e+02
1.670099999999999909e+02
1.690300000000000011e+02
1.752899999999999920e+02
1.773000000000000114e+02
1.810399999999999920e+02
1.831100000000000136e+02
1.851200000000000045e+02
1.872000000000000171e+02
1.892800000000000011e+02
1.913000000000000114e+02
2.049600000000000080e+02
2.112599999999999909e+02
2.171599999999999966e+02
2.258400000000000034e+02
2.295200000000000102e+02
2.335399999999999920e+02
2.374099999999999966e+02
2.394800000000000182e+02
2.415099999999999909e+02
2.435399999999999920e+02
2.519300000000000068e+02
2.553400000000000034e+02
2.622300000000000182e+02
2.737300000000000182e+02
2.825000000000000000e+02
2.858199999999999932e+02
2.896500000000000341e+02
2.935099999999999909e+02
2.976700000000000159e+02
3.097599999999999909e+02
3.119499999999999886e+02
3.177400000000000091e+02
3.223700000000000045e+02
3.302400000000000091e+02
3.322500000000000000e+02
3.342599999999999909e+02
3.378199999999999932e+02
3.446399999999999864e+02
3.466700000000000159e+02
3.501399999999999864e+02
3.563199999999999932e+02
3.621700000000000159e+02
3.803600000000000136e+02
3.893100000000000023e+02
3.944399999999999977e+02
3.984800000000000182e+02
4.046399999999999864e+02
4.066600000000000250e+02
4.095000000000000000e+02
4.125699999999999932e+02
4.287800000000000296e+02
4.328600000000000136e+02
4.348700000000000045e+02
4.428100000000000023e+02
4.467599999999999909e+02
4.490000000000000000e+02
4.570400000000000205e+02
4.789900000000000091e+02
4.819300000000000068e+02
4.852100000000000364e+02
4.872500000000000000e+02
4.930099999999999909e+02
4.979100000000000250e+02
5.002900000000000205e+02
5.085500000000000114e+02
5.133700000000000045e+02
5.153799999999999955e+02
5.175099999999999909e+02
5.202300000000000182e+02
5.231499999999999773e+02
5.304300000000000637e+02
5.391900000000000546e+02
5.443600000000000136e+02
5.557599999999999909e+02
5.666499999999999773e+02
5.707699999999999818e+02
5.727799999999999727e+02
5.817300000000000182e+02
5.888700000000000045e+02
5.909700000000000273e+02
5.998999999999999773e+02
6.021399999999999864e+02
6.058999999999999773e+02
6.098500000000000227e+02
6.118600000000000136e+02
6.160199999999999818e+02
6.199300000000000637e+02
6.239800000000000182e+02
6.260800000000000409e+02
6.332300000000000182e+02
6.403200000000000500e+02
6.556599999999999682e+02
6.585500000000000682e+02
6.605600000000000591e+02
6.634900000000000091e+02
6.662000000000000455e+02
6.682300000000000182e+02
6.702599999999999909e+02
6.762699999999999818e+02
6.795199999999999818e+02
6.822699999999999818e+02
6.847200000000000273e+02
7.066900000000000546e+02
7.087000000000000455e+02
7.141299999999999955e+02
7.163700000000000045e+02
7.183799999999999955e+02
7.205299999999999727e+02
7.306000000000000227e+02
7.327400000000000091e+02
7.383300000000000409e+02
7.450099999999999909e+02
7.524700000000000273e+02
7.567400000000000091e+02
7.691700000000000728e+02
7.711900000000000546e+02
7.751800000000000637e+02
7.785600000000000591e+02
7.830299999999999727e+02
7.850399999999999636e+02
7.928100000000000591e+02
7.951900000000000546e+02
8.107000000000000455e+02
8.153300000000000409e+02
8.194099999999999682e+02
8.250800000000000409e+02
8.274099999999999682e+02
8.312899999999999636e+02
8.374099999999999682e+02
8.394200000000000728e+02
8.414300000000000637e+02
8.497000000000000455e+02
8.517200000000000273e+02
8.574800000000000182e+02
8.597000000000000455e+02
8.656299999999999955e+02
8.677799999999999727e+02
8.697899999999999636e+02
8.718100000000000591e+02
8.738300000000000409e+02
8.758400000000000318e+02
8.835500000000000682e+02
8.877699999999999818e+02
8.916200000000000045e+02
8.940500000000000682e+02
8.998400000000000318e+02
9.018600000000000136e+02
9.098400000000000318e+02
9.139600000000000364e+02
9.159800000000000182e+02
9.199700000000000273e+02
9.322100000000000364e+02
9.381000000000000227e+02
9.421700000000000728e+02
9.460000000000000000e+02
9.483799999999999955e+02
9.803200000000000500e+02
9.827699999999999818e+02
9.847799999999999727e+02
9.883400000000000318e+02
9.945500000000000682e+02
3.820000000000000284e+00
5.870000000000000107e+00
7.890000000000000568e+00
9.900000000000000355e+00
1.191000000000000014e+01
1.391999999999999993e+01
1.596000000000000085e+01
1.796999999999999886e+01
2.208000000000000185e+01
2.551000000000000156e+01
3.209000000000000341e+01
3.595000000000000284e+01
3.999000000000000199e+01
4.200000000000000000e+01
4.402000000000000313e+01
4.611999999999999744e+01
4.814000000000000057e+01
5.016000000000000369e+01
5.217000000000000171e+01
5.418999999999999773e+01
5.620000000000000284e+01
5.821000000000000085e+01
6.590999999999999659e+01
7.185999999999999943e+01
7.404999999999999716e+01
8.023000000000000398e+01
8.240999999999999659e+01
8.442000000000000171e+01
9.004999999999999716e+01
9.207999999999999829e+01
9.437999999999999545e+01
9.639000000000000057e+01
1.002199999999999989e+02
1.022300000000000040e+02
1.042500000000000000e+02
1.062699999999999960e+02
1.101700000000000017e+02
1.121899999999999977e+02
1.159699999999999989e+02
1.182900000000000063e+02
1.202999999999999972e+02
1.223100000000000023e+02
1.244300000000000068e+02
1.283300000000000125e+02
1.305800000000000125e+02
1.342500000000000000e+02
1.363400000000000034e+02
1.420900000000000034e+02
1.464699999999999989e+02
1.484900000000000091e+02
1.523100000000000023e+02
1.543400000000000034e+02
1.563700000000000045e+02
1.584099999999999966e+02
1.604300000000000068e+02
1.624399999999999977e+02
1.644900000000000091e+02
1.684900000000000091e+02
1.705099999999999909e+02
1.725200000000000102e+02
1.805500000000000114e+02
1.825600000000000023e+02
1.862599999999999909e+02
1.904099999999999966e+02
1.925800000000000125e+02
1.945900000000000034e+02
1.965999999999999943e+02
1.986100000000000136e+02
2.006299999999999955e+02
2.026400000000000148e+02
2.104099999999999966e+02
2.146899999999999977e+02
2.167199999999999989e+02
2.187300000000000182e+02
2.207400000000000091e+02
2.227500000000000000e+02
2.263400000000000034e+02
2.287899999999999920e+02
2.308000000000000114e+02
2.328199999999999932e+02
2.351400000000000148e+02
2.371500000000000057e+02
2.405500000000000114e+02
2.425800000000000125e+02
2.445900000000000034e+02
2.469200000000000159e+02
2.526500000000000057e+02
2.547500000000000000e+02
2.567699999999999818e+02
2.588500000000000227e+02
2.624200000000000159e+02
2.647400000000000091e+02
2.667500000000000000e+02
2.687699999999999818e+02
2.709800000000000182e+02
2.745300000000000296e+02
2.786999999999999886e+02
2.810900000000000318e+02
2.842699999999999818e+02
2.864000000000000341e+02
2.887099999999999795e+02
2.951700000000000159e+02
2.974399999999999977e+02
3.006899999999999977e+02
3.027099999999999795e+02
3.050500000000000114e+02
3.070600000000000023e+02
3.108799999999999955e+02
3.129000000000000341e+02
3.168100000000000023e+02
3.215300000000000296e+02
3.253000000000000114e+02
3.273100000000000023e+02
3.335900000000000318e+02
3.367300000000000182e+02
3.387400000000000091e+02
3.426899999999999977e+02
3.451500000000000341e+02
3.471700000000000159e+02
3.491999999999999886e+02
3.514000000000000341e+02
3.547200000000000273e+02
3.588500000000000227e+02
3.615300000000000296e+02
3.635600000000000023e+02
3.668899999999999864e+02
3.689000000000000341e+02
3.709100000000000250e+02
3.769499999999999886e+02
3.853100000000000023e+02
3.906299999999999955e+02
3.935400000000000205e+02
3.955600000000000023e+02
3.975799999999999841e+02
4.076899999999999977e+02
4.098899999999999864e+02
4.156500000000000341e+02
4.178100000000000023e+02
4.199300000000000068e+02
4.231200000000000045e+02
4.251299999999999955e+02
4.330199999999999818e+02
4.391600000000000250e+02
4.417699999999999818e+02
4.438400000000000318e+02
4.470099999999999909e+02
4.513000000000000114e+02
4.590300000000000296e+02
4.631899999999999977e+02
4.668500000000000227e+02
4.691700000000000159e+02
4.712100000000000364e+02
4.732300000000000182e+02
4.752500000000000000e+02
4.788700000000000045e+02
4.809200000000000159e+02
4.830799999999999841e+02
4.870600000000000023e+02
4.891000000000000227e+02
4.912100000000000364e+02
4.994200000000000159e+02
5.032800000000000296e+02
5.052900000000000205e+02
5.073000000000000114e+02
5.093199999999999932e+02
5.113400000000000318e+02
5.208899999999999864e+02
5.232799999999999727e+02
5.253200000000000500e+02
5.291699999999999591e+02
5.334800000000000182e+02
5.393300000000000409e+02
5.413500000000000227e+02
5.433700000000000045e+02
5.453799999999999955e+02
5.473999999999999773e+02
5.494099999999999682e+02
5.514199999999999591e+02
5.544500000000000455e+02
5.622599999999999909e+02
5.653600000000000136e+02
5.717100000000000364e+02
5.755600000000000591e+02
5.775800000000000409e+02
5.845600000000000591e+02
5.865800000000000409e+02
5.933200000000000500e+02
5.957400000000000091e+02
5.992699999999999818e+02
6.013500000000000227e+02
6.033999999999999773e+02
6.055199999999999818e+02
6.086900000000000546e+02
6.107100000000000364e+02
6.127699999999999818e+02
6.175000000000000000e+02
6.195099999999999909e+02
6.215299999999999727e+02
6.235399999999999636e+02
6.268999999999999773e+02
6.289700000000000273e+02
6.309800000000000182e+02
6.330000000000000000e+02
6.350199999999999818e+02
6.409800000000000182e+02
6.429900000000000091e+02
6.454800000000000182e+02
6.475099999999999909e+02
6.495399999999999636e+02
6.552799999999999727e+02
6.574600000000000364e+02
6.594900000000000091e+02
6.618700000000000045e+02
6.696699999999999591e+02
6.716900000000000546e+02
6.795099999999999909e+02
6.816499999999999773e+02
6.837799999999999727e+02
6.857899999999999636e+02
6.878500000000000227e+02
6.898600000000000136e+02
6.950399999999999636e+02
6.979500000000000455e+02
6.999700000000000273e+02
7.038200000000000500e+02
7.079300000000000637e+02
7.100199999999999818e+02
7.179700000000000273e+02
7.199800000000000182e+02
7.219900000000000091e+02
7.240000000000000000e+02
7.278300000000000409e+02
7.299900000000000091e+02
7.320099999999999909e+02
7.352400000000000091e+02
7.373300000000000409e+02
7.397200000000000273e+02
7.431100000000000136e+02
7.479700000000000273e+02
7.517599999999999909e+02
7.537699999999999818e+02
7.622400000000000091e+02
7.642500000000000000e+02
7.662599999999999909e+02
7.694500000000000455e+02
7.716800000000000637e+02
7.736900000000000546e+02
7.760000000000000000e+02
7.780099999999999909e+02
7.802200000000000273e+02
7.822500000000000000e+02
7.842599999999999909e+02
7.875800000000000409e+02
7.916200000000000045e+02
7.956299999999999955e+02
7.999800000000000182e+02
8.020000000000000000e+02
8.060099999999999909e+02
8.080299999999999727e+02
8.100399999999999636e+02
8.158100000000000591e+02
8.199400000000000546e+02
8.236299999999999955e+02
8.256900000000000546e+02
8.279099999999999682e+02
8.299300000000000637e+02
8.319500000000000455e+02
8.383899999999999864e+02
8.419300000000000637e+02
8.439600000000000364e+02
8.478999999999999773e+02
8.499700000000000273e+02
8.523600000000000136e+02
8.559099999999999682e+02
8.579700000000000273e+02
8.623300000000000409e+02
8.660700000000000500e+02
8.720600000000000591e+02
8.743000000000000682e+02
8.763100000000000591e+02
8.843200000000000500e+02
8.883500000000000227e+02
8.906100000000000136e+02
8.926399999999999864e+02
8.998999999999999773e+02
9.020500000000000682e+02
9.102899999999999636e+02
9.140299999999999727e+02
9.162000000000000455e+02
9.184300000000000637e+02
9.204400000000000546e+02
9.224500000000000455e+02
9.281900000000000546e+02
9.322699999999999818e+02
9.365299999999999727e+02
9.385399999999999636e+02
9.406900000000000546e+02
9.427000000000000455e+02
9.447200000000000273e+02
9.467300000000000182e+02
9.487799999999999727e+02
9.507899999999999636e+02
9.528100000000000591e+02
9.548200000000000500e+02
9.568300000000000409e+02
9.602100000000000364e+02
9.623400000000000318e+02
9.663799999999999955e+02
9.684500000000000455e+02
9.729200000000000728e+02
9.749400000000000546e+02
9.782300000000000182e+02
9.825299999999999727e+02
9.845800000000000409e+02
9.866200000000000045e+02
9.886399999999999864e+02
9.906499999999999773e+02
9.926599999999999682e+02
9.946700000000000728e+02
9.967100000000000364e+02
3.520000000000000018e+00
5.969999999999999751e+00
7.980000000000000426e+00
1.000000000000000000e+01
1.200999999999999979e+01
1.401999999999999957e+01
1.605000000000000071e+01
1.805999999999999872e+01
2.007000000000000028e+01
2.208000000000000185e+01
2.410000000000000142e+01
2.610999999999999943e+01
2.812000000000000099e+01
3.016000000000000014e+01
3.217000000000000171e+01
3.570000000000000284e+01
3.771999999999999886e+01
3.973000000000000398e+01
4.364000000000000057e+01
4.767999999999999972e+01
4.971999999999999886e+01
5.173000000000000398e+01
5.375999999999999801e+01
5.578000000000000114e+01
5.780000000000000426e+01
5.981000000000000227e+01
6.184000000000000341e+01
6.573999999999999488e+01
6.782000000000000739e+01
6.982999999999999829e+01
7.184000000000000341e+01
7.385999999999999943e+01
7.587000000000000455e+01
7.787999999999999545e+01
8.010000000000000853e+01
8.210999999999999943e+01
8.412000000000000455e+01
8.612999999999999545e+01
8.814000000000000057e+01
9.015000000000000568e+01
9.217000000000000171e+01
9.418000000000000682e+01
9.618999999999999773e+01
9.820000000000000284e+01
1.013599999999999994e+02
1.038200000000000074e+02
1.058299999999999983e+02
1.078500000000000085e+02
1.098599999999999994e+02
1.118700000000000045e+02
1.138799999999999955e+02
1.158900000000000006e+02
1.198799999999999955e+02
1.218900000000000006e+02
1.258500000000000085e+02
1.278599999999999994e+02
1.298700000000000045e+02
1.318799999999999955e+02
1.338900000000000148e+02
1.361299999999999955e+02
1.381400000000000148e+02
1.401599999999999966e+02
1.436200000000000045e+02
1.458100000000000023e+02
1.478199999999999932e+02
1.498400000000000034e+02
1.534099999999999966e+02
1.556700000000000159e+02
1.576800000000000068e+02
1.596899999999999977e+02
1.618000000000000114e+02
1.638100000000000023e+02
1.661299999999999955e+02
1.681400000000000148e+02
1.701500000000000057e+02
1.721599999999999966e+02
1.754500000000000171e+02
1.796400000000000148e+02
1.819300000000000068e+02
1.839600000000000080e+02
1.859799999999999898e+02
1.879900000000000091e+02
1.900000000000000000e+02
1.978100000000000023e+02
1.998199999999999932e+02
2.018400000000000034e+02
2.038499999999999943e+02
2.062100000000000080e+02
2.114099999999999966e+02
2.136100000000000136e+02
2.156200000000000045e+02
2.199300000000000068e+02
2.239200000000000159e+02
2.275000000000000000e+02
2.297000000000000171e+02
2.317100000000000080e+02
2.337700000000000102e+02
2.373300000000000125e+02
2.394699999999999989e+02
2.418300000000000125e+02
2.439600000000000080e+02
2.479399999999999977e+02
2.520000000000000000e+02
2.540100000000000193e+02
2.560500000000000114e+02
2.595699999999999932e+02
2.635000000000000000e+02
2.655400000000000205e+02
2.701299999999999955e+02
2.734800000000000182e+02
2.755000000000000000e+02
2.775199999999999818e+02
2.802900000000000205e+02
2.823000000000000114e+02
2.843100000000000023e+02
2.873600000000000136e+02
2.893899999999999864e+02
2.914399999999999977e+02
2.935300000000000296e+02
2.975199999999999818e+02
3.015699999999999932e+02
3.041600000000000250e+02
3.081999999999999886e+02
3.123199999999999932e+02
3.143299999999999841e+02
3.172500000000000000e+02
3.192800000000000296e+02
3.216500000000000341e+02
3.260400000000000205e+02
3.280699999999999932e+02
3.300799999999999841e+02
3.322200000000000273e+02
3.342300000000000182e+02
3.379599999999999795e+02
3.402599999999999909e+02
3.422699999999999818e+02
3.451299999999999955e+02
3.521399999999999864e+02
3.556299999999999955e+02
3.582800000000000296e+02
3.604200000000000159e+02
3.624399999999999977e+02
3.660699999999999932e+02
3.680799999999999841e+02
3.703000000000000114e+02
3.732800000000000296e+02
3.754399999999999977e+02
3.774499999999999886e+02
3.799300000000000068e+02
3.819700000000000273e+02
3.839900000000000091e+02
3.872800000000000296e+02
3.911399999999999864e+02
3.953600000000000136e+02
3.974499999999999886e+02
4.010400000000000205e+02
4.034399999999999977e+02
4.076600000000000250e+02
4.116299999999999955e+02
4.154399999999999977e+02
4.175699999999999932e+02
4.195900000000000318e+02
4.216000000000000227e+02
4.260500000000000114e+02
4.280699999999999932e+02
4.300900000000000318e+02
4.332699999999999818e+02
4.354700000000000273e+02
4.374900000000000091e+02
4.452300000000000182e+02
4.472400000000000091e+02
4.493500000000000227e+02
4.513700000000000045e+02
4.540900000000000318e+02
4.576100000000000136e+02
4.596299999999999955e+02
4.616399999999999864e+02
4.636500000000000341e+02
4.660500000000000114e+02
4.702300000000000182e+02
4.732500000000000000e+02
4.754399999999999977e+02
4.774600000000000364e+02
4.801000000000000227e+02
4.831500000000000341e+02
4.852900000000000205e+02
4.884000000000000341e+02
4.904300000000000068e+02
4.924399999999999977e+02
4.954499999999999886e+02
4.983600000000000136e+02
5.012900000000000205e+02
5.102800000000000296e+02
5.123500000000000227e+02
5.149800000000000182e+02
5.172599999999999909e+02
5.192699999999999818e+02
5.212899999999999636e+02
5.252699999999999818e+02
5.274400000000000546e+02
5.301800000000000637e+02
5.321900000000000546e+02
5.342300000000000182e+02
5.390800000000000409e+02
5.431699999999999591e+02
5.453600000000000136e+02
5.490399999999999636e+02
5.511599999999999682e+02
5.552799999999999727e+02
5.572899999999999636e+02
5.593000000000000682e+02
5.613100000000000591e+02
5.633200000000000500e+02
5.662699999999999818e+02
5.701299999999999955e+02
5.728100000000000591e+02
5.748200000000000500e+02
5.769900000000000091e+02
5.790299999999999727e+02
5.810500000000000682e+02
5.835000000000000000e+02
5.855099999999999909e+02
5.875199999999999818e+02
5.895299999999999727e+02
5.915700000000000500e+02
5.941299999999999955e+02
5.964300000000000637e+02
5.984400000000000546e+02
6.012500000000000000e+02
6.051800000000000637e+02
6.083899999999999864e+02
6.110399999999999636e+02
6.141599999999999682e+02
6.162400000000000091e+02
6.203999999999999773e+02
6.244800000000000182e+02
6.309900000000000091e+02
6.339199999999999591e+02
6.362799999999999727e+02
6.382899999999999636e+02
6.403300000000000409e+02
6.431000000000000227e+02
6.451499999999999773e+02
6.471900000000000546e+02
6.492000000000000455e+02
6.512100000000000364e+02
6.543100000000000591e+02
6.583000000000000682e+02
6.611900000000000546e+02
6.632000000000000455e+02
6.652200000000000273e+02
6.693000000000000682e+02
6.722000000000000455e+02
6.782599999999999909e+02
6.805500000000000682e+02
6.825800000000000409e+02
6.846000000000000227e+02
6.888200000000000500e+02
6.909700000000000273e+02
6.929800000000000182e+02
6.949900000000000091e+02
6.971399999999999864e+02
7.003300000000000409e+02
7.042100000000000364e+02
7.064900000000000091e+02
7.085000000000000000e+02
7.105099999999999909e+02
7.125199999999999818e+02
7.151399999999999864e+02
7.184800000000000182e+02
7.210099999999999909e+02
7.230299999999999727e+02
7.250399999999999636e+02
7.270900000000000318e+02
7.291100000000000136e+02
7.322799999999999727e+02
7.344800000000000182e+02
7.385199999999999818e+02
7.407699999999999818e+02
7.427799999999999727e+02
7.447899999999999636e+02
7.468200000000000500e+02
7.488400000000000318e+02
7.511000000000000227e+02
7.563999999999999773e+02
7.593400000000000318e+02
7.613799999999999955e+02
7.649900000000000091e+02
7.670900000000000318e+02
7.691100000000000136e+02
7.711200000000000045e+02
7.748500000000000227e+02
7.768700000000000045e+02
7.791200000000000045e+02
7.848100000000000591e+02
7.869700000000000273e+02
7.890000000000000000e+02
7.910099999999999909e+02
7.930199999999999818e+02
7.950299999999999727e+02
7.970700000000000500e+02
7.990800000000000409e+02
8.011800000000000637e+02
8.044400000000000546e+02
8.066499999999999773e+02
8.087400000000000091e+02
8.126700000000000728e+02
8.162899999999999636e+02
8.189099999999999682e+02
8.209200000000000728e+02
8.229500000000000455e+02
8.249600000000000364e+02
8.269700000000000273e+02
8.289900000000000091e+02
8.310099999999999909e+02
8.347500000000000000e+02
8.367699999999999818e+02
8.387899999999999636e+02
8.408000000000000682e+02
8.428100000000000591e+02
8.448300000000000409e+02
8.468400000000000318e+02
8.489300000000000637e+02
8.509400000000000546e+02
8.529500000000000455e+02
8.566499999999999773e+02
8.586599999999999682e+02
8.606800000000000637e+02
8.632100000000000364e+02
8.666800000000000637e+02
8.686900000000000546e+02
8.707000000000000455e+02
8.729099999999999682e+02
8.749300000000000637e+02
8.769400000000000546e+02
8.789500000000000455e+02
8.809600000000000364e+02
8.829700000000000273e+02
8.850399999999999636e+02
8.870500000000000682e+02
8.903700000000000045e+02
8.923999999999999773e+02
8.944300000000000637e+02
9.007599999999999909e+02
9.027799999999999727e+02
9.063300000000000409e+02
9.085800000000000409e+02
9.108899999999999864e+02
9.128999999999999773e+02
9.149099999999999682e+02
9.170600000000000591e+02
9.190800000000000409e+02
9.227200000000000273e+02
9.247500000000000000e+02
9.284400000000000546e+02
9.304600000000000364e+02
9.327200000000000273e+02
9.347300000000000182e+02
9.367400000000000091e+02
9.387599999999999909e+02
9.407699999999999818e+02
9.427799999999999727e+02
9.447899999999999636e+02
9.486700000000000728e+02
9.506800000000000637e+02
9.529600000000000364e+02
9.549700000000000273e+02
9.570000000000000000e+02
9.590199999999999818e+02
9.610299999999999727e+02
9.630500000000000682e+02
9.667300000000000182e+02
9.687400000000000091e+02
9.707500000000000000e+02
9.744800000000000182e+02
9.765500000000000682e+02
9.785600000000000591e+02
9.806100000000000136e+02
9.845099999999999909e+02
9.884400000000000546e+02
9.907599999999999909e+02
9.927699999999999818e+02
9.948899999999999864e+02
9.969099999999999682e+02
9.989200000000000728e+02
5.660000000000000142e+00
7.830000000000000071e+00
9.839999999999999858e+00
1.184999999999999964e+01
1.387000000000000099e+01
1.766000000000000014e+01
1.990000000000000213e+01
2.191000000000000014e+01
2.392000000000000171e+01
2.592999999999999972e+01
2.794000000000000128e+01
3.176999999999999957e+01
3.781000000000000227e+01
3.982000000000000028e+01
4.182999999999999829e+01
4.546999999999999886e+01
4.759000000000000341e+01
5.139999999999999858e+01
5.562000000000000455e+01
5.950000000000000000e+01
6.152000000000000313e+01
6.385000000000000142e+01
6.757999999999999829e+01
7.143000000000000682e+01
7.748000000000000398e+01
7.950000000000000000e+01
8.151000000000000512e+01
8.554000000000000625e+01
8.754999999999999716e+01
8.956000000000000227e+01
9.173000000000000398e+01
9.375000000000000000e+01
9.926999999999999602e+01
1.032300000000000040e+02
1.052500000000000000e+02
1.072600000000000051e+02
1.097300000000000040e+02
1.117500000000000000e+02
1.152199999999999989e+02
1.173599999999999994e+02
1.194099999999999966e+02
1.214200000000000017e+02
1.234399999999999977e+02
1.254500000000000028e+02
1.274600000000000080e+02
1.312199999999999989e+02
1.334600000000000080e+02
1.354900000000000091e+02
1.375000000000000000e+02
1.430300000000000011e+02
1.474900000000000091e+02
1.495600000000000023e+02
1.515699999999999932e+02
1.535800000000000125e+02
1.555900000000000034e+02
1.575999999999999943e+02
1.613600000000000136e+02
1.633900000000000148e+02
1.654000000000000057e+02
1.674099999999999966e+02
1.694200000000000159e+02
1.714300000000000068e+02
1.734500000000000171e+02
1.754600000000000080e+02
1.774699999999999989e+02
1.809600000000000080e+02
1.829699999999999989e+02
1.853400000000000034e+02
1.873600000000000136e+02
1.894500000000000171e+02
1.914600000000000080e+02
1.934800000000000182e+02
1.967700000000000102e+02
1.989399999999999977e+02
2.009500000000000171e+02
2.032700000000000102e+02
2.052800000000000011e+02
2.085900000000000034e+02
2.106100000000000136e+02
2.126599999999999966e+02
2.146700000000000159e+02
2.190399999999999920e+02
2.224500000000000171e+02
2.267899999999999920e+02
2.290999999999999943e+02
2.311200000000000045e+02
2.349200000000000159e+02
2.369500000000000171e+02
2.406800000000000068e+02
2.427000000000000171e+02
2.447199999999999989e+02
2.469099999999999966e+02
2.504500000000000171e+02
2.527600000000000193e+02
2.563199999999999932e+02
2.591399999999999864e+02
2.627099999999999795e+02
2.683799999999999955e+02
2.711800000000000068e+02
2.744300000000000068e+02
2.764399999999999977e+02
2.784700000000000273e+02
2.804900000000000091e+02
2.827699999999999818e+02
2.848500000000000227e+02
2.868799999999999955e+02
2.889100000000000250e+02
2.909200000000000159e+02
2.929300000000000068e+02
2.949399999999999977e+02
2.982200000000000273e+02
3.027200000000000273e+02
3.049399999999999977e+02
3.069700000000000273e+02
3.106999999999999886e+02
3.148500000000000227e+02
3.187400000000000091e+02
3.208600000000000136e+02
3.228799999999999955e+02
3.248899999999999864e+02
3.269000000000000341e+02
3.305600000000000023e+02
3.331299999999999955e+02
3.351500000000000341e+02
3.371700000000000159e+02
3.403700000000000045e+02
3.424000000000000341e+02
3.458199999999999932e+02
3.481899999999999977e+02
3.505600000000000023e+02
3.529100000000000250e+02
3.560300000000000296e+02
3.581500000000000341e+02
3.625400000000000205e+02
3.658100000000000023e+02
3.678199999999999932e+02
3.698400000000000318e+02
3.719300000000000068e+02
3.749399999999999977e+02
3.769499999999999886e+02
3.789700000000000273e+02
3.809800000000000182e+02
3.829900000000000091e+02
3.850000000000000000e+02
3.880699999999999932e+02
3.936299999999999955e+02
3.956399999999999864e+02
3.978600000000000136e+02
4.000600000000000023e+02
4.021000000000000227e+02
4.041200000000000045e+02
4.064800000000000182e+02
4.100000000000000000e+02
4.145400000000000205e+02
4.165500000000000114e+02
4.185600000000000023e+02
4.205699999999999932e+02
4.233700000000000045e+02
4.257200000000000273e+02
4.277599999999999909e+02
4.297699999999999818e+02
4.331500000000000341e+02
4.361600000000000250e+02
4.384300000000000068e+02
4.404399999999999977e+02
4.425699999999999932e+02
4.475900000000000318e+02
4.504700000000000273e+02
4.560300000000000296e+02
4.605099999999999909e+02
4.644900000000000091e+02
4.665000000000000000e+02
4.694399999999999977e+02
4.714499999999999886e+02
4.735199999999999818e+02
4.760300000000000296e+02
4.783199999999999932e+02
4.803299999999999841e+02
4.823899999999999864e+02
4.864900000000000091e+02
4.894700000000000273e+02
4.915099999999999909e+02
4.949800000000000182e+02
4.973400000000000318e+02
5.004900000000000091e+02
5.039700000000000273e+02
5.099200000000000159e+02
5.123700000000000045e+02
5.143999999999999773e+02
5.164099999999999682e+02
5.191900000000000546e+02
5.212699999999999818e+02
5.232799999999999727e+02
5.252899999999999636e+02
5.272999999999999545e+02
5.293100000000000591e+02
5.313200000000000500e+02
5.333300000000000409e+02
5.362899999999999636e+02
5.399500000000000455e+02
5.440299999999999727e+02
5.460399999999999636e+02
5.480900000000000318e+02
5.501200000000000045e+02
5.602200000000000273e+02
5.638200000000000500e+02
5.658400000000000318e+02
5.686299999999999955e+02
5.708899999999999864e+02
5.729099999999999682e+02
5.759099999999999682e+02
5.779199999999999591e+02
5.810299999999999727e+02
5.830399999999999636e+02
5.880399999999999636e+02
5.939900000000000091e+02
5.960000000000000000e+02
5.997799999999999727e+02
6.026399999999999864e+02
6.047899999999999636e+02
6.087699999999999818e+02
6.118700000000000045e+02
6.138899999999999864e+02
6.160900000000000318e+02
6.181000000000000227e+02
6.201100000000000136e+02
6.221200000000000045e+02
6.241299999999999955e+02
6.261399999999999864e+02
6.285199999999999818e+02
6.305800000000000409e+02
6.339300000000000637e+02
6.361900000000000546e+02
6.418300000000000409e+02
6.457899999999999636e+02
6.486100000000000136e+02
6.506299999999999955e+02
6.526399999999999864e+02
6.577899999999999636e+02
6.602400000000000091e+02
6.622500000000000000e+02
6.642599999999999909e+02
6.681000000000000227e+02
6.704099999999999682e+02
6.734099999999999682e+02
6.777400000000000091e+02
6.798799999999999955e+02
6.819199999999999591e+02
6.840299999999999727e+02
6.876200000000000045e+02
6.922899999999999636e+02
6.954300000000000637e+02
6.977400000000000091e+02
6.997599999999999909e+02
7.017699999999999818e+02
7.044800000000000182e+02
7.077100000000000364e+02
7.098600000000000136e+02
7.118700000000000045e+02
7.155299999999999727e+02
7.181900000000000546e+02
7.202000000000000455e+02
7.222100000000000364e+02
7.242200000000000273e+02
7.291599999999999682e+02
7.317599999999999909e+02
7.338200000000000500e+02
7.373700000000000045e+02
7.398500000000000227e+02
7.418899999999999864e+02
7.439099999999999682e+02
7.459199999999999591e+02
7.481599999999999682e+02
7.540800000000000409e+02
7.575199999999999818e+02
7.595700000000000500e+02
7.615800000000000409e+02
7.639300000000000637e+02
7.659400000000000546e+02
7.679500000000000455e+02
7.699700000000000273e+02
7.721000000000000227e+02
7.741200000000000045e+02
7.761399999999999864e+02
7.781700000000000728e+02
7.801900000000000546e+02
7.853400000000000318e+02
7.873500000000000227e+02
7.900900000000000318e+02
7.921200000000000045e+02
7.973500000000000227e+02
7.999300000000000637e+02
8.019400000000000546e+02
8.039500000000000455e+02
8.059600000000000364e+02
8.079700000000000273e+02
8.110700000000000500e+02
8.132799999999999727e+02
8.169400000000000546e+02
8.192100000000000364e+02
8.216599999999999682e+02
8.251499999999999773e+02
8.271599999999999682e+02
8.311299999999999955e+02
8.351900000000000546e+02
8.372699999999999818e+02
8.392799999999999727e+02
8.413000000000000682e+02
8.433100000000000591e+02
8.453200000000000500e+02
8.473300000000000409e+02
8.493400000000000318e+02
8.515099999999999909e+02
8.535199999999999818e+02
8.555399999999999636e+02
8.594300000000000637e+02
8.614600000000000364e+02
8.634800000000000182e+02
8.657100000000000364e+02
8.688500000000000227e+02
8.713600000000000136e+02
8.733899999999999864e+02
8.755399999999999636e+02
8.775500000000000682e+02
8.795600000000000591e+02
8.815700000000000500e+02
8.852400000000000091e+02
8.872500000000000000e+02
8.908999999999999773e+02
8.932100000000000364e+02
8.952300000000000182e+02
8.972400000000000091e+02
9.010199999999999818e+02
9.030299999999999727e+02
9.052799999999999727e+02
9.072899999999999636e+02
9.093100000000000591e+02
9.113500000000000227e+02
9.133600000000000136e+02
9.153799999999999955e+02
9.174200000000000728e+02
9.209800000000000182e+02
9.233899999999999864e+02
9.288700000000000045e+02
9.311399999999999864e+02
9.331499999999999773e+02
9.351599999999999682e+02
9.371700000000000728e+02
9.410600000000000591e+02
9.430700000000000500e+02
9.450800000000000409e+02
9.470900000000000318e+02
9.492599999999999909e+02
9.512699999999999818e+02
9.532799999999999727e+02
9.552899999999999636e+02
9.573000000000000682e+02
9.609500000000000455e+02
9.629600000000000364e+02
9.650900000000000318e+02
9.671000000000000227e+02
9.691399999999999864e+02
9.729099999999999682e+02
9.749200000000000728e+02
9.769300000000000637e+02
9.809099999999999682e+02
9.829200000000000728e+02
9.849300000000000637e+02
9.869400000000000546e+02
9.889500000000000455e+02
9.909600000000000364e+02
9.929700000000000273e+02
9.950000000000000000e+02
9.970099999999999909e+02
9.990199999999999818e+02
3.640000000000000124e+00
7.600000000000000533e+00
1.175000000000000000e+01
1.582000000000000028e+01
1.783000000000000185e+01
2.360000000000000142e+01
2.560999999999999943e+01
2.762000000000000099e+01
2.966000000000000014e+01
3.167999999999999972e+01
3.368999999999999773e+01
3.571000000000000085e+01
4.181000000000000227e+01
4.559000000000000341e+01
4.935999999999999943e+01
5.137000000000000455e+01
5.728999999999999915e+01
6.314999999999999858e+01
6.948000000000000398e+01
7.150000000000000000e+01
7.351999999999999602e+01
7.554000000000000625e+01
7.759000000000000341e+01
7.960000000000000853e+01
8.710000000000000853e+01
8.921999999999999886e+01
9.534000000000000341e+01
9.882000000000000739e+01
1.048900000000000006e+02
1.069300000000000068e+02
1.089399999999999977e+02
1.110100000000000051e+02
1.151899999999999977e+02
1.207900000000000063e+02
1.228400000000000034e+02
1.249900000000000091e+02
1.271700000000000017e+02
1.291800000000000068e+02
1.344300000000000068e+02
1.367000000000000171e+02
1.387199999999999989e+02
1.428799999999999955e+02
1.463300000000000125e+02
1.527599999999999909e+02
1.608000000000000114e+02
1.628199999999999932e+02
1.648400000000000034e+02
1.684099999999999966e+02
1.704200000000000159e+02
1.724399999999999977e+02
1.744699999999999989e+02
1.764799999999999898e+02
1.823799999999999955e+02
1.845300000000000011e+02
1.881299999999999955e+02
1.902100000000000080e+02
1.922199999999999989e+02
1.942500000000000000e+02
2.000500000000000114e+02
2.040000000000000000e+02
2.064600000000000080e+02
2.084800000000000182e+02
2.142199999999999989e+02
2.162400000000000091e+02
2.182500000000000000e+02
2.202599999999999909e+02
2.222700000000000102e+02
2.302400000000000091e+02
2.382100000000000080e+02
2.415600000000000023e+02
2.442300000000000182e+02
2.462500000000000000e+02
2.518000000000000114e+02
2.559500000000000171e+02
2.691399999999999864e+02
2.711899999999999977e+02
2.737099999999999795e+02
2.799399999999999977e+02
2.838500000000000227e+02
2.894100000000000250e+02
2.914200000000000159e+02
2.934399999999999977e+02
2.954499999999999886e+02
2.974599999999999795e+02
2.994800000000000182e+02
3.015000000000000000e+02
3.074900000000000091e+02
3.188600000000000136e+02
3.226899999999999977e+02
3.247599999999999909e+02
3.273899999999999864e+02
3.355199999999999818e+02
3.384300000000000068e+02
3.467300000000000182e+02
3.505500000000000114e+02
3.615500000000000114e+02
3.649900000000000091e+02
3.692900000000000205e+02
3.722599999999999909e+02
3.744700000000000273e+02
3.764800000000000182e+02
3.785300000000000296e+02
3.808299999999999841e+02
3.828600000000000136e+02
3.848700000000000045e+02
3.906200000000000045e+02
3.926700000000000159e+02
3.952599999999999909e+02
4.029700000000000273e+02
4.091200000000000045e+02
4.188100000000000023e+02
4.221800000000000068e+02
4.270199999999999818e+02
4.319499999999999886e+02
4.378400000000000318e+02
4.400699999999999932e+02
4.421000000000000227e+02
4.441200000000000045e+02
4.461299999999999955e+02
4.519700000000000273e+02
4.539800000000000182e+02
4.576899999999999977e+02
4.606100000000000136e+02
4.665199999999999818e+02
4.685500000000000114e+02
4.716299999999999955e+02
4.736399999999999864e+02
4.803500000000000227e+02
4.903899999999999864e+02
4.924300000000000068e+02
4.992900000000000205e+02
5.083400000000000318e+02
5.122200000000000273e+02
5.190900000000000318e+02
5.259900000000000091e+02
5.281499999999999773e+02
5.308799999999999955e+02
5.328899999999999864e+02
5.359900000000000091e+02
5.386499999999999773e+02
5.469400000000000546e+02
5.518799999999999955e+02
5.538999999999999773e+02
5.568300000000000409e+02
5.589300000000000637e+02
5.637300000000000182e+02
5.678200000000000500e+02
5.698300000000000409e+02
5.718400000000000318e+02
5.739500000000000455e+02
5.826399999999999864e+02
5.858600000000000136e+02
5.878700000000000045e+02
5.898799999999999955e+02
5.918899999999999864e+02
5.938999999999999773e+02
5.983799999999999955e+02
6.005099999999999909e+02
6.026200000000000045e+02
6.046299999999999955e+02
6.074900000000000091e+02
6.095399999999999636e+02
6.115600000000000591e+02
6.176200000000000045e+02
6.196399999999999864e+02
6.239800000000000182e+02
6.291499999999999773e+02
6.314099999999999682e+02
6.334400000000000546e+02
6.355199999999999818e+02
6.412300000000000182e+02
6.432500000000000000e+02
6.460199999999999818e+02
6.502000000000000455e+02
6.552100000000000364e+02
6.572200000000000273e+02
6.649700000000000273e+02
6.675700000000000500e+02
6.695900000000000318e+02
6.716100000000000136e+02
6.736299999999999955e+02
6.756599999999999682e+02
6.788500000000000227e+02
6.830600000000000591e+02
6.869700000000000273e+02
6.936599999999999682e+02
6.956800000000000637e+02
7.007799999999999727e+02
7.028000000000000682e+02
7.052500000000000000e+02
7.075900000000000318e+02
7.096000000000000227e+02
7.116100000000000136e+02
7.148100000000000591e+02
7.188200000000000500e+02
7.208400000000000318e+02
7.266399999999999864e+02
7.286499999999999773e+02
7.313200000000000500e+02
7.348600000000000136e+02
7.447500000000000000e+02
7.506100000000000136e+02
7.549500000000000455e+02
7.570000000000000000e+02
7.608600000000000136e+02
7.652599999999999909e+02
7.767899999999999636e+02
7.788300000000000409e+02
7.808400000000000318e+02
7.828500000000000227e+02
7.861299999999999955e+02
7.922100000000000364e+02
7.945700000000000500e+02
8.020600000000000591e+02
8.042200000000000273e+02
8.159900000000000091e+02
8.183300000000000409e+02
8.258899999999999864e+02
8.280600000000000591e+02
8.318899999999999864e+02
8.338999999999999773e+02
8.359300000000000637e+02
8.395900000000000318e+02
8.442200000000000273e+02
8.462400000000000091e+02
8.482500000000000000e+02
8.517400000000000091e+02
8.596399999999999864e+02
8.657400000000000091e+02
8.678500000000000227e+02
8.698600000000000136e+02
8.718799999999999955e+02
8.776599999999999682e+02
8.796800000000000637e+02
8.817599999999999909e+02
8.856499999999999773e+02
8.876900000000000546e+02
8.912799999999999727e+02
8.955600000000000591e+02
8.991599999999999682e+02
9.014600000000000364e+02
9.036100000000000136e+02
9.056299999999999955e+02
9.080199999999999818e+02
9.111299999999999955e+02
9.154400000000000546e+02
9.174500000000000455e+02
9.194600000000000364e+02
9.253200000000000500e+02
9.292799999999999727e+02
9.333799999999999955e+02
9.353999999999999773e+02
9.432200000000000273e+02
9.472100000000000364e+02
9.510800000000000409e+02
9.530900000000000318e+02
9.551000000000000227e+02
9.571200000000000045e+02
9.594400000000000546e+02
9.650900000000000318e+02
9.687899999999999636e+02
9.730600000000000591e+02
9.752000000000000455e+02
9.772500000000000000e+02
9.792699999999999818e+02
9.866599999999999682e+02
9.886700000000000728e+02
9.908100000000000591e+02
9.928400000000000318e+02
9.948500000000000227e+02
9.968700000000000045e+02
7.890000000000000568e+00
2.749000000000000199e+01
3.750000000000000000e+01
3.952000000000000313e+01
4.721999999999999886e+01
6.135999999999999943e+01
6.339000000000000057e+01
8.307999999999999829e+01
9.259000000000000341e+01
9.482000000000000739e+01
1.048700000000000045e+02
1.105199999999999960e+02
1.180799999999999983e+02
1.207699999999999960e+02
1.539000000000000057e+02
1.717800000000000011e+02
1.914099999999999966e+02
1.979399999999999977e+02
2.189800000000000182e+02
2.232899999999999920e+02
2.293000000000000114e+02
2.390099999999999909e+02
2.528799999999999955e+02
2.721600000000000250e+02
2.820799999999999841e+02
2.888400000000000318e+02
3.144900000000000091e+02
3.177200000000000273e+02
3.224300000000000068e+02
3.340799999999999841e+02
3.400400000000000205e+02
3.578199999999999932e+02
3.709399999999999977e+02
3.794700000000000273e+02
3.918299999999999841e+02
3.990000000000000000e+02
4.036999999999999886e+02
4.122900000000000205e+02
4.322200000000000273e+02
4.342900000000000205e+02
4.363000000000000114e+02
4.607200000000000273e+02
4.645000000000000000e+02
4.715500000000000114e+02
4.768500000000000227e+02
4.825699999999999932e+02
5.022800000000000296e+02
5.052100000000000364e+02
5.101100000000000136e+02
5.160800000000000409e+02
5.200700000000000500e+02
5.223700000000000045e+02
5.320700000000000500e+02
5.397899999999999636e+02
5.516499999999999773e+02
5.597300000000000182e+02
5.637899999999999636e+02
5.795900000000000318e+02
5.994400000000000546e+02
6.031699999999999591e+02
6.129800000000000182e+02
6.269600000000000364e+02
6.376000000000000227e+02
6.495600000000000591e+02
6.572100000000000364e+02
6.841699999999999591e+02
7.020800000000000409e+02
7.040900000000000318e+02
7.068200000000000500e+02
7.106399999999999864e+02
7.126499999999999773e+02
7.156599999999999682e+02
7.437599999999999909e+02
7.457699999999999818e+02
7.497500000000000000e+02
7.541100000000000136e+02
7.600399999999999636e+02
7.674800000000000182e+02
7.770299999999999727e+02
7.838500000000000227e+02
7.871800000000000637e+02
7.932699999999999818e+02
8.148999999999999773e+02
8.169099999999999682e+02
8.287599999999999909e+02
8.344300000000000637e+02
8.425900000000000318e+02
8.504800000000000182e+02
8.528899999999999864e+02
8.623500000000000227e+02
8.662899999999999636e+02
8.782699999999999818e+02
8.818700000000000045e+02
8.919200000000000728e+02
8.977300000000000182e+02
9.194600000000000364e+02
9.235399999999999636e+02
9.293200000000000500e+02
9.651000000000000227e+02
9.711700000000000728e+02
9.775199999999999818e+02
9.869800000000000182e+02
9.889900000000000091e+02
9.946800000000000637e+02
2.539000000000000057e+01
5.307000000000000028e+01
3.703199999999999932e+02
4.234399999999999977e+02
4.847900000000000205e+02
5.398300000000000409e+02
5.938999999999999773e+02
6.284099999999999682e+02
6.362799999999999727e+02
7.374099999999999682e+02
7.487200000000000273e+02
8.569200000000000728e+02
9.259200000000000728e+02
9.417599999999999909e+02
1.099500000000000028e+02
