7.860000000000000320e+00
8.130000000000000782e+00
1.191000000000000014e+01
1.537000000000000099e+01
1.566000000000000014e+01
1.928000000000000114e+01
2.324000000000000199e+01
2.344999999999999929e+01
2.728999999999999915e+01
2.750000000000000000e+01
2.758999999999999986e+01
2.775000000000000000e+01
3.164000000000000057e+01
3.511999999999999744e+01
3.571000000000000085e+01
3.943999999999999773e+01
3.943999999999999773e+01
4.006000000000000227e+01
4.764999999999999858e+01
5.121000000000000085e+01
5.135999999999999943e+01
5.145000000000000284e+01
5.153999999999999915e+01
5.482000000000000028e+01
5.532999999999999829e+01
5.939000000000000057e+01
6.721999999999999886e+01
7.115999999999999659e+01
7.162000000000000455e+01
7.165999999999999659e+01
7.576999999999999602e+01
7.898999999999999488e+01
8.296000000000000796e+01
8.304000000000000625e+01
8.710999999999999943e+01
8.756000000000000227e+01
8.781000000000000227e+01
9.103000000000000114e+01
9.121000000000000796e+01
9.515000000000000568e+01
9.632999999999999829e+01
9.812999999999999545e+01
9.918000000000000682e+01
1.031800000000000068e+02
1.032400000000000091e+02
1.036599999999999966e+02
1.076299999999999955e+02
1.117600000000000051e+02
1.149200000000000017e+02
1.151299999999999955e+02
1.194500000000000028e+02
1.235000000000000000e+02
1.351999999999999886e+02
1.353400000000000034e+02
1.354699999999999989e+02
1.358799999999999955e+02
1.384300000000000068e+02
1.386100000000000136e+02
1.386500000000000057e+02
1.433400000000000034e+02
1.436899999999999977e+02
1.437000000000000171e+02
1.464099999999999966e+02
1.468700000000000045e+02
1.476400000000000148e+02
1.482100000000000080e+02
1.515900000000000034e+02
1.521500000000000057e+02
1.548900000000000148e+02
1.554600000000000080e+02
1.557199999999999989e+02
1.587199999999999989e+02
1.601299999999999955e+02
1.605000000000000000e+02
1.624200000000000159e+02
1.662700000000000102e+02
1.668900000000000148e+02
1.676800000000000068e+02
1.687400000000000091e+02
1.705000000000000000e+02
1.717800000000000011e+02
1.748100000000000023e+02
1.751899999999999977e+02
1.756700000000000159e+02
1.791800000000000068e+02
1.798199999999999932e+02
1.832899999999999920e+02
1.838600000000000136e+02
1.839799999999999898e+02
1.965699999999999932e+02
1.991700000000000159e+02
2.028000000000000114e+02
2.030000000000000000e+02
2.034900000000000091e+02
2.062500000000000000e+02
2.076400000000000148e+02
2.164200000000000159e+02
2.184900000000000091e+02
2.190000000000000000e+02
2.193499999999999943e+02
2.225000000000000000e+02
2.232500000000000000e+02
2.237000000000000171e+02
2.258199999999999932e+02
2.258700000000000045e+02
2.314500000000000171e+02
2.333000000000000114e+02
2.359800000000000182e+02
2.431800000000000068e+02
2.452500000000000000e+02
2.467400000000000091e+02
2.498000000000000114e+02
2.508600000000000136e+02
2.515699999999999932e+02
2.548199999999999932e+02
2.550999999999999943e+02
2.551599999999999966e+02
2.581999999999999886e+02
2.583400000000000318e+02
2.587500000000000000e+02
2.600199999999999818e+02
2.617300000000000182e+02
2.661200000000000045e+02
2.672699999999999818e+02
2.738500000000000227e+02
2.752300000000000182e+02
2.758199999999999932e+02
2.795500000000000114e+02
2.837099999999999795e+02
2.876399999999999864e+02
2.921600000000000250e+02
2.921700000000000159e+02
2.922300000000000182e+02
2.946899999999999977e+02
2.955400000000000205e+02
2.963799999999999955e+02
2.967699999999999818e+02
2.978700000000000045e+02
2.990000000000000000e+02
3.010000000000000000e+02
3.060699999999999932e+02
3.117699999999999818e+02
3.149900000000000091e+02
3.159000000000000341e+02
3.179499999999999886e+02
3.220699999999999932e+02
3.221800000000000068e+02
3.229800000000000182e+02
3.304399999999999977e+02
3.332200000000000273e+02
3.351899999999999977e+02
3.356500000000000341e+02
3.395600000000000023e+02
3.484599999999999795e+02
3.486999999999999886e+02
3.570699999999999932e+02
3.587900000000000205e+02
3.590300000000000296e+02
3.602699999999999818e+02
3.652599999999999909e+02
3.665099999999999909e+02
3.676800000000000068e+02
3.685900000000000318e+02
3.702300000000000182e+02
3.742300000000000182e+02
3.750300000000000296e+02
3.762599999999999909e+02
3.839600000000000364e+02
3.849900000000000091e+02
3.909000000000000341e+02
3.909100000000000250e+02
3.923000000000000114e+02
3.941000000000000227e+02
3.971800000000000068e+02
3.999000000000000341e+02
4.020500000000000114e+02
4.024700000000000273e+02
4.040600000000000023e+02
4.067900000000000205e+02
4.070500000000000114e+02
4.095400000000000205e+02
4.129200000000000159e+02
4.136200000000000045e+02
4.166399999999999864e+02
4.180300000000000296e+02
4.185000000000000000e+02
4.203000000000000114e+02
4.269200000000000159e+02
4.289200000000000159e+02
4.304900000000000091e+02
4.316500000000000341e+02
4.317100000000000364e+02
4.322200000000000273e+02
4.384800000000000182e+02
4.394100000000000250e+02
4.439200000000000159e+02
4.475099999999999909e+02
4.492900000000000205e+02
4.524800000000000182e+02
4.548400000000000318e+02
4.561500000000000341e+02
4.566899999999999977e+02
4.608700000000000045e+02
4.616700000000000159e+02
4.642800000000000296e+02
4.687200000000000273e+02
4.698199999999999932e+02
4.710300000000000296e+02
4.746299999999999955e+02
4.756999999999999886e+02
4.804700000000000273e+02
4.807100000000000364e+02
4.839800000000000182e+02
4.869300000000000068e+02
4.870500000000000114e+02
4.878400000000000318e+02
4.898400000000000318e+02
4.928199999999999932e+02
4.961200000000000045e+02
4.973400000000000318e+02
4.996399999999999864e+02
5.011500000000000341e+02
5.011999999999999886e+02
5.108199999999999932e+02
5.116000000000000227e+02
5.139300000000000637e+02
5.162300000000000182e+02
5.170700000000000500e+02
5.181499999999999773e+02
5.188300000000000409e+02
5.213600000000000136e+02
5.262000000000000455e+02
5.282000000000000455e+02
5.282699999999999818e+02
5.378899999999999864e+02
5.446900000000000546e+02
5.467500000000000000e+02
5.565600000000000591e+02
5.566699999999999591e+02
5.589600000000000364e+02
5.629700000000000273e+02
5.650500000000000682e+02
5.663600000000000136e+02
5.699300000000000637e+02
5.708300000000000409e+02
5.716499999999999773e+02
5.719900000000000091e+02
5.722799999999999727e+02
5.802100000000000364e+02
5.817599999999999909e+02
5.818100000000000591e+02
5.894800000000000182e+02
5.896399999999999864e+02
5.919199999999999591e+02
5.920399999999999636e+02
5.955399999999999636e+02
5.957300000000000182e+02
6.005600000000000591e+02
6.013400000000000318e+02
6.039099999999999682e+02
6.082000000000000455e+02
6.124700000000000273e+02
6.165399999999999636e+02
6.212699999999999818e+02
6.217899999999999636e+02
6.230700000000000500e+02
6.235800000000000409e+02
6.239500000000000455e+02
6.245199999999999818e+02
6.271000000000000227e+02
6.296000000000000227e+02
6.307699999999999818e+02
6.320600000000000591e+02
6.330500000000000682e+02
6.342799999999999727e+02
6.455199999999999818e+02
6.465500000000000682e+02
6.491200000000000045e+02
6.529800000000000182e+02
6.560099999999999909e+02
6.579300000000000637e+02
6.651000000000000227e+02
6.678799999999999955e+02
6.683999999999999773e+02
6.717100000000000364e+02
6.733000000000000682e+02
6.768999999999999773e+02
6.771100000000000136e+02
6.775500000000000682e+02
6.789300000000000637e+02
6.813000000000000682e+02
6.864800000000000182e+02
6.962300000000000182e+02
6.973400000000000318e+02
6.981100000000000136e+02
7.005700000000000500e+02
7.010500000000000682e+02
7.035399999999999636e+02
7.068100000000000591e+02
7.105900000000000318e+02
7.121000000000000227e+02
7.131499999999999773e+02
7.134900000000000091e+02
7.158100000000000591e+02
7.177000000000000455e+02
7.185600000000000591e+02
7.199199999999999591e+02
7.262300000000000182e+02
7.278100000000000591e+02
7.310800000000000409e+02
7.358899999999999864e+02
7.379700000000000273e+02
7.415299999999999727e+02
7.459500000000000455e+02
7.496499999999999773e+02
7.557699999999999818e+02
7.597500000000000000e+02
7.628999999999999773e+02
7.638400000000000318e+02
7.672699999999999818e+02
7.695800000000000409e+02
7.704600000000000364e+02
7.723999999999999773e+02
7.729099999999999682e+02
7.744099999999999682e+02
7.803700000000000045e+02
7.821000000000000227e+02
7.840800000000000409e+02
7.859900000000000091e+02
7.880299999999999727e+02
7.898600000000000136e+02
7.904600000000000364e+02
7.928100000000000591e+02
7.937200000000000273e+02
7.984400000000000546e+02
7.989200000000000728e+02
8.007100000000000364e+02
8.095700000000000500e+02
8.125800000000000409e+02
8.165600000000000591e+02
8.199400000000000546e+02
8.272899999999999636e+02
8.304800000000000182e+02
8.306200000000000045e+02
8.343100000000000591e+02
8.351800000000000637e+02
8.366200000000000045e+02
8.383799999999999955e+02
8.386599999999999682e+02
8.406000000000000227e+02
8.436100000000000136e+02
8.438100000000000591e+02
8.449900000000000091e+02
8.513899999999999864e+02
8.535199999999999818e+02
8.543400000000000318e+02
8.555299999999999727e+02
8.657699999999999818e+02
8.671200000000000045e+02
8.684900000000000091e+02
8.733300000000000409e+02
8.746499999999999773e+02
8.768999999999999773e+02
8.812000000000000455e+02
8.838300000000000409e+02
8.842500000000000000e+02
8.865900000000000318e+02
8.925299999999999727e+02
8.929600000000000364e+02
8.983700000000000045e+02
9.063300000000000409e+02
9.069800000000000182e+02
9.120500000000000682e+02
9.123300000000000409e+02
9.163799999999999955e+02
9.184200000000000728e+02
9.211900000000000546e+02
9.319400000000000546e+02
9.381800000000000637e+02
9.462000000000000455e+02
9.499700000000000273e+02
9.515099999999999909e+02
9.526900000000000546e+02
9.541900000000000546e+02
9.566100000000000136e+02
9.585500000000000682e+02
9.588000000000000682e+02
9.588600000000000136e+02
9.625600000000000591e+02
9.640299999999999727e+02
9.645600000000000591e+02
9.662899999999999636e+02
9.668999999999999773e+02
9.686299999999999955e+02
9.743000000000000682e+02
9.745600000000000591e+02
9.803000000000000682e+02
9.820199999999999818e+02
9.821200000000000045e+02
9.842400000000000091e+02
9.899200000000000728e+02
9.903999999999999773e+02
9.919200000000000728e+02
9.924300000000000637e+02
9.945800000000000409e+02
9.947100000000000364e+02
9.964200000000000728e+02
9.964700000000000273e+02
9.981700000000000728e+02
9.983400000000000318e+02
