2.530000000000000071e+01
6.606000000000000227e+01
7.570000000000000284e+01
8.612999999999999545e+01
1.256300000000000097e+02
1.366299999999999955e+02
1.656400000000000148e+02
1.758199999999999932e+02
1.859799999999999898e+02
2.157599999999999909e+02
2.456599999999999966e+02
2.553199999999999932e+02
2.564499999999999886e+02
2.859300000000000068e+02
3.061899999999999977e+02
3.160600000000000023e+02
3.968400000000000318e+02
4.072900000000000205e+02
4.156899999999999977e+02
4.261399999999999864e+02
4.568600000000000136e+02
4.668799999999999955e+02
4.867699999999999818e+02
4.968700000000000045e+02
5.071700000000000159e+02
5.270299999999999727e+02
5.378700000000000045e+02
5.562500000000000000e+02
5.660800000000000409e+02
5.967599999999999909e+02
6.066299999999999955e+02
6.237599999999999909e+02
6.376200000000000045e+02
6.572599999999999909e+02
6.663100000000000591e+02
6.772300000000000182e+02
7.062699999999999818e+02
7.271800000000000637e+02
7.372500000000000000e+02
7.663799999999999955e+02
7.962000000000000455e+02
8.366700000000000728e+02
8.462599999999999909e+02
8.677400000000000091e+02
8.965700000000000500e+02
9.174900000000000091e+02
9.760500000000000682e+02
9.866800000000000637e+02
2.532000000000000028e+01
2.628000000000000114e+01
3.596999999999999886e+01
4.625999999999999801e+01
5.691000000000000369e+01
6.576000000000000512e+01
6.609999999999999432e+01
7.573000000000000398e+01
8.579999999999999716e+01
9.498999999999999488e+01
1.065100000000000051e+02
1.157999999999999972e+02
1.251700000000000017e+02
1.366899999999999977e+02
1.446299999999999955e+02
1.544000000000000057e+02
1.656899999999999977e+02
1.743799999999999955e+02
1.854399999999999977e+02
1.860000000000000000e+02
2.046500000000000057e+02
2.155099999999999909e+02
2.246500000000000057e+02
2.339300000000000068e+02
2.446400000000000148e+02
2.459099999999999966e+02
2.653000000000000114e+02
2.851899999999999977e+02
2.859499999999999886e+02
2.932400000000000091e+02
3.049800000000000182e+02
3.063700000000000045e+02
3.137699999999999818e+02
3.160900000000000318e+02
3.438000000000000114e+02
3.532800000000000296e+02
3.555099999999999909e+02
3.838199999999999932e+02
3.933100000000000023e+02
3.969000000000000341e+02
4.035400000000000205e+02
4.127900000000000205e+02
4.157100000000000364e+02
4.341500000000000341e+02
4.542800000000000296e+02
4.569300000000000068e+02
4.629200000000000159e+02
4.729000000000000341e+02
4.868000000000000114e+02
4.969000000000000341e+02
5.429500000000000455e+02
5.517599999999999909e+02
5.562799999999999727e+02
5.661100000000000136e+02
5.728600000000000136e+02
5.919099999999999682e+02
5.967699999999999818e+02
6.033700000000000045e+02
6.066399999999999864e+02
6.130000000000000000e+02
6.223100000000000591e+02
6.332400000000000091e+02
6.508999999999999773e+02
6.665299999999999727e+02
6.723000000000000682e+02
7.062799999999999727e+02
7.272100000000000364e+02
7.315600000000000591e+02
7.372799999999999727e+02
7.425299999999999727e+02
7.608300000000000409e+02
7.962200000000000273e+02
8.017799999999999727e+02
8.212200000000000273e+02
8.304300000000000637e+02
8.366800000000000637e+02
8.405700000000000500e+02
8.462699999999999818e+02
8.510600000000000591e+02
8.611499999999999773e+02
8.678600000000000136e+02
8.713799999999999955e+02
8.804400000000000546e+02
8.896900000000000546e+02
8.965800000000000409e+02
9.003600000000000136e+02
9.761200000000000045e+02
9.867000000000000455e+02
2.533999999999999986e+01
6.587000000000000455e+01
6.614000000000000057e+01
7.575000000000000000e+01
8.590999999999999659e+01
9.503000000000000114e+01
1.068900000000000006e+02
1.252199999999999989e+02
1.371200000000000045e+02
1.446599999999999966e+02
1.544699999999999989e+02
1.661500000000000057e+02
1.744200000000000159e+02
1.855200000000000102e+02
1.860200000000000102e+02
2.047100000000000080e+02
2.247000000000000171e+02
2.339399999999999977e+02
2.447000000000000171e+02
2.460100000000000193e+02
2.853299999999999841e+02
2.859800000000000182e+02
2.932500000000000000e+02
3.055199999999999818e+02
3.065099999999999909e+02
3.139000000000000341e+02
3.161100000000000136e+02
3.438400000000000318e+02
3.532900000000000205e+02
3.839000000000000341e+02
3.933700000000000045e+02
4.127900000000000205e+02
4.157400000000000091e+02
4.543899999999999864e+02
4.629700000000000273e+02
4.729499999999999886e+02
4.868299999999999841e+02
4.969600000000000364e+02
5.430000000000000000e+02
5.517699999999999818e+02
5.563000000000000682e+02
5.661599999999999682e+02
5.729199999999999591e+02
5.919300000000000637e+02
5.967899999999999636e+02
6.066599999999999682e+02
6.130700000000000500e+02
6.226800000000000637e+02
6.509400000000000546e+02
6.666000000000000227e+02
7.063000000000000682e+02
7.272500000000000000e+02
7.315900000000000318e+02
7.373100000000000591e+02
7.426399999999999864e+02
7.608600000000000136e+02
7.962300000000000182e+02
8.020199999999999818e+02
8.212599999999999909e+02
8.367000000000000455e+02
8.462899999999999636e+02
8.612100000000000364e+02
8.899800000000000182e+02
8.966000000000000227e+02
9.867100000000000364e+02
6.520000000000000462e+00
1.616000000000000014e+01
2.535999999999999943e+01
2.646000000000000085e+01
3.667999999999999972e+01
4.713000000000000256e+01
6.598999999999999488e+01
6.620000000000000284e+01
7.578000000000000114e+01
9.507999999999999829e+01
9.731000000000000227e+01
1.252900000000000063e+02
1.447000000000000171e+02
1.474399999999999977e+02
1.662199999999999989e+02
1.745000000000000000e+02
1.771200000000000045e+02
1.860399999999999920e+02
1.877100000000000080e+02
2.047599999999999909e+02
2.174500000000000171e+02
2.339500000000000171e+02
2.374600000000000080e+02
2.574800000000000182e+02
2.674200000000000159e+02
2.783000000000000114e+02
2.860300000000000296e+02
2.932699999999999818e+02
2.975000000000000000e+02
3.161399999999999864e+02
3.438899999999999864e+02
3.533000000000000114e+02
3.777300000000000182e+02
3.934499999999999886e+02
4.128000000000000114e+02
4.194800000000000182e+02
4.290699999999999932e+02
4.630600000000000023e+02
4.686700000000000159e+02
4.730300000000000296e+02
4.868600000000000136e+02
5.084499999999999886e+02
5.431299999999999955e+02
5.517899999999999636e+02
5.563300000000000409e+02
5.585000000000000000e+02
5.730000000000000000e+02
5.798799999999999955e+02
5.919500000000000455e+02
5.968100000000000591e+02
6.066800000000000637e+02
6.131399999999999864e+02
6.229700000000000273e+02
6.405700000000000500e+02
6.666499999999999773e+02
7.063200000000000500e+02
7.092699999999999818e+02
7.202400000000000091e+02
7.273200000000000500e+02
7.296200000000000045e+02
7.316299999999999955e+02
7.373400000000000318e+02
7.427599999999999909e+02
7.608899999999999864e+02
7.962500000000000000e+02
8.114600000000000364e+02
8.213100000000000591e+02
8.367200000000000273e+02
8.463000000000000682e+02
8.966100000000000136e+02
9.302400000000000091e+02
9.402100000000000364e+02
9.814900000000000091e+02
9.867400000000000091e+02
6.549999999999999822e+00
1.619999999999999929e+01
2.537999999999999901e+01
6.623999999999999488e+01
7.582000000000000739e+01
9.735000000000000853e+01
1.447400000000000091e+02
1.662899999999999920e+02
1.746100000000000136e+02
1.860699999999999932e+02
2.048100000000000023e+02
2.174800000000000182e+02
2.339600000000000080e+02
2.375800000000000125e+02
2.674399999999999977e+02
2.860900000000000318e+02
2.932900000000000205e+02
2.975300000000000296e+02
3.161800000000000068e+02
3.439399999999999977e+02
3.533000000000000114e+02
3.936399999999999864e+02
4.128000000000000114e+02
4.195900000000000318e+02
4.631500000000000341e+02
4.687300000000000182e+02
4.869100000000000250e+02
5.084800000000000182e+02
5.518100000000000591e+02
5.563799999999999955e+02
5.585199999999999818e+02
5.730800000000000409e+02
5.919800000000000182e+02
5.968200000000000500e+02
6.067100000000000364e+02
6.406399999999999864e+02
6.667100000000000364e+02
7.063500000000000227e+02
7.092899999999999636e+02
7.273700000000000045e+02
7.296299999999999955e+02
7.316800000000000637e+02
7.373899999999999864e+02
7.609300000000000637e+02
7.962699999999999818e+02
8.213799999999999955e+02
8.367400000000000091e+02
8.463200000000000500e+02
8.966299999999999955e+02
9.302899999999999636e+02
9.402799999999999727e+02
9.817200000000000273e+02
9.867699999999999818e+02
6.600000000000000533e+00
1.624000000000000199e+01
2.540000000000000213e+01
6.629000000000000625e+01
7.587999999999999545e+01
9.746999999999999886e+01
1.447899999999999920e+02
1.747100000000000080e+02
1.861100000000000136e+02
2.048799999999999955e+02
2.175099999999999909e+02
2.339800000000000182e+02
2.376899999999999977e+02
2.674800000000000182e+02
2.861899999999999977e+02
2.933000000000000114e+02
2.975600000000000023e+02
3.440000000000000000e+02
3.533100000000000023e+02
3.937500000000000000e+02
4.128000000000000114e+02
4.633000000000000114e+02
4.688100000000000023e+02
5.085099999999999909e+02
5.518200000000000500e+02
5.585500000000000682e+02
5.731499999999999773e+02
5.920099999999999909e+02
5.968400000000000318e+02
6.067400000000000091e+02
7.093000000000000682e+02
7.274300000000000637e+02
7.296399999999999864e+02
7.610000000000000000e+02
7.963000000000000682e+02
8.367699999999999818e+02
8.463500000000000227e+02
8.966399999999999864e+02
6.660000000000000142e+00
1.635000000000000142e+01
6.634000000000000341e+01
1.748000000000000114e+02
2.175699999999999932e+02
2.339900000000000091e+02
2.933199999999999932e+02
2.976200000000000045e+02
3.440799999999999841e+02
3.533199999999999932e+02
3.938299999999999841e+02
4.128100000000000023e+02
5.518400000000000318e+02
5.585700000000000500e+02
5.732599999999999909e+02
5.920700000000000500e+02
5.968799999999999955e+02
7.093300000000000409e+02
7.296499999999999773e+02
8.966900000000000546e+02
6.089999999999999858e+00
6.730000000000000426e+00
1.566000000000000014e+01
1.651000000000000156e+01
2.560999999999999943e+01
3.564999999999999858e+01
4.523000000000000398e+01
5.557000000000000028e+01
6.642000000000000171e+01
7.504000000000000625e+01
8.556000000000000227e+01
9.523000000000000398e+01
1.054300000000000068e+02
1.148700000000000045e+02
1.254000000000000057e+02
1.353700000000000045e+02
1.450300000000000011e+02
1.562199999999999989e+02
1.667100000000000080e+02
1.748900000000000148e+02
1.754300000000000068e+02
1.850800000000000125e+02
1.950500000000000114e+02
2.051599999999999966e+02
2.152700000000000102e+02
2.256800000000000068e+02
2.340200000000000102e+02
2.349200000000000159e+02
2.463300000000000125e+02
2.551299999999999955e+02
2.645900000000000318e+02
2.751899999999999977e+02
2.843500000000000227e+02
2.933299999999999841e+02
2.953299999999999841e+02
3.049399999999999977e+02
3.149300000000000068e+02
3.250900000000000318e+02
3.351299999999999955e+02
3.447699999999999818e+02
3.533199999999999932e+02
3.544300000000000068e+02
3.649800000000000182e+02
3.747599999999999909e+02
3.845600000000000023e+02
3.939200000000000159e+02
3.949399999999999977e+02
4.046200000000000045e+02
4.128100000000000023e+02
4.153000000000000114e+02
4.252100000000000364e+02
4.442100000000000364e+02
4.538500000000000227e+02
4.565199999999999818e+02
4.644800000000000182e+02
4.751100000000000136e+02
4.847400000000000091e+02
4.950500000000000114e+02
5.042500000000000000e+02
5.142899999999999636e+02
5.242300000000000182e+02
5.341800000000000637e+02
5.450099999999999909e+02
5.518600000000000136e+02
5.535099999999999909e+02
5.586100000000000136e+02
5.643000000000000682e+02
5.742000000000000455e+02
5.849700000000000273e+02
5.948100000000000591e+02
6.045600000000000591e+02
6.136200000000000045e+02
6.158899999999999864e+02
6.236200000000000045e+02
6.257300000000000182e+02
6.346100000000000136e+02
6.451200000000000045e+02
6.535600000000000591e+02
6.640299999999999727e+02
6.847000000000000455e+02
6.944500000000000455e+02
7.041200000000000045e+02
7.093700000000000045e+02
7.136299999999999955e+02
7.249900000000000091e+02
7.296599999999999682e+02
7.356499999999999773e+02
7.436200000000000045e+02
7.547000000000000455e+02
7.642300000000000182e+02
7.729800000000000182e+02
7.831599999999999682e+02
8.036599999999999682e+02
8.058600000000000136e+02
8.132000000000000455e+02
8.242899999999999636e+02
8.340700000000000500e+02
8.437000000000000455e+02
8.536700000000000728e+02
8.646700000000000728e+02
8.734800000000000182e+02
8.833799999999999955e+02
8.928100000000000591e+02
9.142899999999999636e+02
9.219099999999999682e+02
9.247200000000000273e+02
9.331399999999999864e+02
9.428700000000000045e+02
9.742100000000000364e+02
9.942900000000000773e+02
6.560000000000000497e+00
1.567999999999999972e+01
2.564000000000000057e+01
3.567000000000000171e+01
4.531000000000000227e+01
5.563000000000000256e+01
7.517000000000000171e+01
8.564000000000000057e+01
9.531000000000000227e+01
1.054600000000000080e+02
1.149000000000000057e+02
1.254200000000000017e+02
1.354200000000000159e+02
1.460099999999999909e+02
1.562700000000000102e+02
1.668400000000000034e+02
1.755099999999999909e+02
1.850999999999999943e+02
1.950699999999999932e+02
2.052000000000000171e+02
2.153100000000000023e+02
2.257599999999999909e+02
2.349699999999999989e+02
2.551500000000000057e+02
2.646600000000000250e+02
2.752300000000000182e+02
2.843799999999999955e+02
2.933500000000000227e+02
2.954100000000000250e+02
3.049700000000000273e+02
3.150099999999999909e+02
3.251700000000000159e+02
3.351700000000000159e+02
3.448400000000000318e+02
3.533299999999999841e+02
3.544700000000000273e+02
3.657599999999999909e+02
3.747900000000000205e+02
3.846500000000000341e+02
3.940400000000000205e+02
3.951399999999999864e+02
4.046600000000000250e+02
4.128199999999999932e+02
4.154100000000000250e+02
4.252900000000000205e+02
4.442400000000000091e+02
4.539000000000000341e+02
4.644900000000000091e+02
4.751500000000000341e+02
4.847900000000000205e+02
4.951000000000000227e+02
5.042800000000000296e+02
5.144600000000000364e+02
5.242699999999999818e+02
5.342500000000000000e+02
5.451100000000000136e+02
5.518799999999999955e+02
5.535399999999999636e+02
5.588100000000000591e+02
5.643500000000000227e+02
5.742300000000000182e+02
5.851000000000000227e+02
5.948600000000000136e+02
6.046299999999999955e+02
6.136900000000000546e+02
6.236299999999999955e+02
6.257500000000000000e+02
6.349199999999999591e+02
6.453100000000000591e+02
6.535800000000000409e+02
6.640500000000000682e+02
6.945800000000000409e+02
7.136599999999999682e+02
7.250600000000000591e+02
7.296699999999999591e+02
7.436699999999999591e+02
7.547699999999999818e+02
7.643799999999999955e+02
7.740600000000000591e+02
7.831900000000000546e+02
8.037899999999999636e+02
8.133400000000000318e+02
8.243899999999999864e+02
8.342200000000000273e+02
8.442500000000000000e+02
8.537100000000000364e+02
8.647300000000000182e+02
8.735099999999999909e+02
8.834900000000000091e+02
8.928700000000000045e+02
9.148100000000000591e+02
9.219500000000000455e+02
9.333600000000000136e+02
9.428999999999999773e+02
9.743000000000000682e+02
6.709999999999999964e+00
1.571000000000000085e+01
2.567000000000000171e+01
3.570000000000000284e+01
4.546000000000000085e+01
5.567999999999999972e+01
7.531000000000000227e+01
8.571999999999999886e+01
9.599000000000000909e+01
1.054900000000000091e+02
1.149300000000000068e+02
1.183599999999999994e+02
1.254399999999999977e+02
1.356700000000000159e+02
1.460699999999999932e+02
1.563199999999999932e+02
1.755900000000000034e+02
1.851100000000000136e+02
1.950900000000000034e+02
2.052400000000000091e+02
2.153600000000000136e+02
2.258400000000000034e+02
2.350200000000000102e+02
2.551700000000000159e+02
2.647300000000000182e+02
2.752699999999999818e+02
2.844200000000000159e+02
2.933600000000000136e+02
2.954700000000000273e+02
3.050099999999999909e+02
3.151000000000000227e+02
3.252200000000000273e+02
3.351999999999999886e+02
3.450500000000000114e+02
3.533400000000000318e+02
3.545199999999999818e+02
3.658400000000000318e+02
3.748199999999999932e+02
3.852900000000000205e+02
4.047100000000000364e+02
4.128199999999999932e+02
4.154900000000000091e+02
4.253799999999999955e+02
4.442800000000000296e+02
4.540000000000000000e+02
4.645099999999999909e+02
4.751899999999999977e+02
4.848299999999999841e+02
4.951600000000000250e+02
5.043100000000000023e+02
5.243200000000000500e+02
5.343100000000000591e+02
5.452100000000000364e+02
5.519199999999999591e+02
5.535700000000000500e+02
5.588700000000000045e+02
5.644199999999999591e+02
5.742500000000000000e+02
5.852300000000000182e+02
5.949400000000000546e+02
6.051699999999999591e+02
6.137500000000000000e+02
6.236399999999999864e+02
6.257899999999999636e+02
6.350199999999999818e+02
6.454500000000000455e+02
6.536100000000000136e+02
6.640800000000000409e+02
7.136900000000000546e+02
7.251399999999999864e+02
7.296800000000000637e+02
7.437200000000000273e+02
7.550700000000000500e+02
7.743000000000000682e+02
7.832200000000000273e+02
8.134300000000000637e+02
8.443000000000000682e+02
8.537699999999999818e+02
8.648000000000000682e+02
8.735399999999999636e+02
8.836100000000000136e+02
9.219900000000000091e+02
9.429500000000000455e+02
9.743899999999999864e+02
6.810000000000000497e+00
1.573000000000000043e+01
2.569000000000000128e+01
3.573000000000000398e+01
5.571999999999999886e+01
7.537000000000000455e+01
8.587000000000000455e+01
9.604000000000000625e+01
1.055300000000000011e+02
1.149699999999999989e+02
1.254600000000000080e+02
1.357899999999999920e+02
1.461400000000000148e+02
1.757400000000000091e+02
1.851299999999999955e+02
1.951200000000000045e+02
2.052800000000000011e+02
2.154300000000000068e+02
2.259200000000000159e+02
2.350699999999999932e+02
2.551800000000000068e+02
2.648299999999999841e+02
2.752900000000000205e+02
2.845400000000000205e+02
2.933899999999999864e+02
2.955300000000000296e+02
3.050500000000000114e+02
3.152200000000000273e+02
3.252699999999999818e+02
3.352400000000000091e+02
3.533600000000000136e+02
3.551800000000000068e+02
3.748400000000000318e+02
3.853700000000000045e+02
4.047900000000000205e+02
4.128299999999999841e+02
4.155500000000000114e+02
4.254800000000000182e+02
4.552599999999999909e+02
4.645300000000000296e+02
4.752400000000000091e+02
4.848700000000000045e+02
5.043600000000000136e+02
5.243999999999999773e+02
5.344099999999999682e+02
5.536100000000000136e+02
5.589300000000000637e+02
5.742899999999999636e+02
5.950199999999999818e+02
6.138400000000000318e+02
6.236499999999999773e+02
6.258600000000000136e+02
6.536399999999999864e+02
6.641000000000000227e+02
7.137200000000000273e+02
7.252500000000000000e+02
7.296900000000000546e+02
7.437799999999999727e+02
7.832699999999999818e+02
8.135199999999999818e+02
8.443600000000000136e+02
8.538300000000000409e+02
8.735700000000000500e+02
9.221000000000000227e+02
6.900000000000000355e+00
1.575000000000000000e+01
2.571999999999999886e+01
3.577000000000000313e+01
5.577000000000000313e+01
7.542000000000000171e+01
9.609000000000000341e+01
1.056200000000000045e+02
1.063299999999999983e+02
1.150400000000000063e+02
1.254900000000000091e+02
1.358400000000000034e+02
1.462500000000000000e+02
1.851500000000000057e+02
1.951500000000000057e+02
2.263600000000000136e+02
2.351299999999999955e+02
2.441800000000000068e+02
2.552000000000000171e+02
2.650000000000000000e+02
2.753199999999999932e+02
2.956299999999999955e+02
3.050799999999999841e+02
3.230300000000000296e+02
3.253500000000000227e+02
3.352800000000000296e+02
3.636800000000000068e+02
3.748700000000000045e+02
4.156500000000000341e+02
4.553400000000000318e+02
4.645500000000000114e+02
4.753100000000000023e+02
4.849200000000000159e+02
5.044000000000000341e+02
5.110799999999999841e+02
5.247200000000000273e+02
5.345099999999999909e+02
5.590199999999999818e+02
5.743400000000000318e+02
6.236599999999999682e+02
6.641200000000000045e+02
7.137599999999999909e+02
7.297100000000000364e+02
7.439600000000000364e+02
8.539099999999999682e+02
8.674800000000000182e+02
8.736100000000000136e+02
1.578000000000000114e+01
2.576000000000000156e+01
3.585000000000000142e+01
5.585000000000000142e+01
7.550000000000000000e+01
9.615000000000000568e+01
1.058900000000000006e+02
1.255199999999999960e+02
1.359000000000000057e+02
1.851700000000000159e+02
1.952000000000000171e+02
2.352599999999999909e+02
2.443700000000000045e+02
2.552199999999999989e+02
2.753500000000000227e+02
3.051100000000000136e+02
3.230600000000000023e+02
3.353299999999999841e+02
3.749000000000000341e+02
4.645699999999999932e+02
4.849900000000000091e+02
5.044600000000000364e+02
5.111000000000000227e+02
5.247699999999999818e+02
5.743999999999999773e+02
6.236800000000000637e+02
6.641599999999999682e+02
7.138000000000000682e+02
7.297699999999999818e+02
8.675800000000000409e+02
8.736599999999999682e+02
5.990000000000000213e+00
1.565000000000000036e+01
1.582000000000000028e+01
2.525000000000000000e+01
2.580000000000000071e+01
3.564999999999999858e+01
3.609000000000000341e+01
4.657999999999999829e+01
5.593999999999999773e+01
5.616000000000000369e+01
6.596999999999999886e+01
7.560000000000000853e+01
8.587000000000000455e+01
9.653000000000000114e+01
1.067100000000000080e+02
1.161000000000000085e+02
1.255400000000000063e+02
1.256899999999999977e+02
1.354699999999999989e+02
1.460099999999999909e+02
1.555800000000000125e+02
1.655500000000000114e+02
1.756100000000000136e+02
1.851899999999999977e+02
1.859300000000000068e+02
1.952599999999999909e+02
1.965999999999999943e+02
2.156599999999999966e+02
2.269900000000000091e+02
2.368199999999999932e+02
2.455600000000000023e+02
2.552300000000000182e+02
2.562300000000000182e+02
2.656100000000000136e+02
2.753899999999999864e+02
2.762400000000000091e+02
2.858600000000000136e+02
2.972099999999999795e+02
3.051399999999999864e+02
3.061200000000000045e+02
3.160000000000000000e+02
3.231000000000000227e+02
3.272900000000000205e+02
3.369100000000000250e+02
3.463199999999999932e+02
3.566800000000000068e+02
3.749300000000000068e+02
3.771100000000000136e+02
3.862900000000000205e+02
3.966700000000000159e+02
4.067599999999999909e+02
4.156299999999999955e+02
4.260699999999999932e+02
4.362300000000000182e+02
4.469800000000000182e+02
4.567400000000000091e+02
4.646100000000000136e+02
4.665900000000000318e+02
4.866600000000000250e+02
4.968000000000000114e+02
5.047200000000000273e+02
5.062700000000000387e+02
5.111200000000000045e+02
5.164400000000000546e+02
5.248200000000000500e+02
5.261699999999999591e+02
5.372799999999999727e+02
5.472899999999999636e+02
5.561900000000000546e+02
5.660099999999999909e+02
5.766599999999999682e+02
5.863000000000000682e+02
5.967100000000000364e+02
6.065800000000000409e+02
6.159900000000000091e+02
6.236900000000000546e+02
6.363000000000000682e+02
6.471000000000000227e+02
6.567400000000000091e+02
6.642100000000000364e+02
6.661800000000000637e+02
6.768200000000000500e+02
7.062200000000000273e+02
7.172699999999999818e+02
7.271100000000000136e+02
7.371399999999999864e+02
7.474900000000000091e+02
7.662500000000000000e+02
7.685700000000000500e+02
7.869900000000000091e+02
7.961499999999999773e+02
8.078700000000000045e+02
8.171499999999999773e+02
8.275700000000000500e+02
8.366299999999999955e+02
8.462300000000000182e+02
8.568700000000000045e+02
8.675600000000000591e+02
8.879900000000000091e+02
8.965299999999999727e+02
9.078300000000000409e+02
9.171399999999999864e+02
9.281399999999999864e+02
9.370700000000000500e+02
9.469500000000000455e+02
9.572200000000000273e+02
9.759700000000000273e+02
9.783200000000000500e+02
9.866399999999999864e+02
6.060000000000000497e+00
1.572000000000000064e+01
2.526999999999999957e+01
3.567999999999999972e+01
4.667000000000000171e+01
5.621000000000000085e+01
6.600000000000000000e+01
7.565000000000000568e+01
8.593000000000000682e+01
1.161899999999999977e+02
1.255600000000000023e+02
1.257500000000000000e+02
1.355200000000000102e+02
1.460600000000000023e+02
1.556299999999999955e+02
1.655699999999999932e+02
1.756599999999999966e+02
1.852299999999999898e+02
1.859500000000000171e+02
1.953000000000000114e+02
1.968799999999999955e+02
2.156899999999999977e+02
2.368600000000000136e+02
2.455800000000000125e+02
2.552500000000000000e+02
2.562900000000000205e+02
2.665900000000000318e+02
2.754300000000000068e+02
2.763299999999999841e+02
2.858799999999999955e+02
3.051800000000000068e+02
3.061299999999999955e+02
3.160199999999999818e+02
3.463899999999999864e+02
3.568199999999999932e+02
3.749900000000000091e+02
3.772699999999999818e+02
3.967200000000000273e+02
4.068199999999999932e+02
4.156500000000000341e+02
4.260900000000000318e+02
4.362800000000000296e+02
4.471600000000000250e+02
4.567800000000000296e+02
4.666600000000000250e+02
4.866999999999999886e+02
4.968199999999999932e+02
5.047800000000000296e+02
5.063400000000000318e+02
5.111600000000000250e+02
5.165299999999999727e+02
5.262300000000000182e+02
5.373700000000000045e+02
5.473999999999999773e+02
5.562100000000000364e+02
5.660299999999999727e+02
5.967200000000000273e+02
6.066000000000000227e+02
6.237000000000000455e+02
6.373300000000000409e+02
6.568200000000000500e+02
6.662100000000000364e+02
6.769600000000000364e+02
7.062400000000000091e+02
7.271299999999999955e+02
7.371800000000000637e+02
7.475800000000000409e+02
7.662899999999999636e+02
7.961700000000000728e+02
8.080000000000000000e+02
8.171700000000000728e+02
8.276299999999999955e+02
8.366399999999999864e+02
8.462400000000000091e+02
8.569400000000000546e+02
8.676100000000000136e+02
8.965399999999999636e+02
9.079099999999999682e+02
9.172400000000000091e+02
9.469800000000000182e+02
9.573300000000000409e+02
9.760000000000000000e+02
9.866499999999999773e+02
6.169999999999999929e+00
1.581000000000000050e+01
2.528999999999999915e+01
3.571999999999999886e+01
5.627000000000000313e+01
6.603000000000000114e+01
7.568000000000000682e+01
8.600000000000000000e+01
1.255799999999999983e+02
1.365800000000000125e+02
1.557199999999999989e+02
1.655999999999999943e+02
1.757100000000000080e+02
1.859699999999999989e+02
1.953499999999999943e+02
2.157199999999999989e+02
2.369200000000000159e+02
2.456100000000000136e+02
2.552700000000000102e+02
2.563500000000000227e+02
2.667300000000000182e+02
2.754800000000000182e+02
2.859000000000000341e+02
3.052200000000000273e+02
3.061600000000000250e+02
3.160400000000000205e+02
3.467200000000000273e+02
3.569800000000000182e+02
3.967699999999999818e+02
4.069300000000000068e+02
4.156700000000000159e+02
4.261100000000000136e+02
4.363299999999999841e+02
4.473600000000000136e+02
4.568199999999999932e+02
4.667599999999999909e+02
4.867300000000000182e+02
4.968400000000000318e+02
5.048600000000000136e+02
5.064100000000000250e+02
5.269300000000000637e+02
5.375099999999999909e+02
5.562300000000000182e+02
5.660600000000000591e+02
5.967400000000000091e+02
6.066100000000000136e+02
6.237200000000000273e+02
6.374400000000000546e+02
6.569600000000000364e+02
6.662500000000000000e+02
6.771100000000000136e+02
7.062500000000000000e+02
7.271499999999999773e+02
7.372200000000000273e+02
7.663300000000000409e+02
7.961800000000000637e+02
8.172100000000000364e+02
8.277200000000000273e+02
8.366499999999999773e+02
8.462500000000000000e+02
8.570900000000000318e+02
8.676700000000000728e+02
8.965600000000000591e+02
9.082699999999999818e+02
9.173700000000000045e+02
9.470299999999999727e+02
9.760199999999999818e+02
9.866700000000000728e+02
