7.595000000000000284e+01
1.956100000000000136e+02
2.555900000000000034e+02
2.757800000000000296e+02
2.594999999999999929e+01
4.725999999999999801e+01
6.684000000000000341e+01
7.600000000000000000e+01
8.637999999999999545e+01
1.069200000000000017e+02
1.271500000000000057e+02
1.366599999999999966e+02
1.662199999999999989e+02
1.763799999999999955e+02
1.862100000000000080e+02
2.168100000000000023e+02
2.373100000000000023e+02
2.465300000000000011e+02
2.660500000000000114e+02
2.865500000000000114e+02
3.074000000000000341e+02
3.163100000000000023e+02
3.575400000000000205e+02
3.973600000000000136e+02
4.171299999999999955e+02
4.365099999999999909e+02
4.473000000000000114e+02
4.871999999999999886e+02
4.970300000000000296e+02
5.271299999999999955e+02
5.382599999999999909e+02
5.477899999999999636e+02
5.565500000000000682e+02
5.669099999999999682e+02
5.970299999999999727e+02
6.573799999999999955e+02
6.665500000000000682e+02
6.771399999999999864e+02
7.375000000000000000e+02
7.964900000000000091e+02
8.279099999999999682e+02
8.384500000000000455e+02
8.968799999999999955e+02
9.079600000000000364e+02
9.870000000000000000e+02
2.607000000000000028e+01
7.606000000000000227e+01
8.646000000000000796e+01
1.070600000000000023e+02
1.273299999999999983e+02
1.367100000000000080e+02
1.663000000000000114e+02
1.862299999999999898e+02
2.466299999999999955e+02
2.866299999999999955e+02
3.075300000000000296e+02
3.163400000000000318e+02
4.173299999999999841e+02
4.365500000000000114e+02
4.873700000000000045e+02
4.970900000000000318e+02
5.479199999999999591e+02
5.565600000000000591e+02
5.670099999999999909e+02
5.970800000000000409e+02
6.574900000000000091e+02
6.666599999999999682e+02
6.772000000000000455e+02
7.375700000000000500e+02
7.965199999999999818e+02
8.280199999999999818e+02
8.968999999999999773e+02
9.080299999999999727e+02
9.870400000000000773e+02
8.668000000000000682e+01
1.367500000000000000e+02
1.663600000000000136e+02
1.862599999999999909e+02
2.467700000000000102e+02
2.867099999999999795e+02
3.163799999999999955e+02
4.366200000000000045e+02
5.480299999999999727e+02
5.565700000000000500e+02
5.671200000000000045e+02
5.971299999999999955e+02
6.667599999999999909e+02
6.773100000000000591e+02
7.376599999999999682e+02
7.965500000000000682e+02
8.282000000000000455e+02
8.969400000000000546e+02
9.081499999999999773e+02
9.870800000000000409e+02
1.368000000000000114e+02
1.664099999999999966e+02
1.862800000000000011e+02
2.868100000000000023e+02
3.164800000000000182e+02
5.565800000000000409e+02
5.971800000000000637e+02
6.668300000000000409e+02
7.377899999999999636e+02
7.966100000000000136e+02
8.283000000000000682e+02
8.969900000000000091e+02
9.871499999999999773e+02
8.609000000000000341e+01
1.254000000000000057e+02
1.368799999999999955e+02
1.664600000000000080e+02
1.863199999999999932e+02
2.050099999999999909e+02
2.347400000000000091e+02
2.854499999999999886e+02
2.869700000000000273e+02
2.935699999999999932e+02
3.145699999999999932e+02
3.441399999999999864e+02
3.535500000000000114e+02
3.843100000000000023e+02
4.733899999999999864e+02
5.566000000000000227e+02
5.732799999999999727e+02
5.934500000000000455e+02
5.972599999999999909e+02
6.229500000000000455e+02
6.668899999999999864e+02
7.319500000000000455e+02
7.615500000000000682e+02
8.023300000000000409e+02
8.214800000000000182e+02
8.526499999999999773e+02
8.901299999999999955e+02
9.013899999999999864e+02
8.618000000000000682e+01
1.254399999999999977e+02
1.371599999999999966e+02
1.665099999999999909e+02
1.863700000000000045e+02
2.050999999999999943e+02
2.936299999999999955e+02
3.146700000000000159e+02
3.442099999999999795e+02
3.535699999999999932e+02
3.847599999999999909e+02
5.566200000000000045e+02
5.733500000000000227e+02
6.230500000000000682e+02
6.669700000000000273e+02
8.215399999999999636e+02
8.902100000000000364e+02
1.678999999999999915e+01
1.255199999999999960e+02
1.864699999999999989e+02
2.377000000000000171e+02
3.148100000000000023e+02
3.536100000000000136e+02
5.566399999999999864e+02
5.592100000000000364e+02
5.734500000000000455e+02
8.216299999999999955e+02
2.377400000000000091e+02
3.536500000000000341e+02
5.566800000000000637e+02
2.377800000000000011e+02
2.378499999999999943e+02
6.520000000000000462e+00
1.589000000000000057e+01
2.719000000000000128e+01
4.664000000000000057e+01
5.639000000000000057e+01
7.576999999999999602e+01
8.607999999999999829e+01
9.603000000000000114e+01
1.059200000000000017e+02
1.168799999999999955e+02
1.259500000000000028e+02
1.357299999999999898e+02
1.462400000000000091e+02
1.565699999999999932e+02
1.860000000000000000e+02
1.953100000000000023e+02
2.054600000000000080e+02
2.163100000000000023e+02
2.354699999999999989e+02
2.554200000000000159e+02
2.650400000000000205e+02
2.754599999999999795e+02
2.855099999999999909e+02
2.957099999999999795e+02
3.154100000000000250e+02
3.355500000000000114e+02
3.450699999999999932e+02
3.551200000000000045e+02
3.658700000000000045e+02
3.750099999999999909e+02
3.852699999999999818e+02
4.158700000000000045e+02
4.255500000000000114e+02
4.649499999999999886e+02
4.754300000000000068e+02
4.850300000000000296e+02
5.048199999999999932e+02
5.257899999999999636e+02
5.349300000000000637e+02
5.646100000000000136e+02
5.745600000000000591e+02
5.950900000000000318e+02
6.049500000000000455e+02
6.239500000000000455e+02
6.458500000000000227e+02
6.643899999999999864e+02
6.954099999999999682e+02
7.050800000000000409e+02
7.139900000000000091e+02
7.442000000000000455e+02
7.645199999999999818e+02
7.737100000000000364e+02
7.851499999999999773e+02
8.056299999999999955e+02
8.138300000000000409e+02
8.246399999999999864e+02
8.444500000000000455e+02
8.544800000000000182e+02
8.651399999999999864e+02
9.745399999999999636e+02
6.990000000000000213e+00
1.591999999999999993e+01
2.726999999999999957e+01
5.653999999999999915e+01
7.581000000000000227e+01
9.621999999999999886e+01
1.059699999999999989e+02
1.260199999999999960e+02
1.358700000000000045e+02
1.463799999999999955e+02
1.566500000000000057e+02
1.953499999999999943e+02
2.055099999999999909e+02
2.355699999999999932e+02
2.554399999999999977e+02
2.650900000000000318e+02
2.755000000000000000e+02
2.857099999999999795e+02
2.958299999999999841e+02
3.154900000000000091e+02
3.355799999999999841e+02
3.451800000000000068e+02
3.554599999999999795e+02
3.659700000000000273e+02
3.750400000000000205e+02
3.853500000000000227e+02
4.257200000000000273e+02
4.754900000000000091e+02
4.850799999999999841e+02
5.048899999999999864e+02
5.350199999999999818e+02
5.647100000000000364e+02
5.745900000000000318e+02
6.051100000000000136e+02
6.240000000000000000e+02
6.460000000000000000e+02
6.644500000000000455e+02
7.140299999999999727e+02
7.442699999999999818e+02
7.740199999999999818e+02
7.853000000000000682e+02
8.138999999999999773e+02
9.746200000000000045e+02
1.596000000000000085e+01
2.737000000000000099e+01
7.585000000000000853e+01
1.060199999999999960e+02
1.360800000000000125e+02
1.953900000000000148e+02
2.056200000000000045e+02
2.356299999999999955e+02
2.554699999999999989e+02
2.651499999999999773e+02
2.755400000000000205e+02
3.156700000000000159e+02
3.356100000000000136e+02
3.452900000000000205e+02
3.660799999999999841e+02
3.750699999999999932e+02
3.854499999999999886e+02
4.851299999999999955e+02
5.049399999999999977e+02
5.351399999999999864e+02
5.746399999999999864e+02
6.052799999999999727e+02
6.240800000000000409e+02
7.140700000000000500e+02
7.443300000000000409e+02
8.140000000000000000e+02
9.747200000000000273e+02
1.600000000000000000e+01
7.587999999999999545e+01
1.060700000000000074e+02
1.954399999999999977e+02
2.356899999999999977e+02
2.555000000000000000e+02
2.652099999999999795e+02
2.755900000000000318e+02
3.356600000000000250e+02
3.751100000000000136e+02
4.852400000000000091e+02
5.050000000000000000e+02
7.444400000000000546e+02
8.141700000000000728e+02
1.605000000000000071e+01
7.590999999999999659e+01
1.061200000000000045e+02
1.955200000000000102e+02
2.357800000000000011e+02
2.555399999999999920e+02
2.756700000000000159e+02
3.751500000000000341e+02
5.050900000000000318e+02
