4.150000000000000355e+00
5.100000000000000533e+00
7.919999999999999929e+00
8.330000000000000071e+00
8.880000000000000782e+00
1.009999999999999964e+01
1.271000000000000085e+01
1.407000000000000028e+01
1.749000000000000199e+01
1.776000000000000156e+01
2.135999999999999943e+01
2.221999999999999886e+01
2.435000000000000142e+01
2.567999999999999972e+01
2.573000000000000043e+01
2.585000000000000142e+01
2.955000000000000071e+01
2.960000000000000142e+01
2.971000000000000085e+01
2.974000000000000199e+01
3.214999999999999858e+01
3.459000000000000341e+01
3.667000000000000171e+01
3.755000000000000426e+01
3.882000000000000028e+01
4.070000000000000284e+01
4.289999999999999858e+01
4.518999999999999773e+01
4.585000000000000142e+01
4.635000000000000142e+01
4.821999999999999886e+01
5.162000000000000455e+01
5.482999999999999829e+01
5.549000000000000199e+01
5.782000000000000028e+01
5.880000000000000426e+01
6.032000000000000028e+01
6.102000000000000313e+01
6.344000000000000483e+01
6.504999999999999716e+01
6.576000000000000512e+01
6.837000000000000455e+01
6.982000000000000739e+01
7.098000000000000398e+01
7.139000000000000057e+01
7.175000000000000000e+01
7.393999999999999773e+01
7.415000000000000568e+01
7.575000000000000000e+01
7.634000000000000341e+01
7.851000000000000512e+01
7.973999999999999488e+01
8.104000000000000625e+01
8.426999999999999602e+01
8.440000000000000568e+01
8.492000000000000171e+01
8.546999999999999886e+01
8.887000000000000455e+01
9.001000000000000512e+01
9.167000000000000171e+01
9.226999999999999602e+01
9.271000000000000796e+01
9.284000000000000341e+01
9.771999999999999886e+01
9.921000000000000796e+01
1.032699999999999960e+02
1.033200000000000074e+02
1.055799999999999983e+02
1.068100000000000023e+02
1.109300000000000068e+02
1.119000000000000057e+02
1.122900000000000063e+02
1.135400000000000063e+02
1.152699999999999960e+02
1.153599999999999994e+02
1.162100000000000080e+02
1.177400000000000091e+02
1.187500000000000000e+02
1.217400000000000091e+02
1.221200000000000045e+02
1.250900000000000034e+02
1.258500000000000085e+02
1.280600000000000023e+02
1.310399999999999920e+02
1.317700000000000102e+02
1.331999999999999886e+02
1.343900000000000148e+02
1.353100000000000023e+02
1.375500000000000114e+02
1.387199999999999989e+02
1.392299999999999898e+02
1.395699999999999932e+02
1.399900000000000091e+02
1.416500000000000057e+02
1.450699999999999932e+02
1.467500000000000000e+02
1.473799999999999955e+02
1.477599999999999909e+02
1.481800000000000068e+02
1.495200000000000102e+02
1.503199999999999932e+02
1.503199999999999932e+02
1.515699999999999932e+02
1.523499999999999943e+02
1.555200000000000102e+02
1.558499999999999943e+02
1.558900000000000148e+02
1.577700000000000102e+02
1.595900000000000034e+02
1.609600000000000080e+02
1.628700000000000045e+02
1.631400000000000148e+02
1.644099999999999966e+02
1.653300000000000125e+02
1.671299999999999955e+02
1.671299999999999955e+02
1.679200000000000159e+02
1.685699999999999932e+02
1.712800000000000011e+02
1.715300000000000011e+02
1.741700000000000159e+02
1.761500000000000057e+02
1.764600000000000080e+02
1.783499999999999943e+02
1.787800000000000011e+02
1.807199999999999989e+02
1.843700000000000045e+02
1.850200000000000102e+02
1.865600000000000023e+02
1.898000000000000114e+02
1.919600000000000080e+02
1.928900000000000148e+02
1.963400000000000034e+02
1.972599999999999909e+02
1.986599999999999966e+02
2.013799999999999955e+02
2.028400000000000034e+02
2.049300000000000068e+02
2.049800000000000182e+02
2.081899999999999977e+02
2.095500000000000114e+02
2.100000000000000000e+02
2.110200000000000102e+02
2.122700000000000102e+02
2.142300000000000182e+02
2.168100000000000023e+02
2.188400000000000034e+02
2.190600000000000023e+02
2.191500000000000057e+02
2.195800000000000125e+02
2.233400000000000034e+02
2.237300000000000182e+02
2.243400000000000034e+02
2.247000000000000171e+02
2.272100000000000080e+02
2.275900000000000034e+02
2.299699999999999989e+02
2.325099999999999909e+02
2.356400000000000148e+02
2.406599999999999966e+02
2.434500000000000171e+02
2.445699999999999932e+02
2.449099999999999966e+02
2.508900000000000148e+02
2.517600000000000193e+02
2.551299999999999955e+02
2.559699999999999989e+02
2.582800000000000296e+02
2.593600000000000136e+02
2.620000000000000000e+02
2.625500000000000114e+02
2.647200000000000273e+02
2.656399999999999864e+02
2.663700000000000045e+02
2.681399999999999864e+02
2.707900000000000205e+02
2.709399999999999977e+02
2.728700000000000045e+02
2.746999999999999886e+02
2.753700000000000045e+02
2.759800000000000182e+02
2.799100000000000250e+02
2.829200000000000159e+02
2.840900000000000318e+02
2.850300000000000296e+02
2.924700000000000273e+02
2.930900000000000318e+02
2.945900000000000318e+02
2.967400000000000091e+02
2.988600000000000136e+02
3.032200000000000273e+02
3.042800000000000296e+02
3.043899999999999864e+02
3.052099999999999795e+02
3.077699999999999818e+02
3.088000000000000114e+02
3.112699999999999818e+02
3.146999999999999886e+02
3.148600000000000136e+02
3.166700000000000159e+02
3.173700000000000045e+02
3.201500000000000341e+02
3.204499999999999886e+02
3.219700000000000273e+02
3.228400000000000318e+02
3.228500000000000227e+02
3.234700000000000273e+02
3.261600000000000250e+02
3.274300000000000068e+02
3.284300000000000068e+02
3.284700000000000273e+02
3.317500000000000000e+02
3.320600000000000023e+02
3.331500000000000341e+02
3.335900000000000318e+02
3.358799999999999955e+02
3.381800000000000068e+02
3.401100000000000136e+02
3.511899999999999977e+02
3.559000000000000341e+02
3.585300000000000296e+02
3.585600000000000023e+02
3.608199999999999932e+02
3.621000000000000227e+02
3.649900000000000091e+02
3.654800000000000182e+02
3.655199999999999818e+02
3.658700000000000045e+02
3.682500000000000000e+02
3.705199999999999818e+02
3.711200000000000045e+02
3.718700000000000045e+02
3.731000000000000227e+02
3.744300000000000068e+02
3.766899999999999977e+02
3.783100000000000023e+02
3.791100000000000136e+02
3.818899999999999864e+02
3.835600000000000023e+02
3.930799999999999841e+02
3.946200000000000045e+02
3.969100000000000250e+02
4.004600000000000364e+02
4.024399999999999977e+02
4.033400000000000318e+02
4.038600000000000136e+02
4.047500000000000000e+02
4.053299999999999841e+02
4.061999999999999886e+02
4.075000000000000000e+02
4.093000000000000114e+02
4.099499999999999886e+02
4.106500000000000341e+02
4.131600000000000250e+02
4.143199999999999932e+02
4.144900000000000091e+02
4.146299999999999955e+02
4.166600000000000250e+02
4.175300000000000296e+02
4.183199999999999932e+02
4.187599999999999909e+02
4.200699999999999932e+02
4.213700000000000045e+02
4.215000000000000000e+02
4.222599999999999909e+02
4.234000000000000341e+02
4.245699999999999932e+02
4.247300000000000182e+02
4.277599999999999909e+02
4.278600000000000136e+02
4.308199999999999932e+02
4.315500000000000114e+02
4.325600000000000023e+02
4.341299999999999955e+02
4.395099999999999909e+02
4.398000000000000114e+02
4.423199999999999932e+02
4.435600000000000023e+02
4.449900000000000091e+02
4.459700000000000273e+02
4.465400000000000205e+02
4.481299999999999955e+02
4.486800000000000068e+02
4.519800000000000182e+02
4.541700000000000159e+02
4.555799999999999841e+02
4.562200000000000273e+02
4.563299999999999841e+02
4.604399999999999977e+02
4.621600000000000250e+02
4.648199999999999932e+02
4.654100000000000250e+02
4.677900000000000205e+02
4.717900000000000205e+02
4.741899999999999977e+02
4.751600000000000250e+02
4.766100000000000136e+02
4.778299999999999841e+02
4.788500000000000227e+02
4.794600000000000364e+02
4.843700000000000045e+02
4.856600000000000250e+02
4.856999999999999886e+02
4.866899999999999977e+02
4.886399999999999864e+02
4.889600000000000364e+02
4.891299999999999955e+02
4.908400000000000318e+02
4.933600000000000136e+02
4.938700000000000045e+02
4.939000000000000341e+02
4.951500000000000341e+02
4.958299999999999841e+02
4.996299999999999955e+02
5.031399999999999864e+02
5.070099999999999909e+02
5.074100000000000250e+02
5.111700000000000159e+02
5.145199999999999818e+02
5.166900000000000546e+02
5.173899999999999864e+02
5.185399999999999636e+02
5.214300000000000637e+02
5.244199999999999591e+02
5.253799999999999955e+02
5.269199999999999591e+02
5.295800000000000409e+02
5.318500000000000227e+02
5.331800000000000637e+02
5.400800000000000409e+02
5.412799999999999727e+02
5.416299999999999955e+02
5.427899999999999636e+02
5.452599999999999909e+02
5.457100000000000364e+02
5.465600000000000591e+02
5.476699999999999591e+02
5.508700000000000045e+02
5.511599999999999682e+02
5.520500000000000682e+02
5.552400000000000091e+02
5.654199999999999591e+02
5.687799999999999727e+02
5.727400000000000091e+02
5.727799999999999727e+02
5.759300000000000637e+02
5.763700000000000045e+02
5.789900000000000091e+02
5.814600000000000364e+02
5.833100000000000591e+02
5.861000000000000227e+02
5.891000000000000227e+02
5.902200000000000273e+02
5.904199999999999591e+02
5.910500000000000682e+02
5.915000000000000000e+02
5.940600000000000591e+02
6.016200000000000045e+02
6.017799999999999727e+02
6.048600000000000136e+02
6.061000000000000227e+02
6.096800000000000637e+02
6.105399999999999636e+02
6.118799999999999955e+02
6.128200000000000500e+02
6.131699999999999591e+02
6.145600000000000591e+02
6.164500000000000455e+02
6.176499999999999773e+02
6.189900000000000091e+02
6.200600000000000591e+02
6.211100000000000136e+02
6.230700000000000500e+02
6.244700000000000273e+02
6.247599999999999909e+02
6.249700000000000273e+02
6.303000000000000682e+02
6.309400000000000546e+02
6.310900000000000318e+02
6.342599999999999909e+02
6.403600000000000136e+02
6.407599999999999909e+02
6.422899999999999636e+02
6.426399999999999864e+02
6.426499999999999773e+02
6.457699999999999818e+02
6.459800000000000182e+02
6.475900000000000318e+02
6.480099999999999909e+02
6.500199999999999818e+02
6.515299999999999727e+02
6.521599999999999682e+02
6.541200000000000045e+02
6.558400000000000318e+02
6.583999999999999773e+02
6.605099999999999909e+02
6.606599999999999682e+02
6.649400000000000546e+02
6.663899999999999864e+02
6.672599999999999909e+02
6.688600000000000136e+02
6.695299999999999727e+02
6.704900000000000091e+02
6.711000000000000227e+02
6.717100000000000364e+02
6.720900000000000318e+02
6.753400000000000318e+02
6.769900000000000091e+02
6.804600000000000364e+02
6.831800000000000637e+02
6.840099999999999909e+02
6.876200000000000045e+02
6.890700000000000500e+02
6.903300000000000409e+02
6.944700000000000273e+02
6.973999999999999773e+02
6.980000000000000000e+02
7.000199999999999818e+02
7.003700000000000045e+02
7.007200000000000273e+02
7.027200000000000273e+02
7.051399999999999864e+02
7.099600000000000364e+02
7.102799999999999727e+02
7.109600000000000364e+02
7.125900000000000318e+02
7.126299999999999955e+02
7.129800000000000182e+02
7.133700000000000045e+02
7.160299999999999727e+02
7.167200000000000273e+02
7.178999999999999773e+02
7.197400000000000091e+02
7.201900000000000546e+02
7.259800000000000182e+02
7.260199999999999818e+02
7.288400000000000318e+02
7.304400000000000546e+02
7.312100000000000364e+02
7.316900000000000546e+02
7.338100000000000591e+02
7.348400000000000318e+02
7.352200000000000273e+02
7.374600000000000364e+02
7.390500000000000682e+02
7.401299999999999955e+02
7.430500000000000682e+02
7.434400000000000546e+02
7.534600000000000364e+02
7.538200000000000500e+02
7.585500000000000682e+02
7.608200000000000500e+02
7.655299999999999727e+02
7.710800000000000409e+02
7.721000000000000227e+02
7.731700000000000728e+02
7.747100000000000364e+02
7.768400000000000318e+02
7.770800000000000409e+02
7.802200000000000273e+02
7.810199999999999818e+02
7.849900000000000091e+02
7.854099999999999682e+02
7.876100000000000136e+02
7.878100000000000591e+02
7.889800000000000182e+02
7.901000000000000227e+02
7.915500000000000682e+02
7.923700000000000045e+02
7.926000000000000227e+02
7.988100000000000591e+02
7.989200000000000728e+02
8.005700000000000500e+02
8.015099999999999909e+02
8.026700000000000728e+02
8.031800000000000637e+02
8.061200000000000045e+02
8.077000000000000455e+02
8.096499999999999773e+02
8.111000000000000227e+02
8.143700000000000045e+02
8.147300000000000182e+02
8.162899999999999636e+02
8.170000000000000000e+02
8.192699999999999818e+02
8.196700000000000728e+02
8.215000000000000000e+02
8.243400000000000318e+02
8.270800000000000409e+02
8.286599999999999682e+02
8.291800000000000637e+02
8.301499999999999773e+02
8.331299999999999955e+02
8.338700000000000045e+02
8.366900000000000546e+02
8.390199999999999818e+02
8.404500000000000455e+02
8.413400000000000318e+02
8.436599999999999682e+02
8.440800000000000409e+02
8.476800000000000637e+02
8.491100000000000136e+02
8.516499999999999773e+02
8.563100000000000591e+02
8.593300000000000409e+02
8.614300000000000637e+02
8.659700000000000273e+02
8.666399999999999864e+02
8.690399999999999636e+02
8.691100000000000136e+02
8.752599999999999909e+02
8.780800000000000409e+02
8.802699999999999818e+02
8.814900000000000091e+02
8.835299999999999727e+02
8.845500000000000682e+02
8.852300000000000182e+02
8.860700000000000500e+02
8.870199999999999818e+02
8.875800000000000409e+02
8.892599999999999909e+02
8.912300000000000182e+02
8.923300000000000409e+02
8.974600000000000364e+02
8.980199999999999818e+02
8.980900000000000318e+02
9.001499999999999773e+02
9.003700000000000045e+02
9.007599999999999909e+02
9.027799999999999727e+02
9.041599999999999682e+02
9.052699999999999818e+02
9.059500000000000455e+02
9.081200000000000045e+02
9.092000000000000455e+02
9.103799999999999955e+02
9.125399999999999636e+02
9.129099999999999682e+02
9.137000000000000455e+02
9.161399999999999864e+02
9.161900000000000546e+02
9.242899999999999636e+02
9.266200000000000045e+02
9.282699999999999818e+02
9.293100000000000591e+02
9.304600000000000364e+02
9.312699999999999818e+02
9.361499999999999773e+02
9.361800000000000637e+02
9.368400000000000318e+02
9.387799999999999727e+02
9.390199999999999818e+02
9.409300000000000637e+02
9.428100000000000591e+02
9.434500000000000455e+02
9.438200000000000500e+02
9.453899999999999864e+02
9.487899999999999636e+02
9.498400000000000318e+02
9.525900000000000318e+02
9.526000000000000227e+02
9.558300000000000409e+02
9.561100000000000136e+02
9.585299999999999727e+02
9.593100000000000591e+02
9.608300000000000409e+02
9.618100000000000591e+02
9.624200000000000728e+02
9.647100000000000364e+02
9.670000000000000000e+02
9.672100000000000364e+02
9.707400000000000091e+02
9.710500000000000682e+02
9.750399999999999636e+02
9.753100000000000591e+02
9.776299999999999955e+02
9.793000000000000682e+02
9.814800000000000182e+02
9.830700000000000500e+02
9.841599999999999682e+02
9.843600000000000136e+02
9.866399999999999864e+02
9.907500000000000000e+02
9.933700000000000045e+02
9.935500000000000682e+02
9.970299999999999727e+02
9.993200000000000500e+02
