1.937999999999999901e+01
2.848000000000000043e+01
8.165000000000000568e+01
1.150900000000000034e+02
1.698400000000000034e+02
1.895500000000000114e+02
2.191800000000000068e+02
2.708999999999999773e+02
3.083700000000000045e+02
3.641000000000000227e+02
4.760799999999999841e+02
4.913400000000000318e+02
5.023500000000000227e+02
5.472899999999999636e+02
5.871399999999999864e+02
6.780600000000000591e+02
6.919900000000000091e+02
7.475399999999999636e+02
7.729500000000000455e+02
8.263100000000000591e+02
8.381000000000000227e+02
8.947500000000000000e+02
9.129200000000000728e+02
9.517799999999999727e+02
9.692000000000000455e+02
9.838200000000000500e+02
