3.720000000000000195e+00
3.770000000000000018e+00
4.360000000000000320e+00
5.219999999999999751e+00
6.419999999999999929e+00
7.219999999999999751e+00
7.259999999999999787e+00
8.880000000000000782e+00
9.769999999999999574e+00
1.027999999999999936e+01
1.093999999999999950e+01
1.380000000000000071e+01
1.422000000000000064e+01
1.462000000000000099e+01
1.633999999999999986e+01
1.676000000000000156e+01
1.685000000000000142e+01
1.728999999999999915e+01
2.146000000000000085e+01
2.175000000000000000e+01
2.298000000000000043e+01
2.360000000000000142e+01
2.382000000000000028e+01
2.530000000000000071e+01
2.660999999999999943e+01
2.785000000000000142e+01
2.823000000000000043e+01
2.853000000000000114e+01
2.900000000000000000e+01
2.974000000000000199e+01
3.178000000000000114e+01
3.232999999999999829e+01
3.436999999999999744e+01
3.456000000000000227e+01
3.659000000000000341e+01
3.714000000000000057e+01
3.738000000000000256e+01
3.864000000000000057e+01
3.877000000000000313e+01
4.068999999999999773e+01
4.131000000000000227e+01
4.142999999999999972e+01
4.316000000000000369e+01
4.334000000000000341e+01
4.564999999999999858e+01
4.627000000000000313e+01
4.663000000000000256e+01
4.830000000000000426e+01
4.910000000000000142e+01
4.916000000000000369e+01
5.052000000000000313e+01
5.207000000000000028e+01
5.402000000000000313e+01
5.413000000000000256e+01
5.431000000000000227e+01
5.710999999999999943e+01
5.892999999999999972e+01
5.916000000000000369e+01
5.963000000000000256e+01
6.148000000000000398e+01
6.219000000000000483e+01
6.412000000000000455e+01
6.421000000000000796e+01
6.498999999999999488e+01
6.631000000000000227e+01
6.704999999999999716e+01
6.726999999999999602e+01
6.962999999999999545e+01
7.032999999999999829e+01
7.107999999999999829e+01
7.146999999999999886e+01
7.329000000000000625e+01
7.340999999999999659e+01
7.370000000000000284e+01
7.520000000000000284e+01
7.590999999999999659e+01
7.707000000000000739e+01
7.789000000000000057e+01
7.815999999999999659e+01
7.917000000000000171e+01
8.071999999999999886e+01
8.207999999999999829e+01
8.398000000000000398e+01
8.498999999999999488e+01
8.581000000000000227e+01
8.601999999999999602e+01
8.910000000000000853e+01
9.035999999999999943e+01
9.050000000000000000e+01
9.201999999999999602e+01
9.265000000000000568e+01
9.296999999999999886e+01
9.532999999999999829e+01
9.671999999999999886e+01
9.812999999999999545e+01
9.856000000000000227e+01
1.007999999999999972e+02
1.013299999999999983e+02
1.032900000000000063e+02
1.033799999999999955e+02
1.054300000000000068e+02
1.067900000000000063e+02
1.070199999999999960e+02
1.091000000000000085e+02
1.094200000000000017e+02
1.099699999999999989e+02
1.114500000000000028e+02
1.122699999999999960e+02
1.125900000000000034e+02
1.142199999999999989e+02
1.143599999999999994e+02
1.157800000000000011e+02
1.169000000000000057e+02
1.175400000000000063e+02
1.175799999999999983e+02
1.180300000000000011e+02
1.195900000000000034e+02
1.196500000000000057e+02
1.213500000000000085e+02
1.216299999999999955e+02
1.226500000000000057e+02
1.239000000000000057e+02
1.245900000000000034e+02
1.247100000000000080e+02
1.254800000000000040e+02
1.261200000000000045e+02
1.276800000000000068e+02
1.277199999999999989e+02
1.280999999999999943e+02
1.282100000000000080e+02
1.315000000000000000e+02
1.316899999999999977e+02
1.331200000000000045e+02
1.337899999999999920e+02
1.361400000000000148e+02
1.375999999999999943e+02
1.387100000000000080e+02
1.397100000000000080e+02
1.401599999999999966e+02
1.413199999999999932e+02
1.425500000000000114e+02
1.431299999999999955e+02
1.444600000000000080e+02
1.456100000000000136e+02
1.459300000000000068e+02
1.486200000000000045e+02
1.486500000000000057e+02
1.491500000000000057e+02
1.510500000000000114e+02
1.511800000000000068e+02
1.512000000000000171e+02
1.523900000000000148e+02
1.535399999999999920e+02
1.559399999999999977e+02
1.570999999999999943e+02
1.580600000000000023e+02
1.587199999999999989e+02
1.605099999999999909e+02
1.626100000000000136e+02
1.632800000000000011e+02
1.634900000000000091e+02
1.642000000000000171e+02
1.658700000000000045e+02
1.662400000000000091e+02
1.667599999999999909e+02
1.675900000000000034e+02
1.683900000000000148e+02
1.688300000000000125e+02
1.692899999999999920e+02
1.702700000000000102e+02
1.705600000000000023e+02
1.713199999999999932e+02
1.726100000000000136e+02
1.733499999999999943e+02
1.734900000000000091e+02
1.760399999999999920e+02
1.762100000000000080e+02
1.785200000000000102e+02
1.785800000000000125e+02
1.791100000000000136e+02
1.793400000000000034e+02
1.794399999999999977e+02
1.808100000000000023e+02
1.818900000000000148e+02
1.825800000000000125e+02
1.844000000000000057e+02
1.856299999999999955e+02
1.864600000000000080e+02
1.876700000000000159e+02
1.886299999999999955e+02
1.906899999999999977e+02
1.914500000000000171e+02
1.931299999999999955e+02
1.933400000000000034e+02
1.951800000000000068e+02
1.957599999999999909e+02
1.982700000000000102e+02
1.984200000000000159e+02
1.984399999999999977e+02
2.003100000000000023e+02
2.023499999999999943e+02
2.025300000000000011e+02
2.035099999999999909e+02
2.046299999999999955e+02
2.047800000000000011e+02
2.048799999999999955e+02
2.055999999999999943e+02
2.072400000000000091e+02
2.074200000000000159e+02
2.093900000000000148e+02
2.097400000000000091e+02
2.104699999999999989e+02
2.105300000000000011e+02
2.107300000000000182e+02
2.118400000000000034e+02
2.129900000000000091e+02
2.138499999999999943e+02
2.139099999999999966e+02
2.147199999999999989e+02
2.150800000000000125e+02
2.163499999999999943e+02
2.164600000000000080e+02
2.168400000000000034e+02
2.184200000000000159e+02
2.185000000000000000e+02
2.187300000000000182e+02
2.191700000000000159e+02
2.205500000000000114e+02
2.216599999999999966e+02
2.226100000000000136e+02
2.240399999999999920e+02
2.243600000000000136e+02
2.262599999999999909e+02
2.273199999999999932e+02
2.289500000000000171e+02
2.296500000000000057e+02
2.296599999999999966e+02
2.303499999999999943e+02
2.310099999999999909e+02
2.321100000000000136e+02
2.321899999999999977e+02
2.345500000000000114e+02
2.349699999999999989e+02
2.356400000000000148e+02
2.376899999999999977e+02
2.388600000000000136e+02
2.390399999999999920e+02
2.435200000000000102e+02
2.450600000000000023e+02
2.471400000000000148e+02
2.471800000000000068e+02
2.475900000000000034e+02
2.476200000000000045e+02
2.505600000000000023e+02
2.511400000000000148e+02
2.526599999999999966e+02
2.531100000000000136e+02
2.531200000000000045e+02
2.531400000000000148e+02
2.550699999999999932e+02
2.556500000000000057e+02
2.586299999999999955e+02
2.586499999999999773e+02
2.601000000000000227e+02
2.620099999999999909e+02
2.625400000000000205e+02
2.635699999999999932e+02
2.645199999999999818e+02
2.650600000000000023e+02
2.651299999999999955e+02
2.675099999999999909e+02
2.675799999999999841e+02
2.691299999999999955e+02
2.695900000000000318e+02
2.706100000000000136e+02
2.716700000000000159e+02
2.729499999999999886e+02
2.730099999999999909e+02
2.730900000000000318e+02
2.741500000000000341e+02
2.749800000000000182e+02
2.752900000000000205e+02
2.764700000000000273e+02
2.771899999999999977e+02
2.787599999999999909e+02
2.794000000000000341e+02
2.800099999999999909e+02
2.810500000000000114e+02
2.820400000000000205e+02
2.831700000000000159e+02
2.836700000000000159e+02
2.853500000000000227e+02
2.856999999999999886e+02
2.859300000000000068e+02
2.859900000000000091e+02
2.861399999999999864e+02
2.881899999999999977e+02
2.883000000000000114e+02
2.883500000000000227e+02
2.904300000000000068e+02
2.911299999999999955e+02
2.929599999999999795e+02
2.943100000000000023e+02
2.946299999999999955e+02
2.955600000000000023e+02
2.968100000000000023e+02
2.976299999999999955e+02
2.982400000000000091e+02
2.995099999999999909e+02
3.001100000000000136e+02
3.013299999999999841e+02
3.021600000000000250e+02
3.022699999999999818e+02
3.025199999999999818e+02
3.041999999999999886e+02
3.044200000000000159e+02
3.045799999999999841e+02
3.055400000000000205e+02
3.077500000000000000e+02
3.080699999999999932e+02
3.090000000000000000e+02
3.098299999999999841e+02
3.101700000000000159e+02
3.110500000000000114e+02
3.112500000000000000e+02
3.133000000000000114e+02
3.155900000000000318e+02
3.158500000000000227e+02
3.178400000000000318e+02
3.182599999999999909e+02
3.190199999999999818e+02
3.203100000000000023e+02
3.217900000000000205e+02
3.244000000000000341e+02
3.249399999999999977e+02
3.256500000000000341e+02
3.272800000000000296e+02
3.275799999999999841e+02
3.281700000000000159e+02
3.299700000000000273e+02
3.321100000000000136e+02
3.321299999999999955e+02
3.325000000000000000e+02
3.356399999999999864e+02
3.361200000000000045e+02
3.365199999999999818e+02
3.381899999999999977e+02
3.381899999999999977e+02
3.382099999999999795e+02
3.385799999999999841e+02
3.403199999999999932e+02
3.405199999999999818e+02
3.413199999999999932e+02
3.420900000000000318e+02
3.431600000000000250e+02
3.450400000000000205e+02
3.453899999999999864e+02
3.461999999999999886e+02
3.474700000000000273e+02
3.485900000000000318e+02
3.498199999999999932e+02
3.499700000000000273e+02
3.507500000000000000e+02
3.527300000000000182e+02
3.528000000000000114e+02
3.557300000000000182e+02
3.557699999999999818e+02
3.565400000000000205e+02
3.568100000000000023e+02
3.602200000000000273e+02
3.609300000000000068e+02
3.609499999999999886e+02
3.615199999999999818e+02
3.625799999999999841e+02
3.627900000000000205e+02
3.646000000000000227e+02
3.651999999999999886e+02
3.654700000000000273e+02
3.666500000000000341e+02
3.684399999999999977e+02
3.688199999999999932e+02
3.689800000000000182e+02
3.711999999999999886e+02
3.714100000000000250e+02
3.718100000000000023e+02
3.738400000000000318e+02
3.746899999999999977e+02
3.755000000000000000e+02
3.757500000000000000e+02
3.764700000000000273e+02
3.767599999999999909e+02
3.778000000000000114e+02
3.780600000000000023e+02
3.788100000000000023e+02
3.797699999999999818e+02
3.818700000000000045e+02
3.822400000000000091e+02
3.837200000000000273e+02
3.839700000000000273e+02
3.841999999999999886e+02
3.844700000000000273e+02
3.857500000000000000e+02
3.860900000000000318e+02
3.882300000000000182e+02
3.894900000000000091e+02
3.895300000000000296e+02
3.918600000000000136e+02
3.921899999999999977e+02
3.930400000000000205e+02
3.950900000000000318e+02
3.954700000000000273e+02
3.957699999999999818e+02
3.959200000000000159e+02
3.974900000000000091e+02
3.978500000000000227e+02
4.016100000000000136e+02
4.020199999999999818e+02
4.021100000000000136e+02
4.036899999999999977e+02
4.038899999999999864e+02
4.057400000000000091e+02
4.073500000000000227e+02
4.076000000000000227e+02
4.078100000000000023e+02
4.090000000000000000e+02
4.100199999999999818e+02
4.118799999999999955e+02
4.126600000000000250e+02
4.134399999999999977e+02
4.143299999999999841e+02
4.148199999999999932e+02
4.173299999999999841e+02
4.179900000000000091e+02
4.198100000000000023e+02
4.201399999999999864e+02
4.209200000000000159e+02
4.223799999999999955e+02
4.249200000000000159e+02
4.256200000000000045e+02
4.280799999999999841e+02
4.294499999999999886e+02
4.312400000000000091e+02
4.317599999999999909e+02
4.317699999999999818e+02
4.349499999999999886e+02
4.371399999999999864e+02
4.376200000000000045e+02
4.403799999999999955e+02
4.427100000000000364e+02
4.429100000000000250e+02
4.429499999999999886e+02
4.437599999999999909e+02
4.451299999999999955e+02
4.453400000000000318e+02
4.466299999999999955e+02
4.493899999999999864e+02
4.500699999999999932e+02
4.501800000000000068e+02
4.510199999999999818e+02
4.514399999999999977e+02
4.519000000000000341e+02
4.531600000000000250e+02
4.538899999999999864e+02
4.546700000000000159e+02
4.552599999999999909e+02
4.561200000000000045e+02
4.569300000000000068e+02
4.586299999999999955e+02
4.586700000000000159e+02
4.589499999999999886e+02
4.593500000000000227e+02
4.606800000000000068e+02
4.613700000000000045e+02
4.616600000000000250e+02
4.627400000000000091e+02
4.634000000000000341e+02
4.636700000000000159e+02
4.637500000000000000e+02
4.651700000000000159e+02
4.654499999999999886e+02
4.668700000000000045e+02
4.672300000000000182e+02
4.675500000000000114e+02
4.684600000000000364e+02
4.692699999999999818e+02
4.698000000000000114e+02
4.716100000000000136e+02
4.734399999999999977e+02
4.749800000000000182e+02
4.753199999999999932e+02
4.770699999999999932e+02
4.779900000000000091e+02
4.799600000000000364e+02
4.824399999999999977e+02
4.840400000000000205e+02
4.841299999999999955e+02
4.844700000000000273e+02
4.863899999999999864e+02
4.875600000000000023e+02
4.884399999999999977e+02
4.895000000000000000e+02
4.914700000000000273e+02
4.925300000000000296e+02
4.949000000000000341e+02
4.968899999999999864e+02
4.969900000000000091e+02
4.970099999999999909e+02
4.980000000000000000e+02
4.983400000000000318e+02
4.999499999999999886e+02
5.000300000000000296e+02
5.009399999999999977e+02
5.023700000000000045e+02
5.029200000000000159e+02
5.034900000000000091e+02
5.043799999999999955e+02
5.045099999999999909e+02
5.049900000000000091e+02
5.058700000000000045e+02
5.083299999999999841e+02
5.088400000000000318e+02
5.098199999999999932e+02
5.109600000000000364e+02
5.114499999999999886e+02
5.124300000000000637e+02
5.135099999999999909e+02
5.135700000000000500e+02
5.148600000000000136e+02
5.159400000000000546e+02
5.164800000000000182e+02
5.185099999999999909e+02
5.185299999999999727e+02
5.199099999999999682e+02
5.203500000000000227e+02
5.205800000000000409e+02
5.243600000000000136e+02
5.249400000000000546e+02
5.251299999999999955e+02
5.269900000000000091e+02
5.272999999999999545e+02
5.299900000000000091e+02
5.300000000000000000e+02
5.306900000000000546e+02
5.308400000000000318e+02
5.342200000000000273e+02
5.345700000000000500e+02
5.353100000000000591e+02
5.359300000000000637e+02
5.373799999999999955e+02
5.379900000000000091e+02
5.394199999999999591e+02
5.400600000000000591e+02
5.406599999999999682e+02
5.418200000000000500e+02
5.421100000000000136e+02
5.429900000000000091e+02
5.431699999999999591e+02
5.443400000000000318e+02
5.450399999999999636e+02
5.462799999999999727e+02
5.468600000000000136e+02
5.471699999999999591e+02
5.475399999999999636e+02
5.489800000000000182e+02
5.496000000000000227e+02
5.518999999999999773e+02
5.522699999999999818e+02
5.530800000000000409e+02
5.540000000000000000e+02
5.542899999999999636e+02
5.543200000000000500e+02
5.580399999999999636e+02
5.582200000000000273e+02
5.582300000000000182e+02
5.602799999999999727e+02
5.603200000000000500e+02
5.618500000000000227e+02
5.621200000000000045e+02
5.628000000000000682e+02
5.653100000000000591e+02
5.655299999999999727e+02
5.662599999999999909e+02
5.670399999999999636e+02
5.681299999999999955e+02
5.697699999999999818e+02
5.713700000000000045e+02
5.717500000000000000e+02
5.720000000000000000e+02
5.732699999999999818e+02
5.764099999999999682e+02
5.767400000000000091e+02
5.782400000000000091e+02
5.784700000000000273e+02
5.789199999999999591e+02
5.801699999999999591e+02
5.809700000000000273e+02
5.823400000000000318e+02
5.825600000000000591e+02
5.844300000000000637e+02
5.852599999999999909e+02
5.865900000000000318e+02
5.871499999999999773e+02
5.871800000000000637e+02
5.879400000000000546e+02
5.896599999999999682e+02
5.902799999999999727e+02
5.907899999999999636e+02
5.909900000000000091e+02
5.924500000000000455e+02
5.930399999999999636e+02
5.940199999999999818e+02
5.955099999999999909e+02
5.978999999999999773e+02
5.981599999999999682e+02
5.989500000000000455e+02
6.001699999999999591e+02
6.014700000000000273e+02
6.056299999999999955e+02
6.060299999999999727e+02
6.065399999999999636e+02
6.081100000000000136e+02
6.092000000000000455e+02
6.095700000000000500e+02
6.101499999999999773e+02
6.116200000000000045e+02
6.117599999999999909e+02
6.121200000000000045e+02
6.123300000000000409e+02
6.144500000000000455e+02
6.152799999999999727e+02
6.156900000000000546e+02
6.162599999999999909e+02
6.165199999999999818e+02
6.189099999999999682e+02
6.192799999999999727e+02
6.206599999999999682e+02
6.219300000000000637e+02
6.221200000000000045e+02
6.232500000000000000e+02
6.245800000000000409e+02
6.248200000000000500e+02
6.251900000000000546e+02
6.257100000000000364e+02
6.282200000000000273e+02
6.295600000000000591e+02
6.303999999999999773e+02
6.325099999999999909e+02
6.333200000000000500e+02
6.337799999999999727e+02
6.353200000000000500e+02
6.375800000000000409e+02
6.385700000000000500e+02
6.396100000000000136e+02
6.414900000000000091e+02
6.424700000000000273e+02
6.436299999999999955e+02
6.437899999999999636e+02
6.491800000000000637e+02
6.493400000000000318e+02
6.500700000000000500e+02
6.515900000000000318e+02
6.527599999999999909e+02
6.531800000000000637e+02
6.545600000000000591e+02
6.561299999999999955e+02
6.577599999999999909e+02
6.579099999999999682e+02
6.582300000000000182e+02
6.596699999999999591e+02
6.600399999999999636e+02
6.603300000000000409e+02
6.633200000000000500e+02
6.636900000000000546e+02
6.641599999999999682e+02
6.644900000000000091e+02
6.656100000000000136e+02
6.659400000000000546e+02
6.662000000000000455e+02
6.662799999999999727e+02
6.688799999999999955e+02
6.698899999999999864e+02
6.707400000000000091e+02
6.718999999999999773e+02
6.721900000000000546e+02
6.742599999999999909e+02
6.746200000000000045e+02
6.762899999999999636e+02
6.763400000000000318e+02
6.778999999999999773e+02
6.781200000000000045e+02
6.806000000000000227e+02
6.829600000000000364e+02
6.829800000000000182e+02
6.832699999999999818e+02
6.850199999999999818e+02
6.858000000000000682e+02
6.866000000000000227e+02
6.875600000000000591e+02
6.886900000000000546e+02
6.904300000000000637e+02
6.915700000000000500e+02
6.923500000000000227e+02
6.925399999999999636e+02
6.934900000000000091e+02
6.944199999999999591e+02
6.967300000000000182e+02
6.970900000000000318e+02
6.981100000000000136e+02
6.986100000000000136e+02
6.987899999999999636e+02
7.004400000000000546e+02
7.012699999999999818e+02
7.018200000000000500e+02
7.037599999999999909e+02
7.040800000000000409e+02
7.048200000000000500e+02
7.057599999999999909e+02
7.058300000000000409e+02
7.061900000000000546e+02
7.082300000000000182e+02
7.084700000000000273e+02
7.102599999999999909e+02
7.108400000000000318e+02
7.116900000000000546e+02
7.129400000000000546e+02
7.154500000000000455e+02
7.159900000000000091e+02
7.161900000000000546e+02
7.174800000000000182e+02
7.181499999999999773e+02
7.182799999999999727e+02
7.191499999999999773e+02
7.203400000000000318e+02
7.203999999999999773e+02
7.231599999999999682e+02
7.232799999999999727e+02
7.239300000000000637e+02
7.253600000000000136e+02
7.256000000000000227e+02
7.259600000000000364e+02
7.276499999999999773e+02
7.277200000000000273e+02
7.279800000000000182e+02
7.306000000000000227e+02
7.308700000000000045e+02
7.322200000000000273e+02
7.326299999999999955e+02
7.329199999999999591e+02
7.344600000000000364e+02
7.357200000000000273e+02
7.368400000000000318e+02
7.377599999999999909e+02
7.396599999999999682e+02
7.398300000000000409e+02
7.416900000000000546e+02
7.422599999999999909e+02
7.433700000000000045e+02
7.439700000000000273e+02
7.443400000000000318e+02
7.447599999999999909e+02
7.472100000000000364e+02
7.472599999999999909e+02
7.484099999999999682e+02
7.487300000000000182e+02
7.492899999999999636e+02
7.517400000000000091e+02
7.522400000000000091e+02
7.537500000000000000e+02
7.547599999999999909e+02
7.552100000000000364e+02
7.563200000000000500e+02
7.578500000000000227e+02
7.582300000000000182e+02
7.602799999999999727e+02
7.607899999999999636e+02
7.617699999999999818e+02
7.627300000000000182e+02
7.636800000000000637e+02
7.642699999999999818e+02
7.647599999999999909e+02
7.652799999999999727e+02
7.658700000000000045e+02
7.677500000000000000e+02
7.678100000000000591e+02
7.679200000000000728e+02
7.706599999999999682e+02
7.718200000000000500e+02
7.721900000000000546e+02
7.727300000000000182e+02
7.747500000000000000e+02
7.747599999999999909e+02
7.748400000000000318e+02
7.757100000000000364e+02
7.782100000000000364e+02
7.792300000000000182e+02
7.807699999999999818e+02
7.823700000000000045e+02
7.827000000000000455e+02
7.847899999999999636e+02
7.853400000000000318e+02
7.862799999999999727e+02
7.865900000000000318e+02
7.882699999999999818e+02
7.887699999999999818e+02
7.903200000000000500e+02
7.908100000000000591e+02
7.918400000000000318e+02
7.919400000000000546e+02
7.924700000000000273e+02
7.932799999999999727e+02
7.939200000000000728e+02
7.955299999999999727e+02
7.956599999999999682e+02
7.956900000000000546e+02
7.964500000000000455e+02
7.982899999999999636e+02
8.007300000000000182e+02
8.029500000000000455e+02
8.030600000000000591e+02
8.030900000000000318e+02
8.032899999999999636e+02
8.034600000000000364e+02
8.054099999999999682e+02
8.059700000000000273e+02
8.062200000000000273e+02
8.087699999999999818e+02
8.091700000000000728e+02
8.094400000000000546e+02
8.103899999999999864e+02
8.115000000000000000e+02
8.130900000000000318e+02
8.135299999999999727e+02
8.146900000000000546e+02
8.151299999999999955e+02
8.158400000000000318e+02
8.175500000000000682e+02
8.178899999999999864e+02
8.179099999999999682e+02
8.196800000000000637e+02
8.221299999999999955e+02
8.223500000000000227e+02
8.255500000000000682e+02
8.257500000000000000e+02
8.284800000000000182e+02
8.298000000000000682e+02
8.300299999999999727e+02
8.322899999999999636e+02
8.327899999999999636e+02
8.330099999999999909e+02
8.333200000000000500e+02
8.346900000000000546e+02
8.355800000000000409e+02
8.361100000000000136e+02
8.366299999999999955e+02
8.383400000000000318e+02
8.384700000000000273e+02
8.393600000000000136e+02
8.401299999999999955e+02
8.409099999999999682e+02
8.413300000000000409e+02
8.414700000000000273e+02
8.418899999999999864e+02
8.422699999999999818e+02
8.431299999999999955e+02
8.444800000000000182e+02
8.448700000000000045e+02
8.460399999999999636e+02
8.465399999999999636e+02
8.488799999999999955e+02
8.502300000000000182e+02
8.510000000000000000e+02
8.518200000000000500e+02
8.518899999999999864e+02
8.535299999999999727e+02
8.558000000000000682e+02
8.575199999999999818e+02
8.582400000000000091e+02
8.608500000000000227e+02
8.621200000000000045e+02
8.627599999999999909e+02
8.646499999999999773e+02
8.648400000000000318e+02
8.663100000000000591e+02
8.673100000000000591e+02
8.698999999999999773e+02
8.714600000000000364e+02
8.723500000000000227e+02
8.732200000000000273e+02
8.745000000000000000e+02
8.750299999999999727e+02
8.755399999999999636e+02
8.801700000000000728e+02
8.804500000000000455e+02
8.831599999999999682e+02
8.831700000000000728e+02
8.836700000000000728e+02
8.843300000000000409e+02
8.853000000000000682e+02
8.861100000000000136e+02
8.878200000000000500e+02
8.883500000000000227e+02
8.887000000000000455e+02
8.897400000000000091e+02
8.897400000000000091e+02
8.908600000000000136e+02
8.910299999999999727e+02
8.918200000000000500e+02
8.941100000000000136e+02
8.950000000000000000e+02
8.952500000000000000e+02
8.983799999999999955e+02
8.985500000000000682e+02
8.988000000000000682e+02
8.988200000000000500e+02
9.022200000000000273e+02
9.042799999999999727e+02
9.055399999999999636e+02
9.075000000000000000e+02
9.090700000000000500e+02
9.117200000000000273e+02
9.126200000000000045e+02
9.144700000000000273e+02
9.153600000000000136e+02
9.159400000000000546e+02
9.173999999999999773e+02
9.186700000000000728e+02
9.198899999999999864e+02
9.218899999999999864e+02
9.238799999999999955e+02
9.264300000000000637e+02
9.266399999999999864e+02
9.273000000000000682e+02
9.287799999999999727e+02
9.292500000000000000e+02
9.314800000000000182e+02
9.328400000000000318e+02
9.331700000000000728e+02
9.331900000000000546e+02
9.358000000000000682e+02
9.360900000000000318e+02
9.365199999999999818e+02
9.378600000000000136e+02
9.387300000000000182e+02
9.399099999999999682e+02
9.401800000000000637e+02
9.407699999999999818e+02
9.432699999999999818e+02
9.434200000000000728e+02
9.436700000000000728e+02
9.455299999999999727e+02
9.457000000000000455e+02
9.477400000000000091e+02
9.486599999999999682e+02
9.498100000000000591e+02
9.501000000000000227e+02
9.511000000000000227e+02
9.521599999999999682e+02
9.524200000000000728e+02
9.530399999999999636e+02
9.537400000000000091e+02
9.540600000000000591e+02
9.546399999999999864e+02
9.588600000000000136e+02
9.598700000000000045e+02
9.600900000000000318e+02
9.605000000000000000e+02
9.606299999999999955e+02
9.609500000000000455e+02
9.621399999999999864e+02
9.623600000000000136e+02
9.646900000000000546e+02
9.652200000000000273e+02
9.667699999999999818e+02
9.696900000000000546e+02
9.706700000000000728e+02
9.718500000000000227e+02
9.719800000000000182e+02
9.744200000000000728e+02
9.745299999999999727e+02
9.757500000000000000e+02
9.775800000000000409e+02
9.792799999999999727e+02
9.796499999999999773e+02
9.797400000000000091e+02
9.825399999999999636e+02
9.836599999999999682e+02
9.838400000000000318e+02
9.845500000000000682e+02
9.846200000000000045e+02
9.857100000000000364e+02
9.866900000000000546e+02
9.879500000000000455e+02
9.891299999999999955e+02
9.905400000000000773e+02
9.915400000000000773e+02
9.922200000000000273e+02
9.927300000000000182e+02
9.928899999999999864e+02
9.935800000000000409e+02
9.952200000000000273e+02
9.954600000000000364e+02
9.960400000000000773e+02
9.971599999999999682e+02
9.973000000000000682e+02
9.990299999999999727e+02
