2.689999999999999947e+00
3.000000000000000000e+00
3.100000000000000089e+00
3.120000000000000107e+00
3.359999999999999876e+00
3.390000000000000124e+00
3.689999999999999947e+00
3.780000000000000249e+00
3.839999999999999858e+00
3.870000000000000107e+00
3.939999999999999947e+00
3.959999999999999964e+00
4.040000000000000036e+00
4.160000000000000142e+00
4.160000000000000142e+00
4.200000000000000178e+00
4.490000000000000213e+00
4.560000000000000497e+00
4.770000000000000462e+00
4.870000000000000107e+00
4.959999999999999964e+00
5.070000000000000284e+00
5.310000000000000497e+00
5.339999999999999858e+00
5.389999999999999680e+00
5.770000000000000462e+00
5.830000000000000071e+00
5.910000000000000142e+00
6.009999999999999787e+00
6.150000000000000355e+00
6.190000000000000391e+00
6.640000000000000568e+00
6.810000000000000497e+00
1.282000000000000028e+01
1.312000000000000099e+01
1.318999999999999950e+01
1.331000000000000050e+01
1.334999999999999964e+01
1.357000000000000028e+01
1.358999999999999986e+01
1.363000000000000078e+01
1.374000000000000021e+01
1.385999999999999943e+01
1.418999999999999950e+01
1.483999999999999986e+01
1.485999999999999943e+01
1.491999999999999993e+01
1.499000000000000021e+01
1.504000000000000092e+01
1.510999999999999943e+01
1.516999999999999993e+01
1.520000000000000107e+01
1.534999999999999964e+01
1.578000000000000114e+01
1.590000000000000036e+01
1.628000000000000114e+01
2.299000000000000199e+01
2.321999999999999886e+01
2.325000000000000000e+01
2.373000000000000043e+01
2.376999999999999957e+01
2.385000000000000142e+01
2.389000000000000057e+01
2.394000000000000128e+01
2.400000000000000000e+01
2.407000000000000028e+01
2.408000000000000185e+01
2.421000000000000085e+01
2.437999999999999901e+01
2.442000000000000171e+01
2.462999999999999901e+01
2.469000000000000128e+01
2.476000000000000156e+01
2.476999999999999957e+01
2.483000000000000185e+01
2.483999999999999986e+01
2.516000000000000014e+01
2.535000000000000142e+01
2.549000000000000199e+01
2.576999999999999957e+01
2.582000000000000028e+01
2.594999999999999929e+01
2.608999999999999986e+01
3.300999999999999801e+01
3.335000000000000142e+01
3.353999999999999915e+01
3.373000000000000398e+01
3.373000000000000398e+01
3.399000000000000199e+01
3.417999999999999972e+01
3.420000000000000284e+01
3.420000000000000284e+01
3.421000000000000085e+01
3.442000000000000171e+01
3.445000000000000284e+01
3.475999999999999801e+01
3.493999999999999773e+01
3.496999999999999886e+01
3.538000000000000256e+01
3.611999999999999744e+01
3.628000000000000114e+01
4.267000000000000171e+01
4.267999999999999972e+01
4.284000000000000341e+01
4.331000000000000227e+01
4.335999999999999943e+01
4.343999999999999773e+01
4.345000000000000284e+01
4.346999999999999886e+01
4.346999999999999886e+01
4.361999999999999744e+01
4.432000000000000028e+01
4.439000000000000057e+01
4.442000000000000171e+01
4.450000000000000000e+01
4.453000000000000114e+01
4.466000000000000369e+01
4.471000000000000085e+01
4.474000000000000199e+01
4.477000000000000313e+01
4.481000000000000227e+01
4.509000000000000341e+01
4.527000000000000313e+01
4.538000000000000256e+01
4.546000000000000085e+01
4.550999999999999801e+01
4.557000000000000028e+01
4.568999999999999773e+01
4.592999999999999972e+01
4.611999999999999744e+01
5.250000000000000000e+01
5.253000000000000114e+01
5.292999999999999972e+01
5.305000000000000426e+01
5.325999999999999801e+01
5.331000000000000227e+01
5.339000000000000057e+01
5.360000000000000142e+01
5.360000000000000142e+01
5.375000000000000000e+01
5.396000000000000085e+01
5.434000000000000341e+01
5.457999999999999829e+01
5.460000000000000142e+01
5.489000000000000057e+01
5.500000000000000000e+01
5.507999999999999829e+01
5.510000000000000142e+01
5.528999999999999915e+01
5.538000000000000256e+01
5.545000000000000284e+01
5.546999999999999886e+01
5.567999999999999972e+01
5.575999999999999801e+01
6.274000000000000199e+01
6.282000000000000028e+01
6.339999999999999858e+01
6.369000000000000483e+01
6.370000000000000284e+01
6.380000000000000426e+01
6.396999999999999886e+01
6.407999999999999829e+01
6.409999999999999432e+01
6.410999999999999943e+01
6.414000000000000057e+01
6.421000000000000796e+01
6.434999999999999432e+01
6.446999999999999886e+01
6.448999999999999488e+01
6.456000000000000227e+01
6.482999999999999829e+01
6.495000000000000284e+01
6.498000000000000398e+01
6.545000000000000284e+01
6.582999999999999829e+01
6.598000000000000398e+01
6.617000000000000171e+01
6.623000000000000398e+01
7.207000000000000739e+01
7.223999999999999488e+01
7.281000000000000227e+01
7.289000000000000057e+01
7.312000000000000455e+01
7.335000000000000853e+01
7.346999999999999886e+01
7.362999999999999545e+01
7.376999999999999602e+01
7.390999999999999659e+01
7.404000000000000625e+01
7.415999999999999659e+01
7.418000000000000682e+01
7.418999999999999773e+01
7.421999999999999886e+01
7.426000000000000512e+01
7.432000000000000739e+01
7.437000000000000455e+01
7.465999999999999659e+01
7.484000000000000341e+01
7.489000000000000057e+01
7.496000000000000796e+01
7.507000000000000739e+01
7.512999999999999545e+01
7.550000000000000000e+01
7.593999999999999773e+01
7.621000000000000796e+01
7.689000000000000057e+01
7.759000000000000341e+01
8.209000000000000341e+01
8.310000000000000853e+01
8.337999999999999545e+01
8.340999999999999659e+01
8.342000000000000171e+01
8.357000000000000739e+01
8.376999999999999602e+01
8.385999999999999943e+01
8.387000000000000455e+01
8.389000000000000057e+01
8.393000000000000682e+01
8.403000000000000114e+01
8.409000000000000341e+01
8.412999999999999545e+01
8.417000000000000171e+01
8.432999999999999829e+01
8.445000000000000284e+01
8.501999999999999602e+01
8.521999999999999886e+01
8.540000000000000568e+01
8.548999999999999488e+01
8.573999999999999488e+01
8.590000000000000568e+01
8.604999999999999716e+01
8.623999999999999488e+01
8.631000000000000227e+01
8.673999999999999488e+01
8.673999999999999488e+01
8.707000000000000739e+01
9.251999999999999602e+01
9.267000000000000171e+01
9.284000000000000341e+01
9.310999999999999943e+01
9.315999999999999659e+01
9.340999999999999659e+01
9.346000000000000796e+01
9.362000000000000455e+01
9.384000000000000341e+01
9.415999999999999659e+01
9.431000000000000227e+01
9.443999999999999773e+01
9.443999999999999773e+01
9.445000000000000284e+01
9.450000000000000000e+01
9.451999999999999602e+01
9.457999999999999829e+01
9.504999999999999716e+01
9.512000000000000455e+01
9.512000000000000455e+01
9.539000000000000057e+01
9.596999999999999886e+01
9.651999999999999602e+01
9.685999999999999943e+01
1.022900000000000063e+02
1.024200000000000017e+02
1.027500000000000000e+02
1.027600000000000051e+02
1.031500000000000057e+02
1.033700000000000045e+02
1.034099999999999966e+02
1.034800000000000040e+02
1.037000000000000028e+02
1.037500000000000000e+02
1.041000000000000085e+02
1.041400000000000006e+02
1.041500000000000057e+02
1.042699999999999960e+02
1.042800000000000011e+02
1.044500000000000028e+02
1.045600000000000023e+02
1.046500000000000057e+02
1.047300000000000040e+02
1.051800000000000068e+02
1.053100000000000023e+02
1.054099999999999966e+02
1.055900000000000034e+02
1.056700000000000017e+02
1.058400000000000034e+02
1.058599999999999994e+02
1.067800000000000011e+02
1.115799999999999983e+02
1.125799999999999983e+02
1.126899999999999977e+02
1.128500000000000085e+02
1.130000000000000000e+02
1.130900000000000034e+02
1.132699999999999960e+02
1.134800000000000040e+02
1.135300000000000011e+02
1.135400000000000063e+02
1.135600000000000023e+02
1.136099999999999994e+02
1.137199999999999989e+02
1.138400000000000034e+02
1.139800000000000040e+02
1.140900000000000034e+02
1.141200000000000045e+02
1.142900000000000063e+02
1.142999999999999972e+02
1.144200000000000017e+02
1.146200000000000045e+02
1.146500000000000057e+02
1.151500000000000057e+02
1.152000000000000028e+02
1.153299999999999983e+02
1.153599999999999994e+02
1.154800000000000040e+02
1.159200000000000017e+02
1.161500000000000057e+02
1.162800000000000011e+02
1.163100000000000023e+02
1.163799999999999955e+02
1.167699999999999960e+02
1.221500000000000057e+02
1.228400000000000034e+02
1.230000000000000000e+02
1.233500000000000085e+02
1.234800000000000040e+02
1.235199999999999960e+02
1.235799999999999983e+02
1.236800000000000068e+02
1.237300000000000040e+02
1.237400000000000091e+02
1.238500000000000085e+02
1.240000000000000000e+02
1.240100000000000051e+02
1.240300000000000011e+02
1.241000000000000085e+02
1.241200000000000045e+02
1.242800000000000011e+02
1.247000000000000028e+02
1.248599999999999994e+02
1.248700000000000045e+02
1.250400000000000063e+02
1.250900000000000034e+02
1.255400000000000063e+02
1.256899999999999977e+02
1.257699999999999960e+02
1.258400000000000034e+02
1.258800000000000097e+02
1.259600000000000080e+02
1.262400000000000091e+02
1.263299999999999983e+02
1.326100000000000136e+02
1.328300000000000125e+02
1.330399999999999920e+02
1.332800000000000011e+02
1.334799999999999898e+02
1.335900000000000034e+02
1.336800000000000068e+02
1.337100000000000080e+02
1.339600000000000080e+02
1.342800000000000011e+02
1.344200000000000159e+02
1.344499999999999886e+02
1.346100000000000136e+02
1.348600000000000136e+02
1.349699999999999989e+02
1.350600000000000023e+02
1.352199999999999989e+02
1.353600000000000136e+02
1.355099999999999909e+02
1.355099999999999909e+02
1.357100000000000080e+02
1.361299999999999955e+02
1.361999999999999886e+02
1.365900000000000034e+02
1.374900000000000091e+02
1.415900000000000034e+02
1.419099999999999966e+02
1.425999999999999943e+02
1.428000000000000114e+02
1.428400000000000034e+02
1.428799999999999955e+02
1.430800000000000125e+02
1.432199999999999989e+02
1.434799999999999898e+02
1.435200000000000102e+02
1.435900000000000034e+02
1.438400000000000034e+02
1.439000000000000057e+02
1.439200000000000159e+02
1.440600000000000023e+02
1.442899999999999920e+02
1.443600000000000136e+02
1.444699999999999989e+02
1.446299999999999955e+02
1.449200000000000159e+02
1.451299999999999955e+02
1.451700000000000159e+02
1.457800000000000011e+02
1.459200000000000159e+02
1.460099999999999909e+02
1.460900000000000034e+02
1.469099999999999966e+02
1.470699999999999932e+02
1.515200000000000102e+02
1.518400000000000034e+02
1.525500000000000114e+02
1.527599999999999909e+02
1.528600000000000136e+02
1.529500000000000171e+02
1.531299999999999955e+02
1.533700000000000045e+02
1.534500000000000171e+02
1.536700000000000159e+02
1.537000000000000171e+02
1.537800000000000011e+02
1.539399999999999977e+02
1.540900000000000034e+02
1.542299999999999898e+02
1.545600000000000023e+02
1.546200000000000045e+02
1.547800000000000011e+02
1.547899999999999920e+02
1.548199999999999932e+02
1.548799999999999955e+02
1.550399999999999920e+02
1.554000000000000057e+02
1.554300000000000068e+02
1.554799999999999898e+02
1.561500000000000057e+02
1.564099999999999966e+02
1.570600000000000023e+02
1.624300000000000068e+02
1.627299999999999898e+02
1.627599999999999909e+02
1.629799999999999898e+02
1.629799999999999898e+02
1.630800000000000125e+02
1.631599999999999966e+02
1.632199999999999989e+02
1.633199999999999932e+02
1.634000000000000057e+02
1.634200000000000159e+02
1.636100000000000136e+02
1.636899999999999977e+02
1.638499999999999943e+02
1.639799999999999898e+02
1.644200000000000159e+02
1.645300000000000011e+02
1.645699999999999932e+02
1.648799999999999955e+02
1.650099999999999909e+02
1.653300000000000125e+02
1.654399999999999977e+02
1.658100000000000023e+02
1.662500000000000000e+02
1.663000000000000114e+02
1.666899999999999977e+02
1.669699999999999989e+02
1.670000000000000000e+02
1.675500000000000114e+02
1.716500000000000057e+02
1.721500000000000057e+02
1.724200000000000159e+02
1.726899999999999977e+02
1.728300000000000125e+02
1.730399999999999920e+02
1.733499999999999943e+02
1.734200000000000159e+02
1.734399999999999977e+02
1.734600000000000080e+02
1.735399999999999920e+02
1.736400000000000148e+02
1.736800000000000068e+02
1.738300000000000125e+02
1.740500000000000114e+02
1.741100000000000136e+02
1.741800000000000068e+02
1.742899999999999920e+02
1.744600000000000080e+02
1.746200000000000045e+02
1.750600000000000023e+02
1.752500000000000000e+02
1.756500000000000057e+02
1.756899999999999977e+02
1.757100000000000080e+02
1.765800000000000125e+02
1.768799999999999955e+02
1.778199999999999932e+02
1.817500000000000000e+02
1.819900000000000091e+02
1.823499999999999943e+02
1.824500000000000171e+02
1.825000000000000000e+02
1.826599999999999966e+02
1.826599999999999966e+02
1.829699999999999989e+02
1.835900000000000034e+02
1.839300000000000068e+02
1.840000000000000000e+02
1.840699999999999932e+02
1.842199999999999989e+02
1.843600000000000136e+02
1.843900000000000148e+02
1.844900000000000091e+02
1.845000000000000000e+02
1.846299999999999955e+02
1.848199999999999932e+02
1.849699999999999989e+02
1.850099999999999909e+02
1.851400000000000148e+02
1.852000000000000171e+02
1.855500000000000114e+02
1.858499999999999943e+02
1.864200000000000159e+02
1.870500000000000114e+02
1.871200000000000045e+02
1.914099999999999966e+02
1.923199999999999932e+02
1.927500000000000000e+02
1.927599999999999909e+02
1.930300000000000011e+02
1.931400000000000148e+02
1.937599999999999909e+02
1.937899999999999920e+02
1.939099999999999966e+02
1.942899999999999920e+02
1.943600000000000136e+02
1.948300000000000125e+02
1.948499999999999943e+02
1.949900000000000091e+02
1.949900000000000091e+02
1.950000000000000000e+02
1.952199999999999989e+02
1.954099999999999966e+02
1.956200000000000045e+02
1.958300000000000125e+02
1.960999999999999943e+02
1.967899999999999920e+02
1.974699999999999989e+02
2.015699999999999932e+02
2.019500000000000171e+02
2.026500000000000057e+02
2.030200000000000102e+02
2.032100000000000080e+02
2.032700000000000102e+02
2.034800000000000182e+02
2.036700000000000159e+02
2.036899999999999977e+02
2.037300000000000182e+02
2.037800000000000011e+02
2.040999999999999943e+02
2.043000000000000114e+02
2.043600000000000136e+02
2.046100000000000136e+02
2.049399999999999977e+02
2.050200000000000102e+02
2.052500000000000000e+02
2.063499999999999943e+02
2.064399999999999977e+02
2.064800000000000182e+02
2.064900000000000091e+02
2.065800000000000125e+02
2.070600000000000023e+02
2.070699999999999932e+02
2.072000000000000171e+02
2.072000000000000171e+02
2.103900000000000148e+02
2.112000000000000171e+02
2.124300000000000068e+02
2.128100000000000023e+02
2.131599999999999966e+02
2.132400000000000091e+02
2.133400000000000034e+02
2.134399999999999977e+02
2.134900000000000091e+02
2.139200000000000159e+02
2.143700000000000045e+02
2.144500000000000171e+02
2.146100000000000136e+02
2.147500000000000000e+02
2.147500000000000000e+02
2.150500000000000114e+02
2.153700000000000045e+02
2.159300000000000068e+02
2.162500000000000000e+02
2.162599999999999909e+02
2.163300000000000125e+02
2.166299999999999955e+02
2.168000000000000114e+02
2.220699999999999932e+02
2.221599999999999966e+02
2.222199999999999989e+02
2.222500000000000000e+02
2.226100000000000136e+02
2.227599999999999909e+02
2.227800000000000011e+02
2.230699999999999932e+02
2.230900000000000034e+02
2.234099999999999966e+02
2.234600000000000080e+02
2.234900000000000091e+02
2.238900000000000148e+02
2.242700000000000102e+02
2.244800000000000182e+02
2.246899999999999977e+02
2.247400000000000091e+02
2.248600000000000136e+02
2.250000000000000000e+02
2.252199999999999989e+02
2.257300000000000182e+02
2.257500000000000000e+02
2.259399999999999977e+02
2.262500000000000000e+02
2.265200000000000102e+02
2.266299999999999955e+02
2.268799999999999955e+02
2.270500000000000114e+02
2.271599999999999966e+02
2.279099999999999966e+02
2.298900000000000148e+02
2.303600000000000136e+02
2.320099999999999909e+02
2.320999999999999943e+02
2.320999999999999943e+02
2.321800000000000068e+02
2.323700000000000045e+02
2.323900000000000148e+02
2.329900000000000091e+02
2.337199999999999989e+02
2.337800000000000011e+02
2.340399999999999920e+02
2.345800000000000125e+02
2.349200000000000159e+02
2.350999999999999943e+02
2.352400000000000091e+02
2.353000000000000114e+02
2.357599999999999909e+02
2.367100000000000080e+02
2.368799999999999955e+02
2.369900000000000091e+02
2.372199999999999989e+02
2.378900000000000148e+02
2.410399999999999920e+02
2.420500000000000114e+02
2.422000000000000171e+02
2.422500000000000000e+02
2.423700000000000045e+02
2.425099999999999909e+02
2.426500000000000057e+02
2.430000000000000000e+02
2.430800000000000125e+02
2.431100000000000136e+02
2.432000000000000171e+02
2.434300000000000068e+02
2.435699999999999932e+02
2.436100000000000136e+02
2.437500000000000000e+02
2.442700000000000102e+02
2.443900000000000148e+02
2.445800000000000125e+02
2.445800000000000125e+02
2.448000000000000114e+02
2.450999999999999943e+02
2.451400000000000148e+02
2.451800000000000068e+02
2.454800000000000182e+02
2.457599999999999909e+02
2.460800000000000125e+02
2.466899999999999977e+02
2.467100000000000080e+02
2.467700000000000102e+02
2.473199999999999932e+02
2.481599999999999966e+02
2.503499999999999943e+02
2.516899999999999977e+02
2.522199999999999989e+02
2.524300000000000068e+02
2.524300000000000068e+02
2.527500000000000000e+02
2.527899999999999920e+02
2.528700000000000045e+02
2.530800000000000125e+02
2.531599999999999966e+02
2.533900000000000148e+02
2.534699999999999989e+02
2.536200000000000045e+02
2.538100000000000023e+02
2.538400000000000034e+02
2.544500000000000171e+02
2.544699999999999989e+02
2.545100000000000193e+02
2.545300000000000011e+02
2.548400000000000034e+02
2.554099999999999966e+02
2.554600000000000080e+02
2.554800000000000182e+02
2.556899999999999977e+02
2.560300000000000296e+02
2.566200000000000045e+02
2.572699999999999818e+02
2.606800000000000068e+02
2.615300000000000296e+02
2.615900000000000318e+02
2.617900000000000205e+02
2.621100000000000136e+02
2.621999999999999886e+02
2.628299999999999841e+02
2.630199999999999818e+02
2.630799999999999841e+02
2.633299999999999841e+02
2.640699999999999932e+02
2.640699999999999932e+02
2.641200000000000045e+02
2.641499999999999773e+02
2.648500000000000227e+02
2.654700000000000273e+02
2.656299999999999955e+02
2.657699999999999818e+02
2.658500000000000227e+02
2.671499999999999773e+02
2.680300000000000296e+02
2.683000000000000114e+02
2.707900000000000205e+02
2.713000000000000114e+02
2.716499999999999773e+02
2.719100000000000250e+02
2.719599999999999795e+02
2.723999999999999773e+02
2.727400000000000091e+02
2.729800000000000182e+02
2.730600000000000023e+02
2.733400000000000318e+02
2.735699999999999932e+02
2.736399999999999864e+02
2.738299999999999841e+02
2.741600000000000250e+02
2.741999999999999886e+02
2.743400000000000318e+02
2.744000000000000341e+02
2.746100000000000136e+02
2.750500000000000114e+02
2.750900000000000318e+02
2.754100000000000250e+02
2.756899999999999977e+02
2.758600000000000136e+02
2.763799999999999955e+02
2.765600000000000023e+02
2.767599999999999909e+02
2.770099999999999909e+02
2.774599999999999795e+02
2.776899999999999977e+02
2.806700000000000159e+02
2.812900000000000205e+02
2.822699999999999818e+02
2.824399999999999977e+02
2.824800000000000182e+02
2.825600000000000023e+02
2.830300000000000296e+02
2.831000000000000227e+02
2.831399999999999864e+02
2.832800000000000296e+02
2.833100000000000023e+02
2.834499999999999886e+02
2.834599999999999795e+02
2.837500000000000000e+02
2.838799999999999955e+02
2.838899999999999864e+02
2.840400000000000205e+02
2.843199999999999932e+02
2.847500000000000000e+02
2.847599999999999909e+02
2.850600000000000023e+02
2.852800000000000296e+02
2.860300000000000296e+02
2.863600000000000136e+02
2.874499999999999886e+02
2.876299999999999955e+02
2.889000000000000341e+02
2.904900000000000091e+02
2.910799999999999841e+02
2.911200000000000045e+02
2.913100000000000023e+02
2.914900000000000091e+02
2.916999999999999886e+02
2.917200000000000273e+02
2.920799999999999841e+02
2.921000000000000227e+02
2.926600000000000250e+02
2.927300000000000182e+02
2.930900000000000318e+02
2.931000000000000227e+02
2.931299999999999955e+02
2.933400000000000318e+02
2.936200000000000045e+02
2.937300000000000182e+02
2.944200000000000159e+02
2.944399999999999977e+02
2.944700000000000273e+02
2.946600000000000250e+02
2.948799999999999955e+02
2.951500000000000341e+02
2.951800000000000068e+02
2.958000000000000114e+02
2.965099999999999909e+02
2.965699999999999932e+02
2.970300000000000296e+02
2.976700000000000159e+02
2.982500000000000000e+02
2.998000000000000114e+02
3.003700000000000045e+02
3.007400000000000091e+02
3.010300000000000296e+02
3.013199999999999932e+02
3.028100000000000023e+02
3.028299999999999841e+02
3.030600000000000023e+02
3.030900000000000318e+02
3.034300000000000068e+02
3.035099999999999909e+02
3.038000000000000114e+02
3.038600000000000136e+02
3.039200000000000159e+02
3.042500000000000000e+02
3.049399999999999977e+02
3.049800000000000182e+02
3.050799999999999841e+02
3.058000000000000114e+02
3.059100000000000250e+02
3.059399999999999977e+02
3.064399999999999977e+02
3.064399999999999977e+02
3.064700000000000273e+02
3.069499999999999886e+02
3.070000000000000000e+02
3.071299999999999955e+02
3.076700000000000159e+02
3.090699999999999932e+02
3.117099999999999795e+02
3.117400000000000091e+02
3.118199999999999932e+02
3.120500000000000114e+02
3.122099999999999795e+02
3.123899999999999864e+02
3.126800000000000068e+02
3.127599999999999909e+02
3.128199999999999932e+02
3.131999999999999886e+02
3.136700000000000159e+02
3.137500000000000000e+02
3.139599999999999795e+02
3.140500000000000114e+02
3.142500000000000000e+02
3.145300000000000296e+02
3.148000000000000114e+02
3.148400000000000318e+02
3.151399999999999864e+02
3.153000000000000114e+02
3.156399999999999864e+02
3.156999999999999886e+02
3.157800000000000296e+02
3.162099999999999795e+02
3.162200000000000273e+02
3.162699999999999818e+02
3.168400000000000318e+02
3.173400000000000318e+02
3.201999999999999886e+02
3.205900000000000318e+02
3.214499999999999886e+02
3.224100000000000250e+02
3.227300000000000182e+02
3.229100000000000250e+02
3.229800000000000182e+02
3.232699999999999818e+02
3.239399999999999977e+02
3.243299999999999841e+02
3.244599999999999795e+02
3.249300000000000068e+02
3.251100000000000136e+02
3.252300000000000182e+02
3.254200000000000159e+02
3.257400000000000091e+02
3.258500000000000227e+02
3.268899999999999864e+02
3.279700000000000273e+02
3.305199999999999818e+02
3.309599999999999795e+02
3.315099999999999909e+02
3.318100000000000023e+02
3.326299999999999955e+02
3.329599999999999795e+02
3.333199999999999932e+02
3.334100000000000250e+02
3.335300000000000296e+02
3.336700000000000159e+02
3.337200000000000273e+02
3.338100000000000023e+02
3.347099999999999795e+02
3.347699999999999818e+02
3.348199999999999932e+02
3.348899999999999864e+02
3.350400000000000205e+02
3.353600000000000136e+02
3.356600000000000250e+02
3.357699999999999818e+02
3.361899999999999977e+02
3.363799999999999955e+02
3.364200000000000159e+02
3.367300000000000182e+02
3.369599999999999795e+02
3.370600000000000023e+02
3.374599999999999795e+02
3.377400000000000091e+02
3.387599999999999909e+02
3.389499999999999886e+02
3.395300000000000296e+02
3.396600000000000250e+02
3.405400000000000205e+02
3.415099999999999909e+02
3.417800000000000296e+02
3.419599999999999795e+02
3.421399999999999864e+02
3.421700000000000159e+02
3.423799999999999955e+02
3.423899999999999864e+02
3.424700000000000273e+02
3.426800000000000068e+02
3.440300000000000296e+02
3.440600000000000023e+02
3.443500000000000227e+02
3.443600000000000136e+02
3.445799999999999841e+02
3.447099999999999795e+02
3.448899999999999864e+02
3.458799999999999955e+02
3.460600000000000023e+02
3.468600000000000136e+02
3.472300000000000182e+02
3.482300000000000182e+02
3.502099999999999795e+02
3.507099999999999795e+02
3.510600000000000023e+02
3.511600000000000250e+02
3.512300000000000182e+02
3.522400000000000091e+02
3.524200000000000159e+02
3.524900000000000091e+02
3.528799999999999955e+02
3.529000000000000341e+02
3.529399999999999977e+02
3.531999999999999886e+02
3.533799999999999955e+02
3.537200000000000273e+02
3.541100000000000136e+02
3.544499999999999886e+02
3.545300000000000296e+02
3.545799999999999841e+02
3.549700000000000273e+02
3.554900000000000091e+02
3.559000000000000341e+02
3.559599999999999795e+02
3.561399999999999864e+02
3.564300000000000068e+02
3.567500000000000000e+02
3.567800000000000296e+02
3.579900000000000091e+02
3.584000000000000341e+02
3.589599999999999795e+02
3.593299999999999841e+02
3.593600000000000136e+02
3.603000000000000114e+02
3.611999999999999886e+02
3.615099999999999909e+02
3.616399999999999864e+02
3.622300000000000182e+02
3.623600000000000136e+02
3.630199999999999818e+02
3.631600000000000250e+02
3.636000000000000227e+02
3.636100000000000136e+02
3.636299999999999955e+02
3.636600000000000250e+02
3.636600000000000250e+02
3.646700000000000159e+02
3.648500000000000227e+02
3.649200000000000159e+02
3.649599999999999795e+02
3.653100000000000023e+02
3.657800000000000296e+02
3.658600000000000136e+02
3.663899999999999864e+02
3.672599999999999909e+02
3.676299999999999955e+02
3.676500000000000341e+02
3.684800000000000182e+02
3.697099999999999795e+02
3.704100000000000250e+02
3.713899999999999864e+02
3.714000000000000341e+02
3.717400000000000091e+02
3.721299999999999955e+02
3.724599999999999795e+02
3.727099999999999795e+02
3.728700000000000045e+02
3.731800000000000068e+02
3.734399999999999977e+02
3.745400000000000205e+02
3.746500000000000341e+02
3.747300000000000182e+02
3.751500000000000341e+02
3.753400000000000318e+02
3.753600000000000136e+02
3.755699999999999932e+02
3.757300000000000182e+02
3.765699999999999932e+02
3.766200000000000045e+02
3.770799999999999841e+02
3.779700000000000273e+02
3.793500000000000227e+02
3.803100000000000023e+02
3.804900000000000091e+02
3.811500000000000341e+02
3.812300000000000182e+02
3.817200000000000273e+02
3.817800000000000296e+02
3.820900000000000318e+02
3.823400000000000318e+02
3.823799999999999955e+02
3.828000000000000114e+02
3.828100000000000023e+02
3.829000000000000341e+02
3.829499999999999886e+02
3.836299999999999955e+02
3.837200000000000273e+02
3.838000000000000114e+02
3.848199999999999932e+02
3.848600000000000136e+02
3.851399999999999864e+02
3.858600000000000136e+02
3.860000000000000000e+02
3.860699999999999932e+02
3.869700000000000273e+02
3.885500000000000114e+02
3.894399999999999977e+02
3.895600000000000023e+02
3.898000000000000114e+02
3.900000000000000000e+02
3.904800000000000182e+02
3.906600000000000250e+02
3.911899999999999977e+02
3.913299999999999841e+02
3.915300000000000296e+02
3.915600000000000023e+02
3.921200000000000045e+02
3.922400000000000091e+02
3.929800000000000182e+02
3.933600000000000136e+02
3.935699999999999932e+02
3.941899999999999977e+02
3.941899999999999977e+02
3.945199999999999818e+02
3.949399999999999977e+02
3.953400000000000318e+02
3.953799999999999955e+02
3.961399999999999864e+02
3.961600000000000250e+02
3.962300000000000182e+02
3.962500000000000000e+02
3.963199999999999932e+02
3.963500000000000227e+02
3.970199999999999818e+02
3.973500000000000227e+02
3.979000000000000341e+02
3.979600000000000364e+02
3.988799999999999955e+02
3.996800000000000068e+02
3.998199999999999932e+02
4.012200000000000273e+02
4.015300000000000296e+02
4.019300000000000068e+02
4.025199999999999818e+02
4.026299999999999955e+02
4.026800000000000068e+02
4.028299999999999841e+02
4.029000000000000341e+02
4.039700000000000273e+02
4.043199999999999932e+02
4.045900000000000318e+02
4.049600000000000364e+02
4.051500000000000341e+02
4.053299999999999841e+02
4.055300000000000296e+02
4.071000000000000227e+02
4.073000000000000114e+02
4.076899999999999977e+02
4.080400000000000205e+02
4.081999999999999886e+02
4.082900000000000205e+02
4.093899999999999864e+02
4.095000000000000000e+02
4.100900000000000318e+02
4.110400000000000205e+02
4.111800000000000068e+02
4.114200000000000159e+02
4.116899999999999977e+02
4.116999999999999886e+02
4.117400000000000091e+02
4.121600000000000250e+02
4.124399999999999977e+02
4.129000000000000341e+02
4.129300000000000068e+02
4.130600000000000023e+02
4.132100000000000364e+02
4.133500000000000227e+02
4.135500000000000114e+02
4.138199999999999932e+02
4.141299999999999955e+02
4.149399999999999977e+02
4.150799999999999841e+02
4.151200000000000045e+02
4.151500000000000341e+02
4.154800000000000182e+02
4.157699999999999818e+02
4.161800000000000068e+02
4.165900000000000318e+02
4.167400000000000091e+02
4.170699999999999932e+02
4.171200000000000045e+02
4.173299999999999841e+02
4.175000000000000000e+02
4.189200000000000159e+02
4.200600000000000023e+02
4.201700000000000159e+02
4.206200000000000045e+02
4.207500000000000000e+02
4.210199999999999818e+02
4.214399999999999977e+02
4.215699999999999932e+02
4.216600000000000250e+02
4.220699999999999932e+02
4.221100000000000136e+02
4.225500000000000114e+02
4.225900000000000318e+02
4.239000000000000341e+02
4.245300000000000296e+02
4.245400000000000205e+02
4.246500000000000341e+02
4.250000000000000000e+02
4.250600000000000023e+02
4.252300000000000182e+02
4.256000000000000227e+02
4.259600000000000364e+02
4.260900000000000318e+02
4.263700000000000045e+02
4.266899999999999977e+02
4.275400000000000205e+02
4.280799999999999841e+02
4.282200000000000273e+02
4.284300000000000068e+02
4.297100000000000364e+02
4.301700000000000159e+02
4.304200000000000159e+02
4.308199999999999932e+02
4.309600000000000364e+02
4.313400000000000318e+02
4.313899999999999864e+02
4.315199999999999818e+02
4.316700000000000159e+02
4.320799999999999841e+02
4.321000000000000227e+02
4.321999999999999886e+02
4.323600000000000136e+02
4.326000000000000227e+02
4.326299999999999955e+02
4.327200000000000273e+02
4.333199999999999932e+02
4.343500000000000227e+02
4.344700000000000273e+02
4.346800000000000068e+02
4.347699999999999818e+02
4.347900000000000205e+02
4.353700000000000045e+02
4.358400000000000318e+02
4.358700000000000045e+02
4.364000000000000341e+02
4.368700000000000045e+02
4.371200000000000045e+02
4.376100000000000136e+02
4.378100000000000023e+02
4.384000000000000341e+02
4.406899999999999977e+02
4.409200000000000159e+02
4.410199999999999818e+02
4.411999999999999886e+02
4.420300000000000296e+02
4.421399999999999864e+02
4.423700000000000045e+02
4.425799999999999841e+02
4.427200000000000273e+02
4.437300000000000182e+02
4.438700000000000045e+02
4.446000000000000227e+02
4.447300000000000182e+02
4.449300000000000068e+02
4.451500000000000341e+02
4.457900000000000205e+02
4.458199999999999932e+02
4.459200000000000159e+02
4.462800000000000296e+02
4.468299999999999841e+02
4.473899999999999864e+02
4.478500000000000227e+02
4.480799999999999841e+02
4.482900000000000205e+02
4.486800000000000068e+02
4.493199999999999932e+02
4.495799999999999841e+02
4.498299999999999841e+02
4.516700000000000159e+02
4.518400000000000318e+02
4.524800000000000182e+02
4.525000000000000000e+02
4.530799999999999841e+02
4.534000000000000341e+02
4.537400000000000091e+02
4.546700000000000159e+02
4.549499999999999886e+02
4.551299999999999955e+02
4.551399999999999864e+02
4.565900000000000318e+02
4.574600000000000364e+02
4.578700000000000045e+02
4.578799999999999955e+02
4.591500000000000341e+02
4.593299999999999841e+02
4.593500000000000227e+02
4.593799999999999955e+02
4.596100000000000136e+02
4.598299999999999841e+02
4.604800000000000182e+02
4.614399999999999977e+02
4.616299999999999955e+02
4.616899999999999977e+02
4.617500000000000000e+02
4.622500000000000000e+02
4.622699999999999818e+02
4.626500000000000341e+02
4.629300000000000068e+02
4.630400000000000205e+02
4.642200000000000273e+02
4.644600000000000364e+02
4.646600000000000250e+02
4.649600000000000364e+02
4.651600000000000250e+02
4.654300000000000068e+02
4.657300000000000182e+02
4.659000000000000341e+02
4.660699999999999932e+02
4.669800000000000182e+02
4.671200000000000045e+02
4.679499999999999886e+02
4.683100000000000023e+02
4.683100000000000023e+02
4.683700000000000045e+02
4.689800000000000182e+02
4.692400000000000091e+02
4.692800000000000296e+02
4.700000000000000000e+02
4.704900000000000091e+02
4.706600000000000250e+02
4.708899999999999864e+02
4.714100000000000250e+02
4.714700000000000273e+02
4.721800000000000068e+02
4.725199999999999818e+02
4.726100000000000136e+02
4.727200000000000273e+02
4.730699999999999932e+02
4.736800000000000068e+02
4.737800000000000296e+02
4.739300000000000068e+02
4.746700000000000159e+02
4.747100000000000364e+02
4.747400000000000091e+02
4.748000000000000114e+02
4.757699999999999818e+02
4.758000000000000114e+02
4.767100000000000364e+02
4.769300000000000068e+02
4.777300000000000182e+02
4.788199999999999932e+02
4.789300000000000068e+02
4.789499999999999886e+02
4.800000000000000000e+02
4.803500000000000227e+02
4.805199999999999818e+02
4.805799999999999841e+02
4.813299999999999841e+02
4.815099999999999909e+02
4.821399999999999864e+02
4.825600000000000023e+02
4.825600000000000023e+02
4.828600000000000136e+02
4.838000000000000114e+02
4.838400000000000318e+02
4.838799999999999955e+02
4.839600000000000364e+02
4.841700000000000159e+02
4.844499999999999886e+02
4.847300000000000182e+02
4.854300000000000068e+02
4.866800000000000068e+02
4.866899999999999977e+02
4.866999999999999886e+02
4.869300000000000068e+02
4.870500000000000114e+02
4.897599999999999909e+02
4.901399999999999864e+02
4.910000000000000000e+02
4.923400000000000318e+02
4.926500000000000341e+02
4.926999999999999886e+02
4.931100000000000136e+02
4.931399999999999864e+02
4.936200000000000045e+02
4.939900000000000091e+02
4.943600000000000136e+02
4.945699999999999932e+02
4.950400000000000205e+02
4.951600000000000250e+02
4.952500000000000000e+02
4.954200000000000159e+02
4.956899999999999977e+02
4.960300000000000296e+02
4.969700000000000273e+02
4.973299999999999841e+02
4.976399999999999864e+02
4.977700000000000387e+02
4.988799999999999955e+02
4.989800000000000182e+02
5.003000000000000114e+02
5.003600000000000136e+02
5.010300000000000296e+02
5.014100000000000250e+02
5.014300000000000068e+02
5.017200000000000273e+02
5.021000000000000227e+02
5.021800000000000068e+02
5.026100000000000136e+02
5.029200000000000159e+02
5.030799999999999841e+02
5.041899999999999977e+02
5.046500000000000341e+02
5.048400000000000318e+02
5.049200000000000159e+02
5.057599999999999909e+02
5.057900000000000205e+02
5.060699999999999932e+02
5.065000000000000000e+02
5.070699999999999932e+02
5.071700000000000159e+02
5.072400000000000091e+02
5.090699999999999932e+02
5.091000000000000227e+02
5.091500000000000341e+02
5.094600000000000364e+02
5.095300000000000296e+02
5.098400000000000318e+02
5.104499999999999886e+02
5.107300000000000182e+02
5.110099999999999909e+02
5.117400000000000091e+02
5.117500000000000000e+02
5.119900000000000091e+02
5.123100000000000591e+02
5.123400000000000318e+02
5.130399999999999636e+02
5.133799999999999955e+02
5.142999999999999545e+02
5.145900000000000318e+02
5.147200000000000273e+02
5.148899999999999864e+02
5.149300000000000637e+02
5.154300000000000637e+02
5.157599999999999909e+02
5.158300000000000409e+02
5.165399999999999636e+02
5.175399999999999636e+02
5.177100000000000364e+02
5.177200000000000273e+02
5.177699999999999818e+02
5.181699999999999591e+02
5.187400000000000091e+02
5.192300000000000182e+02
5.192699999999999818e+02
5.195800000000000409e+02
5.197699999999999818e+02
5.206399999999999864e+02
5.217799999999999727e+02
5.218300000000000409e+02
5.224400000000000546e+02
5.230600000000000591e+02
5.232200000000000273e+02
5.233400000000000318e+02
5.233999999999999773e+02
5.236100000000000136e+02
5.236399999999999864e+02
5.244099999999999682e+02
5.246599999999999682e+02
5.247899999999999636e+02
5.253400000000000318e+02
5.258300000000000409e+02
5.262599999999999909e+02
5.265299999999999727e+02
5.267999999999999545e+02
5.277999999999999545e+02
5.278500000000000227e+02
5.282999999999999545e+02
5.284500000000000455e+02
5.297799999999999727e+02
5.303200000000000500e+02
5.315600000000000591e+02
5.317699999999999818e+02
5.317699999999999818e+02
5.322100000000000364e+02
5.326499999999999773e+02
5.327999999999999545e+02
5.328500000000000227e+02
5.334600000000000364e+02
5.337599999999999909e+02
5.341800000000000637e+02
5.342500000000000000e+02
5.344099999999999682e+02
5.348999999999999773e+02
5.351399999999999864e+02
5.353100000000000591e+02
5.357599999999999909e+02
5.360800000000000409e+02
5.364300000000000637e+02
5.365900000000000318e+02
5.368999999999999773e+02
5.369400000000000546e+02
5.374199999999999591e+02
5.376399999999999864e+02
5.376800000000000637e+02
5.381299999999999955e+02
5.386800000000000637e+02
5.387200000000000273e+02
5.392799999999999727e+02
5.394400000000000546e+02
5.395499999999999545e+02
5.398400000000000318e+02
5.399099999999999682e+02
5.401399999999999864e+02
5.409600000000000364e+02
5.412999999999999545e+02
5.415299999999999727e+02
5.420700000000000500e+02
5.423500000000000227e+02
5.426100000000000136e+02
5.429800000000000182e+02
5.430600000000000591e+02
5.442500000000000000e+02
5.445800000000000409e+02
5.457599999999999909e+02
5.460700000000000500e+02
5.463999999999999773e+02
5.468400000000000318e+02
5.468899999999999864e+02
5.480000000000000000e+02
5.485199999999999818e+02
5.493300000000000409e+02
5.497799999999999727e+02
5.497799999999999727e+02
5.504800000000000182e+02
5.504800000000000182e+02
5.513899999999999864e+02
5.515900000000000318e+02
5.519199999999999591e+02
5.519800000000000182e+02
5.520099999999999909e+02
5.521200000000000045e+02
5.522400000000000091e+02
5.525299999999999727e+02
5.528100000000000591e+02
5.536000000000000227e+02
5.540500000000000682e+02
5.540700000000000500e+02
5.545600000000000591e+02
5.547300000000000182e+02
5.554500000000000455e+02
5.555000000000000000e+02
5.561399999999999864e+02
5.566299999999999955e+02
5.568700000000000045e+02
5.568799999999999955e+02
5.569300000000000637e+02
5.575099999999999909e+02
5.580600000000000591e+02
5.580700000000000500e+02
5.583100000000000591e+02
5.587599999999999909e+02
5.588100000000000591e+02
5.590500000000000682e+02
5.591200000000000045e+02
5.599099999999999682e+02
5.601599999999999682e+02
5.604500000000000455e+02
5.606800000000000637e+02
5.612599999999999909e+02
5.616800000000000637e+02
5.627300000000000182e+02
5.631499999999999773e+02
5.636699999999999591e+02
5.637100000000000364e+02
5.637400000000000091e+02
5.640199999999999818e+02
5.647200000000000273e+02
5.653500000000000227e+02
5.656299999999999955e+02
5.659500000000000455e+02
5.666200000000000045e+02
5.667400000000000091e+02
5.676900000000000546e+02
5.678600000000000136e+02
5.684800000000000182e+02
5.685700000000000500e+02
5.692100000000000364e+02
5.692500000000000000e+02
5.697000000000000455e+02
5.699300000000000637e+02
5.706900000000000546e+02
5.711699999999999591e+02
5.712799999999999727e+02
5.719900000000000091e+02
5.720399999999999636e+02
5.722200000000000273e+02
5.727300000000000182e+02
5.727599999999999909e+02
5.733799999999999955e+02
5.743100000000000591e+02
5.748700000000000045e+02
5.748999999999999773e+02
5.752000000000000455e+02
5.754099999999999682e+02
5.759199999999999591e+02
5.762200000000000273e+02
5.769800000000000182e+02
5.770900000000000318e+02
5.772799999999999727e+02
5.778000000000000682e+02
5.794099999999999682e+02
5.796000000000000227e+02
5.799300000000000637e+02
5.799800000000000182e+02
5.803700000000000045e+02
5.812400000000000091e+02
5.824099999999999682e+02
5.824300000000000637e+02
5.828500000000000227e+02
5.831900000000000546e+02
5.833899999999999864e+02
5.841699999999999591e+02
5.849700000000000273e+02
5.853200000000000500e+02
5.858000000000000682e+02
5.875700000000000500e+02
5.877799999999999727e+02
5.880500000000000682e+02
5.881699999999999591e+02
5.889400000000000546e+02
5.898799999999999955e+02
5.899400000000000546e+02
5.902200000000000273e+02
5.902599999999999909e+02
5.902899999999999636e+02
5.911699999999999591e+02
5.921000000000000227e+02
5.922400000000000091e+02
5.932000000000000455e+02
5.941200000000000045e+02
5.942599999999999909e+02
5.943000000000000682e+02
5.950299999999999727e+02
5.953400000000000318e+02
5.954900000000000091e+02
5.964099999999999682e+02
5.965000000000000000e+02
5.966299999999999955e+02
5.967100000000000364e+02
5.969500000000000455e+02
5.974900000000000091e+02
5.979099999999999682e+02
5.981599999999999682e+02
5.981900000000000546e+02
5.990299999999999727e+02
5.993300000000000409e+02
5.995399999999999636e+02
5.996000000000000227e+02
5.996000000000000227e+02
5.997200000000000273e+02
6.002000000000000455e+02
6.011200000000000045e+02
6.012300000000000182e+02
6.013500000000000227e+02
6.013600000000000136e+02
6.015399999999999636e+02
6.028700000000000045e+02
6.030099999999999909e+02
6.036900000000000546e+02
6.038300000000000409e+02
6.049800000000000182e+02
6.050700000000000500e+02
6.052699999999999818e+02
6.061499999999999773e+02
6.066000000000000227e+02
6.068500000000000227e+02
6.069400000000000546e+02
6.077599999999999909e+02
6.078500000000000227e+02
6.080099999999999909e+02
6.086100000000000136e+02
6.088100000000000591e+02
6.088400000000000318e+02
6.088700000000000045e+02
6.091900000000000546e+02
6.098200000000000500e+02
6.100900000000000318e+02
6.103400000000000318e+02
6.109500000000000455e+02
6.115900000000000318e+02
6.116200000000000045e+02
6.119199999999999591e+02
6.122699999999999818e+02
6.125000000000000000e+02
6.130199999999999818e+02
6.138899999999999864e+02
6.139199999999999591e+02
6.141000000000000227e+02
6.143000000000000682e+02
6.145600000000000591e+02
6.146900000000000546e+02
6.149600000000000364e+02
6.161399999999999864e+02
6.161499999999999773e+02
6.164800000000000182e+02
6.166200000000000045e+02
6.169500000000000455e+02
6.180600000000000591e+02
6.182400000000000091e+02
6.190600000000000591e+02
6.193000000000000682e+02
6.197300000000000182e+02
6.197799999999999727e+02
6.199500000000000455e+02
6.211299999999999955e+02
6.214099999999999682e+02
6.217599999999999909e+02
6.220299999999999727e+02
6.221499999999999773e+02
6.226299999999999955e+02
6.233899999999999864e+02
6.236000000000000227e+02
6.238899999999999864e+02
6.243999999999999773e+02
6.246900000000000546e+02
6.250900000000000318e+02
6.257599999999999909e+02
6.268000000000000682e+02
6.268999999999999773e+02
6.274400000000000546e+02
6.275099999999999909e+02
6.279199999999999591e+02
6.280399999999999636e+02
6.281100000000000136e+02
6.281299999999999955e+02
6.292899999999999636e+02
6.293899999999999864e+02
6.295099999999999909e+02
6.299099999999999682e+02
6.299600000000000364e+02
6.302500000000000000e+02
6.303100000000000591e+02
6.306900000000000546e+02
6.308799999999999955e+02
6.311200000000000045e+02
6.316800000000000637e+02
6.320199999999999818e+02
6.322599999999999909e+02
6.327000000000000455e+02
6.329500000000000455e+02
6.331499999999999773e+02
6.332699999999999818e+02
6.333100000000000591e+02
6.336599999999999682e+02
6.345299999999999727e+02
6.351000000000000227e+02
6.356800000000000637e+02
6.358799999999999955e+02
6.362799999999999727e+02
6.366000000000000227e+02
6.367599999999999909e+02
6.369199999999999591e+02
6.375000000000000000e+02
6.377500000000000000e+02
6.382000000000000455e+02
6.382799999999999727e+02
6.383100000000000591e+02
6.383200000000000500e+02
6.386599999999999682e+02
6.388799999999999955e+02
6.396800000000000637e+02
6.397899999999999636e+02
6.410399999999999636e+02
6.412000000000000455e+02
6.412100000000000364e+02
6.419199999999999591e+02
6.421000000000000227e+02
6.427100000000000364e+02
6.428400000000000318e+02
6.429500000000000455e+02
6.435700000000000500e+02
6.436200000000000045e+02
6.436599999999999682e+02
6.445500000000000682e+02
6.446599999999999682e+02
6.449199999999999591e+02
6.456299999999999955e+02
6.457200000000000273e+02
6.459199999999999591e+02
6.463700000000000045e+02
6.464900000000000091e+02
6.466299999999999955e+02
6.470000000000000000e+02
6.470399999999999636e+02
6.473000000000000682e+02
6.479700000000000273e+02
6.487300000000000182e+02
6.492400000000000091e+02
6.501000000000000227e+02
6.504900000000000091e+02
6.507400000000000091e+02
6.510099999999999909e+02
6.517899999999999636e+02
6.520199999999999818e+02
6.523500000000000227e+02
6.533200000000000500e+02
6.536800000000000637e+02
6.539600000000000364e+02
6.547500000000000000e+02
6.550900000000000318e+02
6.551299999999999955e+02
6.556200000000000045e+02
6.560900000000000318e+02
6.566100000000000136e+02
6.568300000000000409e+02
6.571499999999999773e+02
6.573400000000000318e+02
6.581699999999999591e+02
6.582599999999999909e+02
6.593799999999999955e+02
6.600800000000000409e+02
6.602300000000000182e+02
6.609300000000000637e+02
6.610800000000000409e+02
6.611599999999999682e+02
6.620800000000000409e+02
6.625000000000000000e+02
6.625800000000000409e+02
6.630500000000000682e+02
6.637799999999999727e+02
6.639900000000000091e+02
6.648700000000000045e+02
6.651100000000000136e+02
6.657300000000000182e+02
6.660399999999999636e+02
6.660600000000000591e+02
6.668799999999999955e+02
6.677699999999999818e+02
6.678799999999999955e+02
6.679700000000000273e+02
6.687000000000000455e+02
6.687500000000000000e+02
6.690500000000000682e+02
6.695399999999999636e+02
6.696499999999999773e+02
6.709500000000000455e+02
6.714800000000000182e+02
6.727300000000000182e+02
6.731499999999999773e+02
6.737899999999999636e+02
6.749900000000000091e+02
6.752200000000000273e+02
6.754800000000000182e+02
6.754900000000000091e+02
6.756299999999999955e+02
6.756399999999999864e+02
6.775199999999999818e+02
6.777100000000000364e+02
6.778799999999999955e+02
6.779900000000000091e+02
6.786800000000000637e+02
6.795099999999999909e+02
6.796499999999999773e+02
6.802300000000000182e+02
6.806499999999999773e+02
6.809199999999999591e+02
6.810299999999999727e+02
6.816200000000000045e+02
6.824900000000000091e+02
6.833100000000000591e+02
6.835199999999999818e+02
6.838000000000000682e+02
6.843100000000000591e+02
6.845199999999999818e+02
6.851200000000000045e+02
6.857799999999999727e+02
6.860600000000000591e+02
6.861100000000000136e+02
6.862699999999999818e+02
6.867000000000000455e+02
6.876200000000000045e+02
6.881399999999999864e+02
6.883000000000000682e+02
6.883200000000000500e+02
6.883999999999999773e+02
6.884800000000000182e+02
6.888100000000000591e+02
6.893500000000000227e+02
6.895199999999999818e+02
6.895900000000000318e+02
6.898600000000000136e+02
6.907000000000000455e+02
6.916599999999999682e+02
6.917200000000000273e+02
6.918799999999999955e+02
6.924800000000000182e+02
6.928500000000000227e+02
6.930299999999999727e+02
6.937000000000000455e+02
6.940099999999999909e+02
6.940500000000000682e+02
6.945099999999999909e+02
6.945800000000000409e+02
6.949099999999999682e+02
6.954400000000000546e+02
6.975299999999999727e+02
6.976599999999999682e+02
6.977100000000000364e+02
6.981000000000000227e+02
6.985099999999999909e+02
6.985099999999999909e+02
6.992699999999999818e+02
6.994500000000000455e+02
6.998999999999999773e+02
7.007300000000000182e+02
7.008899999999999864e+02
7.012899999999999636e+02
7.014500000000000455e+02
7.019300000000000637e+02
7.033899999999999864e+02
7.034700000000000273e+02
7.036299999999999955e+02
7.036499999999999773e+02
7.042400000000000091e+02
7.049099999999999682e+02
7.049700000000000273e+02
7.051599999999999682e+02
7.054199999999999591e+02
7.055700000000000500e+02
7.058000000000000682e+02
7.058300000000000409e+02
7.058899999999999864e+02
7.063799999999999955e+02
7.070299999999999727e+02
7.070500000000000682e+02
7.074600000000000364e+02
7.076100000000000136e+02
7.087300000000000182e+02
7.088999999999999773e+02
7.090700000000000500e+02
7.093500000000000227e+02
7.095399999999999636e+02
7.099099999999999682e+02
7.103000000000000682e+02
7.110000000000000000e+02
7.111699999999999591e+02
7.121399999999999864e+02
7.126000000000000227e+02
7.132899999999999636e+02
7.134400000000000546e+02
7.139900000000000091e+02
7.143899999999999864e+02
7.149800000000000182e+02
7.158600000000000136e+02
7.159099999999999682e+02
7.160500000000000682e+02
7.163200000000000500e+02
7.169199999999999591e+02
7.172799999999999727e+02
7.178600000000000136e+02
7.180000000000000000e+02
7.181299999999999955e+02
7.191699999999999591e+02
7.203000000000000682e+02
7.208400000000000318e+02
7.220099999999999909e+02
7.222200000000000273e+02
7.224300000000000637e+02
7.229300000000000637e+02
7.233300000000000409e+02
7.243100000000000591e+02
7.244500000000000455e+02
7.253799999999999955e+02
7.257699999999999818e+02
7.259800000000000182e+02
7.271399999999999864e+02
7.274500000000000455e+02
7.276599999999999682e+02
7.277699999999999818e+02
7.278100000000000591e+02
7.278300000000000409e+02
7.286100000000000136e+02
7.292699999999999818e+02
7.297100000000000364e+02
7.301100000000000136e+02
7.305700000000000500e+02
7.313200000000000500e+02
7.315299999999999727e+02
7.319400000000000546e+02
7.323200000000000500e+02
7.323899999999999864e+02
7.323899999999999864e+02
7.330399999999999636e+02
7.333400000000000318e+02
7.334199999999999591e+02
7.344099999999999682e+02
7.353400000000000318e+02
7.355299999999999727e+02
7.356699999999999591e+02
7.357599999999999909e+02
7.366399999999999864e+02
7.375399999999999636e+02
7.382400000000000091e+02
7.384800000000000182e+02
7.385199999999999818e+02
7.388500000000000227e+02
7.396699999999999591e+02
7.399099999999999682e+02
7.402699999999999818e+02
7.404199999999999591e+02
7.408400000000000318e+02
7.409700000000000273e+02
7.412300000000000182e+02
7.416699999999999591e+02
7.416699999999999591e+02
7.418799999999999955e+02
7.422200000000000273e+02
7.437000000000000455e+02
7.437599999999999909e+02
7.438700000000000045e+02
7.439199999999999591e+02
7.442000000000000455e+02
7.450099999999999909e+02
7.451100000000000136e+02
7.456900000000000546e+02
7.459099999999999682e+02
7.462000000000000455e+02
7.467200000000000273e+02
7.472200000000000273e+02
7.474099999999999682e+02
7.476499999999999773e+02
7.478100000000000591e+02
7.480600000000000591e+02
7.481800000000000637e+02
7.488000000000000682e+02
7.493899999999999864e+02
7.494600000000000364e+02
7.497500000000000000e+02
7.497899999999999636e+02
7.503500000000000227e+02
7.514800000000000182e+02
7.516399999999999864e+02
7.523100000000000591e+02
7.527599999999999909e+02
7.534900000000000091e+02
7.535099999999999909e+02
7.535500000000000682e+02
7.536100000000000136e+02
7.545099999999999909e+02
7.545900000000000318e+02
7.549600000000000364e+02
7.550900000000000318e+02
7.551499999999999773e+02
7.553700000000000045e+02
7.554400000000000546e+02
7.557000000000000455e+02
7.558600000000000136e+02
7.568899999999999864e+02
7.574600000000000364e+02
7.574600000000000364e+02
7.575700000000000500e+02
7.579700000000000273e+02
7.583400000000000318e+02
7.589300000000000637e+02
7.590099999999999909e+02
7.593200000000000500e+02
7.598200000000000500e+02
7.600900000000000318e+02
7.601599999999999682e+02
7.608600000000000136e+02
7.609600000000000364e+02
7.613300000000000409e+02
7.618500000000000227e+02
7.621100000000000136e+02
7.625500000000000682e+02
7.641800000000000637e+02
7.642200000000000273e+02
7.643500000000000227e+02
7.646299999999999955e+02
7.647000000000000455e+02
7.648700000000000045e+02
7.655399999999999636e+02
7.656800000000000637e+02
7.669600000000000364e+02
7.671200000000000045e+02
7.677300000000000182e+02
7.678999999999999773e+02
7.680700000000000500e+02
7.685099999999999909e+02
7.688600000000000136e+02
7.699099999999999682e+02
7.702899999999999636e+02
7.703500000000000227e+02
7.706000000000000227e+02
7.709900000000000091e+02
7.712599999999999909e+02
7.717799999999999727e+02
7.723200000000000500e+02
7.723200000000000500e+02
7.736000000000000227e+02
7.739700000000000273e+02
7.740500000000000682e+02
7.743500000000000227e+02
7.754800000000000182e+02
7.756299999999999955e+02
7.758700000000000045e+02
7.764500000000000455e+02
7.765399999999999636e+02
7.767500000000000000e+02
7.773799999999999955e+02
7.775600000000000591e+02
7.778200000000000500e+02
7.782000000000000455e+02
7.787300000000000182e+02
7.788100000000000591e+02
7.792100000000000364e+02
7.797599999999999909e+02
7.798300000000000409e+02
7.801399999999999864e+02
7.806800000000000637e+02
7.814500000000000455e+02
7.814900000000000091e+02
7.816800000000000637e+02
7.821700000000000728e+02
7.831900000000000546e+02
7.837200000000000273e+02
7.842100000000000364e+02
7.844400000000000546e+02
7.845600000000000591e+02
7.845900000000000318e+02
7.849700000000000273e+02
7.852500000000000000e+02
7.855099999999999909e+02
7.862599999999999909e+02
7.864300000000000637e+02
7.867100000000000364e+02
7.876399999999999864e+02
7.878000000000000682e+02
7.878600000000000136e+02
7.882799999999999727e+02
7.883200000000000500e+02
7.884300000000000637e+02
7.891000000000000227e+02
7.891100000000000136e+02
7.908100000000000591e+02
7.910900000000000318e+02
7.911200000000000045e+02
7.912000000000000455e+02
7.916900000000000546e+02
7.921599999999999682e+02
7.925700000000000500e+02
7.927799999999999727e+02
7.928600000000000136e+02
7.929600000000000364e+02
7.934500000000000455e+02
7.936100000000000136e+02
7.941399999999999864e+02
7.943899999999999864e+02
7.951399999999999864e+02
7.951900000000000546e+02
7.952799999999999727e+02
7.953999999999999773e+02
7.960000000000000000e+02
7.962699999999999818e+02
7.963500000000000227e+02
7.972300000000000182e+02
7.975199999999999818e+02
7.978600000000000136e+02
7.980099999999999909e+02
7.985000000000000000e+02
7.995299999999999727e+02
7.999200000000000728e+02
7.999800000000000182e+02
8.001800000000000637e+02
8.003700000000000045e+02
8.005500000000000682e+02
8.013100000000000591e+02
8.013200000000000500e+02
8.015900000000000318e+02
8.020800000000000409e+02
8.029700000000000273e+02
8.031499999999999773e+02
8.035500000000000682e+02
8.036900000000000546e+02
8.037899999999999636e+02
8.044700000000000273e+02
8.050800000000000409e+02
8.054800000000000182e+02
8.056599999999999682e+02
8.057899999999999636e+02
8.063200000000000500e+02
8.068600000000000136e+02
8.070299999999999727e+02
8.077799999999999727e+02
8.079500000000000455e+02
8.079700000000000273e+02
8.079900000000000091e+02
8.080399999999999636e+02
8.088799999999999955e+02
8.089200000000000728e+02
8.097300000000000182e+02
8.097599999999999909e+02
8.100000000000000000e+02
8.107899999999999636e+02
8.108400000000000318e+02
8.120900000000000318e+02
8.122100000000000364e+02
8.125900000000000318e+02
8.128600000000000136e+02
8.128899999999999864e+02
8.132400000000000091e+02
8.132500000000000000e+02
8.146200000000000045e+02
8.148400000000000318e+02
8.149200000000000728e+02
8.152799999999999727e+02
8.157899999999999636e+02
8.159600000000000364e+02
8.164400000000000546e+02
8.166900000000000546e+02
8.168400000000000318e+02
8.171299999999999955e+02
8.178500000000000227e+02
8.180600000000000591e+02
8.183200000000000500e+02
8.186399999999999864e+02
8.186599999999999682e+02
8.192400000000000091e+02
8.193000000000000682e+02
8.195500000000000682e+02
8.200199999999999818e+02
8.203899999999999864e+02
8.205399999999999636e+02
8.216900000000000546e+02
8.219400000000000546e+02
8.226499999999999773e+02
8.229600000000000364e+02
8.231000000000000227e+02
8.238899999999999864e+02
8.244200000000000728e+02
8.247200000000000273e+02
8.250600000000000591e+02
8.252400000000000091e+02
8.258200000000000500e+02
8.258500000000000227e+02
8.259900000000000091e+02
8.260399999999999636e+02
8.261000000000000227e+02
8.261100000000000136e+02
8.261499999999999773e+02
8.264900000000000091e+02
8.268899999999999864e+02
8.269300000000000637e+02
8.273300000000000409e+02
8.282000000000000455e+02
8.283200000000000500e+02
8.289500000000000455e+02
8.289600000000000364e+02
8.298000000000000682e+02
8.302799999999999727e+02
8.308500000000000227e+02
8.314600000000000364e+02
8.315900000000000318e+02
8.318200000000000500e+02
8.318500000000000227e+02
8.320700000000000500e+02
8.322000000000000455e+02
8.324800000000000182e+02
8.326800000000000637e+02
8.339900000000000091e+02
8.340900000000000318e+02
8.341299999999999955e+02
8.343999999999999773e+02
8.347500000000000000e+02
8.348799999999999955e+02
8.348999999999999773e+02
8.351100000000000136e+02
8.352699999999999818e+02
8.364500000000000455e+02
8.365399999999999636e+02
8.365800000000000409e+02
8.367200000000000273e+02
8.367699999999999818e+02
8.368799999999999955e+02
8.368999999999999773e+02
8.369300000000000637e+02
8.373300000000000409e+02
8.373600000000000136e+02
8.375600000000000591e+02
8.376499999999999773e+02
8.389099999999999682e+02
8.391100000000000136e+02
8.392799999999999727e+02
8.393600000000000136e+02
8.397200000000000273e+02
8.401200000000000045e+02
8.403000000000000682e+02
8.403200000000000500e+02
8.406800000000000637e+02
8.407799999999999727e+02
8.416000000000000227e+02
8.421200000000000045e+02
8.423200000000000500e+02
8.427300000000000182e+02
8.427300000000000182e+02
8.428100000000000591e+02
8.428300000000000409e+02
8.433799999999999955e+02
8.443999999999999773e+02
8.447699999999999818e+02
8.447799999999999727e+02
8.450900000000000318e+02
8.462500000000000000e+02
8.464700000000000273e+02
8.466800000000000637e+02
8.467300000000000182e+02
8.468100000000000591e+02
8.471299999999999955e+02
8.478200000000000500e+02
8.491599999999999682e+02
8.492400000000000091e+02
8.493400000000000318e+02
8.493500000000000227e+02
8.493600000000000136e+02
8.502000000000000455e+02
8.506200000000000045e+02
8.507699999999999818e+02
8.513799999999999955e+02
8.518200000000000500e+02
8.518600000000000136e+02
8.518999999999999773e+02
8.523300000000000409e+02
8.526599999999999682e+02
8.528100000000000591e+02
8.533400000000000318e+02
8.539099999999999682e+02
8.541200000000000045e+02
8.543200000000000500e+02
8.548200000000000500e+02
8.554800000000000182e+02
8.557200000000000273e+02
8.563700000000000045e+02
8.566100000000000136e+02
8.572599999999999909e+02
8.572699999999999818e+02
8.573200000000000500e+02
8.578999999999999773e+02
8.580399999999999636e+02
8.586299999999999955e+02
8.586599999999999682e+02
8.587400000000000091e+02
8.588500000000000227e+02
8.589200000000000728e+02
8.596599999999999682e+02
8.599300000000000637e+02
8.599600000000000364e+02
8.602300000000000182e+02
8.607000000000000455e+02
8.609600000000000364e+02
8.610800000000000409e+02
8.619400000000000546e+02
8.621100000000000136e+02
8.624200000000000728e+02
8.631100000000000136e+02
8.635600000000000591e+02
8.640199999999999818e+02
8.642100000000000364e+02
8.643000000000000682e+02
8.646000000000000227e+02
8.651800000000000637e+02
8.652799999999999727e+02
8.656399999999999864e+02
8.658400000000000318e+02
8.660700000000000500e+02
8.662100000000000364e+02
8.670199999999999818e+02
8.677599999999999909e+02
8.677699999999999818e+02
8.678300000000000409e+02
8.683799999999999955e+02
8.694099999999999682e+02
8.696700000000000728e+02
8.698300000000000409e+02
8.702799999999999727e+02
8.712899999999999636e+02
8.716000000000000227e+02
8.716900000000000546e+02
8.725700000000000500e+02
8.727200000000000273e+02
8.731000000000000227e+02
8.733200000000000500e+02
8.740700000000000500e+02
8.743899999999999864e+02
8.745800000000000409e+02
8.750399999999999636e+02
8.757200000000000273e+02
8.758300000000000409e+02
8.761800000000000637e+02
8.762200000000000273e+02
8.762300000000000182e+02
8.766299999999999955e+02
8.775700000000000500e+02
8.783600000000000136e+02
8.785199999999999818e+02
8.788100000000000591e+02
8.788700000000000045e+02
8.793500000000000227e+02
8.802799999999999727e+02
8.807599999999999909e+02
8.808300000000000409e+02
8.814700000000000273e+02
8.816900000000000546e+02
8.826100000000000136e+02
8.833200000000000500e+02
8.839400000000000546e+02
8.845900000000000318e+02
8.850099999999999909e+02
8.853700000000000045e+02
8.853799999999999955e+02
8.854900000000000091e+02
8.860700000000000500e+02
8.863000000000000682e+02
8.871399999999999864e+02
8.875900000000000318e+02
8.876900000000000546e+02
8.885000000000000000e+02
8.885600000000000591e+02
8.886499999999999773e+02
8.886800000000000637e+02
8.888799999999999955e+02
8.896100000000000136e+02
8.902400000000000091e+02
8.902400000000000091e+02
8.905900000000000318e+02
8.906000000000000227e+02
8.907100000000000364e+02
8.915399999999999636e+02
8.918200000000000500e+02
8.925800000000000409e+02
8.931499999999999773e+02
8.938700000000000045e+02
8.940800000000000409e+02
8.941499999999999773e+02
8.950000000000000000e+02
8.951900000000000546e+02
8.960199999999999818e+02
8.961299999999999955e+02
8.961900000000000546e+02
8.966800000000000637e+02
8.968600000000000136e+02
8.969300000000000637e+02
8.974400000000000546e+02
8.980000000000000000e+02
8.983400000000000318e+02
8.985800000000000409e+02
8.987799999999999727e+02
8.996399999999999864e+02
8.998100000000000591e+02
8.998799999999999955e+02
9.006800000000000637e+02
9.008700000000000045e+02
9.009500000000000455e+02
9.016499999999999773e+02
9.021100000000000136e+02
9.023100000000000591e+02
9.024500000000000455e+02
9.029800000000000182e+02
9.031299999999999955e+02
9.033600000000000136e+02
9.036000000000000227e+02
9.042599999999999909e+02
9.049099999999999682e+02
9.050000000000000000e+02
9.050500000000000682e+02
9.052300000000000182e+02
9.052699999999999818e+02
9.055299999999999727e+02
9.060000000000000000e+02
9.064700000000000273e+02
9.067799999999999727e+02
9.072599999999999909e+02
9.072899999999999636e+02
9.074500000000000455e+02
9.084600000000000364e+02
9.085000000000000000e+02
9.085600000000000591e+02
9.089500000000000455e+02
9.095800000000000409e+02
9.096299999999999955e+02
9.096499999999999773e+02
9.107000000000000455e+02
9.107000000000000455e+02
9.111299999999999955e+02
9.119200000000000728e+02
9.132699999999999818e+02
9.133000000000000682e+02
9.133300000000000409e+02
9.138500000000000227e+02
9.148899999999999864e+02
9.149300000000000637e+02
9.149800000000000182e+02
9.153200000000000500e+02
9.158100000000000591e+02
9.167899999999999636e+02
9.172699999999999818e+02
9.173300000000000409e+02
9.181200000000000045e+02
9.190800000000000409e+02
9.196599999999999682e+02
9.200000000000000000e+02
9.201100000000000136e+02
9.202599999999999909e+02
9.203100000000000591e+02
9.215000000000000000e+02
9.223400000000000318e+02
9.239800000000000182e+02
9.244500000000000455e+02
9.245600000000000591e+02
9.250700000000000500e+02
9.254200000000000728e+02
9.254300000000000637e+02
9.263000000000000682e+02
9.265900000000000318e+02
9.265900000000000318e+02
9.266100000000000136e+02
9.274500000000000455e+02
9.274800000000000182e+02
9.274800000000000182e+02
9.280600000000000591e+02
9.280900000000000318e+02
9.288400000000000318e+02
9.289500000000000455e+02
9.300700000000000500e+02
9.307300000000000182e+02
9.309400000000000546e+02
9.317799999999999727e+02
9.319099999999999682e+02
9.320900000000000318e+02
9.321100000000000136e+02
9.328500000000000227e+02
9.334300000000000637e+02
9.334700000000000273e+02
9.339099999999999682e+02
9.339500000000000455e+02
9.342400000000000091e+02
9.343300000000000409e+02
9.351499999999999773e+02
9.352799999999999727e+02
9.353400000000000318e+02
9.354700000000000273e+02
9.359800000000000182e+02
9.365199999999999818e+02
9.365199999999999818e+02
9.371700000000000728e+02
9.377599999999999909e+02
9.378999999999999773e+02
9.381700000000000728e+02
9.382500000000000000e+02
9.387899999999999636e+02
9.388000000000000682e+02
9.397100000000000364e+02
9.397899999999999636e+02
9.399400000000000546e+02
9.402200000000000273e+02
9.425299999999999727e+02
9.425500000000000682e+02
9.425900000000000318e+02
9.426299999999999955e+02
9.430000000000000000e+02
9.435000000000000000e+02
9.444400000000000546e+02
9.447799999999999727e+02
9.448400000000000318e+02
9.450700000000000500e+02
9.453100000000000591e+02
9.454400000000000546e+02
9.454500000000000455e+02
9.455399999999999636e+02
9.471599999999999682e+02
9.474099999999999682e+02
9.474900000000000091e+02
9.476200000000000045e+02
9.476200000000000045e+02
9.478999999999999773e+02
9.484300000000000637e+02
9.486800000000000637e+02
9.492799999999999727e+02
9.492899999999999636e+02
9.501599999999999682e+02
9.510000000000000000e+02
9.511900000000000546e+02
9.518700000000000045e+02
9.524600000000000364e+02
9.527100000000000364e+02
9.528600000000000136e+02
9.533200000000000500e+02
9.533799999999999955e+02
9.545099999999999909e+02
9.551299999999999955e+02
9.556399999999999864e+02
9.562100000000000364e+02
9.563300000000000409e+02
9.564900000000000091e+02
9.568899999999999864e+02
9.573999999999999773e+02
9.574200000000000728e+02
9.575299999999999727e+02
9.576700000000000728e+02
9.577200000000000273e+02
9.578600000000000136e+02
9.587699999999999818e+02
9.591399999999999864e+02
9.596800000000000637e+02
9.598300000000000409e+02
9.601800000000000637e+02
9.607899999999999636e+02
9.608600000000000136e+02
9.611399999999999864e+02
9.614300000000000637e+02
9.617200000000000273e+02
9.619900000000000091e+02
9.620900000000000318e+02
9.622000000000000455e+02
9.622100000000000364e+02
9.623500000000000227e+02
9.628200000000000500e+02
9.635199999999999818e+02
9.635600000000000591e+02
9.639300000000000637e+02
9.647899999999999636e+02
9.650900000000000318e+02
9.652100000000000364e+02
9.659300000000000637e+02
9.660099999999999909e+02
9.661000000000000227e+02
9.661700000000000728e+02
9.662899999999999636e+02
9.668899999999999864e+02
9.687000000000000455e+02
9.691599999999999682e+02
9.693200000000000500e+02
9.694200000000000728e+02
9.699800000000000182e+02
9.700399999999999636e+02
9.701200000000000045e+02
9.701800000000000637e+02
9.706399999999999864e+02
9.707500000000000000e+02
9.721599999999999682e+02
9.723400000000000318e+02
9.727699999999999818e+02
9.730099999999999909e+02
9.740299999999999727e+02
9.743300000000000409e+02
9.744300000000000637e+02
9.749600000000000364e+02
9.750900000000000318e+02
9.769099999999999682e+02
9.775900000000000318e+02
9.776299999999999955e+02
9.780700000000000500e+02
9.789800000000000182e+02
9.795800000000000409e+02
9.797899999999999636e+02
9.798899999999999864e+02
9.806399999999999864e+02
9.814600000000000364e+02
9.830900000000000318e+02
9.831299999999999955e+02
9.832500000000000000e+02
9.837400000000000091e+02
9.837500000000000000e+02
9.841000000000000227e+02
9.841499999999999773e+02
9.855099999999999909e+02
9.857900000000000773e+02
9.858400000000000318e+02
9.864600000000000364e+02
9.864900000000000091e+02
9.867900000000000773e+02
9.876200000000000045e+02
9.883300000000000409e+02
9.883500000000000227e+02
9.891800000000000637e+02
9.903600000000000136e+02
9.903799999999999955e+02
9.913000000000000682e+02
9.913600000000000136e+02
9.916100000000000136e+02
9.923899999999999864e+02
9.926000000000000227e+02
9.928300000000000409e+02
9.929099999999999682e+02
9.934500000000000455e+02
9.940600000000000591e+02
9.946700000000000728e+02
9.948600000000000136e+02
9.953100000000000591e+02
9.956000000000000227e+02
9.957599999999999909e+02
9.958899999999999864e+02
9.962000000000000455e+02
9.962500000000000000e+02
9.972200000000000273e+02
9.975600000000000591e+02
9.976299999999999955e+02
9.978000000000000682e+02
9.983100000000000591e+02
9.985700000000000500e+02
9.988300000000000409e+02
9.989300000000000637e+02
