6.190000000000000391e+00
2.555000000000000071e+01
4.573000000000000398e+01
5.682000000000000028e+01
6.589000000000000057e+01
7.543999999999999773e+01
8.545000000000000284e+01
8.784000000000000341e+01
9.501999999999999602e+01
1.062100000000000080e+02
1.150799999999999983e+02
1.246700000000000017e+02
1.353100000000000023e+02
1.451700000000000159e+02
1.767700000000000102e+02
1.857100000000000080e+02
1.945200000000000102e+02
2.042800000000000011e+02
2.147100000000000080e+02
2.251700000000000159e+02
2.342500000000000000e+02
2.458000000000000114e+02
2.560699999999999932e+02
2.640000000000000000e+02
2.739700000000000273e+02
2.840300000000000296e+02
2.956100000000000136e+02
3.036000000000000227e+02
3.057599999999999909e+02
3.139700000000000273e+02
3.238299999999999841e+02
3.440799999999999841e+02
3.535000000000000000e+02
3.556700000000000159e+02
3.635500000000000114e+02
3.829499999999999886e+02
3.934499999999999886e+02
4.031299999999999955e+02
4.142699999999999818e+02
4.327699999999999818e+02
4.430000000000000000e+02
4.529900000000000091e+02
4.646999999999999886e+02
4.731299999999999955e+02
4.854200000000000159e+02
4.944399999999999977e+02
5.138400000000000318e+02
5.226900000000000546e+02
5.429600000000000364e+02
5.528899999999999864e+02
5.733100000000000591e+02
5.922699999999999818e+02
6.039800000000000182e+02
6.116100000000000136e+02
6.219900000000000091e+02
6.334500000000000455e+02
6.510099999999999909e+02
6.537300000000000182e+02
6.714400000000000546e+02
6.923799999999999955e+02
6.997699999999999818e+02
7.113000000000000682e+02
7.316499999999999773e+02
7.338200000000000500e+02
7.417100000000000364e+02
7.608000000000000682e+02
7.715299999999999727e+02
7.810399999999999636e+02
7.911000000000000227e+02
8.023999999999999773e+02
8.106900000000000546e+02
8.128200000000000500e+02
8.211499999999999773e+02
8.296499999999999773e+02
8.320399999999999636e+02
8.510000000000000000e+02
8.612300000000000182e+02
8.794700000000000273e+02
8.816299999999999955e+02
8.894900000000000091e+02
9.007599999999999909e+02
9.190900000000000318e+02
9.328000000000000682e+02
9.418600000000000136e+02
9.485800000000000409e+02
9.583799999999999955e+02
9.619800000000000182e+02
9.988400000000000318e+02
1.541999999999999993e+01
2.721000000000000085e+01
5.528000000000000114e+01
1.063700000000000045e+02
1.156700000000000017e+02
1.451400000000000148e+02
2.535399999999999920e+02
3.136200000000000045e+02
3.233100000000000023e+02
3.729700000000000273e+02
4.021999999999999886e+02
4.119300000000000068e+02
5.113100000000000023e+02
5.212799999999999727e+02
6.302500000000000000e+02
6.385700000000000500e+02
6.499400000000000546e+02
6.597500000000000000e+02
6.882799999999999727e+02
7.090700000000000500e+02
7.293200000000000500e+02
7.783300000000000409e+02
8.193899999999999864e+02
8.268799999999999955e+02
8.669700000000000273e+02
8.893999999999999773e+02
9.667699999999999818e+02
9.878200000000000500e+02
8.643799999999999955e+02
1.170799999999999983e+02
3.296000000000000227e+02
4.501500000000000341e+02
4.607800000000000296e+02
5.599700000000000273e+02
5.719800000000000182e+02
6.518799999999999955e+02
6.933100000000000591e+02
7.021499999999999773e+02
7.414199999999999591e+02
7.527599999999999909e+02
7.632300000000000182e+02
7.080000000000000071e+00
1.616000000000000014e+01
2.614000000000000057e+01
3.623000000000000398e+01
4.603000000000000114e+01
9.749000000000000909e+01
1.061299999999999955e+02
1.265400000000000063e+02
1.368700000000000045e+02
1.477199999999999989e+02
1.772100000000000080e+02
2.178300000000000125e+02
2.368000000000000114e+02
2.466700000000000159e+02
2.676499999999999773e+02
2.782300000000000182e+02
2.880600000000000023e+02
2.979200000000000159e+02
3.276700000000000159e+02
3.369700000000000273e+02
3.485500000000000114e+02
3.578799999999999955e+02
3.678400000000000318e+02
3.782699999999999818e+02
4.085099999999999909e+02
4.174399999999999977e+02
4.195699999999999932e+02
4.289499999999999886e+02
4.473400000000000318e+02
4.780000000000000000e+02
4.889000000000000341e+02
5.086399999999999864e+02
5.374300000000000637e+02
5.583600000000000136e+02
5.689500000000000455e+02
5.797000000000000455e+02
5.892599999999999909e+02
5.991800000000000637e+02
6.192699999999999818e+02
6.289400000000000546e+02
6.393400000000000318e+02
6.575399999999999636e+02
6.703899999999999864e+02
6.792699999999999818e+02
6.905199999999999818e+02
7.095000000000000000e+02
7.299700000000000273e+02
7.399300000000000637e+02
7.895500000000000682e+02
7.998799999999999955e+02
8.419700000000000273e+02
8.704600000000000364e+02
8.899099999999999682e+02
9.115700000000000500e+02
9.217899999999999636e+02
9.303500000000000227e+02
9.603700000000000045e+02
9.701900000000000546e+02
9.817000000000000455e+02
9.903799999999999955e+02
5.629999999999999893e+00
1.595000000000000107e+01
2.544999999999999929e+01
3.592999999999999972e+01
4.627000000000000313e+01
5.520000000000000284e+01
5.734000000000000341e+01
6.590000000000000568e+01
7.618999999999999773e+01
8.615000000000000568e+01
9.637999999999999545e+01
1.062300000000000040e+02
1.161899999999999977e+02
1.259099999999999966e+02
1.363000000000000114e+02
1.461200000000000045e+02
1.559600000000000080e+02
1.580399999999999920e+02
1.658600000000000136e+02
1.761200000000000045e+02
1.860500000000000114e+02
1.881599999999999966e+02
1.965800000000000125e+02
2.063000000000000114e+02
2.163499999999999943e+02
2.272400000000000091e+02
2.362599999999999909e+02
2.461400000000000148e+02
2.560300000000000296e+02
2.657200000000000273e+02
2.770099999999999909e+02
2.866500000000000341e+02
2.965500000000000114e+02
3.063199999999999932e+02
3.159499999999999886e+02
3.362800000000000296e+02
3.454900000000000091e+02
3.571500000000000341e+02
3.651700000000000159e+02
3.672599999999999909e+02
3.775099999999999909e+02
3.863100000000000023e+02
3.969000000000000341e+02
4.061500000000000341e+02
4.168299999999999841e+02
4.264000000000000341e+02
4.360300000000000296e+02
4.471999999999999886e+02
4.564000000000000341e+02
4.586000000000000227e+02
4.653100000000000023e+02
4.756100000000000136e+02
4.778100000000000023e+02
4.878000000000000114e+02
4.966200000000000045e+02
5.060500000000000114e+02
5.164400000000000546e+02
5.251499999999999773e+02
5.273100000000000591e+02
5.384199999999999591e+02
5.468700000000000045e+02
5.564099999999999682e+02
5.665399999999999636e+02
5.787599999999999909e+02
5.862599999999999909e+02
5.968799999999999955e+02
6.077500000000000000e+02
6.156699999999999591e+02
6.180900000000000318e+02
6.354900000000000091e+02
6.379199999999999591e+02
6.460700000000000500e+02
6.558500000000000227e+02
6.666000000000000227e+02
6.694199999999999591e+02
6.767000000000000455e+02
6.870299999999999727e+02
6.962400000000000091e+02
7.064700000000000273e+02
7.172200000000000273e+02
7.268200000000000500e+02
7.359300000000000637e+02
7.454400000000000546e+02
7.772400000000000091e+02
7.868100000000000591e+02
7.964400000000000546e+02
8.065800000000000409e+02
8.185000000000000000e+02
8.254800000000000182e+02
8.276800000000000637e+02
8.370000000000000000e+02
8.462500000000000000e+02
8.571299999999999955e+02
8.683700000000000045e+02
8.765700000000000500e+02
8.792500000000000000e+02
8.883000000000000682e+02
8.968200000000000500e+02
9.077400000000000091e+02
9.177699999999999818e+02
9.275099999999999909e+02
9.372100000000000364e+02
9.495800000000000409e+02
9.566100000000000136e+02
9.665600000000000591e+02
9.691299999999999955e+02
9.761200000000000045e+02
9.795299999999999727e+02
9.869400000000000546e+02
9.978799999999999955e+02
6.339999999999999858e+00
1.558999999999999986e+01
2.500000000000000000e+01
2.728999999999999915e+01
3.598000000000000398e+01
4.567999999999999972e+01
5.721000000000000085e+01
6.621999999999999886e+01
7.517000000000000171e+01
8.598999999999999488e+01
9.529000000000000625e+01
1.051000000000000085e+02
1.154300000000000068e+02
1.258800000000000097e+02
1.351700000000000159e+02
1.452800000000000011e+02
1.561200000000000045e+02
1.759799999999999898e+02
1.855999999999999943e+02
1.951200000000000045e+02
1.972899999999999920e+02
2.051899999999999977e+02
2.150099999999999909e+02
2.257100000000000080e+02
2.353900000000000148e+02
2.444200000000000159e+02
2.465900000000000034e+02
2.553499999999999943e+02
2.648199999999999932e+02
2.751200000000000045e+02
2.847200000000000273e+02
2.946600000000000250e+02
3.048899999999999864e+02
3.070199999999999818e+02
3.148000000000000114e+02
3.256800000000000068e+02
3.355699999999999932e+02
3.447099999999999795e+02
3.468700000000000045e+02
3.546700000000000159e+02
3.649000000000000341e+02
3.740900000000000318e+02
3.846800000000000068e+02
3.939900000000000091e+02
4.055600000000000023e+02
4.137100000000000364e+02
4.158299999999999841e+02
4.241100000000000136e+02
4.346299999999999955e+02
4.461299999999999955e+02
4.539800000000000182e+02
4.563700000000000045e+02
4.648700000000000045e+02
4.750600000000000023e+02
4.840799999999999841e+02
4.950400000000000205e+02
5.043100000000000023e+02
5.147400000000000091e+02
5.240800000000000409e+02
5.262300000000000182e+02
5.337400000000000091e+02
5.450900000000000318e+02
5.537000000000000455e+02
5.643999999999999773e+02
5.745600000000000591e+02
5.842000000000000455e+02
5.948899999999999864e+02
6.038200000000000500e+02
6.138700000000000045e+02
6.238999999999999773e+02
6.259900000000000091e+02
6.334500000000000455e+02
6.363600000000000136e+02
6.432200000000000273e+02
6.454800000000000182e+02
6.558400000000000318e+02
6.636399999999999864e+02
6.733300000000000409e+02
6.757400000000000091e+02
6.847699999999999818e+02
6.933200000000000500e+02
6.956399999999999864e+02
7.042200000000000273e+02
7.136499999999999773e+02
7.255600000000000591e+02
7.357200000000000273e+02
7.434600000000000364e+02
7.534099999999999682e+02
7.556200000000000045e+02
7.643899999999999864e+02
7.731000000000000227e+02
7.752300000000000182e+02
7.831900000000000546e+02
7.853200000000000500e+02
7.946599999999999682e+02
8.030299999999999727e+02
8.058400000000000318e+02
8.138500000000000227e+02
8.239600000000000364e+02
8.332500000000000000e+02
8.354200000000000728e+02
8.437699999999999818e+02
8.544099999999999682e+02
8.650900000000000318e+02
8.735700000000000500e+02
8.837699999999999818e+02
8.929600000000000364e+02
8.951599999999999682e+02
9.051900000000000546e+02
9.122400000000000091e+02
9.143500000000000227e+02
9.222599999999999909e+02
9.254500000000000455e+02
9.331800000000000637e+02
9.427799999999999727e+02
9.449099999999999682e+02
9.517799999999999727e+02
9.540600000000000591e+02
9.623799999999999955e+02
9.651100000000000136e+02
9.742699999999999818e+02
9.919099999999999682e+02
9.940299999999999727e+02
