5.500000000000000000e+00
6.030000000000000249e+00
7.009999999999999787e+00
8.060000000000000497e+00
9.050000000000000711e+00
9.259999999999999787e+00
1.007000000000000028e+01
1.107000000000000028e+01
1.147000000000000064e+01
1.208999999999999986e+01
1.308999999999999986e+01
1.349000000000000021e+01
1.409999999999999964e+01
1.512000000000000099e+01
1.521000000000000085e+01
1.553000000000000114e+01
1.612999999999999901e+01
1.714000000000000057e+01
1.757000000000000028e+01
1.815000000000000213e+01
1.916000000000000014e+01
1.958999999999999986e+01
2.019000000000000128e+01
2.083999999999999986e+01
2.119000000000000128e+01
2.162000000000000099e+01
2.230999999999999872e+01
2.324000000000000199e+01
5.562000000000000455e+01
5.570000000000000284e+01
5.650999999999999801e+01
5.767000000000000171e+01
5.867000000000000171e+01
5.907000000000000028e+01
5.971999999999999886e+01
6.068999999999999773e+01
6.160999999999999943e+01
6.174000000000000199e+01
6.271000000000000085e+01
6.364999999999999858e+01
6.375000000000000000e+01
6.473000000000000398e+01
6.567000000000000171e+01
6.576000000000000512e+01
6.676999999999999602e+01
6.778000000000000114e+01
6.793999999999999773e+01
6.862999999999999545e+01
6.882999999999999829e+01
6.984000000000000341e+01
6.998999999999999488e+01
7.085000000000000853e+01
7.187999999999999545e+01
7.287999999999999545e+01
7.390000000000000568e+01
1.046899999999999977e+02
1.047699999999999960e+02
1.067999999999999972e+02
1.074800000000000040e+02
1.081000000000000085e+02
1.082699999999999960e+02
1.088200000000000074e+02
1.095400000000000063e+02
1.102900000000000063e+02
1.108500000000000085e+02
1.115600000000000023e+02
1.118900000000000006e+02
1.128700000000000045e+02
1.131700000000000017e+02
1.137699999999999960e+02
1.148799999999999955e+02
1.152600000000000051e+02
1.157900000000000063e+02
1.169000000000000057e+02
1.174200000000000017e+02
1.178400000000000034e+02
1.187900000000000063e+02
1.189200000000000017e+02
1.197000000000000028e+02
1.198799999999999955e+02
1.212600000000000051e+02
1.219099999999999966e+02
1.232900000000000063e+02
1.543100000000000023e+02
1.556899999999999977e+02
1.576100000000000136e+02
1.577400000000000091e+02
1.578300000000000125e+02
1.596400000000000148e+02
1.597899999999999920e+02
1.598700000000000045e+02
1.602100000000000080e+02
1.616599999999999966e+02
1.618799999999999955e+02
1.619399999999999977e+02
1.631400000000000148e+02
1.636800000000000068e+02
1.639000000000000057e+02
1.640000000000000000e+02
1.657000000000000171e+02
1.659200000000000159e+02
1.660300000000000011e+02
1.671299999999999955e+02
1.677299999999999898e+02
1.680500000000000114e+02
1.680800000000000125e+02
1.697500000000000000e+02
1.701100000000000136e+02
1.701299999999999955e+02
1.718000000000000114e+02
2.041100000000000136e+02
2.060200000000000102e+02
2.060300000000000011e+02
2.065600000000000023e+02
2.076299999999999955e+02
2.080600000000000023e+02
2.081700000000000159e+02
2.085800000000000125e+02
2.101200000000000045e+02
2.101899999999999977e+02
2.105900000000000034e+02
2.121500000000000057e+02
2.122100000000000080e+02
2.126100000000000136e+02
2.141700000000000159e+02
2.143100000000000023e+02
2.146200000000000045e+02
2.162000000000000171e+02
2.166299999999999955e+02
2.168100000000000023e+02
2.179300000000000068e+02
2.182400000000000091e+02
2.186500000000000057e+02
2.188300000000000125e+02
2.202899999999999920e+02
2.208600000000000136e+02
2.225800000000000125e+02
2.239399999999999977e+02
2.542400000000000091e+02
2.546500000000000057e+02
2.553499999999999943e+02
2.568999999999999773e+02
2.570799999999999841e+02
2.574300000000000068e+02
2.589300000000000068e+02
2.591100000000000136e+02
2.600699999999999932e+02
2.601700000000000159e+02
2.609499999999999886e+02
2.611399999999999864e+02
2.622099999999999795e+02
2.624900000000000091e+02
2.629599999999999795e+02
2.631600000000000250e+02
2.642699999999999818e+02
2.649800000000000182e+02
2.649900000000000091e+02
2.651899999999999977e+02
2.663000000000000114e+02
2.670099999999999909e+02
2.674100000000000250e+02
2.683199999999999932e+02
2.690300000000000296e+02
2.703500000000000227e+02
2.710500000000000114e+02
2.730799999999999841e+02
3.037800000000000296e+02
3.044700000000000273e+02
3.051100000000000136e+02
3.056299999999999955e+02
3.058299999999999841e+02
3.069100000000000250e+02
3.076600000000000250e+02
3.080099999999999909e+02
3.082400000000000091e+02
3.089399999999999977e+02
3.099300000000000068e+02
3.102699999999999818e+02
3.109599999999999795e+02
3.120199999999999818e+02
3.122900000000000205e+02
3.129800000000000182e+02
3.140699999999999932e+02
3.143100000000000023e+02
3.150000000000000000e+02
3.161299999999999955e+02
3.163500000000000227e+02
3.170199999999999818e+02
3.184399999999999977e+02
3.190300000000000296e+02
3.190500000000000114e+02
3.192699999999999818e+02
3.205099999999999909e+02
3.210600000000000023e+02
3.217699999999999818e+02
3.227800000000000296e+02
3.235500000000000114e+02
3.532400000000000091e+02
3.534900000000000091e+02
3.551800000000000068e+02
3.555400000000000205e+02
3.571299999999999955e+02
3.572900000000000205e+02
3.576200000000000045e+02
3.578400000000000318e+02
3.593100000000000023e+02
3.596399999999999864e+02
3.601000000000000227e+02
3.613600000000000136e+02
3.616700000000000159e+02
3.621299999999999955e+02
3.629800000000000182e+02
3.633799999999999955e+02
3.637099999999999795e+02
3.642800000000000296e+02
3.654000000000000341e+02
3.657300000000000182e+02
3.663000000000000114e+02
3.674200000000000159e+02
3.677500000000000000e+02
3.683199999999999932e+02
3.694300000000000068e+02
3.697699999999999818e+02
3.703799999999999955e+02
3.714900000000000091e+02
3.720600000000000023e+02
3.736899999999999977e+02
4.034499999999999886e+02
4.040500000000000114e+02
4.049000000000000341e+02
4.055400000000000205e+02
4.060799999999999841e+02
4.069700000000000273e+02
4.075900000000000318e+02
4.077300000000000182e+02
4.081299999999999955e+02
4.090000000000000000e+02
4.096399999999999864e+02
4.101500000000000341e+02
4.110199999999999818e+02
4.110900000000000318e+02
4.117100000000000364e+02
4.121999999999999886e+02
4.130500000000000114e+02
4.137500000000000000e+02
4.140799999999999841e+02
4.142200000000000273e+02
4.150600000000000023e+02
4.160000000000000000e+02
4.163299999999999841e+02
4.170699999999999932e+02
4.187200000000000273e+02
4.191000000000000227e+02
4.207599999999999909e+02
4.213899999999999864e+02
4.234200000000000159e+02
4.536200000000000045e+02
4.546399999999999864e+02
4.558100000000000023e+02
4.559399999999999977e+02
4.566999999999999886e+02
4.579600000000000364e+02
4.584800000000000182e+02
4.597800000000000296e+02
4.599900000000000091e+02
4.605199999999999818e+02
4.619000000000000341e+02
4.620099999999999909e+02
4.625400000000000205e+02
4.639300000000000068e+02
4.640300000000000296e+02
4.645699999999999932e+02
4.659300000000000068e+02
4.660500000000000114e+02
4.665900000000000318e+02
4.680699999999999932e+02
4.683400000000000318e+02
4.686100000000000136e+02
4.706299999999999955e+02
4.712900000000000205e+02
4.726899999999999977e+02
5.014200000000000159e+02
5.034600000000000364e+02
5.042100000000000364e+02
5.045099999999999909e+02
5.046800000000000068e+02
5.060000000000000000e+02
5.062599999999999909e+02
5.065300000000000296e+02
5.067100000000000364e+02
5.083799999999999955e+02
5.085600000000000023e+02
5.087200000000000273e+02
5.089300000000000068e+02
5.106399999999999864e+02
5.107500000000000000e+02
5.113799999999999955e+02
5.114600000000000364e+02
5.127000000000000455e+02
5.130700000000000500e+02
5.134099999999999682e+02
5.147200000000000273e+02
5.151100000000000136e+02
5.157100000000000364e+02
5.167699999999999818e+02
5.171399999999999864e+02
5.188500000000000227e+02
5.191599999999999682e+02
5.211900000000000546e+02
5.235499999999999545e+02
5.515600000000000591e+02
5.532400000000000091e+02
5.533300000000000409e+02
5.534099999999999682e+02
5.543899999999999864e+02
5.552899999999999636e+02
5.553799999999999955e+02
5.556900000000000546e+02
5.564099999999999682e+02
5.574099999999999682e+02
5.577100000000000364e+02
5.584500000000000455e+02
5.594600000000000364e+02
5.595399999999999636e+02
5.597300000000000182e+02
5.610099999999999909e+02
5.615099999999999909e+02
5.617500000000000000e+02
5.621800000000000637e+02
5.630500000000000682e+02
5.635600000000000591e+02
5.638700000000000045e+02
5.656800000000000637e+02
5.657799999999999727e+02
5.658799999999999955e+02
5.677000000000000455e+02
5.678999999999999773e+02
5.697899999999999636e+02
5.699199999999999591e+02
5.719400000000000546e+02
5.723000000000000682e+02
6.002799999999999727e+02
6.020500000000000682e+02
6.036900000000000546e+02
6.041200000000000045e+02
6.048300000000000409e+02
6.054900000000000091e+02
6.057300000000000182e+02
6.061499999999999773e+02
6.068700000000000045e+02
6.077500000000000000e+02
6.081800000000000637e+02
6.088899999999999864e+02
6.090000000000000000e+02
6.097799999999999727e+02
6.101900000000000546e+02
6.109199999999999591e+02
6.118100000000000591e+02
6.122100000000000364e+02
6.123999999999999773e+02
6.129400000000000546e+02
6.139099999999999682e+02
6.142400000000000091e+02
6.149600000000000364e+02
6.162599999999999909e+02
6.162699999999999818e+02
6.169800000000000182e+02
6.182899999999999636e+02
6.190099999999999909e+02
6.211800000000000637e+02
6.238100000000000591e+02
6.511200000000000045e+02
6.532500000000000000e+02
6.534600000000000364e+02
6.540000000000000000e+02
6.549099999999999682e+02
6.553100000000000591e+02
6.563999999999999773e+02
6.569300000000000637e+02
6.574400000000000546e+02
6.584300000000000637e+02
6.589500000000000455e+02
6.594700000000000273e+02
6.604400000000000546e+02
6.609700000000000273e+02
6.615199999999999818e+02
6.624500000000000455e+02
6.629900000000000091e+02
6.638500000000000227e+02
6.644600000000000364e+02
6.650099999999999909e+02
6.658799999999999955e+02
6.664800000000000182e+02
6.670299999999999727e+02
6.685000000000000000e+02
6.691299999999999955e+02
6.710099999999999909e+02
6.730900000000000318e+02
7.005500000000000682e+02
7.022100000000000364e+02
7.022899999999999636e+02
7.034900000000000091e+02
7.042899999999999636e+02
7.043100000000000591e+02
7.047000000000000455e+02
7.062899999999999636e+02
7.063300000000000409e+02
7.063400000000000318e+02
7.083300000000000409e+02
7.083500000000000227e+02
7.083899999999999864e+02
7.103400000000000318e+02
7.103799999999999955e+02
7.106900000000000546e+02
7.123600000000000136e+02
7.123999999999999773e+02
7.128500000000000227e+02
7.143899999999999864e+02
7.144500000000000455e+02
7.159099999999999682e+02
7.164199999999999591e+02
7.164800000000000182e+02
7.184400000000000546e+02
7.185199999999999818e+02
7.204600000000000364e+02
7.224800000000000182e+02
7.502899999999999636e+02
7.513000000000000682e+02
7.527000000000000455e+02
7.533700000000000045e+02
7.537699999999999818e+02
7.550500000000000682e+02
7.553899999999999864e+02
7.558100000000000591e+02
7.559700000000000273e+02
7.574099999999999682e+02
7.582200000000000273e+02
7.582300000000000182e+02
7.594300000000000637e+02
7.602400000000000091e+02
7.602599999999999909e+02
7.614500000000000455e+02
7.622599999999999909e+02
7.623100000000000591e+02
7.634700000000000273e+02
7.642699999999999818e+02
7.648999999999999773e+02
7.655000000000000000e+02
7.662799999999999727e+02
7.675399999999999636e+02
7.683000000000000682e+02
7.703300000000000409e+02
7.706800000000000637e+02
7.723799999999999955e+02
7.998700000000000045e+02
8.020000000000000000e+02
8.023300000000000409e+02
8.033700000000000045e+02
8.040199999999999818e+02
8.043500000000000227e+02
8.043799999999999955e+02
8.060399999999999636e+02
8.063700000000000045e+02
8.063999999999999773e+02
8.082799999999999727e+02
8.083899999999999864e+02
8.084200000000000728e+02
8.093400000000000318e+02
8.103000000000000682e+02
8.104300000000000637e+02
8.105399999999999636e+02
8.124700000000000273e+02
8.124900000000000091e+02
8.125700000000000500e+02
8.144900000000000091e+02
8.145399999999999636e+02
8.146100000000000136e+02
8.165299999999999727e+02
8.166200000000000045e+02
8.186499999999999773e+02
8.191800000000000637e+02
8.209400000000000546e+02
8.212200000000000273e+02
8.240000000000000000e+02
8.487899999999999636e+02
8.492899999999999636e+02
8.505099999999999909e+02
8.509900000000000091e+02
8.525399999999999636e+02
8.530299999999999727e+02
8.545600000000000591e+02
8.549300000000000637e+02
8.554700000000000273e+02
8.561399999999999864e+02
8.566000000000000227e+02
8.569600000000000364e+02
8.575299999999999727e+02
8.586200000000000045e+02
8.589800000000000182e+02
8.595700000000000500e+02
8.606299999999999955e+02
8.610099999999999909e+02
8.619300000000000637e+02
8.626599999999999682e+02
8.630299999999999727e+02
8.645900000000000318e+02
8.647300000000000182e+02
8.650399999999999636e+02
8.667599999999999909e+02
8.670900000000000318e+02
8.688500000000000227e+02
8.691100000000000136e+02
8.715800000000000409e+02
8.978999999999999773e+02
8.989099999999999682e+02
9.009400000000000546e+02
9.020299999999999727e+02
9.030000000000000000e+02
9.044900000000000091e+02
9.046200000000000045e+02
9.050199999999999818e+02
9.058799999999999955e+02
9.065199999999999818e+02
9.070399999999999636e+02
9.075099999999999909e+02
9.085500000000000682e+02
9.090800000000000409e+02
9.095399999999999636e+02
9.105700000000000500e+02
9.115600000000000591e+02
9.120399999999999636e+02
9.126000000000000227e+02
9.135800000000000409e+02
9.146200000000000045e+02
9.155900000000000318e+02
9.176000000000000227e+02
9.179600000000000364e+02
9.196200000000000045e+02
9.216399999999999864e+02
9.469800000000000182e+02
9.488500000000000227e+02
9.489500000000000455e+02
9.510000000000000000e+02
9.517500000000000000e+02
9.523899999999999864e+02
9.530199999999999818e+02
9.538200000000000500e+02
9.542400000000000091e+02
9.544200000000000728e+02
9.551100000000000136e+02
9.567400000000000091e+02
9.570800000000000409e+02
9.572500000000000000e+02
9.588899999999999864e+02
9.591200000000000045e+02
9.606000000000000227e+02
9.608999999999999773e+02
9.611399999999999864e+02
9.629300000000000637e+02
9.631599999999999682e+02
9.639500000000000455e+02
9.649900000000000091e+02
9.652100000000000364e+02
9.670099999999999909e+02
9.672500000000000000e+02
9.690299999999999727e+02
9.716499999999999773e+02
9.738200000000000500e+02
9.987599999999999909e+02
