4.058972624523193673e+01
3.363407776707026642e+01
3.711190200615109802e+01
4.473614891593746812e+00
6.436437368752694788e+00
5.455026130173220800e+00
8.221480721325358232e+00
2.713857393602690404e+00
5.467669057464024540e+00
1.413632255756291300e+01
2.015608726298527031e+01
1.714620491027409344e+01
2.134605395055871213e+01
1.213107060116501223e+01
1.673856227586186307e+01
3.288809631033029035e+01
-2.663505258363280603e+01
3.126521863348742158e+00
3.882913316142841609e+01
3.320383868199166244e+01
3.601648592171004282e+01
8.999997269258679466e+01
8.999997269258679466e+01
8.999997269258679466e+01
1.000000000000000000e+00
3.000000000000000000e+01
