2.309261391634638017e+01
-2.182719623896237238e+01
6.327088386920038943e-01
3.801394517630166092e+01
2.895899033386119115e+01
3.348646775508142781e+01
5.657035028403103638e+01
1.474203658476809764e+01
3.565619343439956879e+01
6.308730826396509883e+01
-2.439179226670947642e+01
1.934775799862781298e+01
8.999997269258679466e+01
2.040645220427644091e+01
5.520321244843161423e+01
8.999997269258679466e+01
3.218214018428187728e+01
6.109105643843433597e+01
8.999997269258679466e+01
-3.968560034833426187e+01
2.515718617212626640e+01
8.999997269258679466e+01
-8.999999879258173507e+01
-1.304999747020474388e-05
1.000000000000000000e+00
0.000000000000000000e+00
