1.474169931122393962e+01
8.999999999999998579e+01
5.237084965561196270e+01
8.999997269258679466e+01
8.999997269258679466e+01
8.999997269258679466e+01
8.910817764997565860e+01
8.999997269258679466e+01
8.955407517128122663e+01
8.999997269258679466e+01
8.999997269258679466e+01
8.999997269258679466e+01
8.999997269258679466e+01
8.999997269258679466e+01
8.999997269258679466e+01
8.999997269258679466e+01
8.999997269258679466e+01
8.999997269258679466e+01
8.999997269258679466e+01
nan
nan
8.999997269258679466e+01
nan
nan
1.000000000000000000e+00
7.500000000000000000e+01
