-9.000000000000001421e+01
-1.115172406999826649e+01
-5.057586203499914035e+01
-9.000000000000000000e+01
-9.000000000000000000e+01
-9.000000000000000000e+01
-9.000000000000000000e+01
-9.000000000000000000e+01
-9.000000000000000000e+01
-9.000000000000000000e+01
-9.000000000000000000e+01
-9.000000000000000000e+01
-5.375251671680820920e+01
-5.167403133715900765e+01
-5.271327402698361198e+01
-4.357135009698403394e+01
-7.243457152558495693e+01
-5.800296081128449543e+01
-3.780552172040843573e+01
-3.971729237223404141e+01
-3.876140704632123857e+01
-2.247081739880835372e+01
-9.000000000000000000e+01
-5.623540869940417508e+01
0.000000000000000000e+00
-9.000000000000000000e+01
