4.960000000000000000e+02 4.870000000000000000e+02 4.930000000000000000e+02 4.790000000000000000e+02 4.830000000000000000e+02 4.760000000000000000e+02 4.910000000000000000e+02 4.790000000000000000e+02 4.810000000000000000e+02 4.920000000000000000e+02 4.820000000000000000e+02 4.990000000000000000e+02 4.890000000000000000e+02
4.310000000000000000e+02 4.170000000000000000e+02 4.180000000000000000e+02 4.100000000000000000e+02 4.020000000000000000e+02 4.020000000000000000e+02 4.140000000000000000e+02 3.970000000000000000e+02 4.160000000000000000e+02 4.110000000000000000e+02 4.130000000000000000e+02 4.170000000000000000e+02 4.190000000000000000e+02
3.370000000000000000e+02 3.240000000000000000e+02 3.250000000000000000e+02 3.200000000000000000e+02 2.990000000000000000e+02 3.040000000000000000e+02 3.230000000000000000e+02 3.090000000000000000e+02 3.130000000000000000e+02 3.130000000000000000e+02 3.100000000000000000e+02 3.170000000000000000e+02 3.050000000000000000e+02
2.410000000000000000e+02 2.140000000000000000e+02 2.270000000000000000e+02 2.230000000000000000e+02 1.960000000000000000e+02 2.130000000000000000e+02 2.190000000000000000e+02 2.090000000000000000e+02 2.170000000000000000e+02 2.170000000000000000e+02 2.060000000000000000e+02 2.000000000000000000e+02 2.070000000000000000e+02
1.610000000000000000e+02 1.250000000000000000e+02 1.480000000000000000e+02 1.230000000000000000e+02 1.240000000000000000e+02 1.340000000000000000e+02 1.250000000000000000e+02 1.160000000000000000e+02 1.170000000000000000e+02 1.330000000000000000e+02 1.180000000000000000e+02 1.280000000000000000e+02 1.310000000000000000e+02
9.900000000000000000e+01 8.100000000000000000e+01 9.800000000000000000e+01 7.900000000000000000e+01 7.600000000000000000e+01 7.700000000000000000e+01 7.700000000000000000e+01 6.700000000000000000e+01 7.200000000000000000e+01 8.000000000000000000e+01 6.900000000000000000e+01 8.200000000000000000e+01 7.200000000000000000e+01
6.700000000000000000e+01 5.200000000000000000e+01 7.100000000000000000e+01 5.800000000000000000e+01 5.500000000000000000e+01 4.600000000000000000e+01 5.600000000000000000e+01 4.700000000000000000e+01 5.100000000000000000e+01 5.300000000000000000e+01 4.100000000000000000e+01 5.100000000000000000e+01 3.900000000000000000e+01
5.100000000000000000e+01 4.100000000000000000e+01 5.600000000000000000e+01 5.100000000000000000e+01 4.100000000000000000e+01 3.300000000000000000e+01 4.300000000000000000e+01 3.500000000000000000e+01 3.500000000000000000e+01 3.800000000000000000e+01 3.200000000000000000e+01 4.000000000000000000e+01 3.100000000000000000e+01
4.800000000000000000e+01 3.600000000000000000e+01 4.700000000000000000e+01 4.400000000000000000e+01 3.500000000000000000e+01 2.900000000000000000e+01 4.100000000000000000e+01 3.100000000000000000e+01 2.800000000000000000e+01 3.300000000000000000e+01 1.900000000000000000e+01 3.400000000000000000e+01 2.500000000000000000e+01
3.900000000000000000e+01 3.300000000000000000e+01 4.200000000000000000e+01 4.000000000000000000e+01 3.300000000000000000e+01 2.800000000000000000e+01 3.600000000000000000e+01 2.500000000000000000e+01 2.400000000000000000e+01 2.800000000000000000e+01 1.500000000000000000e+01 3.100000000000000000e+01 1.600000000000000000e+01
