4.960000000000000000e+02 4.870000000000000000e+02 4.930000000000000000e+02 4.790000000000000000e+02 4.830000000000000000e+02 4.760000000000000000e+02 4.910000000000000000e+02 4.790000000000000000e+02 4.810000000000000000e+02 4.920000000000000000e+02 4.820000000000000000e+02 4.990000000000000000e+02 4.890000000000000000e+02
4.230000000000000000e+02 4.110000000000000000e+02 4.150000000000000000e+02 4.120000000000000000e+02 3.990000000000000000e+02 3.970000000000000000e+02 4.090000000000000000e+02 4.050000000000000000e+02 4.200000000000000000e+02 4.070000000000000000e+02 4.140000000000000000e+02 4.210000000000000000e+02 4.170000000000000000e+02
3.280000000000000000e+02 3.230000000000000000e+02 3.080000000000000000e+02 3.170000000000000000e+02 2.920000000000000000e+02 3.030000000000000000e+02 3.210000000000000000e+02 3.070000000000000000e+02 3.220000000000000000e+02 3.210000000000000000e+02 3.130000000000000000e+02 3.270000000000000000e+02 3.150000000000000000e+02
2.240000000000000000e+02 2.010000000000000000e+02 2.140000000000000000e+02 2.230000000000000000e+02 1.920000000000000000e+02 2.130000000000000000e+02 2.200000000000000000e+02 2.150000000000000000e+02 2.190000000000000000e+02 2.300000000000000000e+02 2.270000000000000000e+02 2.210000000000000000e+02 2.390000000000000000e+02
1.270000000000000000e+02 1.150000000000000000e+02 1.270000000000000000e+02 1.140000000000000000e+02 1.150000000000000000e+02 1.230000000000000000e+02 1.140000000000000000e+02 1.300000000000000000e+02 1.280000000000000000e+02 1.420000000000000000e+02 1.410000000000000000e+02 1.420000000000000000e+02 1.510000000000000000e+02
7.200000000000000000e+01 6.200000000000000000e+01 7.900000000000000000e+01 6.300000000000000000e+01 6.200000000000000000e+01 7.200000000000000000e+01 7.000000000000000000e+01 7.400000000000000000e+01 8.500000000000000000e+01 9.500000000000000000e+01 8.600000000000000000e+01 9.700000000000000000e+01 9.300000000000000000e+01
4.600000000000000000e+01 4.000000000000000000e+01 5.000000000000000000e+01 4.600000000000000000e+01 4.500000000000000000e+01 4.600000000000000000e+01 4.700000000000000000e+01 5.000000000000000000e+01 5.400000000000000000e+01 6.800000000000000000e+01 5.900000000000000000e+01 6.300000000000000000e+01 6.700000000000000000e+01
3.200000000000000000e+01 3.500000000000000000e+01 3.600000000000000000e+01 3.500000000000000000e+01 3.200000000000000000e+01 3.400000000000000000e+01 3.800000000000000000e+01 3.500000000000000000e+01 4.100000000000000000e+01 5.200000000000000000e+01 4.800000000000000000e+01 5.300000000000000000e+01 5.300000000000000000e+01
2.900000000000000000e+01 2.900000000000000000e+01 3.100000000000000000e+01 3.100000000000000000e+01 2.700000000000000000e+01 3.000000000000000000e+01 3.300000000000000000e+01 3.300000000000000000e+01 3.800000000000000000e+01 4.800000000000000000e+01 4.300000000000000000e+01 4.600000000000000000e+01 5.100000000000000000e+01
2.500000000000000000e+01 2.200000000000000000e+01 2.600000000000000000e+01 2.700000000000000000e+01 2.600000000000000000e+01 2.500000000000000000e+01 3.100000000000000000e+01 2.600000000000000000e+01 3.200000000000000000e+01 4.000000000000000000e+01 3.500000000000000000e+01 4.200000000000000000e+01 4.400000000000000000e+01
