-9.000000000000001421e+01
-1.115172406999826649e+01
-5.057586203499914035e+01
-2.002505247405703681e-01
-1.996332933472157734e-01
-1.999419090438930846e-01
-2.043176404717305383e-01
-2.031060780351501838e-01
-2.037118592534403749e-01
-2.059219423968179363e-01
-2.051398102615914210e-01
-2.055308763292046925e-01
-2.075138124255537508e-01
-2.070667481009863531e-01
-2.072902802632700658e-01
-2.085025450358757859e-01
-2.082636594108967232e-01
-2.083831022233862407e-01
-2.090935351683221310e-01
-2.089776293468914858e-01
-2.090355822576068223e-01
-2.094866001668108380e-01
-2.093739114345144481e-01
-2.094302558006626569e-01
0.000000000000000000e+00
-9.000000000000000000e+01
