-8.662344096489832168e+00
-3.146117675487173670e+01
-2.006176042568078444e+01
-1.985563253639875958e-01
-1.984416110838006508e-01
-1.984989682238941233e-01
-2.024325776753869988e-01
-2.024000891164615401e-01
-2.024163333959242694e-01
-2.051423319648900678e-01
-2.051398102615914210e-01
-2.051410711132407583e-01
-2.070837929757927964e-01
-2.070667481009863531e-01
-2.070752705383895886e-01
-2.082744716482761993e-01
-2.082636594108967232e-01
-2.082690655295864612e-01
-2.089180010023862222e-01
-2.089776293468914858e-01
-2.089478151746388401e-01
-2.093656556399795809e-01
-2.093739114345144481e-01
-2.093697835372470006e-01
0.000000000000000000e+00
-1.500000000000000000e+01
