1.474169931122393962e+01
5.505271391849480267e+01
3.489720661485937114e+01
1.975706763518028097e-01
1.974559620784357150e-01
1.975133192151192763e-01
2.014469284304335750e-01
2.014144398734778463e-01
2.014306841519556968e-01
2.041566825545369501e-01
2.045363943330598122e-01
2.043465384437983812e-01
2.060981434455798345e-01
2.060810985718306287e-01
2.060896210087052316e-01
2.072888220439945417e-01
2.081078855128417615e-01
2.076983537784181655e-01
2.079323513578952565e-01
2.083045104921944224e-01
2.081184309250448394e-01
2.083800059674447147e-01
2.085009504866889296e-01
2.084404782270668222e-01
1.000000000000000000e+00
6.000000000000000000e+01
