8.999999717443105851e+01
4.314225428746176760e+01
6.657112573094642016e+01
1.975706763518028097e-01
1.974559620784357150e-01
1.975133192151192763e-01
2.014469284304335750e-01
2.019177966455697748e-01
2.016823625380016749e-01
2.043361522567378463e-01
2.045363943330598122e-01
2.044362732948988293e-01
2.063298491636327281e-01
2.063298491636327281e-01
2.063298491636327281e-01
2.072888220439945417e-01
2.073195252378564890e-01
2.073041736409255154e-01
2.079323513578952565e-01
2.079919796986684777e-01
2.079621655282818671e-01
2.083800059674447147e-01
2.083882617614618293e-01
2.083841338644532581e-01
1.000000000000000000e+00
4.500000000000000000e+01
