4.058972624523193673e+01
3.363407776707026642e+01
3.711190200615109802e+01
1.975706763518028097e-01
1.974559620784357150e-01
1.975133192151192763e-01
2.014469284304335750e-01
2.014144398734778463e-01
2.014306841519556968e-01
2.041566825545369501e-01
2.041541608513932071e-01
2.041554217029650786e-01
2.060981434455798345e-01
2.060810985718306287e-01
2.060896210087052316e-01
2.072888220439945417e-01
2.072780098072895816e-01
2.072834159256420616e-01
2.079323513578952565e-01
2.081078855128417615e-01
2.080201184353684951e-01
2.083800059674447147e-01
2.086972060174556165e-01
2.085386059924501656e-01
1.000000000000000000e+00
3.000000000000000000e+01
