-8.148784803263801280e+01
-2.999012684305647269e+01
-5.573898743784724275e+01
-1.986003009842553790e-01
-1.984416110838006508e-01
-1.985209560340280288e-01
-2.035107355371255367e-01
-2.024000891164615401e-01
-2.029554123267935384e-01
-2.061216000769758305e-01
-2.051398102615914210e-01
-2.056307051692836119e-01
-2.081076170245186596e-01
-2.070667481009863531e-01
-2.075871825627524925e-01
-2.090935351683221310e-01
-2.085025450358757859e-01
-2.087980401020989585e-01
-2.094866001668108380e-01
-2.089776293468914858e-01
-2.092321147568511619e-01
-2.096828557098983359e-01
-2.093739114345144481e-01
-2.095283835722063781e-01
0.000000000000000000e+00
-7.500000000000000000e+01
