2.309261391634638017e+01
-2.182719623896237238e+01
6.327088386920038943e-01
1.975706763518028097e-01
1.974559620784357150e-01
1.975133192151192763e-01
2.014469284304335750e-01
2.014144398734778463e-01
2.014306841519556968e-01
2.041566825545369501e-01
2.041541608513932071e-01
2.041554217029650786e-01
2.061313451245229966e-01
2.060810985718306287e-01
2.061062218481768127e-01
2.075168954173577662e-01
2.073195252378564890e-01
2.074182103276071276e-01
2.079323513578952565e-01
2.079919796986684777e-01
2.079621655282818671e-01
2.083800059674447147e-01
2.083882617614618293e-01
2.083841338644532581e-01
1.000000000000000000e+00
0.000000000000000000e+00
