-2.232760547902256576e+01
-5.861020650766853635e+01
-4.046890599334555105e+01
-1.985563253639875958e-01
-1.984416110838006508e-01
-1.984989682238941233e-01
-2.024325776753869988e-01
-2.024000891164615401e-01
-2.024163333959242694e-01
-2.057220904827439245e-01
-2.051398102615914210e-01
-2.054309503721676866e-01
-2.081076170245186596e-01
-2.075138124255537508e-01
-2.078107147250362052e-01
-2.088967246682018053e-01
-2.086997281335711274e-01
-2.087982264008864663e-01
-2.092901601599955752e-01
-2.090935351683221310e-01
-2.091918476641588531e-01
-2.094866001668108380e-01
-2.093739114345144481e-01
-2.094302558006626569e-01
0.000000000000000000e+00
-3.000000000000000000e+01
