1.474169931122393962e+01
5.505271391849480267e+01
3.489720661485937114e+01
5.792311299832531546e+01
5.242514523826702799e+01
5.517412911829617173e+01
8.910818579433552600e+01
4.645444296803629669e+01
6.778131438118590779e+01
6.308730782734524212e+01
3.029846558196342698e+01
4.669288670465433455e+01
2.134605395053101162e+01
-5.417110464624469657e+00
7.964471742953270983e+00
5.720342062403295813e+01
8.999749770974867147e+01
7.360045916689081480e+01
8.999997269258679466e+01
5.167286749438692084e+01
7.083642009348685065e+01
8.999997269258679466e+01
1.100583295089158398e+01
5.050290282173919110e+01
6.000000000000000000e+01
