-2.232760547902256576e+01
-5.861020650766853635e+01
-4.046890599334555105e+01
-2.741584329309352341e+01
-3.726245715126170666e+01
-3.233915022217761503e+01
-5.853282156059419350e+01
-3.944555855547135792e+01
-4.898919005803277571e+01
-7.449445328614943662e+01
8.999997269258679466e+01
7.752759703218679022e+00
-9.000000000000000000e+01
8.999997269258679466e+01
-1.365370660266762570e-05
-7.205124717649012211e+01
8.999997269258679466e+01
8.974362758048336275e+00
-5.898044976000679895e+01
8.999997269258679466e+01
1.550976146628999786e+01
-2.247081763599371129e+01
8.999997269258679466e+01
3.376457752829654169e+01
-3.000000000000000000e+01
