-3.313212376420457872e+01
-8.999999816249173534e+01
-6.156606096334815703e+01
-6.027019595775485783e+01
-6.800516020827599561e+01
-6.413767808301543027e+01
-7.695435099241542787e+01
-9.000000000000000000e+01
-8.347717549620770683e+01
-6.530853365489036833e+01
8.999997269258679466e+01
1.234571951884821317e+01
-5.375251667318422477e+01
8.999997269258679466e+01
1.812372800970128495e+01
-4.357135022081564557e+01
8.999997269258679466e+01
2.321431123588557455e+01
-3.780552166358570076e+01
8.999997269258679466e+01
2.609722551450054695e+01
-2.247081763599371129e+01
8.999997269258679466e+01
3.376457752829654169e+01
-4.500000000000000000e+01
