-4.867936480506149621e+01
-4.492600049008619578e+01
-4.680268264757384600e+01
-9.000000000000000000e+01
-9.000000000000000000e+01
-9.000000000000000000e+01
-9.000000000000000000e+01
-9.000000000000000000e+01
-9.000000000000000000e+01
-6.530853365489036833e+01
8.999997269258679466e+01
1.234571951884821317e+01
-3.109231972670465538e+01
8.999997269258679466e+01
2.945382648294106787e+01
-3.231468093717926138e+01
8.999997269258679466e+01
2.884264587770376664e+01
-1.789446643391983471e+01
8.999997269258679466e+01
3.605275312933348175e+01
-6.317742824162733228e+01
8.999997269258679466e+01
1.341127222547973119e+01
-6.000000000000000000e+01
