8.999999717443105851e+01
4.314225428746176760e+01
6.657112573094642016e+01
1.913647839614414536e+01
4.899492276438107297e+01
3.406570058026260739e+01
6.334472129821287467e+01
6.312605722054095736e+01
6.323538925937691602e+01
8.999997269258679466e+01
3.029846558196342698e+01
6.014921913727511082e+01
8.999997269258679466e+01
1.961294024521406243e+01
5.480645646890042855e+01
8.999997269258679466e+01
-1.654510570722265594e+00
4.417273106093226431e+01
8.999997269258679466e+01
-2.690973737997353155e+01
3.154511765630662978e+01
8.999997269258679466e+01
-4.274900311387906271e+01
2.362548478935386598e+01
4.500000000000000000e+01
