-8.662344096489832168e+00
-3.146117675487173670e+01
-2.006176042568078444e+01
-3.987245490759095645e+01
-6.106436507462157692e+01
-5.046840999110627024e+01
-2.899133838074061487e+01
-5.740126061144459158e+01
-4.319629949609260677e+01
-5.216219674517277838e+01
8.999997269258679466e+01
1.891888797370700814e+01
-3.109231972670465538e+01
8.999997269258679466e+01
2.945382648294106787e+01
3.283723079153304525e+01
8.999997269258679466e+01
6.141860174205991996e+01
3.878706356555349544e+01
8.999997269258679466e+01
6.439351812907014505e+01
1.794780401892444743e+01
8.999997269258679466e+01
5.397388835575561927e+01
-1.500000000000000000e+01
