1.474169931122393962e+01
8.999999999999998579e+01
5.237084965561196270e+01
8.999997269258679466e+01
8.999997266590636968e+01
8.999997267924658217e+01
8.910818579433552600e+01
8.999997266590636968e+01
8.955407923012094784e+01
8.999997269258679466e+01
8.999997269258679466e+01
8.999997269258679466e+01
8.999997269258679466e+01
8.999997269258679466e+01
8.999997269258679466e+01
8.999997269258679466e+01
8.999749770974867147e+01
8.999873520116773307e+01
8.999997269258679466e+01
nan
nan
8.999997269258679466e+01
nan
nan
7.500000000000000000e+01
