6.771999999999999886e+01
8.179999999999999716e+01
1.243800000000000097e+02
2.104500000000000171e+02
2.386299999999999955e+02
2.577599999999999909e+02
2.965799999999999841e+02
3.474800000000000182e+02
3.796299999999999955e+02
3.949800000000000182e+02
4.050199999999999818e+02
4.200300000000000296e+02
4.559800000000000182e+02
4.621999999999999886e+02
5.179700000000000273e+02
6.379600000000000364e+02
6.879500000000000455e+02
7.046599999999999682e+02
8.028600000000000136e+02
8.190199999999999818e+02
9.321700000000000728e+02
9.762100000000000364e+02
9.833000000000000682e+02
