3.149999999999999911e+00
7.310000000000000497e+00
1.539000000000000057e+01
1.887999999999999901e+01
2.723000000000000043e+01
3.556000000000000227e+01
4.281000000000000227e+01
4.725999999999999801e+01
5.518999999999999773e+01
5.902000000000000313e+01
6.299000000000000199e+01
7.160999999999999943e+01
7.526999999999999602e+01
7.926000000000000512e+01
8.343999999999999773e+01
8.693999999999999773e+01
9.107000000000000739e+01
9.462999999999999545e+01
1.073299999999999983e+02
1.189500000000000028e+02
1.237699999999999960e+02
1.271400000000000006e+02
1.309900000000000091e+02
1.349799999999999898e+02
1.387800000000000011e+02
1.430399999999999920e+02
1.469900000000000091e+02
1.547199999999999989e+02
1.589399999999999977e+02
1.628900000000000148e+02
1.668700000000000045e+02
1.712000000000000171e+02
1.749099999999999966e+02
1.790399999999999920e+02
1.831599999999999966e+02
1.874500000000000171e+02
1.909000000000000057e+02
1.949200000000000159e+02
2.034399999999999977e+02
2.070500000000000114e+02
2.114500000000000171e+02
2.149200000000000159e+02
2.228900000000000148e+02
2.269000000000000057e+02
2.347500000000000000e+02
2.394699999999999989e+02
2.427599999999999909e+02
2.470699999999999932e+02
2.631999999999999886e+02
2.670900000000000318e+02
2.708600000000000136e+02
2.789499999999999886e+02
2.865799999999999841e+02
2.949700000000000273e+02
2.986299999999999955e+02
3.027099999999999795e+02
3.069300000000000068e+02
3.113000000000000114e+02
3.151399999999999864e+02
3.190799999999999841e+02
3.269000000000000341e+02
3.348100000000000023e+02
3.392599999999999909e+02
3.429800000000000182e+02
3.465099999999999909e+02
3.509300000000000068e+02
3.592699999999999818e+02
3.667900000000000205e+02
3.709300000000000068e+02
3.746600000000000250e+02
3.828600000000000136e+02
3.866000000000000227e+02
3.910600000000000023e+02
3.943400000000000318e+02
3.990799999999999841e+02
4.025500000000000114e+02
4.064100000000000250e+02
4.108600000000000136e+02
4.270900000000000318e+02
4.305099999999999909e+02
4.343799999999999955e+02
4.391800000000000068e+02
4.425500000000000114e+02
4.466800000000000068e+02
4.512500000000000000e+02
4.545900000000000318e+02
4.585199999999999818e+02
4.823000000000000114e+02
4.866500000000000341e+02
4.945600000000000023e+02
5.022900000000000205e+02
5.144500000000000455e+02
5.185399999999999636e+02
5.232799999999999727e+02
5.306200000000000045e+02
5.385800000000000409e+02
5.427000000000000455e+02
5.543799999999999955e+02
5.587000000000000455e+02
5.663300000000000409e+02
5.706200000000000045e+02
5.905000000000000000e+02
6.102500000000000000e+02
6.146100000000000136e+02
6.186000000000000227e+02
6.224900000000000091e+02
6.261800000000000637e+02
6.303899999999999864e+02
6.345199999999999818e+02
6.382799999999999727e+02
6.463600000000000136e+02
6.543999999999999773e+02
6.578600000000000136e+02
6.665099999999999909e+02
6.702400000000000091e+02
6.743100000000000591e+02
6.828600000000000136e+02
6.860299999999999727e+02
6.903300000000000409e+02
6.985000000000000000e+02
7.023999999999999773e+02
7.141599999999999682e+02
7.223100000000000591e+02
7.263400000000000318e+02
7.299900000000000091e+02
7.345900000000000318e+02
7.381599999999999682e+02
7.423600000000000136e+02
7.467100000000000364e+02
7.502599999999999909e+02
7.540099999999999909e+02
7.583300000000000409e+02
7.623600000000000136e+02
7.702000000000000455e+02
7.745000000000000000e+02
7.780299999999999727e+02
7.819600000000000364e+02
7.943000000000000682e+02
8.021900000000000546e+02
8.064099999999999682e+02
8.143999999999999773e+02
8.180199999999999818e+02
8.263899999999999864e+02
8.299300000000000637e+02
8.339600000000000364e+02
8.381100000000000136e+02
8.419500000000000455e+02
8.464900000000000091e+02
8.503899999999999864e+02
8.582500000000000000e+02
8.665700000000000500e+02
8.700099999999999909e+02
8.820800000000000409e+02
8.904200000000000728e+02
8.938500000000000227e+02
8.986200000000000045e+02
9.058999999999999773e+02
9.100299999999999727e+02
9.181700000000000728e+02
9.298799999999999955e+02
9.336599999999999682e+02
9.376399999999999864e+02
9.460600000000000591e+02
9.582899999999999636e+02
9.620500000000000682e+02
9.661499999999999773e+02
9.818300000000000409e+02
9.858899999999999864e+02
9.900099999999999909e+02
9.937900000000000773e+02
