2.819999999999999840e+00
6.650000000000000355e+00
1.104000000000000092e+01
1.528000000000000114e+01
1.867999999999999972e+01
2.700000000000000000e+01
3.528000000000000114e+01
4.264000000000000057e+01
4.707000000000000028e+01
5.506000000000000227e+01
5.885999999999999943e+01
6.275999999999999801e+01
6.709999999999999432e+01
7.140999999999999659e+01
7.498000000000000398e+01
7.906000000000000227e+01
8.335999999999999943e+01
8.682999999999999829e+01
9.093999999999999773e+01
9.443999999999999773e+01
1.031700000000000017e+02
1.070000000000000000e+02
1.109500000000000028e+02
1.185600000000000023e+02
1.230600000000000023e+02
1.269000000000000057e+02
1.307700000000000102e+02
1.347500000000000000e+02
1.385600000000000023e+02
1.428400000000000034e+02
1.468499999999999943e+02
1.545200000000000102e+02
1.585600000000000023e+02
1.625500000000000114e+02
1.666899999999999977e+02
1.709000000000000057e+02
1.747100000000000080e+02
1.788100000000000023e+02
1.825200000000000102e+02
1.870800000000000125e+02
1.907700000000000102e+02
1.948300000000000125e+02
1.987599999999999909e+02
2.032100000000000080e+02
2.068499999999999943e+02
2.112599999999999909e+02
2.147400000000000091e+02
2.193900000000000148e+02
2.227000000000000171e+02
2.267199999999999989e+02
2.306700000000000159e+02
2.344900000000000091e+02
2.386899999999999977e+02
2.425900000000000034e+02
2.464699999999999989e+02
2.510000000000000000e+02
2.550900000000000034e+02
2.629700000000000273e+02
2.668799999999999955e+02
2.705300000000000296e+02
2.787900000000000205e+02
2.863500000000000227e+02
2.948299999999999841e+02
2.983799999999999955e+02
3.025799999999999841e+02
3.067800000000000296e+02
3.111800000000000068e+02
3.149900000000000091e+02
3.183899999999999864e+02
3.267300000000000182e+02
3.305699999999999932e+02
3.344900000000000091e+02
3.390300000000000296e+02
3.423700000000000045e+02
3.463899999999999864e+02
3.506200000000000045e+02
3.589900000000000091e+02
3.665799999999999841e+02
3.708000000000000114e+02
3.744800000000000182e+02
3.784399999999999977e+02
3.827500000000000000e+02
3.864800000000000182e+02
3.909399999999999977e+02
3.941100000000000136e+02
3.981800000000000068e+02
4.023600000000000136e+02
4.061800000000000068e+02
4.107100000000000364e+02
4.143500000000000227e+02
4.185300000000000296e+02
4.229800000000000182e+02
4.261100000000000136e+02
4.302400000000000091e+02
4.341700000000000159e+02
4.390300000000000296e+02
4.424100000000000250e+02
4.464900000000000091e+02
4.503100000000000023e+02
4.544399999999999977e+02
4.584100000000000250e+02
4.665000000000000000e+02
4.702300000000000182e+02
4.740600000000000023e+02
4.788500000000000227e+02
4.821200000000000045e+02
4.864499999999999886e+02
4.908100000000000023e+02
4.942800000000000296e+02
4.985400000000000205e+02
5.021000000000000227e+02
5.107700000000000387e+02
5.142500000000000000e+02
5.183300000000000409e+02
5.231200000000000045e+02
5.266299999999999955e+02
5.304800000000000182e+02
5.348999999999999773e+02
5.383899999999999864e+02
5.426499999999999773e+02
5.462500000000000000e+02
5.509400000000000546e+02
5.541800000000000637e+02
5.583300000000000409e+02
5.661100000000000136e+02
5.704900000000000091e+02
5.820299999999999727e+02
5.903700000000000045e+02
5.945600000000000591e+02
6.023300000000000409e+02
6.067500000000000000e+02
6.100299999999999727e+02
6.144600000000000364e+02
6.182000000000000455e+02
6.223799999999999955e+02
6.260299999999999727e+02
6.302100000000000364e+02
6.343600000000000136e+02
6.380700000000000500e+02
6.428400000000000318e+02
6.460900000000000318e+02
6.505000000000000000e+02
6.542799999999999727e+02
6.576800000000000637e+02
6.628100000000000591e+02
6.663000000000000682e+02
6.700900000000000318e+02
6.741599999999999682e+02
6.783100000000000591e+02
6.827300000000000182e+02
6.858400000000000318e+02
6.900800000000000409e+02
6.980700000000000500e+02
7.022699999999999818e+02
7.140000000000000000e+02
7.218100000000000591e+02
7.261599999999999682e+02
7.298500000000000227e+02
7.344600000000000364e+02
7.379900000000000091e+02
7.422100000000000364e+02
7.465299999999999727e+02
7.500800000000000409e+02
7.538200000000000500e+02
7.581499999999999773e+02
7.621599999999999682e+02
7.700000000000000000e+02
7.741100000000000136e+02
7.777799999999999727e+02
7.817799999999999727e+02
7.903200000000000500e+02
7.941299999999999955e+02
8.020500000000000682e+02
8.061800000000000637e+02
8.142400000000000091e+02
8.178400000000000318e+02
8.217899999999999636e+02
8.262200000000000273e+02
8.297300000000000182e+02
8.337300000000000182e+02
8.376900000000000546e+02
8.418000000000000682e+02
8.463500000000000227e+02
8.502699999999999818e+02
8.541100000000000136e+02
8.578999999999999773e+02
8.620299999999999727e+02
8.663899999999999864e+02
8.698700000000000045e+02
8.743500000000000227e+02
8.787400000000000091e+02
8.817799999999999727e+02
8.860199999999999818e+02
8.903000000000000682e+02
8.936599999999999682e+02
8.984500000000000455e+02
9.054800000000000182e+02
9.098600000000000136e+02
9.180399999999999636e+02
9.220900000000000318e+02
9.261000000000000227e+02
9.297500000000000000e+02
9.334700000000000273e+02
9.374400000000000546e+02
9.417599999999999909e+02
9.458600000000000136e+02
9.581800000000000637e+02
9.617899999999999636e+02
9.659400000000000546e+02
9.786499999999999773e+02
9.817200000000000273e+02
9.857900000000000773e+02
9.898799999999999955e+02
9.936000000000000227e+02
