7.379999999999999893e+00
3.688000000000000256e+01
4.182999999999999829e+01
4.938000000000000256e+01
1.272199999999999989e+02
1.537700000000000102e+02
1.562199999999999989e+02
2.332899999999999920e+02
3.806800000000000068e+02
3.932400000000000091e+02
3.986200000000000045e+02
4.406700000000000159e+02
4.636000000000000227e+02
4.806100000000000136e+02
4.966299999999999955e+02
6.349400000000000546e+02
6.389199999999999591e+02
6.894900000000000091e+02
7.555399999999999636e+02
8.389200000000000728e+02
8.768100000000000591e+02
8.823200000000000500e+02
9.167799999999999727e+02
9.203700000000000045e+02
9.422699999999999818e+02
9.478600000000000136e+02
9.657400000000000091e+02
9.711800000000000637e+02
9.772400000000000091e+02
9.797400000000000091e+02
9.870800000000000409e+02
7.379999999999999893e+00
3.688000000000000256e+01
4.182999999999999829e+01
4.938000000000000256e+01
5.530000000000000426e+01
6.081000000000000227e+01
6.435999999999999943e+01
1.168100000000000023e+02
1.272199999999999989e+02
1.537500000000000000e+02
1.562100000000000080e+02
2.041500000000000057e+02
2.077100000000000080e+02
2.152000000000000171e+02
2.172500000000000000e+02
2.276599999999999966e+02
2.332800000000000011e+02
2.559000000000000057e+02
2.666899999999999977e+02
2.963700000000000045e+02
3.076899999999999977e+02
3.351800000000000068e+02
3.487099999999999795e+02
3.806800000000000068e+02
3.931999999999999886e+02
3.986100000000000136e+02
4.317200000000000273e+02
4.406700000000000159e+02
4.500900000000000318e+02
4.635099999999999909e+02
4.806000000000000227e+02
4.966299999999999955e+02
5.260800000000000409e+02
5.310499999999999545e+02
5.365900000000000318e+02
5.985800000000000409e+02
6.219700000000000273e+02
6.349300000000000637e+02
6.389199999999999591e+02
6.411100000000000136e+02
6.514500000000000455e+02
6.894900000000000091e+02
6.938799999999999955e+02
6.973400000000000318e+02
7.554500000000000455e+02
7.594099999999999682e+02
7.903999999999999773e+02
7.964400000000000546e+02
8.048400000000000318e+02
8.389200000000000728e+02
8.768100000000000591e+02
8.823200000000000500e+02
9.167799999999999727e+02
9.203700000000000045e+02
9.302599999999999909e+02
9.422400000000000091e+02
9.477799999999999727e+02
9.657400000000000091e+02
9.711800000000000637e+02
9.772400000000000091e+02
9.797400000000000091e+02
9.870800000000000409e+02
7.379999999999999893e+00
3.688000000000000256e+01
4.182999999999999829e+01
4.938000000000000256e+01
6.084000000000000341e+01
1.168299999999999983e+02
1.272199999999999989e+02
1.537500000000000000e+02
1.562100000000000080e+02
2.042300000000000182e+02
2.152100000000000080e+02
2.172599999999999909e+02
2.276599999999999966e+02
2.332800000000000011e+02
2.666999999999999886e+02
2.963700000000000045e+02
3.076999999999999886e+02
3.806800000000000068e+02
3.931999999999999886e+02
3.986200000000000045e+02
4.406700000000000159e+02
4.501000000000000227e+02
4.635099999999999909e+02
4.806100000000000136e+02
4.966299999999999955e+02
5.261299999999999955e+02
5.310700000000000500e+02
6.219800000000000182e+02
6.349300000000000637e+02
6.389199999999999591e+02
6.411499999999999773e+02
6.514900000000000091e+02
6.894900000000000091e+02
6.938999999999999773e+02
6.973600000000000136e+02
7.554600000000000364e+02
7.594199999999999591e+02
8.389200000000000728e+02
8.768100000000000591e+02
8.823200000000000500e+02
9.167799999999999727e+02
9.203700000000000045e+02
9.303000000000000682e+02
9.422400000000000091e+02
9.477899999999999636e+02
9.657400000000000091e+02
9.711800000000000637e+02
9.772400000000000091e+02
9.797400000000000091e+02
9.870800000000000409e+02
7.379999999999999893e+00
3.688000000000000256e+01
4.182999999999999829e+01
4.938000000000000256e+01
1.168400000000000034e+02
1.272199999999999989e+02
1.537500000000000000e+02
1.562100000000000080e+02
2.152300000000000182e+02
2.172800000000000011e+02
2.276700000000000159e+02
2.332800000000000011e+02
2.667099999999999795e+02
2.963899999999999864e+02
3.077099999999999795e+02
3.806800000000000068e+02
3.932100000000000364e+02
3.986200000000000045e+02
4.406700000000000159e+02
4.501200000000000045e+02
4.635199999999999818e+02
4.806100000000000136e+02
4.966299999999999955e+02
5.310800000000000409e+02
6.219800000000000182e+02
6.349400000000000546e+02
6.389199999999999591e+02
6.412100000000000364e+02
6.894900000000000091e+02
6.939099999999999682e+02
6.973899999999999864e+02
7.554600000000000364e+02
7.594300000000000637e+02
8.389200000000000728e+02
8.768100000000000591e+02
8.823200000000000500e+02
9.167799999999999727e+02
9.203700000000000045e+02
9.422500000000000000e+02
9.477899999999999636e+02
9.657400000000000091e+02
9.711800000000000637e+02
9.772400000000000091e+02
9.797400000000000091e+02
9.870800000000000409e+02
7.379999999999999893e+00
3.688000000000000256e+01
4.182999999999999829e+01
4.938000000000000256e+01
1.168599999999999994e+02
1.272199999999999989e+02
1.537500000000000000e+02
1.562100000000000080e+02
2.152500000000000000e+02
2.172899999999999920e+02
2.276800000000000068e+02
2.332800000000000011e+02
2.667200000000000273e+02
2.964000000000000341e+02
3.077300000000000182e+02
3.806800000000000068e+02
3.932100000000000364e+02
3.986200000000000045e+02
4.406700000000000159e+02
4.635300000000000296e+02
4.806100000000000136e+02
4.966299999999999955e+02
5.311000000000000227e+02
6.219900000000000091e+02
6.349400000000000546e+02
6.389199999999999591e+02
6.894900000000000091e+02
6.939300000000000637e+02
6.974199999999999591e+02
7.554700000000000273e+02
7.594500000000000455e+02
8.389200000000000728e+02
8.768100000000000591e+02
8.823200000000000500e+02
9.167799999999999727e+02
9.203700000000000045e+02
9.422500000000000000e+02
9.478000000000000682e+02
9.657400000000000091e+02
9.711800000000000637e+02
9.772400000000000091e+02
9.797400000000000091e+02
9.870800000000000409e+02
7.379999999999999893e+00
3.688000000000000256e+01
4.182999999999999829e+01
4.938000000000000256e+01
1.168900000000000006e+02
1.272199999999999989e+02
1.537599999999999909e+02
1.562199999999999989e+02
2.152800000000000011e+02
2.173199999999999932e+02
2.276800000000000068e+02
2.332800000000000011e+02
3.077599999999999909e+02
3.806800000000000068e+02
3.932100000000000364e+02
3.986200000000000045e+02
4.406700000000000159e+02
4.635300000000000296e+02
4.806100000000000136e+02
4.966299999999999955e+02
5.311299999999999955e+02
6.220000000000000000e+02
6.349400000000000546e+02
6.389199999999999591e+02
6.894900000000000091e+02
6.939400000000000546e+02
7.554800000000000182e+02
7.594800000000000182e+02
8.389200000000000728e+02
8.768100000000000591e+02
8.823200000000000500e+02
9.167799999999999727e+02
9.203700000000000045e+02
9.422500000000000000e+02
9.478100000000000591e+02
9.657400000000000091e+02
9.711800000000000637e+02
9.772400000000000091e+02
9.797400000000000091e+02
9.870800000000000409e+02
7.379999999999999893e+00
3.688000000000000256e+01
4.182999999999999829e+01
4.938000000000000256e+01
1.272199999999999989e+02
1.537599999999999909e+02
1.562199999999999989e+02
2.173000000000000114e+02
2.276899999999999977e+02
2.332899999999999920e+02
3.806800000000000068e+02
3.932200000000000273e+02
3.986200000000000045e+02
4.406700000000000159e+02
4.635400000000000205e+02
4.806100000000000136e+02
4.966299999999999955e+02
6.220199999999999818e+02
6.349400000000000546e+02
6.389199999999999591e+02
6.894900000000000091e+02
6.939700000000000273e+02
7.554800000000000182e+02
8.389200000000000728e+02
8.768100000000000591e+02
8.823200000000000500e+02
9.167799999999999727e+02
9.203700000000000045e+02
9.422500000000000000e+02
9.478200000000000500e+02
9.657400000000000091e+02
9.711800000000000637e+02
9.772400000000000091e+02
9.797400000000000091e+02
9.870800000000000409e+02
7.379999999999999893e+00
3.688000000000000256e+01
4.182999999999999829e+01
4.938000000000000256e+01
1.272199999999999989e+02
1.537599999999999909e+02
1.562199999999999989e+02
2.173100000000000023e+02
2.277000000000000171e+02
2.332899999999999920e+02
3.806800000000000068e+02
3.932200000000000273e+02
3.986200000000000045e+02
4.406700000000000159e+02
4.635500000000000114e+02
4.806100000000000136e+02
4.966299999999999955e+02
6.349400000000000546e+02
6.389199999999999591e+02
6.894900000000000091e+02
6.940099999999999909e+02
7.554900000000000091e+02
8.389200000000000728e+02
8.768100000000000591e+02
8.823200000000000500e+02
9.167799999999999727e+02
9.203700000000000045e+02
9.422500000000000000e+02
9.478200000000000500e+02
9.657400000000000091e+02
9.711800000000000637e+02
9.772400000000000091e+02
9.797400000000000091e+02
9.870800000000000409e+02
7.379999999999999893e+00
3.688000000000000256e+01
4.182999999999999829e+01
4.938000000000000256e+01
1.272199999999999989e+02
1.537599999999999909e+02
1.562199999999999989e+02
2.173199999999999932e+02
2.277100000000000080e+02
2.332899999999999920e+02
3.806800000000000068e+02
3.932300000000000182e+02
3.986200000000000045e+02
4.406700000000000159e+02
4.635600000000000023e+02
4.806100000000000136e+02
4.966299999999999955e+02
6.349400000000000546e+02
6.389199999999999591e+02
6.894900000000000091e+02
7.555000000000000000e+02
8.389200000000000728e+02
8.768100000000000591e+02
8.823200000000000500e+02
9.167799999999999727e+02
9.203700000000000045e+02
9.422599999999999909e+02
9.478300000000000409e+02
9.657400000000000091e+02
9.711800000000000637e+02
9.772400000000000091e+02
9.797400000000000091e+02
9.870800000000000409e+02
7.379999999999999893e+00
3.688000000000000256e+01
4.182999999999999829e+01
4.938000000000000256e+01
1.272199999999999989e+02
1.537700000000000102e+02
1.562199999999999989e+02
2.173300000000000125e+02
2.277199999999999989e+02
2.332899999999999920e+02
3.806800000000000068e+02
3.932300000000000182e+02
3.986200000000000045e+02
4.406700000000000159e+02
4.635699999999999932e+02
4.806100000000000136e+02
4.966299999999999955e+02
6.349400000000000546e+02
6.389199999999999591e+02
6.894900000000000091e+02
7.555099999999999909e+02
8.389200000000000728e+02
8.768100000000000591e+02
8.823200000000000500e+02
9.167799999999999727e+02
9.203700000000000045e+02
9.422599999999999909e+02
9.478400000000000318e+02
9.657400000000000091e+02
9.711800000000000637e+02
9.772400000000000091e+02
9.797400000000000091e+02
9.870800000000000409e+02
