3.680000000000000160e+00
5.719999999999999751e+00
7.750000000000000000e+00
1.158999999999999986e+01
1.391000000000000014e+01
2.153000000000000114e+01
2.562000000000000099e+01
2.767999999999999972e+01
3.157000000000000028e+01
3.361999999999999744e+01
3.571999999999999886e+01
3.963000000000000256e+01
4.370000000000000284e+01
4.767000000000000171e+01
5.550999999999999801e+01
5.962000000000000455e+01
6.964000000000000057e+01
7.165000000000000568e+01
7.384000000000000341e+01
7.778000000000000114e+01
7.979999999999999716e+01
8.184000000000000341e+01
8.385999999999999943e+01
9.360000000000000853e+01
9.743999999999999773e+01
9.954000000000000625e+01
1.035600000000000023e+02
1.055799999999999983e+02
1.075900000000000034e+02
1.096899999999999977e+02
1.136299999999999955e+02
1.156500000000000057e+02
1.176599999999999966e+02
1.216200000000000045e+02
1.275900000000000034e+02
1.314099999999999966e+02
1.334699999999999989e+02
1.379900000000000091e+02
1.416599999999999966e+02
1.436700000000000159e+02
1.496700000000000159e+02
1.516899999999999977e+02
1.537000000000000171e+02
1.557199999999999989e+02
1.578199999999999932e+02
1.598499999999999943e+02
1.618600000000000136e+02
1.639399999999999977e+02
1.659699999999999989e+02
1.696800000000000068e+02
1.716899999999999977e+02
1.755900000000000034e+02
1.794500000000000171e+02
1.815600000000000023e+02
1.856700000000000159e+02
1.878000000000000114e+02
1.913499999999999943e+02
2.036200000000000045e+02
2.056299999999999955e+02
2.076599999999999966e+02
2.114600000000000080e+02
2.136700000000000159e+02
2.156800000000000068e+02
2.176899999999999977e+02
2.212500000000000000e+02
2.237199999999999989e+02
2.257300000000000182e+02
2.277400000000000091e+02
2.355900000000000034e+02
2.376100000000000136e+02
2.458199999999999932e+02
2.493400000000000034e+02
2.513799999999999955e+02
2.536299999999999955e+02
2.574800000000000182e+02
2.595600000000000023e+02
2.637200000000000273e+02
2.657599999999999909e+02
2.730900000000000318e+02
2.754499999999999886e+02
2.774599999999999795e+02
2.794700000000000273e+02
2.814800000000000182e+02
2.836600000000000250e+02
2.874800000000000182e+02
2.895199999999999818e+02
2.950099999999999909e+02
2.974599999999999795e+02
2.996000000000000227e+02
3.016100000000000136e+02
3.056100000000000136e+02
3.076200000000000045e+02
3.133899999999999864e+02
3.156399999999999864e+02
3.195500000000000114e+02
3.215699999999999932e+02
3.235799999999999841e+02
3.255900000000000318e+02
3.313100000000000023e+02
3.334599999999999795e+02
3.354800000000000182e+02
3.374900000000000091e+02
3.412500000000000000e+02
3.476399999999999864e+02
3.496999999999999886e+02
3.517099999999999795e+02
3.570099999999999909e+02
3.592099999999999795e+02
3.612500000000000000e+02
3.633100000000000023e+02
3.753000000000000114e+02
3.773100000000000023e+02
3.793199999999999932e+02
3.813400000000000318e+02
3.833899999999999864e+02
3.857400000000000091e+02
3.890300000000000296e+02
3.935300000000000296e+02
3.974100000000000250e+02
3.996899999999999977e+02
4.052300000000000182e+02
4.073100000000000023e+02
4.112100000000000364e+02
4.133700000000000045e+02
4.153799999999999955e+02
4.173899999999999864e+02
4.194000000000000341e+02
4.214100000000000250e+02
4.234200000000000159e+02
4.270699999999999932e+02
4.353700000000000045e+02
4.391399999999999864e+02
4.414900000000000091e+02
4.435300000000000296e+02
4.511899999999999977e+02
4.535500000000000114e+02
4.555900000000000318e+02
4.576000000000000227e+02
4.596100000000000136e+02
4.616200000000000045e+02
4.650699999999999932e+02
4.670900000000000318e+02
4.733400000000000318e+02
4.754200000000000159e+02
4.775199999999999818e+02
4.812900000000000205e+02
4.833000000000000114e+02
4.853100000000000023e+02
4.892200000000000273e+02
4.912500000000000000e+02
4.932900000000000205e+02
4.972500000000000000e+02
5.012100000000000364e+02
5.032200000000000273e+02
5.069499999999999886e+02
5.091100000000000136e+02
5.111299999999999955e+02
5.132899999999999636e+02
5.153100000000000591e+02
5.192100000000000364e+02
5.229300000000000637e+02
5.272000000000000455e+02
5.310700000000000500e+02
5.330900000000000318e+02
5.351000000000000227e+02
5.371699999999999591e+02
5.429500000000000455e+02
5.453500000000000227e+02
5.510800000000000409e+02
5.572100000000000364e+02
5.592200000000000273e+02
5.651800000000000637e+02
5.731599999999999682e+02
5.751699999999999591e+02
5.791499999999999773e+02
5.832500000000000000e+02
5.893700000000000045e+02
5.971699999999999591e+02
5.991800000000000637e+02
6.011900000000000546e+02
6.032000000000000455e+02
6.052100000000000364e+02
6.089800000000000182e+02
6.110700000000000500e+02
6.151699999999999591e+02
6.172599999999999909e+02
6.192899999999999636e+02
6.230399999999999636e+02
6.331200000000000045e+02
6.351299999999999955e+02
6.371399999999999864e+02
6.391499999999999773e+02
6.412500000000000000e+02
6.432699999999999818e+02
6.531299999999999955e+02
6.570900000000000318e+02
6.591100000000000136e+02
6.611200000000000045e+02
6.631299999999999955e+02
6.671299999999999955e+02
6.691699999999999591e+02
6.712200000000000273e+02
6.732400000000000091e+02
6.808300000000000409e+02
6.831599999999999682e+02
6.851800000000000637e+02
6.872100000000000364e+02
6.927000000000000455e+02
6.949300000000000637e+02
6.973300000000000409e+02
7.008999999999999773e+02
7.029199999999999591e+02
7.051599999999999682e+02
7.071699999999999591e+02
7.127100000000000364e+02
7.192500000000000000e+02
7.212699999999999818e+02
7.232799999999999727e+02
7.252899999999999636e+02
7.307000000000000455e+02
7.349900000000000091e+02
7.373600000000000136e+02
7.393999999999999773e+02
7.429300000000000637e+02
7.506599999999999682e+02
7.528300000000000409e+02
7.548400000000000318e+02
7.571800000000000637e+02
7.592000000000000455e+02
7.612100000000000364e+02
7.632300000000000182e+02
7.666399999999999864e+02
7.688200000000000500e+02
7.708899999999999864e+02
7.730600000000000591e+02
7.769800000000000182e+02
7.790700000000000500e+02
7.829500000000000455e+02
7.849600000000000364e+02
7.890399999999999636e+02
7.910600000000000591e+02
7.949600000000000364e+02
7.990399999999999636e+02
8.010600000000000591e+02
8.048300000000000409e+02
8.068400000000000318e+02
8.090500000000000682e+02
8.130000000000000000e+02
8.169200000000000728e+02
8.189300000000000637e+02
8.247300000000000182e+02
8.388400000000000318e+02
8.408600000000000136e+02
8.428700000000000045e+02
8.488100000000000591e+02
8.508200000000000500e+02
8.546200000000000045e+02
8.569700000000000273e+02
8.590900000000000318e+02
8.611299999999999955e+02
8.631599999999999682e+02
8.688200000000000500e+02
8.708899999999999864e+02
8.729099999999999682e+02
8.828500000000000227e+02
8.887899999999999636e+02
8.926700000000000728e+02
8.946800000000000637e+02
8.969800000000000182e+02
8.990000000000000000e+02
9.028799999999999955e+02
9.067899999999999636e+02
9.129500000000000455e+02
9.149600000000000364e+02
9.170800000000000409e+02
9.210500000000000682e+02
9.245700000000000500e+02
9.287699999999999818e+02
9.348999999999999773e+02
9.369099999999999682e+02
9.389200000000000728e+02
9.409400000000000546e+02
9.429500000000000455e+02
9.463799999999999955e+02
9.506900000000000546e+02
9.529900000000000091e+02
9.588700000000000045e+02
9.689700000000000273e+02
9.726000000000000227e+02
9.747500000000000000e+02
9.790099999999999909e+02
9.827300000000000182e+02
9.847400000000000091e+02
9.867500000000000000e+02
9.887699999999999818e+02
9.908000000000000682e+02
9.988300000000000409e+02
