3.260000000000000231e+00
1.147000000000000064e+01
2.792000000000000171e+01
3.527000000000000313e+01
4.360999999999999943e+01
5.155000000000000426e+01
1.033299999999999983e+02
1.233200000000000074e+02
1.272699999999999960e+02
1.674200000000000159e+02
1.792599999999999909e+02
1.989900000000000091e+02
2.512500000000000000e+02
2.671600000000000250e+02
2.792300000000000182e+02
3.107099999999999795e+02
3.269800000000000182e+02
3.355099999999999909e+02
3.468600000000000136e+02
3.555500000000000114e+02
3.669599999999999795e+02
3.832300000000000182e+02
4.068100000000000023e+02
4.108700000000000045e+02
4.549399999999999977e+02
4.590600000000000023e+02
4.630199999999999818e+02
4.751999999999999886e+02
4.830400000000000205e+02
4.912300000000000182e+02
4.950699999999999932e+02
4.991000000000000227e+02
5.108199999999999932e+02
5.629500000000000455e+02
5.706599999999999682e+02
5.906200000000000045e+02
6.109700000000000273e+02
6.148700000000000045e+02
6.353200000000000500e+02
6.709099999999999682e+02
6.788000000000000682e+02
6.825800000000000409e+02
6.867500000000000000e+02
7.106100000000000136e+02
7.265600000000000591e+02
7.309099999999999682e+02
7.347599999999999909e+02
7.507899999999999636e+02
7.706800000000000637e+02
7.822799999999999727e+02
8.225600000000000591e+02
8.629300000000000637e+02
8.866000000000000227e+02
8.942000000000000455e+02
9.187599999999999909e+02
9.263700000000000045e+02
9.342500000000000000e+02
9.461499999999999773e+02
9.503000000000000682e+02
9.541299999999999955e+02
9.580199999999999818e+02
9.626700000000000728e+02
9.982900000000000773e+02
