1.132000000000000028e+01
1.435999999999999943e+01
1.769999999999999929e+01
1.983000000000000185e+01
5.966000000000000369e+01
6.182000000000000028e+01
6.512000000000000455e+01
6.740999999999999659e+01
7.009000000000000341e+01
7.260999999999999943e+01
1.100000000000000000e+02
1.156299999999999955e+02
1.184000000000000057e+02
1.205799999999999983e+02
1.598400000000000034e+02
1.628400000000000034e+02
1.666500000000000057e+02
1.706500000000000057e+02
2.086100000000000136e+02
2.124200000000000159e+02
2.147199999999999989e+02
2.173400000000000034e+02
2.194699999999999989e+02
2.217199999999999989e+02
2.616299999999999955e+02
2.637699999999999818e+02
2.681800000000000068e+02
3.131600000000000250e+02
3.153100000000000023e+02
3.189700000000000273e+02
3.211200000000000045e+02
3.609200000000000159e+02
3.679300000000000068e+02
3.716700000000000159e+02
4.119200000000000159e+02
4.173100000000000023e+02
4.194600000000000364e+02
4.229800000000000182e+02
4.585500000000000114e+02
4.624100000000000250e+02
4.651700000000000159e+02
4.686299999999999955e+02
4.713899999999999864e+02
5.102300000000000182e+02
5.141900000000000546e+02
5.201200000000000045e+02
5.617300000000000182e+02
5.643200000000000500e+02
5.673999999999999773e+02
5.697000000000000455e+02
6.127000000000000455e+02
6.172100000000000364e+02
6.200800000000000409e+02
6.599199999999999591e+02
6.648600000000000136e+02
6.672100000000000364e+02
6.703200000000000500e+02
6.747899999999999636e+02
7.108100000000000591e+02
7.130299999999999727e+02
7.179500000000000455e+02
7.201900000000000546e+02
7.237899999999999636e+02
7.606699999999999591e+02
7.650000000000000000e+02
7.672200000000000273e+02
7.693600000000000136e+02
7.715900000000000318e+02
8.115700000000000500e+02
8.157100000000000364e+02
8.178300000000000409e+02
8.620800000000000409e+02
8.648600000000000136e+02
8.686800000000000637e+02
8.728400000000000318e+02
9.081399999999999864e+02
9.111900000000000546e+02
9.152400000000000091e+02
9.183700000000000045e+02
9.245099999999999909e+02
9.573700000000000045e+02
9.649099999999999682e+02
9.721000000000000227e+02
