1.041999999999999993e+01
1.315000000000000036e+01
1.642000000000000171e+01
1.865000000000000213e+01
5.846999999999999886e+01
6.394000000000000483e+01
6.632999999999999829e+01
6.715000000000000568e+01
6.898999999999999488e+01
1.087999999999999972e+02
1.145499999999999972e+02
1.146599999999999966e+02
1.172000000000000028e+02
1.188599999999999994e+02
1.196000000000000085e+02
1.616700000000000159e+02
1.625200000000000102e+02
1.660399999999999920e+02
1.693700000000000045e+02
2.090399999999999920e+02
2.130099999999999909e+02
2.135699999999999932e+02
2.164099999999999966e+02
2.181500000000000057e+02
2.183000000000000114e+02
2.207199999999999989e+02
2.604399999999999977e+02
2.620099999999999909e+02
2.627900000000000205e+02
2.645199999999999818e+02
2.669499999999999886e+02
3.119100000000000250e+02
3.141999999999999886e+02
3.145300000000000296e+02
3.176999999999999886e+02
3.200600000000000023e+02
3.225099999999999909e+02
3.596700000000000159e+02
3.599599999999999795e+02
3.666100000000000136e+02
3.703799999999999955e+02
4.106100000000000136e+02
4.159700000000000273e+02
4.181399999999999864e+02
4.574100000000000250e+02
4.611800000000000068e+02
4.650600000000000023e+02
4.673199999999999932e+02
4.708199999999999932e+02
5.090000000000000000e+02
5.128500000000000227e+02
5.142699999999999818e+02
5.187500000000000000e+02
5.196399999999999864e+02
5.631599999999999682e+02
5.643400000000000318e+02
5.663300000000000409e+02
5.680900000000000318e+02
5.698400000000000318e+02
6.131800000000000637e+02
6.160099999999999909e+02
6.186000000000000227e+02
6.587000000000000455e+02
6.637200000000000273e+02
6.640900000000000318e+02
6.660800000000000409e+02
6.664300000000000637e+02
6.691000000000000227e+02
7.095600000000000591e+02
7.123100000000000591e+02
7.182200000000000273e+02
7.191100000000000136e+02
7.227100000000000364e+02
7.596299999999999955e+02
7.597100000000000364e+02
7.637699999999999818e+02
7.649400000000000546e+02
7.663000000000000682e+02
7.684200000000000728e+02
7.701399999999999864e+02
8.146299999999999955e+02
8.150800000000000409e+02
8.178799999999999955e+02
8.608200000000000500e+02
8.636299999999999955e+02
8.673200000000000500e+02
8.683899999999999864e+02
8.716100000000000136e+02
9.088100000000000591e+02
9.143000000000000682e+02
9.144400000000000546e+02
9.176499999999999773e+02
9.230399999999999636e+02
9.562599999999999909e+02
9.635900000000000318e+02
9.707899999999999636e+02
