8.820000000000000284e+00
3.706000000000000227e+01
4.460000000000000142e+01
5.682999999999999829e+01
6.087000000000000455e+01
7.679999999999999716e+01
8.078000000000000114e+01
9.634000000000000341e+01
1.047900000000000063e+02
1.251899999999999977e+02
1.363600000000000136e+02
1.404399999999999977e+02
1.490200000000000102e+02
1.567000000000000171e+02
1.648700000000000045e+02
1.687500000000000000e+02
1.805999999999999943e+02
1.927599999999999909e+02
1.965099999999999909e+02
2.167599999999999909e+02
2.284000000000000057e+02
2.647400000000000091e+02
3.005000000000000000e+02
3.041299999999999955e+02
3.205799999999999841e+02
3.288199999999999932e+02
3.444700000000000273e+02
3.480099999999999909e+02
3.608899999999999864e+02
3.724499999999999886e+02
3.883400000000000318e+02
3.959499999999999886e+02
4.124700000000000273e+02
4.161200000000000045e+02
4.322200000000000273e+02
4.486000000000000227e+02
4.563799999999999955e+02
4.602900000000000205e+02
4.844399999999999977e+02
4.922700000000000387e+02
4.961500000000000341e+02
5.046800000000000068e+02
5.441200000000000045e+02
5.684600000000000364e+02
5.721299999999999955e+02
5.921100000000000136e+02
6.161599999999999682e+02
6.278100000000000591e+02
6.557799999999999727e+02
6.601100000000000136e+02
6.759099999999999682e+02
6.843500000000000227e+02
6.924199999999999591e+02
7.162300000000000182e+02
7.317400000000000091e+02
7.364700000000000273e+02
7.438799999999999955e+02
7.516499999999999773e+02
7.556100000000000136e+02
7.642400000000000091e+02
7.716399999999999864e+02
7.761599999999999682e+02
7.834600000000000364e+02
7.957300000000000182e+02
8.315000000000000000e+02
8.482599999999999909e+02
8.596599999999999682e+02
8.802599999999999909e+02
8.834700000000000273e+02
8.922000000000000455e+02
8.953000000000000682e+02
9.075600000000000591e+02
9.118200000000000500e+02
9.316100000000000136e+02
9.390800000000000409e+02
9.439300000000000637e+02
9.480099999999999909e+02
9.840299999999999727e+02
9.873600000000000136e+02
9.916800000000000637e+02
9.955800000000000409e+02
