7.980000000000000426e+00
2.871999999999999886e+01
4.756000000000000227e+01
4.968999999999999773e+01
6.792000000000000171e+01
8.754000000000000625e+01
1.066299999999999955e+02
1.269500000000000028e+02
1.290699999999999932e+02
1.496100000000000136e+02
1.676400000000000148e+02
1.866899999999999977e+02
2.080999999999999943e+02
2.115699999999999932e+02
2.293900000000000148e+02
2.483499999999999943e+02
2.504399999999999977e+02
2.696100000000000136e+02
2.876800000000000068e+02
3.070400000000000205e+02
3.093400000000000318e+02
3.265199999999999818e+02
3.673799999999999955e+02
3.701899999999999977e+02
3.868400000000000318e+02
4.066600000000000250e+02
4.088199999999999932e+02
4.485699999999999932e+02
4.671800000000000068e+02
4.867699999999999818e+02
5.072100000000000364e+02
5.094000000000000341e+02
5.486599999999999682e+02
5.659099999999999682e+02
5.696900000000000546e+02
5.871000000000000227e+02
6.067599999999999909e+02
6.257200000000000273e+02
6.286100000000000136e+02
6.467899999999999636e+02
6.673500000000000227e+02
6.864800000000000182e+02
6.891800000000000637e+02
7.070600000000000591e+02
7.098600000000000136e+02
7.241900000000000546e+02
7.277599999999999909e+02
7.301299999999999955e+02
7.467899999999999636e+02
7.662599999999999909e+02
8.071000000000000227e+02
8.276200000000000045e+02
8.471499999999999773e+02
8.495299999999999727e+02
8.673500000000000227e+02
8.884400000000000546e+02
9.067000000000000455e+02
9.251900000000000546e+02
9.275099999999999909e+02
9.296800000000000637e+02
9.446800000000000637e+02
9.494600000000000364e+02
9.670099999999999909e+02
9.887900000000000773e+02
