6.179999999999999716e+00
6.759999999999999787e+00
1.980999999999999872e+01
3.119999999999999929e+01
3.523000000000000398e+01
3.574000000000000199e+01
4.067999999999999972e+01
4.473000000000000398e+01
4.825999999999999801e+01
4.828000000000000114e+01
5.017000000000000171e+01
5.375000000000000000e+01
5.418999999999999773e+01
5.927000000000000313e+01
6.167000000000000171e+01
6.271000000000000085e+01
6.471000000000000796e+01
7.726000000000000512e+01
8.068999999999999773e+01
8.521999999999999886e+01
8.681000000000000227e+01
8.970000000000000284e+01
9.871999999999999886e+01
9.973000000000000398e+01
1.052100000000000080e+02
1.071200000000000045e+02
1.111400000000000006e+02
1.156800000000000068e+02
1.257500000000000000e+02
1.271700000000000017e+02
1.467299999999999898e+02
1.526400000000000148e+02
1.551299999999999955e+02
1.576100000000000136e+02
1.611500000000000057e+02
1.661299999999999955e+02
1.706899999999999977e+02
1.762199999999999989e+02
1.786400000000000148e+02
1.805999999999999943e+02
1.850399999999999920e+02
1.882500000000000000e+02
2.026700000000000159e+02
2.141200000000000045e+02
2.161599999999999966e+02
2.166100000000000136e+02
2.201500000000000057e+02
2.221899999999999977e+02
2.265600000000000023e+02
2.355900000000000034e+02
2.421299999999999955e+02
2.430699999999999932e+02
2.486299999999999955e+02
2.526500000000000057e+02
2.546899999999999977e+02
2.576600000000000250e+02
2.655500000000000114e+02
2.665600000000000023e+02
2.725500000000000114e+02
2.800900000000000318e+02
2.820699999999999932e+02
2.875900000000000318e+02
2.951899999999999977e+02
2.980199999999999818e+02
3.050900000000000318e+02
3.061100000000000136e+02
3.065699999999999932e+02
3.126000000000000227e+02
3.210099999999999909e+02
3.224599999999999795e+02
3.315000000000000000e+02
3.335400000000000205e+02
3.340400000000000205e+02
3.360300000000000296e+02
3.395500000000000114e+02
3.445199999999999818e+02
3.469399999999999977e+02
3.475300000000000296e+02
3.495900000000000318e+02
3.649499999999999886e+02
3.670799999999999841e+02
3.764599999999999795e+02
3.796100000000000136e+02
3.830300000000000296e+02
3.884800000000000182e+02
3.920000000000000000e+02
3.974000000000000341e+02
4.101500000000000341e+02
4.239499999999999886e+02
4.305500000000000114e+02
4.395199999999999818e+02
4.398899999999999864e+02
4.484200000000000159e+02
4.544100000000000250e+02
4.624300000000000068e+02
4.809499999999999886e+02
4.820400000000000205e+02
4.955300000000000296e+02
4.959499999999999886e+02
5.034700000000000273e+02
5.163700000000000045e+02
5.244400000000000546e+02
5.249400000000000546e+02
5.263500000000000227e+02
5.279400000000000546e+02
5.300000000000000000e+02
5.347300000000000182e+02
5.453700000000000045e+02
5.523899999999999864e+02
5.595099999999999909e+02
5.703799999999999955e+02
5.868300000000000409e+02
5.912799999999999727e+02
5.949400000000000546e+02
5.998799999999999955e+02
6.037799999999999727e+02
6.093100000000000591e+02
6.162400000000000091e+02
6.204099999999999682e+02
6.208600000000000136e+02
6.338400000000000318e+02
6.373100000000000591e+02
6.400600000000000591e+02
6.442300000000000182e+02
6.467300000000000182e+02
6.487699999999999818e+02
6.503899999999999864e+02
6.883700000000000045e+02
6.883799999999999955e+02
6.922699999999999818e+02
6.927799999999999727e+02
6.957500000000000000e+02
6.963000000000000682e+02
6.993799999999999955e+02
7.002899999999999636e+02
7.128500000000000227e+02
7.207899999999999636e+02
7.363200000000000500e+02
7.388600000000000136e+02
7.408999999999999773e+02
7.507699999999999818e+02
7.543400000000000318e+02
7.553600000000000136e+02
7.572100000000000364e+02
7.583400000000000318e+02
7.597400000000000091e+02
7.708000000000000682e+02
7.819300000000000637e+02
7.887200000000000273e+02
7.892500000000000000e+02
7.918000000000000682e+02
7.952899999999999636e+02
7.972400000000000091e+02
8.072300000000000182e+02
8.137400000000000091e+02
8.407000000000000455e+02
8.507899999999999636e+02
8.527000000000000455e+02
8.757400000000000091e+02
8.812300000000000182e+02
8.847400000000000091e+02
8.937200000000000273e+02
9.022100000000000364e+02
9.101200000000000045e+02
9.137200000000000273e+02
9.186599999999999682e+02
9.192100000000000364e+02
9.236200000000000045e+02
9.256700000000000728e+02
9.286800000000000637e+02
9.322599999999999909e+02
9.406900000000000546e+02
9.411299999999999955e+02
9.465800000000000409e+02
9.467599999999999909e+02
9.591599999999999682e+02
9.646299999999999955e+02
9.695399999999999636e+02
9.701200000000000045e+02
9.726900000000000546e+02
9.786200000000000045e+02
