2.560000000000000053e+00
4.589999999999999858e+00
1.102999999999999936e+01
1.266999999999999993e+01
1.462000000000000099e+01
1.635000000000000142e+01
2.260999999999999943e+01
2.262999999999999901e+01
2.894000000000000128e+01
3.078999999999999915e+01
3.256000000000000227e+01
3.461999999999999744e+01
3.652000000000000313e+01
3.675000000000000000e+01
3.861999999999999744e+01
4.085000000000000142e+01
4.289999999999999858e+01
4.685000000000000142e+01
4.892000000000000171e+01
5.042999999999999972e+01
5.096999999999999886e+01
5.488000000000000256e+01
6.248000000000000398e+01
6.459000000000000341e+01
6.460999999999999943e+01
6.640999999999999659e+01
6.837000000000000455e+01
6.885000000000000853e+01
6.887000000000000455e+01
7.087999999999999545e+01
7.437999999999999545e+01
7.454999999999999716e+01
7.682999999999999829e+01
7.850000000000000000e+01
8.035000000000000853e+01
8.060000000000000853e+01
8.476000000000000512e+01
8.678000000000000114e+01
8.832000000000000739e+01
9.062999999999999545e+01
9.267000000000000171e+01
9.450000000000000000e+01
9.671999999999999886e+01
9.874000000000000909e+01
1.027500000000000000e+02
1.083599999999999994e+02
1.105400000000000063e+02
1.125900000000000034e+02
1.146099999999999994e+02
1.148100000000000023e+02
1.168299999999999983e+02
1.203299999999999983e+02
1.224600000000000080e+02
1.225199999999999960e+02
1.267199999999999989e+02
1.286200000000000045e+02
1.327199999999999989e+02
1.327500000000000000e+02
1.364399999999999977e+02
1.386800000000000068e+02
1.424500000000000171e+02
1.425200000000000102e+02
1.445200000000000102e+02
1.446100000000000136e+02
1.505000000000000000e+02
1.505000000000000000e+02
1.525300000000000011e+02
1.543799999999999955e+02
1.544799999999999898e+02
1.566400000000000148e+02
1.584500000000000171e+02
1.601899999999999977e+02
1.605600000000000023e+02
1.645500000000000114e+02
1.668000000000000114e+02
1.703900000000000148e+02
1.705099999999999909e+02
1.724699999999999989e+02
1.725200000000000102e+02
1.802100000000000080e+02
1.807100000000000080e+02
1.846500000000000057e+02
1.866800000000000068e+02
1.905900000000000034e+02
1.941899999999999977e+02
1.966400000000000148e+02
1.986599999999999966e+02
2.002400000000000091e+02
2.044200000000000159e+02
2.064600000000000080e+02
2.081200000000000045e+02
2.105800000000000125e+02
2.145600000000000023e+02
2.165999999999999943e+02
2.167000000000000171e+02
2.184500000000000171e+02
2.226700000000000159e+02
2.262300000000000182e+02
2.265800000000000125e+02
2.286200000000000045e+02
2.304099999999999966e+02
2.307199999999999989e+02
2.345999999999999943e+02
2.363000000000000114e+02
2.385500000000000114e+02
2.388300000000000125e+02
2.408700000000000045e+02
2.443799999999999955e+02
2.464600000000000080e+02
2.503199999999999932e+02
2.522199999999999989e+02
2.582500000000000000e+02
2.606899999999999977e+02
2.624499999999999886e+02
2.664100000000000250e+02
2.664499999999999886e+02
2.702500000000000000e+02
2.745000000000000000e+02
2.766700000000000159e+02
2.785000000000000000e+02
2.804000000000000341e+02
2.885199999999999818e+02
2.904000000000000341e+02
2.964200000000000159e+02
2.965000000000000000e+02
2.984700000000000273e+02
2.984900000000000091e+02
3.005199999999999818e+02
3.045099999999999909e+02
3.081399999999999864e+02
3.121000000000000227e+02
3.121800000000000068e+02
3.202500000000000000e+02
3.224300000000000068e+02
3.225900000000000318e+02
3.244800000000000182e+02
3.281500000000000341e+02
3.304399999999999977e+02
3.326399999999999864e+02
3.344300000000000068e+02
3.384700000000000273e+02
3.402200000000000273e+02
3.423500000000000227e+02
3.443799999999999955e+02
3.482099999999999795e+02
3.505900000000000318e+02
3.525300000000000296e+02
3.565099999999999909e+02
3.624499999999999886e+02
3.641600000000000250e+02
3.665699999999999932e+02
3.683400000000000318e+02
3.686200000000000045e+02
3.703799999999999955e+02
3.724200000000000159e+02
3.724900000000000091e+02
3.745500000000000114e+02
3.761500000000000341e+02
3.763199999999999932e+02
3.803600000000000136e+02
3.803899999999999864e+02
3.923199999999999932e+02
3.982300000000000182e+02
4.002599999999999909e+02
4.020600000000000023e+02
4.042400000000000091e+02
4.061600000000000250e+02
4.065600000000000023e+02
4.105199999999999818e+02
4.141600000000000250e+02
4.162300000000000182e+02
4.181500000000000341e+02
4.204300000000000068e+02
4.224600000000000364e+02
4.245000000000000000e+02
4.265400000000000205e+02
4.302900000000000205e+02
4.380900000000000318e+02
4.382500000000000000e+02
4.401299999999999955e+02
4.404000000000000341e+02
4.460000000000000000e+02
4.461899999999999977e+02
4.481500000000000341e+02
4.501299999999999955e+02
4.539000000000000341e+02
4.562900000000000205e+02
4.585300000000000296e+02
4.602100000000000364e+02
4.621800000000000068e+02
4.642100000000000364e+02
4.642500000000000000e+02
4.643299999999999841e+02
4.662500000000000000e+02
4.704300000000000068e+02
4.705799999999999841e+02
4.741200000000000045e+02
4.759200000000000159e+02
4.762300000000000182e+02
4.800799999999999841e+02
4.820900000000000318e+02
4.843299999999999841e+02
4.860199999999999818e+02
4.884300000000000068e+02
4.920500000000000114e+02
4.941700000000000159e+02
4.943000000000000114e+02
5.000500000000000114e+02
5.021800000000000068e+02
5.058299999999999841e+02
5.059300000000000068e+02
5.100600000000000023e+02
5.101899999999999977e+02
5.139199999999999591e+02
5.141200000000000045e+02
5.141900000000000546e+02
5.161200000000000045e+02
5.161499999999999773e+02
5.179099999999999682e+02
5.220700000000000500e+02
5.241399999999999864e+02
5.261599999999999682e+02
5.301900000000000546e+02
5.320499999999999545e+02
5.382000000000000455e+02
5.382799999999999727e+02
5.418500000000000227e+02
5.440800000000000409e+02
5.479600000000000364e+02
5.482400000000000091e+02
5.501599999999999682e+02
5.541499999999999773e+02
5.640900000000000318e+02
5.778300000000000409e+02
5.859400000000000546e+02
5.901399999999999864e+02
5.922500000000000000e+02
5.941399999999999864e+02
5.941900000000000546e+02
5.942899999999999636e+02
5.962100000000000364e+02
5.998799999999999955e+02
6.000800000000000409e+02
6.058200000000000500e+02
6.060600000000000591e+02
6.099800000000000182e+02
6.136900000000000546e+02
6.160500000000000682e+02
6.181499999999999773e+02
6.182400000000000091e+02
6.220700000000000500e+02
6.239600000000000364e+02
6.241000000000000227e+02
6.260000000000000000e+02
6.317400000000000091e+02
6.322599999999999909e+02
6.341699999999999591e+02
6.343100000000000591e+02
6.419400000000000546e+02
6.440000000000000000e+02
6.443100000000000591e+02
6.460199999999999818e+02
6.463500000000000227e+02
6.478000000000000682e+02
6.519700000000000273e+02
6.559600000000000364e+02
6.640700000000000500e+02
6.658700000000000045e+02
6.701299999999999955e+02
6.722100000000000364e+02
6.739900000000000091e+02
6.780000000000000000e+02
6.799900000000000091e+02
6.821499999999999773e+02
6.838600000000000136e+02
6.842300000000000182e+02
6.876200000000000045e+02
6.880099999999999909e+02
6.898899999999999864e+02
6.900800000000000409e+02
6.921100000000000136e+02
6.979099999999999682e+02
6.998700000000000045e+02
6.999300000000000637e+02
7.020000000000000000e+02
7.020199999999999818e+02
7.058999999999999773e+02
7.097000000000000455e+02
7.101200000000000045e+02
7.122100000000000364e+02
7.156800000000000637e+02
7.159900000000000091e+02
7.216499999999999773e+02
7.237100000000000364e+02
7.238200000000000500e+02
7.278600000000000136e+02
7.281800000000000637e+02
7.298899999999999864e+02
7.300000000000000000e+02
7.319400000000000546e+02
7.320299999999999727e+02
7.358000000000000682e+02
7.379500000000000455e+02
7.398100000000000591e+02
7.417100000000000364e+02
7.457899999999999636e+02
7.480000000000000000e+02
7.480399999999999636e+02
7.500500000000000682e+02
7.518100000000000591e+02
7.537699999999999818e+02
7.596800000000000637e+02
7.599800000000000182e+02
7.617100000000000364e+02
7.658999999999999773e+02
7.659800000000000182e+02
7.716000000000000227e+02
7.737100000000000364e+02
7.737400000000000091e+02
7.738400000000000318e+02
7.758000000000000682e+02
7.758700000000000045e+02
7.799900000000000091e+02
7.820299999999999727e+02
7.837200000000000273e+02
7.879900000000000091e+02
7.899099999999999682e+02
7.918100000000000591e+02
7.940500000000000682e+02
7.996299999999999955e+02
8.017000000000000455e+02
8.058000000000000682e+02
8.058600000000000136e+02
8.098999999999999773e+02
8.099600000000000364e+02
8.136800000000000637e+02
8.159099999999999682e+02
8.200700000000000500e+02
8.236200000000000045e+02
8.281200000000000045e+02
8.296100000000000136e+02
8.302000000000000455e+02
8.320099999999999909e+02
8.322500000000000000e+02
8.376399999999999864e+02
8.396299999999999955e+02
8.397100000000000364e+02
8.418100000000000591e+02
8.437200000000000273e+02
8.439500000000000455e+02
8.460299999999999727e+02
8.499600000000000364e+02
8.520900000000000318e+02
8.556399999999999864e+02
8.559099999999999682e+02
8.599200000000000728e+02
8.635600000000000591e+02
8.658300000000000409e+02
8.699099999999999682e+02
8.716399999999999864e+02
8.796900000000000546e+02
8.797899999999999636e+02
8.799099999999999682e+02
8.859200000000000728e+02
8.920399999999999636e+02
8.935900000000000318e+02
9.017699999999999818e+02
9.018799999999999955e+02
9.039099999999999682e+02
9.093700000000000045e+02
9.097599999999999909e+02
9.138500000000000227e+02
9.193899999999999864e+02
9.196599999999999682e+02
9.214800000000000182e+02
9.217799999999999727e+02
9.235399999999999636e+02
9.255900000000000318e+02
9.276200000000000045e+02
9.276800000000000637e+02
9.296000000000000227e+02
9.297100000000000364e+02
9.317300000000000182e+02
9.336200000000000045e+02
9.338000000000000682e+02
9.398799999999999955e+02
9.455800000000000409e+02
9.458700000000000045e+02
9.477699999999999818e+02
9.495099999999999909e+02
9.498500000000000227e+02
9.535199999999999818e+02
9.558500000000000227e+02
9.558999999999999773e+02
9.579400000000000546e+02
9.596800000000000637e+02
9.618999999999999773e+02
9.634900000000000091e+02
9.639500000000000455e+02
9.677699999999999818e+02
9.694900000000000091e+02
9.698000000000000682e+02
9.715600000000000591e+02
9.757200000000000273e+02
9.777000000000000455e+02
9.815600000000000591e+02
9.816100000000000136e+02
9.853300000000000409e+02
9.895099999999999909e+02
9.896399999999999864e+02
9.918500000000000227e+02
9.956900000000000546e+02
9.978000000000000682e+02
