2.950000000000000178e+00
3.060000000000000053e+00
1.100999999999999979e+01
1.145000000000000107e+01
1.939000000000000057e+01
1.955999999999999872e+01
2.292999999999999972e+01
2.378999999999999915e+01
2.737000000000000099e+01
2.781000000000000227e+01
3.176000000000000156e+01
3.492999999999999972e+01
3.531000000000000227e+01
3.953000000000000114e+01
4.318999999999999773e+01
4.350999999999999801e+01
4.732999999999999829e+01
5.066000000000000369e+01
5.532000000000000028e+01
5.925999999999999801e+01
6.327000000000000313e+01
7.096999999999999886e+01
7.498999999999999488e+01
7.890000000000000568e+01
8.296999999999999886e+01
8.373999999999999488e+01
9.465000000000000568e+01
9.881000000000000227e+01
9.907000000000000739e+01
1.028299999999999983e+02
1.031899999999999977e+02
1.072500000000000000e+02
1.107000000000000028e+02
1.149399999999999977e+02
1.187800000000000011e+02
1.230600000000000023e+02
1.230799999999999983e+02
1.270600000000000023e+02
1.271899999999999977e+02
1.349600000000000080e+02
1.350699999999999932e+02
1.391299999999999955e+02
1.508400000000000034e+02
1.508700000000000045e+02
1.553900000000000148e+02
1.668100000000000023e+02
1.673799999999999955e+02
1.710399999999999920e+02
1.749900000000000091e+02
1.758499999999999943e+02
1.789200000000000159e+02
1.792199999999999989e+02
1.831100000000000136e+02
1.872100000000000080e+02
1.909900000000000091e+02
1.956800000000000068e+02
1.987400000000000091e+02
1.988700000000000045e+02
2.028600000000000136e+02
2.033700000000000045e+02
2.075300000000000011e+02
2.107400000000000091e+02
2.110099999999999909e+02
2.149000000000000057e+02
2.234600000000000080e+02
2.268799999999999955e+02
2.307199999999999989e+02
2.347700000000000102e+02
2.350699999999999932e+02
2.389099999999999966e+02
2.426899999999999977e+02
2.430800000000000125e+02
2.469900000000000091e+02
2.475999999999999943e+02
2.510600000000000023e+02
2.511899999999999977e+02
2.555300000000000011e+02
2.586600000000000250e+02
2.628400000000000318e+02
2.667800000000000296e+02
2.751100000000000136e+02
2.787200000000000273e+02
2.826500000000000341e+02
2.832800000000000296e+02
2.863000000000000114e+02
2.868500000000000227e+02
2.954499999999999886e+02
2.988899999999999864e+02
3.027800000000000296e+02
3.030400000000000205e+02
3.067699999999999818e+02
3.105699999999999932e+02
3.106000000000000227e+02
3.145699999999999932e+02
3.185300000000000296e+02
3.190199999999999818e+02
3.229200000000000159e+02
3.266700000000000159e+02
3.269599999999999795e+02
3.345799999999999841e+02
3.387300000000000182e+02
3.391500000000000341e+02
3.431899999999999977e+02
3.463600000000000136e+02
3.466399999999999864e+02
3.507800000000000296e+02
3.549399999999999977e+02
3.551000000000000227e+02
3.592099999999999795e+02
3.665400000000000205e+02
3.703700000000000045e+02
3.745500000000000114e+02
3.787300000000000182e+02
3.790799999999999841e+02
3.824700000000000273e+02
3.875400000000000205e+02
3.901399999999999864e+02
3.946200000000000045e+02
3.989800000000000182e+02
4.026100000000000136e+02
4.032200000000000273e+02
4.063500000000000227e+02
4.067400000000000091e+02
4.106899999999999977e+02
4.107699999999999818e+02
4.145199999999999818e+02
4.187699999999999818e+02
4.222400000000000091e+02
4.263000000000000114e+02
4.271600000000000250e+02
4.306800000000000068e+02
4.390300000000000296e+02
4.428600000000000136e+02
4.432800000000000296e+02
4.463500000000000227e+02
4.505099999999999909e+02
4.542100000000000364e+02
4.548100000000000023e+02
4.588400000000000318e+02
4.588899999999999864e+02
4.626000000000000227e+02
4.707699999999999818e+02
4.746299999999999955e+02
4.752500000000000000e+02
4.827900000000000205e+02
4.869100000000000250e+02
4.906000000000000227e+02
4.943600000000000136e+02
4.948299999999999841e+02
4.985600000000000023e+02
4.992200000000000273e+02
5.026500000000000341e+02
5.059600000000000364e+02
5.105699999999999932e+02
5.142799999999999727e+02
5.222500000000000000e+02
5.227699999999999818e+02
5.346100000000000136e+02
5.380399999999999636e+02
5.419700000000000273e+02
5.462799999999999727e+02
5.464199999999999591e+02
5.508300000000000409e+02
5.622300000000000182e+02
5.627300000000000182e+02
5.664500000000000455e+02
5.699700000000000273e+02
5.704800000000000182e+02
5.745199999999999818e+02
5.785700000000000500e+02
5.788799999999999955e+02
5.827599999999999909e+02
5.829400000000000546e+02
5.870099999999999909e+02
5.902500000000000000e+02
5.905500000000000682e+02
5.940199999999999818e+02
5.987200000000000273e+02
6.061100000000000136e+02
6.101399999999999864e+02
6.108200000000000500e+02
6.144700000000000273e+02
6.145299999999999727e+02
6.225700000000000500e+02
6.263899999999999864e+02
6.340800000000000409e+02
6.381699999999999591e+02
6.465700000000000500e+02
6.503799999999999955e+02
6.506599999999999682e+02
6.583200000000000500e+02
6.702300000000000182e+02
6.704700000000000273e+02
6.748500000000000227e+02
6.782400000000000091e+02
6.785900000000000318e+02
6.822599999999999909e+02
6.822599999999999909e+02
6.862100000000000364e+02
6.866900000000000546e+02
6.943700000000000045e+02
7.021800000000000637e+02
7.023999999999999773e+02
7.064500000000000455e+02
7.101200000000000045e+02
7.102000000000000455e+02
7.140500000000000682e+02
7.221499999999999773e+02
7.225600000000000591e+02
7.263200000000000500e+02
7.265900000000000318e+02
7.302899999999999636e+02
7.309800000000000182e+02
7.342899999999999636e+02
7.385299999999999727e+02
7.421000000000000227e+02
7.460099999999999909e+02
7.500299999999999727e+02
7.505900000000000318e+02
7.541200000000000045e+02
7.543300000000000409e+02
7.619800000000000182e+02
7.662200000000000273e+02
7.704400000000000546e+02
7.705500000000000682e+02
7.746599999999999682e+02
7.782200000000000273e+02
7.818000000000000682e+02
7.820000000000000000e+02
7.901200000000000045e+02
7.942000000000000455e+02
7.984900000000000091e+02
8.021000000000000227e+02
8.022899999999999636e+02
8.143500000000000227e+02
8.221399999999999864e+02
8.223700000000000045e+02
8.264500000000000455e+02
8.304300000000000637e+02
8.346800000000000637e+02
8.378200000000000500e+02
8.380000000000000000e+02
8.421800000000000637e+02
8.461499999999999773e+02
8.537599999999999909e+02
8.626100000000000136e+02
8.698899999999999864e+02
8.740199999999999818e+02
8.781599999999999682e+02
8.820700000000000500e+02
8.822899999999999636e+02
8.861499999999999773e+02
8.863500000000000227e+02
8.900199999999999818e+02
8.939300000000000637e+02
8.940500000000000682e+02
8.986700000000000728e+02
9.059300000000000637e+02
9.061700000000000728e+02
9.098899999999999864e+02
9.139900000000000091e+02
9.145700000000000500e+02
9.185000000000000000e+02
9.186200000000000045e+02
9.220299999999999727e+02
9.255199999999999818e+02
9.264900000000000091e+02
9.298300000000000409e+02
9.337799999999999727e+02
9.341900000000000546e+02
9.420900000000000318e+02
9.421200000000000045e+02
9.457300000000000182e+02
9.500700000000000500e+02
9.503000000000000682e+02
9.503700000000000045e+02
9.536700000000000728e+02
9.538799999999999955e+02
9.576900000000000546e+02
9.577899999999999636e+02
9.582400000000000091e+02
9.618999999999999773e+02
9.662300000000000182e+02
9.701200000000000045e+02
9.742100000000000364e+02
9.743300000000000409e+02
9.779600000000000364e+02
9.817899999999999636e+02
9.826100000000000136e+02
9.858100000000000591e+02
9.898999999999999773e+02
9.979099999999999682e+02
9.979200000000000728e+02
