1.146000000000000085e+01
1.146000000000000085e+01
1.160600000000000023e+02
1.205100000000000051e+02
2.176100000000000136e+02
4.174000000000000341e+02
5.675800000000000409e+02
5.699300000000000637e+02
6.177400000000000091e+02
6.210800000000000409e+02
8.165399999999999636e+02
8.656599999999999682e+02
8.699800000000000182e+02
9.155000000000000000e+02
9.193000000000000682e+02
1.146000000000000085e+01
9.155000000000000000e+02
1.146000000000000085e+01
9.155099999999999909e+02
1.146000000000000085e+01
9.155299999999999727e+02
1.146000000000000085e+01
9.155399999999999636e+02
1.146000000000000085e+01
9.155600000000000591e+02
1.146000000000000085e+01
9.156000000000000227e+02
1.146000000000000085e+01
1.146000000000000085e+01
