6.509999999999999787e+00
7.429999999999999716e+00
2.725000000000000000e+01
4.609000000000000341e+01
4.782999999999999829e+01
4.846999999999999886e+01
6.645000000000000284e+01
6.709000000000000341e+01
8.615999999999999659e+01
8.643999999999999773e+01
1.051599999999999966e+02
1.070499999999999972e+02
1.254800000000000040e+02
1.278800000000000097e+02
1.279900000000000091e+02
1.480300000000000011e+02
1.661700000000000159e+02
1.671200000000000045e+02
1.852199999999999989e+02
2.066299999999999955e+02
2.075399999999999920e+02
2.101200000000000045e+02
2.279200000000000159e+02
2.468700000000000045e+02
2.492400000000000091e+02
2.493300000000000125e+02
2.681000000000000227e+02
2.862099999999999795e+02
3.055699999999999932e+02
3.081100000000000136e+02
3.250500000000000114e+02
3.659100000000000250e+02
3.688700000000000045e+02
3.855300000000000296e+02
3.856899999999999977e+02
4.051899999999999977e+02
4.075099999999999909e+02
4.471000000000000227e+02
4.480600000000000023e+02
4.657100000000000364e+02
4.665000000000000000e+02
4.853000000000000114e+02
4.862699999999999818e+02
4.892800000000000296e+02
5.057400000000000091e+02
5.081700000000000159e+02
5.471599999999999682e+02
5.644400000000000546e+02
5.682300000000000182e+02
5.856299999999999955e+02
6.052899999999999636e+02
6.064600000000000364e+02
6.242500000000000000e+02
6.273000000000000682e+02
6.453100000000000591e+02
6.461299999999999955e+02
6.658799999999999955e+02
6.850099999999999909e+02
6.878600000000000136e+02
7.055900000000000318e+02
7.060399999999999636e+02
7.085700000000000500e+02
7.227200000000000273e+02
7.263700000000000045e+02
7.288600000000000136e+02
7.455500000000000682e+02
7.455800000000000409e+02
7.647899999999999636e+02
8.056299999999999955e+02
8.070800000000000409e+02
8.260900000000000318e+02
8.270099999999999909e+02
8.456100000000000136e+02
8.482699999999999818e+02
8.658799999999999955e+02
8.868799999999999955e+02
9.052300000000000182e+02
9.066900000000000546e+02
9.237200000000000273e+02
9.262799999999999727e+02
9.283600000000000136e+02
9.432100000000000364e+02
9.452000000000000455e+02
9.480199999999999818e+02
9.655399999999999636e+02
9.695900000000000318e+02
9.872000000000000455e+02
