3.790000000000000036e+00
3.625999999999999801e+01
5.631000000000000227e+01
1.041400000000000006e+02
1.241700000000000017e+02
1.480399999999999920e+02
2.639499999999999886e+02
2.799499999999999886e+02
2.960600000000000023e+02
3.278299999999999841e+02
3.601200000000000045e+02
3.674599999999999795e+02
4.117300000000000182e+02
5.674300000000000637e+02
5.716100000000000136e+02
5.798300000000000409e+02
5.912500000000000000e+02
7.111800000000000637e+02
7.148899999999999864e+02
7.710600000000000591e+02
7.910900000000000318e+02
8.031700000000000728e+02
8.153300000000000409e+02
9.548600000000000136e+02
9.586900000000000546e+02
9.788700000000000045e+02
3.790000000000000036e+00
8.970000000000000639e+00
1.208000000000000007e+01
2.026000000000000156e+01
2.378999999999999915e+01
2.821999999999999886e+01
3.266000000000000369e+01
3.621999999999999886e+01
4.385999999999999943e+01
4.820000000000000284e+01
5.621000000000000085e+01
5.992999999999999972e+01
6.395000000000000284e+01
6.809000000000000341e+01
7.198000000000000398e+01
7.595000000000000284e+01
8.003000000000000114e+01
8.454000000000000625e+01
8.773000000000000398e+01
9.196999999999999886e+01
9.554999999999999716e+01
9.981000000000000227e+01
1.040799999999999983e+02
1.079600000000000080e+02
1.116800000000000068e+02
1.157400000000000091e+02
1.201299999999999955e+02
1.239900000000000091e+02
1.281200000000000045e+02
1.320900000000000034e+02
1.358799999999999955e+02
1.398100000000000023e+02
1.445099999999999909e+02
1.479600000000000080e+02
1.518300000000000125e+02
1.560900000000000034e+02
1.639399999999999977e+02
1.676800000000000068e+02
1.720399999999999920e+02
1.758000000000000114e+02
1.798799999999999955e+02
1.836500000000000057e+02
1.879099999999999966e+02
1.919600000000000080e+02
1.956800000000000068e+02
1.997599999999999909e+02
2.041200000000000045e+02
2.078100000000000023e+02
2.117899999999999920e+02
2.158100000000000023e+02
2.240300000000000011e+02
2.278499999999999943e+02
2.356899999999999977e+02
2.403700000000000045e+02
2.436899999999999977e+02
2.478000000000000114e+02
2.519500000000000171e+02
2.561200000000000045e+02
2.638299999999999841e+02
2.678999999999999773e+02
2.720400000000000205e+02
2.759700000000000273e+02
2.799100000000000250e+02
2.837099999999999795e+02
2.874399999999999977e+02
2.960099999999999909e+02
2.996000000000000227e+02
3.036700000000000159e+02
3.077800000000000296e+02
3.113199999999999932e+02
3.159300000000000068e+02
3.194900000000000091e+02
3.238500000000000227e+02
3.277900000000000205e+02
3.319700000000000273e+02
3.355400000000000205e+02
3.400000000000000000e+02
3.434700000000000273e+02
3.473100000000000023e+02
3.515799999999999841e+02
3.558799999999999955e+02
3.600500000000000114e+02
3.641899999999999977e+02
3.673799999999999955e+02
3.719100000000000250e+02
3.755000000000000000e+02
3.795000000000000000e+02
3.838700000000000045e+02
3.876999999999999886e+02
3.952800000000000296e+02
3.992900000000000205e+02
4.035000000000000000e+02
4.072100000000000364e+02
4.115799999999999841e+02
4.154399999999999977e+02
4.193400000000000318e+02
4.239300000000000068e+02
4.272300000000000182e+02
4.316399999999999864e+02
4.352800000000000296e+02
4.401299999999999955e+02
4.435199999999999818e+02
4.474800000000000182e+02
4.514700000000000273e+02
4.555199999999999818e+02
4.597200000000000273e+02
4.636200000000000045e+02
4.680400000000000205e+02
4.753799999999999955e+02
4.831500000000000341e+02
4.876600000000000250e+02
4.913400000000000318e+02
4.952900000000000205e+02
4.997100000000000364e+02
5.033700000000000045e+02
5.152799999999999727e+02
5.191200000000000045e+02
5.238500000000000227e+02
5.315600000000000591e+02
5.354400000000000546e+02
5.396100000000000136e+02
5.429700000000000273e+02
5.472699999999999818e+02
5.517599999999999909e+02
5.553999999999999773e+02
5.596900000000000546e+02
5.634800000000000182e+02
5.673400000000000318e+02
5.712699999999999818e+02
5.797100000000000364e+02
5.837400000000000091e+02
5.911800000000000637e+02
5.952699999999999818e+02
6.071299999999999955e+02
6.110500000000000682e+02
6.153700000000000045e+02
6.234099999999999682e+02
6.271599999999999682e+02
6.313100000000000591e+02
6.354700000000000273e+02
6.390900000000000318e+02
6.438200000000000500e+02
6.473799999999999955e+02
6.512899999999999636e+02
6.552000000000000455e+02
6.588600000000000136e+02
6.636800000000000637e+02
6.678400000000000318e+02
6.710900000000000318e+02
6.757300000000000182e+02
6.792899999999999636e+02
6.830800000000000409e+02
6.869800000000000182e+02
6.918300000000000409e+02
6.950299999999999727e+02
6.996499999999999773e+02
7.032500000000000000e+02
7.074199999999999591e+02
7.111000000000000227e+02
7.148700000000000045e+02
7.232100000000000364e+02
7.273100000000000591e+02
7.310600000000000591e+02
7.351900000000000546e+02
7.392000000000000455e+02
7.430299999999999727e+02
7.469199999999999591e+02
7.508899999999999864e+02
7.549099999999999682e+02
7.593000000000000682e+02
7.633300000000000409e+02
7.671000000000000227e+02
7.709600000000000364e+02
7.755600000000000591e+02
7.790800000000000409e+02
7.828100000000000591e+02
7.871000000000000227e+02
7.910199999999999818e+02
7.950099999999999909e+02
7.990800000000000409e+02
8.031299999999999955e+02
8.073700000000000045e+02
8.120600000000000591e+02
8.153000000000000682e+02
8.190000000000000000e+02
8.229099999999999682e+02
8.273400000000000318e+02
8.309700000000000273e+02
8.349300000000000637e+02
8.387400000000000091e+02
8.429700000000000273e+02
8.470900000000000318e+02
8.510500000000000682e+02
8.550800000000000409e+02
8.635800000000000409e+02
8.679200000000000728e+02
8.708999999999999773e+02
8.749500000000000455e+02
8.797599999999999909e+02
8.828899999999999864e+02
8.870700000000000500e+02
8.908899999999999864e+02
8.948600000000000136e+02
8.991100000000000136e+02
9.029600000000000364e+02
9.067899999999999636e+02
9.108999999999999773e+02
9.154800000000000182e+02
9.190800000000000409e+02
9.229300000000000637e+02
9.268899999999999864e+02
9.308100000000000591e+02
9.347300000000000182e+02
9.389500000000000455e+02
9.429800000000000182e+02
9.469600000000000364e+02
9.512400000000000091e+02
9.548000000000000682e+02
9.586800000000000637e+02
9.629200000000000728e+02
9.671299999999999955e+02
9.711200000000000045e+02
9.752100000000000364e+02
9.788500000000000227e+02
9.828000000000000682e+02
9.866599999999999682e+02
9.909700000000000273e+02
9.947500000000000000e+02
9.987799999999999727e+02
3.790000000000000036e+00
1.209999999999999964e+01
2.060999999999999943e+01
2.382000000000000028e+01
2.823000000000000043e+01
3.267999999999999972e+01
3.623000000000000398e+01
4.386999999999999744e+01
4.825999999999999801e+01
5.621999999999999886e+01
5.995000000000000284e+01
6.399000000000000199e+01
6.812000000000000455e+01
7.201000000000000512e+01
7.596999999999999886e+01
8.007000000000000739e+01
8.456000000000000227e+01
8.785000000000000853e+01
9.198999999999999488e+01
9.556000000000000227e+01
9.982999999999999829e+01
1.040900000000000034e+02
1.079800000000000040e+02
1.117000000000000028e+02
1.157600000000000051e+02
1.201500000000000057e+02
1.240100000000000051e+02
1.281500000000000057e+02
1.359000000000000057e+02
1.398499999999999943e+02
1.479600000000000080e+02
1.518499999999999943e+02
1.639699999999999989e+02
1.677299999999999898e+02
1.720600000000000023e+02
1.758100000000000023e+02
1.799000000000000057e+02
1.836899999999999977e+02
1.879500000000000171e+02
1.919800000000000182e+02
1.957300000000000182e+02
1.997800000000000011e+02
2.041599999999999966e+02
2.078700000000000045e+02
2.118199999999999932e+02
2.158400000000000034e+02
2.240900000000000034e+02
2.278700000000000045e+02
2.357400000000000091e+02
2.404699999999999989e+02
2.437300000000000182e+02
2.478499999999999943e+02
2.519699999999999989e+02
2.561399999999999864e+02
2.638400000000000318e+02
2.679300000000000068e+02
2.720699999999999932e+02
2.759900000000000091e+02
2.799100000000000250e+02
2.837400000000000091e+02
2.874499999999999886e+02
2.960099999999999909e+02
2.996200000000000045e+02
3.036899999999999977e+02
3.078000000000000114e+02
3.113500000000000227e+02
3.195099999999999909e+02
3.238700000000000045e+02
3.278000000000000114e+02
3.355500000000000114e+02
3.400500000000000114e+02
3.434900000000000091e+02
3.473199999999999932e+02
3.515900000000000318e+02
3.559900000000000091e+02
3.600600000000000023e+02
3.642200000000000273e+02
3.673899999999999864e+02
3.720500000000000114e+02
3.755199999999999818e+02
3.795799999999999841e+02
3.839000000000000341e+02
3.877200000000000273e+02
3.953000000000000114e+02
3.993100000000000023e+02
4.035300000000000296e+02
4.072500000000000000e+02
4.116000000000000227e+02
4.154700000000000273e+02
4.193600000000000136e+02
4.239499999999999886e+02
4.272599999999999909e+02
4.317699999999999818e+02
4.353000000000000114e+02
4.401600000000000250e+02
4.435400000000000205e+02
4.475300000000000296e+02
4.514900000000000091e+02
4.555400000000000205e+02
4.597500000000000000e+02
4.636500000000000341e+02
4.684700000000000273e+02
4.831800000000000068e+02
4.876999999999999886e+02
4.913600000000000136e+02
4.953199999999999932e+02
5.004300000000000068e+02
5.034000000000000341e+02
5.153100000000000591e+02
5.191499999999999773e+02
5.242000000000000455e+02
5.316100000000000136e+02
5.354700000000000273e+02
5.397999999999999545e+02
5.430000000000000000e+02
5.473100000000000591e+02
5.517799999999999727e+02
5.554400000000000546e+02
5.597500000000000000e+02
5.635000000000000000e+02
5.673500000000000227e+02
5.713200000000000500e+02
5.797200000000000273e+02
5.838000000000000682e+02
5.911900000000000546e+02
5.953200000000000500e+02
6.071399999999999864e+02
6.110800000000000409e+02
6.153899999999999864e+02
6.234500000000000455e+02
6.271900000000000546e+02
6.313300000000000409e+02
6.355000000000000000e+02
6.391299999999999955e+02
6.438500000000000227e+02
6.473999999999999773e+02
6.513300000000000409e+02
6.552400000000000091e+02
6.588899999999999864e+02
6.637300000000000182e+02
6.678700000000000045e+02
6.711200000000000045e+02
6.793100000000000591e+02
6.831299999999999955e+02
6.870099999999999909e+02
6.918600000000000136e+02
6.950500000000000682e+02
6.996800000000000637e+02
7.032599999999999909e+02
7.077200000000000273e+02
7.111100000000000136e+02
7.148799999999999955e+02
7.232300000000000182e+02
7.273200000000000500e+02
7.310800000000000409e+02
7.352200000000000273e+02
7.392300000000000182e+02
7.430900000000000318e+02
7.469400000000000546e+02
7.509199999999999591e+02
7.549199999999999591e+02
7.593300000000000409e+02
7.636200000000000045e+02
7.671200000000000045e+02
7.709700000000000273e+02
7.755900000000000318e+02
7.791599999999999682e+02
7.828500000000000227e+02
7.871499999999999773e+02
7.910199999999999818e+02
7.950299999999999727e+02
7.991100000000000136e+02
8.031399999999999864e+02
8.073799999999999955e+02
8.121000000000000227e+02
8.153000000000000682e+02
8.190199999999999818e+02
8.229300000000000637e+02
8.273500000000000227e+02
8.310199999999999818e+02
8.349900000000000091e+02
8.387699999999999818e+02
8.429800000000000182e+02
8.471100000000000136e+02
8.512400000000000091e+02
8.679500000000000455e+02
8.709099999999999682e+02
8.749900000000000091e+02
8.829099999999999682e+02
8.871100000000000136e+02
8.909300000000000637e+02
8.948799999999999955e+02
8.991299999999999955e+02
9.030000000000000000e+02
9.068100000000000591e+02
9.109200000000000728e+02
9.190900000000000318e+02
9.229500000000000455e+02
9.308300000000000409e+02
9.347599999999999909e+02
9.391499999999999773e+02
9.430000000000000000e+02
9.470099999999999909e+02
9.512599999999999909e+02
9.548100000000000591e+02
9.586800000000000637e+02
9.629400000000000546e+02
9.671499999999999773e+02
9.713600000000000136e+02
9.752200000000000273e+02
9.788600000000000136e+02
9.828100000000000591e+02
9.867000000000000455e+02
9.910299999999999727e+02
9.947699999999999818e+02
9.988000000000000682e+02
3.790000000000000036e+00
1.210999999999999943e+01
2.385999999999999943e+01
2.823000000000000043e+01
3.270000000000000284e+01
3.623000000000000398e+01
4.386999999999999744e+01
4.832000000000000028e+01
5.621999999999999886e+01
5.998000000000000398e+01
6.404999999999999716e+01
6.812999999999999545e+01
7.204000000000000625e+01
7.600000000000000000e+01
8.014000000000000057e+01
8.457000000000000739e+01
8.798000000000000398e+01
9.200000000000000000e+01
9.557999999999999829e+01
9.985999999999999943e+01
1.041000000000000085e+02
1.080000000000000000e+02
1.117300000000000040e+02
1.157999999999999972e+02
1.201599999999999966e+02
1.240300000000000011e+02
1.281700000000000159e+02
1.359200000000000159e+02
1.399200000000000159e+02
1.479699999999999989e+02
1.518799999999999955e+02
1.640300000000000011e+02
1.677899999999999920e+02
1.720800000000000125e+02
1.758199999999999932e+02
1.799200000000000159e+02
1.837500000000000000e+02
1.882899999999999920e+02
1.919900000000000091e+02
1.959200000000000159e+02
1.997899999999999920e+02
2.041899999999999977e+02
2.080800000000000125e+02
2.118600000000000136e+02
2.158900000000000148e+02
2.279000000000000057e+02
2.359800000000000182e+02
2.405399999999999920e+02
2.438000000000000114e+02
2.480800000000000125e+02
2.519900000000000091e+02
2.561600000000000250e+02
2.638400000000000318e+02
2.679599999999999795e+02
2.721000000000000227e+02
2.760199999999999818e+02
2.799200000000000159e+02
2.837800000000000296e+02
2.874599999999999795e+02
2.960099999999999909e+02
2.996399999999999864e+02
3.037099999999999795e+02
3.078299999999999841e+02
3.113799999999999955e+02
3.195500000000000114e+02
3.239000000000000341e+02
3.278000000000000114e+02
3.355600000000000023e+02
3.400799999999999841e+02
3.435199999999999818e+02
3.473400000000000318e+02
3.516100000000000136e+02
3.560300000000000296e+02
3.600600000000000023e+02
3.642500000000000000e+02
3.673899999999999864e+02
3.720900000000000318e+02
3.755600000000000023e+02
3.796200000000000045e+02
3.839200000000000159e+02
3.877400000000000091e+02
3.953199999999999932e+02
3.993400000000000318e+02
4.035500000000000114e+02
4.072900000000000205e+02
4.116100000000000136e+02
4.155000000000000000e+02
4.193899999999999864e+02
4.239800000000000182e+02
4.272900000000000205e+02
4.318299999999999841e+02
4.353199999999999932e+02
4.401899999999999977e+02
4.435500000000000114e+02
4.478700000000000045e+02
4.515199999999999818e+02
4.555600000000000023e+02
4.597699999999999818e+02
4.636800000000000068e+02
4.831999999999999886e+02
4.877200000000000273e+02
4.913899999999999864e+02
4.953500000000000227e+02
5.034200000000000159e+02
5.153400000000000318e+02
5.191900000000000546e+02
5.242200000000000273e+02
5.316399999999999864e+02
5.355000000000000000e+02
5.430499999999999545e+02
5.473400000000000318e+02
5.518000000000000682e+02
5.555000000000000000e+02
5.635199999999999818e+02
5.673600000000000136e+02
5.713500000000000227e+02
5.797300000000000182e+02
5.838300000000000409e+02
5.911900000000000546e+02
5.955800000000000409e+02
6.071699999999999591e+02
6.111299999999999955e+02
6.154099999999999682e+02
6.235099999999999909e+02
6.272300000000000182e+02
6.313500000000000227e+02
6.355199999999999818e+02
6.391800000000000637e+02
6.438799999999999955e+02
6.474199999999999591e+02
6.514099999999999682e+02
6.552899999999999636e+02
6.589300000000000637e+02
6.638200000000000500e+02
6.679199999999999591e+02
6.711499999999999773e+02
6.793400000000000318e+02
6.831699999999999591e+02
6.870399999999999636e+02
6.919199999999999591e+02
6.950900000000000318e+02
7.032799999999999727e+02
7.111100000000000136e+02
7.148799999999999955e+02
7.232500000000000000e+02
7.273300000000000409e+02
7.311000000000000227e+02
7.352699999999999818e+02
7.392699999999999818e+02
7.469700000000000273e+02
7.509800000000000182e+02
7.549300000000000637e+02
7.593799999999999955e+02
7.671499999999999773e+02
7.709700000000000273e+02
7.756200000000000045e+02
7.828700000000000045e+02
7.875900000000000318e+02
7.910299999999999727e+02
7.950500000000000682e+02
7.991499999999999773e+02
8.031399999999999864e+02
8.073999999999999773e+02
8.153100000000000591e+02
8.190399999999999636e+02
8.229600000000000364e+02
8.273799999999999955e+02
8.387899999999999636e+02
8.429900000000000091e+02
8.471499999999999773e+02
8.512899999999999636e+02
8.679800000000000182e+02
8.709200000000000728e+02
8.750299999999999727e+02
8.829500000000000455e+02
8.871299999999999955e+02
8.909700000000000273e+02
8.949099999999999682e+02
8.991499999999999773e+02
9.030600000000000591e+02
9.068200000000000500e+02
9.109300000000000637e+02
9.191000000000000227e+02
9.229700000000000273e+02
9.308400000000000318e+02
9.347799999999999727e+02
9.430199999999999818e+02
9.470500000000000682e+02
9.512799999999999727e+02
9.548100000000000591e+02
9.586900000000000546e+02
9.629600000000000364e+02
9.671700000000000728e+02
9.714099999999999682e+02
9.752300000000000182e+02
9.788600000000000136e+02
9.828200000000000500e+02
9.867500000000000000e+02
9.948100000000000591e+02
9.988100000000000591e+02
3.790000000000000036e+00
1.212000000000000099e+01
2.476000000000000156e+01
2.824000000000000199e+01
3.271999999999999886e+01
3.623000000000000398e+01
4.388000000000000256e+01
4.835999999999999943e+01
5.623000000000000398e+01
6.000999999999999801e+01
6.426999999999999602e+01
6.815000000000000568e+01
8.459000000000000341e+01
8.801000000000000512e+01
9.201999999999999602e+01
9.559000000000000341e+01
1.041099999999999994e+02
1.080300000000000011e+02
1.201800000000000068e+02
1.240400000000000063e+02
1.281899999999999977e+02
1.359399999999999977e+02
1.399500000000000171e+02
1.479799999999999898e+02
1.678199999999999932e+02
1.721100000000000136e+02
1.758300000000000125e+02
1.799900000000000091e+02
1.920099999999999909e+02
1.959800000000000182e+02
1.998100000000000023e+02
2.042199999999999989e+02
2.124600000000000080e+02
2.160600000000000023e+02
2.281100000000000136e+02
2.360500000000000114e+02
2.486599999999999966e+02
2.520300000000000011e+02
2.562099999999999795e+02
2.638500000000000227e+02
2.682500000000000000e+02
2.760900000000000318e+02
2.799200000000000159e+02
2.838799999999999955e+02
2.874800000000000182e+02
2.960199999999999818e+02
2.996700000000000159e+02
3.037599999999999909e+02
3.078799999999999955e+02
3.114800000000000182e+02
3.278000000000000114e+02
3.355799999999999841e+02
3.401000000000000227e+02
3.473500000000000227e+02
3.516299999999999955e+02
3.560900000000000318e+02
3.600699999999999932e+02
3.643000000000000114e+02
3.674000000000000341e+02
3.756000000000000227e+02
3.796800000000000068e+02
3.839300000000000068e+02
3.877599999999999909e+02
3.953400000000000318e+02
4.116299999999999955e+02
4.240099999999999909e+02
4.353400000000000318e+02
4.435699999999999932e+02
4.480699999999999932e+02
4.555799999999999841e+02
4.597900000000000205e+02
4.832300000000000182e+02
4.877500000000000000e+02
4.954800000000000182e+02
5.034399999999999977e+02
5.153999999999999773e+02
5.242400000000000091e+02
5.316699999999999591e+02
5.355900000000000318e+02
5.473700000000000045e+02
5.518500000000000227e+02
5.635399999999999636e+02
5.673600000000000136e+02
5.713700000000000045e+02
5.797300000000000182e+02
5.838600000000000136e+02
5.912000000000000455e+02
5.956200000000000045e+02
6.072000000000000455e+02
6.154300000000000637e+02
6.272599999999999909e+02
6.313700000000000045e+02
6.355600000000000591e+02
6.474400000000000546e+02
6.515000000000000000e+02
6.554700000000000273e+02
6.638500000000000227e+02
6.711800000000000637e+02
6.795199999999999818e+02
6.832000000000000455e+02
6.870700000000000500e+02
7.032899999999999636e+02
7.111200000000000045e+02
7.148799999999999955e+02
7.232799999999999727e+02
7.273300000000000409e+02
7.311299999999999955e+02
7.356599999999999682e+02
7.393999999999999773e+02
7.549500000000000455e+02
7.709800000000000182e+02
7.756599999999999682e+02
7.828899999999999864e+02
7.910299999999999727e+02
7.950900000000000318e+02
8.031499999999999773e+02
8.074300000000000637e+02
8.153100000000000591e+02
8.191000000000000227e+02
8.274200000000000728e+02
8.388400000000000318e+02
8.430099999999999909e+02
8.473400000000000318e+02
8.709400000000000546e+02
8.752599999999999909e+02
8.831900000000000546e+02
8.871599999999999682e+02
8.949400000000000546e+02
8.992000000000000455e+02
9.068500000000000227e+02
9.109400000000000546e+02
9.191100000000000136e+02
9.230000000000000000e+02
9.308600000000000136e+02
9.348100000000000591e+02
9.430399999999999636e+02
9.470800000000000409e+02
9.513000000000000682e+02
9.548200000000000500e+02
9.586900000000000546e+02
9.630099999999999909e+02
9.752400000000000091e+02
9.788600000000000136e+02
9.828300000000000409e+02
9.870900000000000318e+02
9.988300000000000409e+02
3.790000000000000036e+00
1.214000000000000057e+01
2.825000000000000000e+01
3.275000000000000000e+01
3.624000000000000199e+01
4.389000000000000057e+01
5.624000000000000199e+01
6.003000000000000114e+01
6.431000000000000227e+01
6.817000000000000171e+01
8.460000000000000853e+01
8.803000000000000114e+01
9.203000000000000114e+01
9.560999999999999943e+01
1.041099999999999994e+02
1.202000000000000028e+02
1.240600000000000023e+02
1.282299999999999898e+02
1.359699999999999989e+02
1.399799999999999898e+02
1.479900000000000091e+02
1.678600000000000136e+02
1.721400000000000148e+02
1.758400000000000034e+02
1.800399999999999920e+02
1.920300000000000011e+02
1.998199999999999932e+02
2.042599999999999909e+02
2.361100000000000136e+02
2.521200000000000045e+02
2.638600000000000136e+02
2.799300000000000068e+02
2.839100000000000250e+02
2.874900000000000091e+02
2.960199999999999818e+02
2.996999999999999886e+02
3.038600000000000136e+02
3.079599999999999795e+02
3.115300000000000296e+02
3.278100000000000023e+02
3.355900000000000318e+02
3.401299999999999955e+02
3.473600000000000136e+02
3.516500000000000341e+02
3.600699999999999932e+02
3.674100000000000250e+02
3.756200000000000045e+02
3.839499999999999886e+02
3.877800000000000296e+02
3.953700000000000045e+02
4.116399999999999864e+02
4.353600000000000136e+02
4.435900000000000318e+02
4.556100000000000136e+02
4.598100000000000023e+02
4.832900000000000205e+02
4.877699999999999818e+02
5.034600000000000364e+02
5.242599999999999909e+02
5.356299999999999955e+02
5.473999999999999773e+02
5.518999999999999773e+02
5.635700000000000500e+02
5.673700000000000045e+02
5.713999999999999773e+02
5.797400000000000091e+02
5.912000000000000455e+02
5.956499999999999773e+02
6.154500000000000455e+02
6.272899999999999636e+02
6.314199999999999591e+02
6.474800000000000182e+02
6.515600000000000591e+02
6.638899999999999864e+02
6.712400000000000091e+02
6.832400000000000091e+02
6.871200000000000045e+02
7.033100000000000591e+02
7.111200000000000045e+02
7.148799999999999955e+02
7.233700000000000045e+02
7.273400000000000318e+02
7.311499999999999773e+02
7.356800000000000637e+02
7.549600000000000364e+02
7.709900000000000091e+02
7.829099999999999682e+02
7.910399999999999636e+02
8.031499999999999773e+02
8.153100000000000591e+02
8.388600000000000136e+02
8.430299999999999727e+02
8.473899999999999864e+02
8.709500000000000455e+02
8.832400000000000091e+02
8.871900000000000546e+02
8.949700000000000273e+02
9.068899999999999864e+02
9.109600000000000364e+02
9.191200000000000045e+02
9.308799999999999955e+02
9.348400000000000318e+02
9.430600000000000591e+02
9.471100000000000136e+02
9.513200000000000500e+02
9.548300000000000409e+02
9.586900000000000546e+02
9.752400000000000091e+02
9.788600000000000136e+02
9.828500000000000227e+02
9.871499999999999773e+02
9.988500000000000227e+02
3.790000000000000036e+00
1.216000000000000014e+01
2.826000000000000156e+01
3.624000000000000199e+01
4.389999999999999858e+01
5.624000000000000199e+01
6.003999999999999915e+01
6.820000000000000284e+01
8.462000000000000455e+01
8.810000000000000853e+01
9.206000000000000227e+01
9.565000000000000568e+01
1.041200000000000045e+02
1.202300000000000040e+02
1.240700000000000074e+02
1.400000000000000000e+02
1.480000000000000000e+02
1.721700000000000159e+02
1.758499999999999943e+02
1.801100000000000136e+02
1.920699999999999932e+02
1.998499999999999943e+02
2.521599999999999966e+02
2.638700000000000045e+02
2.799300000000000068e+02
2.839599999999999795e+02
2.875099999999999909e+02
2.960199999999999818e+02
3.038799999999999955e+02
3.080199999999999818e+02
3.278100000000000023e+02
3.356100000000000136e+02
3.473899999999999864e+02
3.516700000000000159e+02
3.600799999999999841e+02
3.674100000000000250e+02
3.756399999999999864e+02
3.839700000000000273e+02
3.878000000000000114e+02
4.116500000000000341e+02
4.353799999999999955e+02
4.436200000000000045e+02
4.556600000000000250e+02
4.598400000000000318e+02
4.834800000000000182e+02
4.877900000000000205e+02
5.034900000000000091e+02
5.242899999999999636e+02
5.519300000000000637e+02
5.636299999999999955e+02
5.673799999999999955e+02
5.714600000000000364e+02
5.797500000000000000e+02
5.912100000000000364e+02
5.956699999999999591e+02
6.154700000000000273e+02
6.273100000000000591e+02
6.832699999999999818e+02
7.033200000000000500e+02
7.111299999999999955e+02
7.148799999999999955e+02
7.233999999999999773e+02
7.273500000000000227e+02
7.311800000000000637e+02
7.357200000000000273e+02
7.549700000000000273e+02
7.709900000000000091e+02
7.829500000000000455e+02
7.910500000000000682e+02
8.031599999999999682e+02
8.153100000000000591e+02
8.388999999999999773e+02
8.430500000000000682e+02
8.709600000000000364e+02
8.951200000000000045e+02
9.069200000000000728e+02
9.109700000000000273e+02
9.191299999999999955e+02
9.309099999999999682e+02
9.431100000000000136e+02
9.471399999999999864e+02
9.513600000000000136e+02
9.548300000000000409e+02
9.586900000000000546e+02
9.752500000000000000e+02
9.788600000000000136e+02
9.828600000000000136e+02
9.988799999999999955e+02
3.790000000000000036e+00
1.218999999999999950e+01
2.826999999999999957e+01
3.625000000000000000e+01
4.392000000000000171e+01
5.625000000000000000e+01
6.005000000000000426e+01
6.825000000000000000e+01
8.465999999999999659e+01
9.207999999999999829e+01
9.571999999999999886e+01
1.041200000000000045e+02
1.241000000000000085e+02
1.400399999999999920e+02
1.480000000000000000e+02
1.722700000000000102e+02
1.758600000000000136e+02
1.801599999999999966e+02
1.998900000000000148e+02
2.638799999999999955e+02
2.799399999999999977e+02
2.875400000000000205e+02
2.960300000000000296e+02
3.039100000000000250e+02
3.278199999999999932e+02
3.356399999999999864e+02
3.474300000000000068e+02
3.516899999999999977e+02
3.600900000000000318e+02
3.674200000000000159e+02
3.756600000000000250e+02
3.839900000000000091e+02
3.878199999999999932e+02
4.116700000000000159e+02
4.556899999999999977e+02
4.878100000000000023e+02
5.519900000000000091e+02
5.673799999999999955e+02
5.714800000000000182e+02
5.797599999999999909e+02
5.912200000000000273e+02
5.957000000000000455e+02
6.155099999999999909e+02
6.273400000000000318e+02
6.833100000000000591e+02
7.033400000000000318e+02
7.111399999999999864e+02
7.148799999999999955e+02
7.234500000000000455e+02
7.273600000000000136e+02
7.312100000000000364e+02
7.549900000000000091e+02
7.710000000000000000e+02
7.910500000000000682e+02
8.031599999999999682e+02
8.153200000000000500e+02
8.431000000000000227e+02
8.709800000000000182e+02
9.069400000000000546e+02
9.109900000000000091e+02
9.191499999999999773e+02
9.471700000000000728e+02
9.548400000000000318e+02
9.586900000000000546e+02
9.752699999999999818e+02
9.788600000000000136e+02
9.828799999999999955e+02
9.989300000000000637e+02
3.790000000000000036e+00
2.828999999999999915e+01
3.625000000000000000e+01
4.432000000000000028e+01
5.625999999999999801e+01
6.006000000000000227e+01
9.210000000000000853e+01
1.041299999999999955e+02
1.241200000000000045e+02
1.480099999999999909e+02
1.758799999999999955e+02
2.638899999999999864e+02
2.799399999999999977e+02
2.960300000000000296e+02
3.039499999999999886e+02
3.278199999999999932e+02
3.517099999999999795e+02
3.600900000000000318e+02
3.674300000000000068e+02
3.756800000000000068e+02
3.840300000000000296e+02
3.878600000000000136e+02
4.116800000000000068e+02
4.878500000000000227e+02
5.673899999999999864e+02
5.715099999999999909e+02
5.797699999999999818e+02
5.912200000000000273e+02
7.033799999999999955e+02
7.111499999999999773e+02
7.148799999999999955e+02
7.273799999999999955e+02
7.550000000000000000e+02
7.710099999999999909e+02
7.910600000000000591e+02
8.031599999999999682e+02
8.153200000000000500e+02
8.431299999999999955e+02
8.709900000000000091e+02
9.069800000000000182e+02
9.110000000000000000e+02
9.191700000000000728e+02
9.548400000000000318e+02
9.586900000000000546e+02
9.752799999999999727e+02
9.788600000000000136e+02
9.829099999999999682e+02
3.790000000000000036e+00
3.625000000000000000e+01
5.627000000000000313e+01
6.007999999999999829e+01
9.212000000000000455e+01
1.041299999999999955e+02
1.241300000000000097e+02
1.480200000000000102e+02
1.758900000000000148e+02
2.638999999999999773e+02
2.799399999999999977e+02
2.960400000000000205e+02
3.278199999999999932e+02
3.517300000000000182e+02
3.601000000000000227e+02
3.674399999999999977e+02
3.757200000000000273e+02
4.116899999999999977e+02
5.673999999999999773e+02
5.715500000000000682e+02
5.797899999999999636e+02
5.912300000000000182e+02
7.111499999999999773e+02
7.148899999999999864e+02
7.274099999999999682e+02
7.550299999999999727e+02
7.710199999999999818e+02
7.910700000000000500e+02
8.031700000000000728e+02
8.153200000000000500e+02
8.710199999999999818e+02
9.071499999999999773e+02
9.110299999999999727e+02
9.548500000000000227e+02
9.586900000000000546e+02
9.752899999999999636e+02
9.788700000000000045e+02
9.829400000000000546e+02
