2.094000000000000128e+01
9.662999999999999545e+01
1.066599999999999966e+02
1.268599999999999994e+02
1.388600000000000136e+02
1.526400000000000148e+02
1.549099999999999966e+02
1.786500000000000057e+02
2.506400000000000148e+02
2.567500000000000000e+02
3.147900000000000205e+02
3.504800000000000182e+02
3.747099999999999795e+02
3.884800000000000182e+02
4.045199999999999818e+02
4.125400000000000205e+02
4.163600000000000136e+02
4.385400000000000205e+02
4.524800000000000182e+02
4.822699999999999818e+02
5.023700000000000045e+02
5.063299999999999841e+02
5.223700000000000045e+02
5.343600000000000136e+02
6.084199999999999591e+02
6.581399999999999864e+02
6.919600000000000364e+02
7.019800000000000182e+02
7.681200000000000045e+02
7.840000000000000000e+02
8.000700000000000500e+02
8.061000000000000227e+02
8.501800000000000637e+02
8.560500000000000682e+02
8.919800000000000182e+02
9.060600000000000591e+02
9.356200000000000045e+02
9.460399999999999636e+02
9.719300000000000637e+02
9.837799999999999727e+02
9.860299999999999727e+02
