3.629999999999999893e+00
5.660000000000000142e+00
1.210999999999999943e+01
1.413000000000000078e+01
1.617999999999999972e+01
2.367000000000000171e+01
3.001999999999999957e+01
3.203000000000000114e+01
3.406000000000000227e+01
3.607999999999999829e+01
3.809000000000000341e+01
4.011999999999999744e+01
4.213000000000000256e+01
4.414000000000000057e+01
4.792000000000000171e+01
4.998000000000000398e+01
5.200000000000000000e+01
5.595000000000000284e+01
6.356000000000000227e+01
6.564000000000000057e+01
6.765000000000000568e+01
6.965999999999999659e+01
7.195000000000000284e+01
7.546000000000000796e+01
7.790999999999999659e+01
7.993000000000000682e+01
8.193999999999999773e+01
8.584000000000000341e+01
8.785999999999999943e+01
8.990000000000000568e+01
9.190999999999999659e+01
9.392000000000000171e+01
9.593999999999999773e+01
9.795000000000000284e+01
9.996000000000000796e+01
1.038299999999999983e+02
1.094399999999999977e+02
1.116200000000000045e+02
1.136599999999999966e+02
1.156899999999999977e+02
1.179000000000000057e+02
1.214099999999999966e+02
1.235300000000000011e+02
1.277900000000000063e+02
1.298000000000000114e+02
1.337800000000000011e+02
1.375099999999999909e+02
1.397500000000000000e+02
1.435200000000000102e+02
1.455900000000000034e+02
1.515500000000000114e+02
1.535900000000000034e+02
1.555999999999999943e+02
1.577199999999999989e+02
1.597299999999999898e+02
1.617400000000000091e+02
1.656299999999999955e+02
1.678799999999999955e+02
1.714600000000000080e+02
1.735399999999999920e+02
1.812899999999999920e+02
1.857299999999999898e+02
1.877500000000000000e+02
1.916700000000000159e+02
1.952700000000000102e+02
1.977100000000000080e+02
1.997300000000000182e+02
2.017500000000000000e+02
2.054900000000000091e+02
2.075200000000000102e+02
2.095399999999999920e+02
2.116500000000000057e+02
2.156400000000000148e+02
2.176700000000000159e+02
2.196800000000000068e+02
2.237400000000000091e+02
2.273100000000000023e+02
2.297000000000000171e+02
2.317199999999999989e+02
2.356700000000000159e+02
2.376899999999999977e+02
2.397000000000000171e+02
2.419500000000000171e+02
2.454500000000000171e+02
2.475200000000000102e+02
2.513900000000000148e+02
2.534000000000000057e+02
2.593299999999999841e+02
2.617699999999999818e+02
2.637900000000000205e+02
2.674800000000000182e+02
2.713199999999999932e+02
2.755699999999999932e+02
2.777500000000000000e+02
2.797599999999999909e+02
2.817800000000000296e+02
2.895900000000000318e+02
2.916000000000000227e+02
2.975000000000000000e+02
2.995199999999999818e+02
3.015900000000000318e+02
3.055799999999999841e+02
3.092099999999999795e+02
3.131700000000000159e+02
3.213299999999999841e+02
3.235099999999999909e+02
3.255500000000000114e+02
3.292200000000000273e+02
3.315099999999999909e+02
3.337099999999999795e+02
3.357200000000000273e+02
3.395500000000000114e+02
3.415699999999999932e+02
3.435799999999999841e+02
3.455900000000000318e+02
3.492800000000000296e+02
3.516600000000000250e+02
3.536700000000000159e+02
3.575799999999999841e+02
3.635300000000000296e+02
3.655500000000000114e+02
3.676399999999999864e+02
3.696500000000000341e+02
3.716600000000000250e+02
3.736700000000000159e+02
3.756800000000000068e+02
3.776899999999999977e+02
3.814200000000000159e+02
3.933899999999999864e+02
3.993000000000000114e+02
4.013199999999999932e+02
4.033299999999999841e+02
4.053500000000000227e+02
4.073600000000000136e+02
4.115900000000000318e+02
4.152400000000000091e+02
4.173000000000000114e+02
4.193100000000000023e+02
4.215099999999999909e+02
4.235400000000000205e+02
4.255699999999999932e+02
4.276000000000000227e+02
4.313600000000000136e+02
4.391600000000000250e+02
4.411999999999999886e+02
4.470699999999999932e+02
4.492200000000000273e+02
4.512300000000000182e+02
4.549800000000000182e+02
4.573700000000000045e+02
4.596100000000000136e+02
4.616299999999999955e+02
4.636500000000000341e+02
4.656600000000000250e+02
4.676800000000000068e+02
4.715000000000000000e+02
4.751899999999999977e+02
4.771999999999999886e+02
4.811500000000000341e+02
4.831700000000000159e+02
4.854000000000000341e+02
4.874200000000000159e+02
4.895000000000000000e+02
4.931299999999999955e+02
4.952400000000000091e+02
5.011200000000000045e+02
5.032500000000000000e+02
5.069100000000000250e+02
5.111399999999999864e+02
5.150000000000000000e+02
5.171800000000000637e+02
5.191900000000000546e+02
5.231399999999999864e+02
5.252100000000000364e+02
5.272300000000000182e+02
5.312699999999999818e+02
5.332799999999999727e+02
5.392799999999999727e+02
5.429199999999999591e+02
5.451599999999999682e+02
5.490399999999999636e+02
5.512300000000000182e+02
5.552200000000000273e+02
5.651599999999999682e+02
5.789099999999999682e+02
5.870099999999999909e+02
5.912100000000000364e+02
5.933200000000000500e+02
5.953300000000000409e+02
5.973400000000000318e+02
6.009500000000000455e+02
6.068999999999999773e+02
6.110600000000000591e+02
6.147699999999999818e+02
6.171299999999999955e+02
6.192300000000000182e+02
6.231499999999999773e+02
6.251599999999999682e+02
6.271699999999999591e+02
6.328100000000000591e+02
6.352400000000000091e+02
6.430099999999999909e+02
6.450600000000000591e+02
6.470900000000000318e+02
6.491000000000000227e+02
6.530500000000000682e+02
6.570399999999999636e+02
6.651499999999999773e+02
6.671599999999999682e+02
6.712100000000000364e+02
6.732799999999999727e+02
6.752899999999999636e+02
6.790700000000000500e+02
6.810900000000000318e+02
6.832200000000000273e+02
6.852400000000000091e+02
6.887000000000000455e+02
6.909600000000000364e+02
6.931800000000000637e+02
6.989800000000000182e+02
7.009900000000000091e+02
7.030500000000000682e+02
7.069800000000000182e+02
7.107799999999999727e+02
7.132899999999999636e+02
7.167599999999999909e+02
7.227300000000000182e+02
7.247799999999999727e+02
7.289300000000000637e+02
7.309500000000000455e+02
7.330000000000000000e+02
7.368700000000000045e+02
7.390199999999999818e+02
7.410299999999999727e+02
7.430399999999999636e+02
7.468700000000000045e+02
7.490700000000000500e+02
7.511100000000000136e+02
7.531200000000000045e+02
7.551399999999999864e+02
7.607500000000000000e+02
7.627799999999999727e+02
7.669700000000000273e+02
7.726800000000000637e+02
7.747699999999999818e+02
7.768700000000000045e+02
7.810700000000000500e+02
7.831000000000000227e+02
7.851200000000000045e+02
7.890700000000000500e+02
7.910800000000000409e+02
7.930900000000000318e+02
7.951200000000000045e+02
8.007000000000000455e+02
8.027699999999999818e+02
8.068700000000000045e+02
8.109700000000000273e+02
8.147500000000000000e+02
8.169800000000000182e+02
8.211399999999999864e+02
8.246900000000000546e+02
8.291900000000000546e+02
8.312200000000000273e+02
8.332300000000000182e+02
8.387100000000000364e+02
8.407200000000000273e+02
8.428899999999999864e+02
8.448999999999999773e+02
8.471100000000000136e+02
8.510399999999999636e+02
8.531700000000000728e+02
8.567200000000000273e+02
8.610000000000000000e+02
8.646399999999999864e+02
8.669099999999999682e+02
8.709900000000000091e+02
8.730099999999999909e+02
8.807599999999999909e+02
8.869900000000000091e+02
8.931100000000000136e+02
8.951399999999999864e+02
9.028500000000000227e+02
9.049900000000000091e+02
9.104500000000000455e+02
9.149200000000000728e+02
9.204700000000000273e+02
9.225500000000000682e+02
9.246000000000000227e+02
9.266499999999999773e+02
9.286800000000000637e+02
9.307000000000000455e+02
9.328000000000000682e+02
9.348100000000000591e+02
9.409600000000000364e+02
9.466599999999999682e+02
9.488500000000000227e+02
9.508600000000000136e+02
9.545900000000000318e+02
9.569200000000000728e+02
9.590000000000000000e+02
9.610099999999999909e+02
9.630199999999999818e+02
9.650299999999999727e+02
9.688400000000000318e+02
9.708500000000000227e+02
9.728600000000000136e+02
9.768000000000000682e+02
9.788200000000000500e+02
9.826299999999999955e+02
9.864099999999999682e+02
9.905900000000000318e+02
9.929300000000000637e+02
9.967699999999999818e+02
9.988700000000000045e+02
