5.720700000000000500e+02
5.919700000000000273e+02
6.522400000000000091e+02
6.718899999999999864e+02
4.470000000000000284e+01
9.629000000000000625e+01
1.046099999999999994e+02
1.248400000000000034e+02
1.685300000000000011e+02
2.005999999999999943e+02
3.007500000000000000e+02
3.204100000000000250e+02
3.286200000000000045e+02
3.480500000000000114e+02
3.963799999999999955e+02
4.286500000000000341e+02
4.561200000000000045e+02
4.603600000000000136e+02
4.961100000000000136e+02
5.043199999999999932e+02
5.720600000000000591e+02
5.919700000000000273e+02
6.279700000000000273e+02
6.521900000000000546e+02
6.718200000000000500e+02
7.317300000000000182e+02
7.520500000000000682e+02
7.720099999999999909e+02
7.834500000000000455e+02
9.199900000000000091e+02
9.477899999999999636e+02
9.837300000000000182e+02
4.473000000000000398e+01
9.640000000000000568e+01
1.046299999999999955e+02
1.249200000000000017e+02
1.685900000000000034e+02
3.204399999999999977e+02
3.286500000000000341e+02
3.481999999999999886e+02
4.286600000000000250e+02
4.561399999999999864e+02
4.961399999999999864e+02
5.043600000000000136e+02
5.720600000000000591e+02
5.919700000000000273e+02
6.521900000000000546e+02
6.718200000000000500e+02
7.721000000000000227e+02
7.834800000000000182e+02
9.200000000000000000e+02
9.478300000000000409e+02
9.837699999999999818e+02
4.475999999999999801e+01
1.046500000000000057e+02
3.204700000000000273e+02
3.286899999999999977e+02
4.286600000000000250e+02
4.561600000000000250e+02
4.961899999999999977e+02
5.044300000000000068e+02
5.720700000000000500e+02
5.919700000000000273e+02
6.522000000000000455e+02
6.718300000000000409e+02
7.835199999999999818e+02
9.200199999999999818e+02
4.480000000000000426e+01
1.046800000000000068e+02
3.205099999999999909e+02
4.286700000000000159e+02
4.561999999999999886e+02
4.962700000000000387e+02
5.720700000000000500e+02
5.919700000000000273e+02
6.522000000000000455e+02
6.718300000000000409e+02
7.835600000000000591e+02
9.200399999999999636e+02
4.485000000000000142e+01
1.047100000000000080e+02
4.286700000000000159e+02
5.720700000000000500e+02
5.919700000000000273e+02
6.522100000000000364e+02
6.718400000000000318e+02
7.835900000000000318e+02
9.200700000000000500e+02
4.286800000000000068e+02
5.720700000000000500e+02
5.919700000000000273e+02
6.522100000000000364e+02
6.718400000000000318e+02
7.836299999999999955e+02
9.201000000000000227e+02
4.286999999999999886e+02
5.720700000000000500e+02
5.919700000000000273e+02
6.522200000000000273e+02
6.718500000000000227e+02
7.836700000000000728e+02
9.201599999999999682e+02
5.720700000000000500e+02
5.919700000000000273e+02
6.522200000000000273e+02
6.718600000000000136e+02
5.720700000000000500e+02
5.919700000000000273e+02
6.522300000000000182e+02
6.718700000000000045e+02
