4.200000000000000178e+00
4.459999999999999964e+00
6.530000000000000249e+00
1.491000000000000014e+01
2.408999999999999986e+01
3.538000000000000256e+01
3.621999999999999886e+01
4.367000000000000171e+01
4.384000000000000341e+01
4.618999999999999773e+01
5.373000000000000398e+01
5.414999999999999858e+01
6.567000000000000171e+01
7.375000000000000000e+01
8.484000000000000341e+01
9.392000000000000171e+01
9.429999999999999716e+01
1.033500000000000085e+02
1.047699999999999960e+02
1.152000000000000028e+02
1.236099999999999994e+02
1.243100000000000023e+02
1.245900000000000034e+02
1.341700000000000159e+02
1.347500000000000000e+02
1.433799999999999955e+02
1.456299999999999955e+02
1.459600000000000080e+02
1.543900000000000148e+02
1.550300000000000011e+02
1.655999999999999943e+02
1.738100000000000023e+02
1.760099999999999909e+02
1.840900000000000034e+02
1.846100000000000136e+02
1.933499999999999943e+02
1.953100000000000023e+02
2.038700000000000045e+02
2.059099999999999966e+02
2.138799999999999955e+02
2.144099999999999966e+02
2.247400000000000091e+02
2.252000000000000171e+02
2.339500000000000171e+02
2.348499999999999943e+02
2.433600000000000136e+02
2.544800000000000182e+02
2.641700000000000159e+02
2.659300000000000068e+02
2.956899999999999977e+02
3.032099999999999795e+02
3.042699999999999818e+02
3.043600000000000136e+02
3.136600000000000250e+02
3.234200000000000159e+02
3.351500000000000341e+02
3.435500000000000114e+02
3.455600000000000023e+02
3.546399999999999864e+02
3.641899999999999977e+02
3.836399999999999864e+02
3.840799999999999841e+02
3.938299999999999841e+02
3.941299999999999955e+02
4.040199999999999818e+02
4.043799999999999955e+02
4.127900000000000205e+02
4.235900000000000318e+02
4.245400000000000205e+02
4.333199999999999932e+02
4.335699999999999932e+02
4.438700000000000045e+02
4.537300000000000182e+02
4.538799999999999955e+02
4.642900000000000205e+02
4.748600000000000136e+02
4.830600000000000023e+02
4.943700000000000045e+02
5.031100000000000136e+02
5.034300000000000068e+02
5.148600000000000136e+02
5.157200000000000273e+02
5.223899999999999864e+02
5.234099999999999682e+02
5.327899999999999636e+02
5.332500000000000000e+02
5.334900000000000091e+02
5.425800000000000409e+02
5.551100000000000136e+02
5.638000000000000682e+02
5.733600000000000136e+02
5.835399999999999636e+02
5.835800000000000409e+02
6.036399999999999864e+02
6.134700000000000273e+02
6.136200000000000045e+02
6.228600000000000136e+02
6.257799999999999727e+02
6.338300000000000409e+02
6.344300000000000637e+02
6.436900000000000546e+02
6.437400000000000091e+02
6.534300000000000637e+02
6.543200000000000500e+02
6.647599999999999909e+02
6.738899999999999864e+02
6.840700000000000500e+02
6.850199999999999818e+02
6.932400000000000091e+02
6.935500000000000682e+02
7.129099999999999682e+02
7.145900000000000318e+02
7.149400000000000546e+02
7.233899999999999864e+02
7.238799999999999955e+02
7.331800000000000637e+02
7.333400000000000318e+02
7.434800000000000182e+02
7.527000000000000455e+02
7.534500000000000455e+02
7.551399999999999864e+02
7.632500000000000000e+02
7.730199999999999818e+02
7.743799999999999955e+02
7.825500000000000682e+02
7.830700000000000500e+02
7.926200000000000045e+02
7.938899999999999864e+02
8.033700000000000045e+02
8.043799999999999955e+02
8.132599999999999909e+02
8.336399999999999864e+02
8.422699999999999818e+02
8.451499999999999773e+02
8.625399999999999636e+02
8.641499999999999773e+02
8.645800000000000409e+02
8.730099999999999909e+02
8.735199999999999818e+02
8.747500000000000000e+02
8.821700000000000728e+02
8.851499999999999773e+02
8.927100000000000364e+02
8.934200000000000728e+02
9.039700000000000273e+02
9.044900000000000091e+02
9.133100000000000591e+02
9.140900000000000318e+02
9.324600000000000364e+02
9.335700000000000500e+02
9.422699999999999818e+02
9.537100000000000364e+02
9.621200000000000045e+02
9.640500000000000682e+02
9.644400000000000546e+02
9.832400000000000091e+02
9.832500000000000000e+02
9.924600000000000364e+02
9.932000000000000455e+02
