6.570000000000000284e+00
8.630000000000000782e+00
2.624000000000000199e+01
2.837000000000000099e+01
4.703999999999999915e+01
4.907000000000000028e+01
5.142000000000000171e+01
6.579000000000000625e+01
6.807999999999999829e+01
7.025000000000000000e+01
8.598000000000000398e+01
8.862999999999999545e+01
9.067000000000000171e+01
9.271999999999999886e+01
1.058500000000000085e+02
1.078700000000000045e+02
1.255600000000000023e+02
1.276500000000000057e+02
1.313199999999999932e+02
1.472700000000000102e+02
1.514000000000000057e+02
1.655300000000000011e+02
1.681700000000000159e+02
1.720000000000000000e+02
1.849799999999999898e+02
1.886800000000000068e+02
2.050099999999999909e+02
2.070600000000000023e+02
2.099699999999999989e+02
2.259399999999999977e+02
2.288600000000000136e+02
2.465999999999999943e+02
2.489500000000000171e+02
2.675799999999999841e+02
2.696499999999999773e+02
2.855300000000000296e+02
2.887200000000000273e+02
3.042099999999999795e+02
3.063700000000000045e+02
3.085000000000000000e+02
3.115300000000000296e+02
3.246100000000000136e+02
3.271100000000000136e+02
3.308700000000000045e+02
3.451000000000000227e+02
3.485099999999999909e+02
3.654499999999999886e+02
3.675300000000000296e+02
3.847200000000000273e+02
3.867500000000000000e+02
3.887900000000000205e+02
3.908299999999999841e+02
4.055000000000000000e+02
4.078799999999999955e+02
4.099499999999999886e+02
4.251200000000000045e+02
4.281500000000000341e+02
4.455199999999999818e+02
4.488799999999999955e+02
4.646600000000000250e+02
4.667300000000000182e+02
4.695600000000000023e+02
4.860400000000000205e+02
4.887599999999999909e+02
5.055099999999999909e+02
5.084399999999999977e+02
5.264300000000000637e+02
5.290099999999999909e+02
5.479300000000000637e+02
5.638300000000000409e+02
5.659199999999999591e+02
5.691000000000000227e+02
5.857000000000000455e+02
5.880800000000000409e+02
6.045500000000000682e+02
6.066800000000000637e+02
6.243200000000000500e+02
6.270500000000000682e+02
6.305800000000000409e+02
6.454700000000000273e+02
6.475700000000000500e+02
6.649500000000000455e+02
6.670399999999999636e+02
6.694900000000000091e+02
6.857500000000000000e+02
6.878600000000000136e+02
7.053000000000000682e+02
7.073400000000000318e+02
7.235399999999999636e+02
7.263899999999999864e+02
7.293100000000000591e+02
7.441800000000000637e+02
7.463000000000000682e+02
7.497699999999999818e+02
7.654800000000000182e+02
7.690299999999999727e+02
7.844500000000000455e+02
7.870600000000000591e+02
8.043999999999999773e+02
8.067100000000000364e+02
8.099099999999999682e+02
8.240399999999999636e+02
8.264099999999999682e+02
8.285700000000000500e+02
8.428799999999999955e+02
8.455600000000000591e+02
8.488500000000000227e+02
8.509900000000000091e+02
8.645600000000000591e+02
8.669600000000000364e+02
8.702899999999999636e+02
8.853000000000000682e+02
8.879700000000000273e+02
9.041900000000000546e+02
9.063899999999999864e+02
9.085600000000000591e+02
9.244600000000000364e+02
9.265199999999999818e+02
9.292300000000000182e+02
9.441399999999999864e+02
9.461800000000000637e+02
9.486200000000000045e+02
9.649800000000000182e+02
9.670500000000000682e+02
9.700600000000000591e+02
9.831900000000000546e+02
9.853999999999999773e+02
9.879400000000000546e+02
