6.490000000000000213e+00
2.616000000000000014e+01
2.833000000000000185e+01
4.596999999999999886e+01
4.810999999999999943e+01
5.050000000000000000e+01
6.640000000000000568e+01
6.954000000000000625e+01
8.510000000000000853e+01
8.789000000000000057e+01
1.049500000000000028e+02
1.071400000000000006e+02
1.250900000000000034e+02
1.275799999999999983e+02
1.459699999999999989e+02
1.482199999999999989e+02
1.654799999999999898e+02
1.678100000000000023e+02
1.840600000000000023e+02
1.877100000000000080e+02
2.043199999999999932e+02
2.069300000000000068e+02
2.091599999999999966e+02
2.250399999999999920e+02
2.277100000000000080e+02
2.455200000000000102e+02
2.480200000000000102e+02
2.680000000000000000e+02
2.847599999999999909e+02
2.889900000000000091e+02
3.034000000000000341e+02
3.064700000000000273e+02
3.244900000000000091e+02
3.270099999999999909e+02
3.448899999999999864e+02
3.654200000000000159e+02
3.676600000000000250e+02
3.853100000000000023e+02
4.046200000000000045e+02
4.069700000000000273e+02
4.270000000000000000e+02
4.295699999999999932e+02
4.445600000000000023e+02
4.473100000000000023e+02
4.655600000000000023e+02
4.689300000000000068e+02
4.851800000000000068e+02
4.879900000000000091e+02
5.049300000000000068e+02
5.076999999999999886e+02
5.252699999999999818e+02
5.281699999999999591e+02
5.467400000000000091e+02
5.634500000000000455e+02
5.681299999999999955e+02
5.845900000000000318e+02
5.869300000000000637e+02
6.051599999999999682e+02
6.241000000000000227e+02
6.269700000000000273e+02
6.447100000000000364e+02
6.473000000000000682e+02
6.651699999999999591e+02
6.696100000000000136e+02
6.855600000000000591e+02
6.891100000000000136e+02
7.054900000000000091e+02
7.079099999999999682e+02
7.227400000000000091e+02
7.253300000000000409e+02
7.277799999999999727e+02
7.452200000000000273e+02
7.656399999999999864e+02
7.859600000000000364e+02
8.040099999999999909e+02
8.063999999999999773e+02
8.244200000000000728e+02
8.267799999999999727e+02
8.448899999999999864e+02
8.657300000000000182e+02
8.692899999999999636e+02
8.847799999999999727e+02
8.870099999999999909e+02
9.030399999999999636e+02
9.053799999999999955e+02
9.236700000000000728e+02
9.261499999999999773e+02
9.431399999999999864e+02
9.453500000000000227e+02
9.481100000000000136e+02
9.643400000000000318e+02
9.671399999999999864e+02
9.840400000000000773e+02
9.871299999999999955e+02
