8.759999999999999787e+00
8.839999999999999858e+00
1.083000000000000007e+01
1.097000000000000064e+01
1.229000000000000092e+01
1.285999999999999943e+01
1.442999999999999972e+01
1.497000000000000064e+01
1.549000000000000021e+01
1.694000000000000128e+01
1.705999999999999872e+01
1.933999999999999986e+01
2.040000000000000213e+01
2.137999999999999901e+01
2.244999999999999929e+01
5.575999999999999801e+01
5.625999999999999801e+01
5.817999999999999972e+01
6.021999999999999886e+01
6.152000000000000313e+01
6.307999999999999829e+01
6.520000000000000284e+01
6.534000000000000341e+01
6.560999999999999943e+01
6.854999999999999716e+01
6.860000000000000853e+01
7.089000000000000057e+01
7.104000000000000625e+01
7.323000000000000398e+01
1.058599999999999994e+02
1.062100000000000080e+02
1.073100000000000023e+02
1.100300000000000011e+02
1.103700000000000045e+02
1.125799999999999983e+02
1.138599999999999994e+02
1.146400000000000006e+02
1.162699999999999960e+02
1.165199999999999960e+02
1.166599999999999966e+02
1.183200000000000074e+02
1.185700000000000074e+02
1.189500000000000028e+02
1.209800000000000040e+02
1.212300000000000040e+02
1.571599999999999966e+02
1.590699999999999932e+02
1.602599999999999909e+02
1.611700000000000159e+02
1.623000000000000114e+02
1.632100000000000080e+02
1.632800000000000011e+02
1.652299999999999898e+02
1.658300000000000125e+02
1.677800000000000011e+02
1.678600000000000136e+02
1.680300000000000011e+02
1.701400000000000148e+02
1.711800000000000068e+02
1.734399999999999977e+02
1.735300000000000011e+02
2.054000000000000057e+02
2.068300000000000125e+02
2.074699999999999989e+02
2.088600000000000136e+02
2.094200000000000159e+02
2.102899999999999920e+02
2.116400000000000148e+02
2.136599999999999966e+02
2.144000000000000057e+02
2.153799999999999955e+02
2.159600000000000080e+02
2.165500000000000114e+02
2.183499999999999943e+02
2.188700000000000045e+02
2.203700000000000045e+02
2.214600000000000080e+02
2.589300000000000068e+02
2.601100000000000136e+02
2.609700000000000273e+02
2.626299999999999955e+02
2.628000000000000114e+02
2.630000000000000000e+02
2.646600000000000250e+02
2.673100000000000023e+02
2.695000000000000000e+02
2.700099999999999909e+02
2.728799999999999955e+02
2.737599999999999909e+02
3.050500000000000114e+02
3.070799999999999841e+02
3.079499999999999886e+02
3.082300000000000182e+02
3.099900000000000091e+02
3.100900000000000318e+02
3.122300000000000182e+02
3.138400000000000318e+02
3.144900000000000091e+02
3.159700000000000273e+02
3.165799999999999841e+02
3.180300000000000296e+02
3.182300000000000182e+02
3.193600000000000136e+02
3.208100000000000023e+02
3.218199999999999932e+02
3.565900000000000318e+02
3.574700000000000273e+02
3.595600000000000023e+02
3.614300000000000068e+02
3.621600000000000250e+02
3.634499999999999886e+02
3.637699999999999818e+02
3.654900000000000091e+02
3.663500000000000227e+02
3.671999999999999886e+02
3.680799999999999841e+02
3.703400000000000318e+02
3.713799999999999955e+02
3.723799999999999955e+02
4.037599999999999909e+02
4.052200000000000273e+02
4.052900000000000205e+02
4.076999999999999886e+02
4.080900000000000318e+02
4.105099999999999909e+02
4.107100000000000364e+02
4.125300000000000296e+02
4.145699999999999932e+02
4.151700000000000159e+02
4.171700000000000159e+02
4.173600000000000136e+02
4.192100000000000364e+02
4.195400000000000205e+02
4.204499999999999886e+02
4.575300000000000296e+02
4.589800000000000182e+02
4.606000000000000227e+02
4.610000000000000000e+02
4.620199999999999818e+02
4.626200000000000045e+02
4.646100000000000136e+02
4.654000000000000341e+02
4.659100000000000250e+02
4.674399999999999977e+02
4.693600000000000136e+02
4.695099999999999909e+02
4.716100000000000136e+02
4.743299999999999841e+02
5.045799999999999841e+02
5.075300000000000296e+02
5.079900000000000091e+02
5.095900000000000318e+02
5.101299999999999955e+02
5.111299999999999955e+02
5.118199999999999932e+02
5.127599999999999909e+02
5.152400000000000091e+02
5.161399999999999864e+02
5.161599999999999682e+02
5.173100000000000591e+02
5.182999999999999545e+02
5.196000000000000227e+02
5.201499999999999773e+02
5.217100000000000364e+02
5.575399999999999636e+02
5.586499999999999773e+02
5.612200000000000273e+02
5.618899999999999864e+02
5.632599999999999909e+02
5.639600000000000364e+02
5.649400000000000546e+02
5.653300000000000409e+02
5.659900000000000091e+02
5.678400000000000318e+02
5.680199999999999818e+02
5.700900000000000318e+02
5.721100000000000136e+02
5.731699999999999591e+02
6.056599999999999682e+02
6.064900000000000091e+02
6.089900000000000091e+02
6.092000000000000455e+02
6.108000000000000682e+02
6.112799999999999727e+02
6.130700000000000500e+02
6.135099999999999909e+02
6.145299999999999727e+02
6.161299999999999955e+02
6.161699999999999591e+02
6.170299999999999727e+02
6.190500000000000682e+02
6.193999999999999773e+02
6.196699999999999591e+02
6.229099999999999682e+02
6.233200000000000500e+02
6.569199999999999591e+02
6.592100000000000364e+02
6.611000000000000227e+02
6.620600000000000591e+02
6.631900000000000546e+02
6.641599999999999682e+02
6.647100000000000364e+02
6.652400000000000091e+02
6.662000000000000455e+02
6.672899999999999636e+02
6.673500000000000227e+02
6.690000000000000000e+02
6.701299999999999955e+02
6.717500000000000000e+02
7.047200000000000273e+02
7.089099999999999682e+02
7.090199999999999818e+02
7.110500000000000682e+02
7.111000000000000227e+02
7.128600000000000136e+02
7.130800000000000409e+02
7.141499999999999773e+02
7.153700000000000045e+02
7.164099999999999682e+02
7.166800000000000637e+02
7.175700000000000500e+02
7.193700000000000045e+02
7.196800000000000637e+02
7.215700000000000500e+02
7.236200000000000045e+02
7.252599999999999909e+02
7.548799999999999955e+02
7.578100000000000591e+02
7.583600000000000136e+02
7.593799999999999955e+02
7.598700000000000045e+02
7.618999999999999773e+02
7.622500000000000000e+02
7.642899999999999636e+02
7.645099999999999909e+02
7.665399999999999636e+02
7.675399999999999636e+02
7.688500000000000227e+02
7.695600000000000591e+02
7.743700000000000045e+02
7.745800000000000409e+02
8.062100000000000364e+02
8.069400000000000546e+02
8.092100000000000364e+02
8.092599999999999909e+02
8.113100000000000591e+02
8.113200000000000500e+02
8.133899999999999864e+02
8.136299999999999955e+02
8.154099999999999682e+02
8.174400000000000546e+02
8.181800000000000637e+02
8.194600000000000364e+02
8.197599999999999909e+02
8.217799999999999727e+02
8.218300000000000409e+02
8.248300000000000409e+02
8.579099999999999682e+02
8.583100000000000591e+02
8.598500000000000227e+02
8.605399999999999636e+02
8.610500000000000682e+02
8.635800000000000409e+02
8.639800000000000182e+02
8.664900000000000091e+02
8.673200000000000500e+02
8.675399999999999636e+02
8.685800000000000409e+02
8.696200000000000045e+02
8.702000000000000455e+02
8.723999999999999773e+02
8.731000000000000227e+02
9.053600000000000136e+02
9.068100000000000591e+02
9.081100000000000136e+02
9.096299999999999955e+02
9.102500000000000000e+02
9.119900000000000091e+02
9.138100000000000591e+02
9.143100000000000591e+02
9.159500000000000455e+02
9.159500000000000455e+02
9.174500000000000455e+02
9.179800000000000182e+02
9.200500000000000682e+02
9.202100000000000364e+02
9.205299999999999727e+02
9.229500000000000455e+02
9.551000000000000227e+02
9.578100000000000591e+02
9.593400000000000318e+02
9.603300000000000409e+02
9.613700000000000045e+02
9.626499999999999773e+02
9.650000000000000000e+02
9.657799999999999727e+02
9.673100000000000591e+02
9.722400000000000091e+02
9.729700000000000273e+02
9.745299999999999727e+02
9.751100000000000136e+02
