6.650000000000000355e+00
4.713000000000000256e+01
1.468199999999999932e+02
1.849099999999999966e+02
2.465000000000000000e+02
2.677500000000000000e+02
3.247099999999999795e+02
4.058899999999999864e+02
4.252300000000000182e+02
4.273500000000000227e+02
4.845300000000000296e+02
5.266200000000000045e+02
6.652000000000000455e+02
6.858799999999999955e+02
7.073700000000000045e+02
8.046900000000000546e+02
8.455199999999999818e+02
9.442400000000000091e+02
6.650000000000000355e+00
4.713000000000000256e+01
1.468199999999999932e+02
1.849099999999999966e+02
2.465000000000000000e+02
2.677699999999999818e+02
3.247099999999999795e+02
4.059200000000000159e+02
4.252300000000000182e+02
4.273500000000000227e+02
4.845300000000000296e+02
6.652000000000000455e+02
6.858799999999999955e+02
8.046900000000000546e+02
8.455299999999999727e+02
9.442400000000000091e+02
6.650000000000000355e+00
4.713000000000000256e+01
1.468199999999999932e+02
1.849099999999999966e+02
2.465000000000000000e+02
3.247200000000000273e+02
4.059600000000000364e+02
4.252300000000000182e+02
4.273500000000000227e+02
4.845300000000000296e+02
6.652000000000000455e+02
6.858799999999999955e+02
8.046900000000000546e+02
8.455299999999999727e+02
9.442400000000000091e+02
6.650000000000000355e+00
4.713000000000000256e+01
1.468199999999999932e+02
1.849099999999999966e+02
2.465000000000000000e+02
3.247200000000000273e+02
4.252400000000000091e+02
4.273600000000000136e+02
4.845400000000000205e+02
6.652000000000000455e+02
6.858799999999999955e+02
8.046900000000000546e+02
8.455299999999999727e+02
9.442400000000000091e+02
6.650000000000000355e+00
4.713000000000000256e+01
1.468300000000000125e+02
1.849099999999999966e+02
2.465000000000000000e+02
3.247300000000000182e+02
4.252500000000000000e+02
4.273799999999999955e+02
4.845400000000000205e+02
6.652000000000000455e+02
6.858799999999999955e+02
8.047000000000000455e+02
8.455299999999999727e+02
9.442400000000000091e+02
6.650000000000000355e+00
1.009999999999999964e+01
2.700000000000000000e+01
2.916000000000000014e+01
4.711999999999999744e+01
4.920000000000000284e+01
5.153999999999999915e+01
6.592000000000000171e+01
6.809999999999999432e+01
7.045000000000000284e+01
8.685999999999999943e+01
8.910999999999999943e+01
1.066500000000000057e+02
1.115799999999999983e+02
1.262300000000000040e+02
1.286899999999999977e+02
1.468100000000000023e+02
1.490399999999999920e+02
1.681500000000000057e+02
1.849099999999999966e+02
1.888300000000000125e+02
2.075200000000000102e+02
2.096700000000000159e+02
2.119399999999999977e+02
2.292000000000000171e+02
2.465000000000000000e+02
2.493700000000000045e+02
2.677099999999999795e+02
2.699300000000000068e+02
2.879499999999999886e+02
2.902800000000000296e+02
3.066500000000000341e+02
3.246899999999999977e+02
3.271299999999999955e+02
3.453400000000000318e+02
3.476999999999999886e+02
3.662200000000000273e+02
3.683100000000000023e+02
3.868400000000000318e+02
4.057699999999999818e+02
4.079499999999999886e+02
4.100799999999999841e+02
4.252100000000000364e+02
4.273199999999999932e+02
4.293899999999999864e+02
4.458500000000000227e+02
4.489900000000000091e+02
4.668199999999999932e+02
4.702500000000000000e+02
4.845199999999999818e+02
4.877100000000000364e+02
5.265700000000000500e+02
5.289900000000000091e+02
5.655500000000000682e+02
5.691399999999999864e+02
5.860800000000000409e+02
5.881900000000000546e+02
6.063999999999999773e+02
6.271299999999999955e+02
6.454400000000000546e+02
6.476000000000000227e+02
6.651900000000000546e+02
6.696200000000000045e+02
6.858799999999999955e+02
6.883000000000000682e+02
7.071399999999999864e+02
7.254900000000000091e+02
7.295700000000000500e+02
7.465199999999999818e+02
7.658700000000000045e+02
7.692799999999999727e+02
7.872300000000000182e+02
8.046900000000000546e+02
8.264400000000000546e+02
8.287400000000000091e+02
8.433899999999999864e+02
8.455500000000000682e+02
8.659400000000000546e+02
8.680299999999999727e+02
8.856399999999999864e+02
8.880299999999999727e+02
9.043999999999999773e+02
9.075099999999999909e+02
9.258600000000000136e+02
9.442300000000000182e+02
9.463200000000000500e+02
9.657300000000000182e+02
9.856499999999999773e+02
9.879500000000000455e+02
6.650000000000000355e+00
1.014000000000000057e+01
2.703000000000000114e+01
2.931000000000000227e+01
4.711999999999999744e+01
4.921999999999999886e+01
6.593000000000000682e+01
6.817000000000000171e+01
8.692000000000000171e+01
1.066800000000000068e+02
1.262600000000000051e+02
1.468100000000000023e+02
1.681899999999999977e+02
1.849099999999999966e+02
1.889000000000000057e+02
2.098799999999999955e+02
2.465000000000000000e+02
2.494099999999999966e+02
2.677200000000000273e+02
2.699700000000000273e+02
2.880500000000000114e+02
2.903299999999999841e+02
3.246899999999999977e+02
3.274399999999999977e+02
3.453500000000000227e+02
3.477599999999999909e+02
3.662599999999999909e+02
3.683500000000000227e+02
3.868799999999999955e+02
4.057800000000000296e+02
4.082900000000000205e+02
4.252200000000000273e+02
4.273400000000000318e+02
4.294300000000000068e+02
4.458600000000000136e+02
4.668199999999999932e+02
4.703199999999999932e+02
4.845300000000000296e+02
4.878199999999999932e+02
5.265700000000000500e+02
5.656100000000000136e+02
5.883100000000000591e+02
6.454800000000000182e+02
6.476499999999999773e+02
6.651900000000000546e+02
6.858799999999999955e+02
7.071599999999999682e+02
7.264500000000000455e+02
7.466200000000000045e+02
7.658899999999999864e+02
7.694400000000000546e+02
7.873200000000000500e+02
8.046900000000000546e+02
8.264800000000000182e+02
8.288400000000000318e+02
8.433999999999999773e+02
8.455500000000000682e+02
8.660099999999999909e+02
8.856499999999999773e+02
8.880900000000000318e+02
9.044400000000000546e+02
9.076499999999999773e+02
9.259300000000000637e+02
9.442300000000000182e+02
9.463400000000000318e+02
9.657599999999999909e+02
9.857300000000000182e+02
6.650000000000000355e+00
1.017999999999999972e+01
2.707000000000000028e+01
4.711999999999999744e+01
4.925999999999999801e+01
6.593999999999999773e+01
1.067199999999999989e+02
1.262999999999999972e+02
1.468100000000000023e+02
1.682299999999999898e+02
1.849099999999999966e+02
2.465000000000000000e+02
2.494900000000000091e+02
2.677200000000000273e+02
2.700199999999999818e+02
2.904000000000000341e+02
3.246999999999999886e+02
3.453600000000000136e+02
3.663199999999999932e+02
3.684100000000000250e+02
4.057900000000000205e+02
4.252200000000000273e+02
4.273400000000000318e+02
4.294499999999999886e+02
4.458700000000000045e+02
4.668299999999999841e+02
4.845300000000000296e+02
5.265800000000000409e+02
6.477400000000000091e+02
6.651900000000000546e+02
6.858799999999999955e+02
7.071900000000000546e+02
7.659300000000000637e+02
7.874300000000000637e+02
8.046900000000000546e+02
8.265099999999999909e+02
8.434200000000000728e+02
8.455600000000000591e+02
8.856800000000000637e+02
9.077400000000000091e+02
9.442300000000000182e+02
9.657899999999999636e+02
6.650000000000000355e+00
1.024000000000000021e+01
4.711999999999999744e+01
6.595000000000000284e+01
1.079300000000000068e+02
1.263700000000000045e+02
1.468100000000000023e+02
1.682800000000000011e+02
1.849099999999999966e+02
2.465000000000000000e+02
2.677300000000000182e+02
3.246999999999999886e+02
3.453799999999999955e+02
3.683799999999999955e+02
4.058000000000000114e+02
4.252200000000000273e+02
4.273400000000000318e+02
4.295000000000000000e+02
4.459000000000000341e+02
4.668400000000000318e+02
4.845300000000000296e+02
5.265900000000000318e+02
6.652000000000000455e+02
6.858799999999999955e+02
7.072100000000000364e+02
8.046900000000000546e+02
8.265500000000000682e+02
8.455199999999999818e+02
9.442300000000000182e+02
9.658600000000000136e+02
6.650000000000000355e+00
4.713000000000000256e+01
1.468100000000000023e+02
1.849099999999999966e+02
2.465000000000000000e+02
2.677400000000000091e+02
3.246999999999999886e+02
4.058299999999999841e+02
4.252200000000000273e+02
4.273400000000000318e+02
4.668500000000000227e+02
4.845300000000000296e+02
5.266000000000000227e+02
6.652000000000000455e+02
6.858799999999999955e+02
7.072599999999999909e+02
8.046900000000000546e+02
8.455199999999999818e+02
9.442300000000000182e+02
