8.584000000000000341e+01
1.246800000000000068e+02
1.667599999999999909e+02
2.250500000000000114e+02
2.954499999999999886e+02
3.243299999999999841e+02
3.751800000000000068e+02
3.846800000000000068e+02
3.949499999999999886e+02
4.344000000000000341e+02
4.448899999999999864e+02
4.745099999999999909e+02
5.142699999999999818e+02
5.554900000000000091e+02
5.648600000000000136e+02
5.745199999999999818e+02
5.846399999999999864e+02
5.950900000000000318e+02
6.144900000000000091e+02
6.448100000000000591e+02
6.658500000000000227e+02
6.943000000000000682e+02
7.060299999999999727e+02
7.247799999999999727e+02
7.343400000000000318e+02
7.439400000000000546e+02
7.741200000000000045e+02
8.243000000000000682e+02
5.740000000000000213e+00
1.619000000000000128e+01
2.517000000000000171e+01
3.589999999999999858e+01
4.473000000000000398e+01
5.512000000000000455e+01
7.512999999999999545e+01
8.578000000000000114e+01
9.504000000000000625e+01
1.046700000000000017e+02
1.067600000000000051e+02
1.155400000000000063e+02
1.246800000000000068e+02
1.348199999999999932e+02
1.444600000000000080e+02
1.466899999999999977e+02
1.667199999999999989e+02
1.751700000000000159e+02
1.850300000000000011e+02
2.050500000000000114e+02
2.155500000000000114e+02
2.249099999999999966e+02
2.357400000000000091e+02
2.451700000000000159e+02
2.556599999999999966e+02
2.655300000000000296e+02
2.865199999999999818e+02
2.953500000000000227e+02
3.043199999999999932e+02
3.148700000000000045e+02
3.242900000000000205e+02
3.354700000000000273e+02
3.448299999999999841e+02
3.641399999999999864e+02
3.751399999999999864e+02
3.844600000000000364e+02
3.949100000000000250e+02
4.145199999999999818e+02
4.244200000000000159e+02
4.343000000000000114e+02
4.448400000000000318e+02
4.548700000000000045e+02
4.654900000000000091e+02
4.744900000000000091e+02
4.767100000000000364e+02
4.842400000000000091e+02
4.939100000000000250e+02
5.045600000000000023e+02
5.141699999999999591e+02
5.245600000000000591e+02
5.343700000000000045e+02
5.443799999999999955e+02
5.554900000000000091e+02
5.648200000000000500e+02
5.744400000000000546e+02
5.845700000000000500e+02
5.949900000000000091e+02
6.048200000000000500e+02
6.144500000000000455e+02
6.337100000000000364e+02
6.358700000000000045e+02
6.446100000000000136e+02
6.552500000000000000e+02
6.658000000000000682e+02
6.843899999999999864e+02
6.942500000000000000e+02
7.060000000000000000e+02
7.143600000000000136e+02
7.246100000000000136e+02
7.342699999999999818e+02
7.438700000000000045e+02
7.540099999999999909e+02
7.561499999999999773e+02
7.644500000000000455e+02
7.740500000000000682e+02
7.836299999999999955e+02
7.936599999999999682e+02
8.034099999999999682e+02
8.055800000000000409e+02
8.242899999999999636e+02
8.337699999999999818e+02
8.433200000000000500e+02
8.566499999999999773e+02
8.645800000000000409e+02
8.742400000000000091e+02
8.836700000000000728e+02
8.939700000000000273e+02
9.050199999999999818e+02
9.144500000000000455e+02
9.345299999999999727e+02
9.441399999999999864e+02
9.546499999999999773e+02
9.632200000000000273e+02
9.653000000000000682e+02
9.745399999999999636e+02
9.857000000000000455e+02
9.935400000000000773e+02
5.780000000000000249e+00
1.625000000000000000e+01
2.517999999999999972e+01
3.592999999999999972e+01
4.474000000000000199e+01
5.514000000000000057e+01
7.518000000000000682e+01
8.578000000000000114e+01
1.046800000000000068e+02
1.067900000000000063e+02
1.155600000000000023e+02
1.246800000000000068e+02
1.348400000000000034e+02
1.444699999999999989e+02
1.467400000000000091e+02
1.667199999999999989e+02
1.752299999999999898e+02
1.850399999999999920e+02
2.050699999999999932e+02
2.155900000000000034e+02
2.249200000000000159e+02
2.357800000000000011e+02
2.452500000000000000e+02
2.556899999999999977e+02
2.865300000000000296e+02
2.953600000000000136e+02
3.062300000000000182e+02
3.148899999999999864e+02
3.243000000000000114e+02
3.354900000000000091e+02
3.448500000000000227e+02
3.641500000000000341e+02
3.751399999999999864e+02
3.844700000000000273e+02
3.949200000000000159e+02
4.145300000000000296e+02
4.244300000000000068e+02
4.343100000000000023e+02
4.448500000000000227e+02
4.548799999999999955e+02
4.655500000000000114e+02
4.744900000000000091e+02
4.842699999999999818e+02
4.939200000000000159e+02
5.141900000000000546e+02
5.245800000000000409e+02
5.343999999999999773e+02
5.554900000000000091e+02
5.648200000000000500e+02
5.744400000000000546e+02
5.845700000000000500e+02
5.949900000000000091e+02
6.144600000000000364e+02
6.354900000000000091e+02
6.446200000000000045e+02
6.553200000000000500e+02
6.658000000000000682e+02
6.844099999999999682e+02
6.942599999999999909e+02
7.060099999999999909e+02
7.144199999999999591e+02
7.246200000000000045e+02
7.342799999999999727e+02
7.438799999999999955e+02
7.540500000000000682e+02
7.645299999999999727e+02
7.740500000000000682e+02
7.836399999999999864e+02
7.936900000000000546e+02
8.034200000000000728e+02
8.242899999999999636e+02
8.337799999999999727e+02
8.433700000000000045e+02
8.742599999999999909e+02
8.940099999999999909e+02
9.050800000000000409e+02
9.145099999999999909e+02
9.345800000000000409e+02
9.442100000000000364e+02
9.546599999999999682e+02
9.632400000000000091e+02
9.653400000000000318e+02
9.745600000000000591e+02
5.839999999999999858e+00
2.519000000000000128e+01
3.596000000000000085e+01
4.475999999999999801e+01
5.516000000000000369e+01
8.579000000000000625e+01
1.047100000000000080e+02
1.155799999999999983e+02
1.246800000000000068e+02
1.348600000000000136e+02
1.444799999999999898e+02
1.468100000000000023e+02
1.667299999999999898e+02
1.753600000000000136e+02
1.850500000000000114e+02
2.050999999999999943e+02
2.156500000000000057e+02
2.249399999999999977e+02
2.358300000000000125e+02
2.452899999999999920e+02
2.865400000000000205e+02
2.953700000000000045e+02
3.149399999999999977e+02
3.243000000000000114e+02
3.355199999999999818e+02
3.448799999999999955e+02
3.641600000000000250e+02
3.751500000000000341e+02
3.844800000000000182e+02
3.949200000000000159e+02
4.145400000000000205e+02
4.244399999999999977e+02
4.343100000000000023e+02
4.448500000000000227e+02
4.548799999999999955e+02
4.744900000000000091e+02
4.939300000000000068e+02
5.142000000000000455e+02
5.246299999999999955e+02
5.344500000000000455e+02
5.554900000000000091e+02
5.648300000000000409e+02
5.744500000000000455e+02
5.845800000000000409e+02
5.950000000000000000e+02
6.144600000000000364e+02
6.355199999999999818e+02
6.446299999999999955e+02
6.658100000000000591e+02
6.844300000000000637e+02
6.942599999999999909e+02
7.060099999999999909e+02
7.144600000000000364e+02
7.246299999999999955e+02
7.342799999999999727e+02
7.438799999999999955e+02
7.544800000000000182e+02
7.740600000000000591e+02
7.836499999999999773e+02
7.954600000000000364e+02
8.034300000000000637e+02
8.242899999999999636e+02
8.338000000000000682e+02
8.436499999999999773e+02
8.742799999999999727e+02
8.940399999999999636e+02
9.051499999999999773e+02
9.346499999999999773e+02
9.445399999999999636e+02
9.546800000000000637e+02
9.632699999999999818e+02
9.745800000000000409e+02
6.080000000000000071e+00
2.519999999999999929e+01
3.599000000000000199e+01
4.478000000000000114e+01
5.517999999999999972e+01
8.579000000000000625e+01
1.156000000000000085e+02
1.246800000000000068e+02
1.348900000000000148e+02
1.444900000000000091e+02
1.468700000000000045e+02
1.667299999999999898e+02
1.850600000000000023e+02
2.249500000000000171e+02
2.453400000000000034e+02
2.865500000000000114e+02
2.953799999999999955e+02
3.243000000000000114e+02
3.355400000000000205e+02
3.450400000000000205e+02
3.641700000000000159e+02
3.751500000000000341e+02
3.844900000000000091e+02
3.949200000000000159e+02
4.145500000000000114e+02
4.244499999999999886e+02
4.343299999999999841e+02
4.448600000000000136e+02
4.548899999999999864e+02
4.744900000000000091e+02
4.939399999999999977e+02
5.142100000000000364e+02
5.246699999999999591e+02
5.554900000000000091e+02
5.648300000000000409e+02
5.744600000000000364e+02
5.845800000000000409e+02
5.950099999999999909e+02
6.144600000000000364e+02
6.355500000000000682e+02
6.446399999999999864e+02
6.658100000000000591e+02
6.844600000000000364e+02
6.942699999999999818e+02
7.060099999999999909e+02
7.145099999999999909e+02
7.246399999999999864e+02
7.342899999999999636e+02
7.438899999999999864e+02
7.545399999999999636e+02
7.740600000000000591e+02
7.836599999999999682e+02
8.034500000000000455e+02
8.242899999999999636e+02
8.338300000000000409e+02
8.742899999999999636e+02
8.940600000000000591e+02
9.446200000000000045e+02
9.546900000000000546e+02
9.746100000000000136e+02
2.521999999999999886e+01
3.603999999999999915e+01
4.480000000000000426e+01
5.520000000000000284e+01
8.579999999999999716e+01
1.156200000000000045e+02
1.246800000000000068e+02
1.349200000000000159e+02
1.445099999999999909e+02
1.667299999999999898e+02
1.850900000000000034e+02
2.249800000000000182e+02
2.865600000000000023e+02
2.953899999999999864e+02
3.243100000000000023e+02
3.355900000000000318e+02
3.450699999999999932e+02
3.641800000000000068e+02
3.751600000000000250e+02
3.845099999999999909e+02
3.949300000000000068e+02
4.145600000000000023e+02
4.244600000000000364e+02
4.343400000000000318e+02
4.448600000000000136e+02
4.549000000000000341e+02
4.745000000000000000e+02
4.939499999999999886e+02
5.142200000000000273e+02
5.247100000000000364e+02
5.554900000000000091e+02
5.648300000000000409e+02
5.744700000000000273e+02
5.845900000000000318e+02
5.950199999999999818e+02
6.144700000000000273e+02
6.356499999999999773e+02
6.446499999999999773e+02
6.658200000000000500e+02
6.942699999999999818e+02
7.060099999999999909e+02
7.246499999999999773e+02
7.343000000000000682e+02
7.438999999999999773e+02
7.740700000000000500e+02
7.836800000000000637e+02
8.034600000000000364e+02
8.242899999999999636e+02
8.743100000000000591e+02
8.940900000000000318e+02
9.547000000000000455e+02
2.525000000000000000e+01
4.482999999999999829e+01
5.524000000000000199e+01
8.579999999999999716e+01
1.156899999999999977e+02
1.246800000000000068e+02
1.445200000000000102e+02
1.667400000000000091e+02
2.250000000000000000e+02
2.865900000000000318e+02
2.954000000000000341e+02
3.243100000000000023e+02
3.363600000000000136e+02
3.451000000000000227e+02
3.641899999999999977e+02
3.751600000000000250e+02
3.845199999999999818e+02
3.949300000000000068e+02
4.145799999999999841e+02
4.244800000000000182e+02
4.343500000000000227e+02
4.448700000000000045e+02
4.549000000000000341e+02
4.745000000000000000e+02
4.939600000000000364e+02
5.142300000000000182e+02
5.554900000000000091e+02
5.648400000000000318e+02
5.744700000000000273e+02
5.846000000000000227e+02
5.950199999999999818e+02
6.144700000000000273e+02
6.446699999999999591e+02
6.658200000000000500e+02
6.942699999999999818e+02
7.060199999999999818e+02
7.246699999999999591e+02
7.343000000000000682e+02
7.438999999999999773e+02
7.740800000000000409e+02
7.836900000000000546e+02
8.034800000000000182e+02
8.243000000000000682e+02
8.743400000000000318e+02
8.941299999999999955e+02
9.547200000000000273e+02
8.581000000000000227e+01
1.165000000000000000e+02
1.246800000000000068e+02
1.445500000000000114e+02
1.667400000000000091e+02
2.250099999999999909e+02
2.954100000000000250e+02
3.243199999999999932e+02
3.364000000000000341e+02
3.451399999999999864e+02
3.642099999999999795e+02
3.751700000000000159e+02
3.845500000000000114e+02
3.949300000000000068e+02
4.146100000000000136e+02
4.244900000000000091e+02
4.343700000000000045e+02
4.448700000000000045e+02
4.549100000000000250e+02
4.745000000000000000e+02
4.939700000000000273e+02
5.142400000000000091e+02
5.554900000000000091e+02
5.648400000000000318e+02
5.744800000000000182e+02
5.846000000000000227e+02
5.950299999999999727e+02
6.144800000000000182e+02
6.446800000000000637e+02
6.658300000000000409e+02
6.942799999999999727e+02
7.060199999999999818e+02
7.246800000000000637e+02
7.343100000000000591e+02
7.439099999999999682e+02
7.740800000000000409e+02
7.837200000000000273e+02
8.035099999999999909e+02
8.243000000000000682e+02
8.743700000000000045e+02
9.547300000000000182e+02
8.582000000000000739e+01
1.165199999999999960e+02
1.246800000000000068e+02
1.667500000000000000e+02
2.250200000000000102e+02
2.954200000000000159e+02
3.243199999999999932e+02
3.451899999999999977e+02
3.751700000000000159e+02
3.846100000000000136e+02
3.949399999999999977e+02
4.245099999999999909e+02
4.343799999999999955e+02
4.448799999999999955e+02
4.549200000000000159e+02
4.745000000000000000e+02
4.939800000000000182e+02
5.142500000000000000e+02
5.554900000000000091e+02
5.648400000000000318e+02
5.744900000000000091e+02
5.846100000000000136e+02
5.950399999999999636e+02
6.144800000000000182e+02
6.447000000000000455e+02
6.658300000000000409e+02
6.942799999999999727e+02
7.060199999999999818e+02
7.246900000000000546e+02
7.343200000000000500e+02
7.439199999999999591e+02
7.740900000000000318e+02
8.243000000000000682e+02
9.547599999999999909e+02
8.582000000000000739e+01
1.165499999999999972e+02
1.246800000000000068e+02
1.667500000000000000e+02
2.250300000000000011e+02
2.954300000000000068e+02
3.243199999999999932e+02
3.751800000000000068e+02
3.846399999999999864e+02
3.949399999999999977e+02
4.245300000000000296e+02
4.343899999999999864e+02
4.448799999999999955e+02
4.549399999999999977e+02
4.745099999999999909e+02
4.940000000000000000e+02
5.142599999999999909e+02
5.554900000000000091e+02
5.648500000000000227e+02
5.745000000000000000e+02
5.846200000000000045e+02
5.950500000000000682e+02
6.144800000000000182e+02
6.447200000000000273e+02
6.658400000000000318e+02
6.942899999999999636e+02
7.060299999999999727e+02
7.247100000000000364e+02
7.343200000000000500e+02
7.439199999999999591e+02
7.741000000000000227e+02
8.243000000000000682e+02
