2.780000000000000249e+00
4.770000000000000462e+00
6.879999999999999893e+00
2.064000000000000057e+01
2.094999999999999929e+01
3.062999999999999901e+01
3.278000000000000114e+01
3.292000000000000171e+01
3.507999999999999829e+01
3.877000000000000313e+01
4.278999999999999915e+01
4.682000000000000028e+01
5.496000000000000085e+01
5.871999999999999886e+01
7.085000000000000853e+01
7.262000000000000455e+01
7.857000000000000739e+01
8.054000000000000625e+01
9.651000000000000512e+01
9.862999999999999545e+01
1.027400000000000091e+02
1.047999999999999972e+02
1.064900000000000091e+02
1.066200000000000045e+02
1.169099999999999966e+02
1.266899999999999977e+02
1.270000000000000000e+02
1.385500000000000114e+02
1.407400000000000091e+02
1.504500000000000171e+02
1.508499999999999943e+02
1.547400000000000091e+02
1.586200000000000045e+02
1.646200000000000045e+02
1.648499999999999943e+02
1.746599999999999966e+02
1.785300000000000011e+02
1.847800000000000011e+02
1.884300000000000068e+02
1.905300000000000011e+02
2.027100000000000080e+02
2.045900000000000034e+02
2.105800000000000125e+02
2.128199999999999932e+02
2.203600000000000136e+02
2.228799999999999955e+02
2.247700000000000102e+02
2.266100000000000136e+02
2.346400000000000148e+02
2.367300000000000182e+02
2.483700000000000045e+02
2.505100000000000193e+02
2.506500000000000057e+02
2.507000000000000171e+02
2.527600000000000193e+02
2.565900000000000318e+02
2.567500000000000000e+02
2.628500000000000227e+02
2.721999999999999886e+02
2.763799999999999955e+02
2.803700000000000045e+02
2.866100000000000136e+02
2.886399999999999864e+02
2.941000000000000227e+02
2.966800000000000068e+02
3.143199999999999932e+02
3.202599999999999909e+02
3.225500000000000114e+02
3.304100000000000250e+02
3.341700000000000159e+02
3.364499999999999886e+02
3.503199999999999932e+02
3.561200000000000045e+02
3.585400000000000205e+02
3.624300000000000068e+02
3.743799999999999955e+02
3.746399999999999864e+02
3.824499999999999886e+02
3.881200000000000045e+02
3.925699999999999932e+02
4.043299999999999841e+02
4.044200000000000159e+02
4.102900000000000205e+02
4.124399999999999977e+02
4.143600000000000136e+02
4.164100000000000250e+02
4.164399999999999977e+02
4.204700000000000273e+02
4.261500000000000341e+02
4.345099999999999909e+02
4.345600000000000023e+02
4.383799999999999955e+02
4.405099999999999909e+02
4.503299999999999841e+02
4.522300000000000182e+02
4.541700000000000159e+02
4.564800000000000182e+02
4.605099999999999909e+02
4.641999999999999886e+02
4.804100000000000250e+02
4.822200000000000273e+02
4.842500000000000000e+02
4.884000000000000341e+02
4.922200000000000273e+02
4.963199999999999932e+02
5.004300000000000068e+02
5.022100000000000364e+02
5.025600000000000023e+02
5.060000000000000000e+02
5.062300000000000182e+02
5.083000000000000114e+02
5.121100000000000136e+02
5.220199999999999818e+02
5.222300000000000182e+02
5.301900000000000546e+02
5.322599999999999909e+02
5.343400000000000318e+02
5.343500000000000227e+02
5.501800000000000637e+02
5.581100000000000136e+02
5.643100000000000591e+02
5.739500000000000455e+02
5.962100000000000364e+02
5.981200000000000045e+02
6.022300000000000182e+02
6.044099999999999682e+02
6.080900000000000318e+02
6.103000000000000682e+02
6.142799999999999727e+02
6.163799999999999955e+02
6.185299999999999727e+02
6.342400000000000091e+02
6.381200000000000045e+02
6.420399999999999636e+02
6.561800000000000637e+02
6.583200000000000500e+02
6.601399999999999864e+02
6.702699999999999818e+02
6.723000000000000682e+02
6.918000000000000682e+02
6.919300000000000637e+02
7.000700000000000500e+02
7.021599999999999682e+02
7.201200000000000045e+02
7.220700000000000500e+02
7.242000000000000455e+02
7.300600000000000591e+02
7.383200000000000500e+02
7.497500000000000000e+02
7.579500000000000455e+02
7.619700000000000273e+02
7.679600000000000364e+02
7.679800000000000182e+02
7.700500000000000682e+02
7.820000000000000000e+02
7.840600000000000591e+02
7.901399999999999864e+02
7.981399999999999864e+02
7.997899999999999636e+02
8.058100000000000591e+02
8.061299999999999955e+02
8.160800000000000409e+02
8.178600000000000136e+02
8.238500000000000227e+02
8.397500000000000000e+02
8.419800000000000182e+02
8.420299999999999727e+02
8.479200000000000728e+02
8.497699999999999818e+02
8.501100000000000136e+02
8.557200000000000273e+02
8.599900000000000091e+02
8.617400000000000091e+02
8.819500000000000455e+02
8.917300000000000182e+02
8.920800000000000409e+02
8.937300000000000182e+02
8.961399999999999864e+02
9.019900000000000091e+02
9.060600000000000591e+02
9.138600000000000136e+02
9.238300000000000409e+02
9.279800000000000182e+02
9.354700000000000273e+02
9.355399999999999636e+02
9.419700000000000273e+02
9.420299999999999727e+02
9.454800000000000182e+02
9.517799999999999727e+02
9.681000000000000227e+02
9.716900000000000546e+02
9.719800000000000182e+02
9.819099999999999682e+02
9.837799999999999727e+02
9.857699999999999818e+02
9.860400000000000773e+02
9.901399999999999864e+02
9.979700000000000273e+02
9.998200000000000500e+02
