5.690000000000000391e+00
6.429999999999999716e+00
6.830000000000000071e+00
9.070000000000000284e+00
9.859999999999999432e+00
1.025000000000000000e+01
1.234999999999999964e+01
1.241000000000000014e+01
1.447000000000000064e+01
1.453000000000000114e+01
1.471000000000000085e+01
1.651000000000000156e+01
1.674000000000000199e+01
1.678000000000000114e+01
1.853999999999999915e+01
1.933000000000000185e+01
2.274000000000000199e+01
5.584000000000000341e+01
5.703999999999999915e+01
5.931000000000000227e+01
5.984000000000000341e+01
6.296999999999999886e+01
6.349000000000000199e+01
6.353000000000000114e+01
6.551000000000000512e+01
6.579000000000000625e+01
6.778000000000000114e+01
6.781000000000000227e+01
7.060000000000000853e+01
7.084000000000000341e+01
1.048400000000000034e+02
1.053900000000000006e+02
1.075799999999999983e+02
1.081400000000000006e+02
1.095799999999999983e+02
1.102000000000000028e+02
1.105799999999999983e+02
1.127600000000000051e+02
1.133200000000000074e+02
1.138799999999999955e+02
1.147800000000000011e+02
1.153599999999999994e+02
1.173799999999999955e+02
1.181599999999999966e+02
1.188900000000000006e+02
1.194000000000000057e+02
1.201899999999999977e+02
1.233400000000000034e+02
1.564799999999999898e+02
1.579600000000000080e+02
1.599900000000000091e+02
1.600300000000000011e+02
1.622199999999999989e+02
1.631200000000000045e+02
1.640900000000000034e+02
1.651599999999999966e+02
1.654600000000000080e+02
1.672199999999999989e+02
1.692400000000000091e+02
1.727299999999999898e+02
2.065399999999999920e+02
2.068600000000000136e+02
2.085900000000000034e+02
2.094699999999999989e+02
2.098199999999999932e+02
2.106200000000000045e+02
2.118499999999999943e+02
2.119500000000000171e+02
2.135099999999999909e+02
2.140000000000000000e+02
2.141599999999999966e+02
2.156100000000000136e+02
2.160500000000000114e+02
2.169000000000000057e+02
2.176700000000000159e+02
2.183400000000000034e+02
2.197100000000000080e+02
2.198700000000000045e+02
2.203799999999999955e+02
2.577200000000000273e+02
2.585900000000000318e+02
2.595799999999999841e+02
2.598500000000000227e+02
2.618799999999999955e+02
2.622300000000000182e+02
2.641499999999999773e+02
2.663000000000000114e+02
2.664300000000000068e+02
2.684800000000000182e+02
2.706000000000000227e+02
2.712099999999999795e+02
3.064599999999999795e+02
3.075600000000000023e+02
3.092599999999999909e+02
3.093899999999999864e+02
3.114499999999999886e+02
3.120199999999999818e+02
3.129000000000000341e+02
3.141000000000000227e+02
3.141700000000000159e+02
3.163799999999999955e+02
3.183299999999999841e+02
3.193199999999999932e+02
3.197300000000000182e+02
3.208199999999999932e+02
3.217599999999999909e+02
3.224900000000000091e+02
3.575400000000000205e+02
3.591299999999999955e+02
3.595699999999999932e+02
3.632500000000000000e+02
3.639700000000000273e+02
3.660199999999999818e+02
3.681600000000000250e+02
3.688000000000000114e+02
3.691200000000000045e+02
3.704800000000000182e+02
4.070799999999999841e+02
4.093400000000000318e+02
4.095300000000000296e+02
4.109499999999999886e+02
4.115400000000000205e+02
4.130300000000000296e+02
4.137599999999999909e+02
4.144600000000000364e+02
4.158000000000000114e+02
4.178500000000000227e+02
4.191800000000000068e+02
4.199300000000000068e+02
4.212500000000000000e+02
4.233600000000000136e+02
4.562599999999999909e+02
4.572900000000000205e+02
4.595500000000000114e+02
4.597200000000000273e+02
4.629499999999999886e+02
4.635000000000000000e+02
4.650000000000000000e+02
4.670600000000000023e+02
4.676000000000000227e+02
4.681500000000000341e+02
4.697300000000000182e+02
4.704800000000000182e+02
4.737900000000000205e+02
5.064800000000000182e+02
5.066000000000000227e+02
5.085900000000000318e+02
5.106999999999999886e+02
5.107400000000000091e+02
5.127699999999999818e+02
5.127999999999999545e+02
5.148200000000000500e+02
5.174700000000000273e+02
5.176800000000000637e+02
5.188200000000000500e+02
5.212599999999999909e+02
5.215600000000000591e+02
5.237000000000000455e+02
5.251399999999999864e+02
5.571200000000000045e+02
5.592699999999999818e+02
5.614099999999999682e+02
5.623700000000000045e+02
5.634600000000000364e+02
5.653700000000000045e+02
5.657100000000000364e+02
5.677799999999999727e+02
5.687200000000000273e+02
5.698500000000000227e+02
5.724500000000000455e+02
5.729900000000000091e+02
6.075099999999999909e+02
6.090099999999999909e+02
6.099500000000000455e+02
6.110399999999999636e+02
6.124300000000000637e+02
6.130600000000000591e+02
6.148500000000000227e+02
6.150900000000000318e+02
6.152699999999999818e+02
6.173000000000000682e+02
6.175600000000000591e+02
6.179400000000000546e+02
6.196599999999999682e+02
6.233000000000000682e+02
6.564500000000000455e+02
6.568500000000000227e+02
6.588899999999999864e+02
6.606000000000000227e+02
6.606100000000000136e+02
6.622200000000000273e+02
6.629800000000000182e+02
6.642400000000000091e+02
6.650099999999999909e+02
6.662599999999999909e+02
6.670500000000000682e+02
6.683000000000000682e+02
6.703400000000000318e+02
6.725600000000000591e+02
7.049900000000000091e+02
7.054400000000000546e+02
7.075099999999999909e+02
7.087500000000000000e+02
7.097400000000000091e+02
7.102599999999999909e+02
7.108200000000000500e+02
7.118700000000000045e+02
7.141299999999999955e+02
7.142699999999999818e+02
7.147200000000000273e+02
7.161900000000000546e+02
7.163000000000000682e+02
7.182200000000000273e+02
7.183300000000000409e+02
7.186100000000000136e+02
7.206399999999999864e+02
7.212599999999999909e+02
7.218799999999999955e+02
7.227100000000000364e+02
7.239400000000000546e+02
7.239600000000000364e+02
7.562200000000000273e+02
7.571900000000000546e+02
7.589500000000000455e+02
7.591000000000000227e+02
7.592300000000000182e+02
7.611499999999999773e+02
7.626100000000000136e+02
7.626800000000000637e+02
7.635199999999999818e+02
7.646399999999999864e+02
7.655500000000000682e+02
7.658600000000000136e+02
7.670199999999999818e+02
7.678700000000000045e+02
7.697799999999999727e+02
7.703999999999999773e+02
7.712599999999999909e+02
7.748600000000000136e+02
8.058100000000000591e+02
8.077100000000000364e+02
8.099099999999999682e+02
8.102799999999999727e+02
8.138200000000000500e+02
8.145299999999999727e+02
8.162100000000000364e+02
8.165299999999999727e+02
8.185600000000000591e+02
8.190299999999999727e+02
8.205299999999999727e+02
8.590399999999999636e+02
8.610600000000000591e+02
8.613799999999999955e+02
8.616399999999999864e+02
8.634099999999999682e+02
8.634800000000000182e+02
8.636800000000000637e+02
8.657799999999999727e+02
8.659300000000000637e+02
8.678400000000000318e+02
8.679900000000000091e+02
8.697000000000000455e+02
8.700299999999999727e+02
8.725399999999999636e+02
8.733500000000000227e+02
8.739300000000000637e+02
8.747899999999999636e+02
9.054700000000000273e+02
9.067100000000000364e+02
9.080600000000000591e+02
9.100900000000000318e+02
9.115800000000000409e+02
9.133700000000000045e+02
9.136100000000000136e+02
9.156700000000000728e+02
9.166900000000000546e+02
9.177000000000000455e+02
9.188500000000000227e+02
9.199800000000000182e+02
9.202699999999999818e+02
9.228300000000000409e+02
9.256700000000000728e+02
9.548999999999999773e+02
9.573200000000000500e+02
9.603899999999999864e+02
9.614400000000000546e+02
9.633400000000000318e+02
9.634700000000000273e+02
9.638000000000000682e+02
9.674600000000000364e+02
9.701599999999999682e+02
9.709700000000000273e+02
9.726399999999999864e+02
9.732500000000000000e+02
