3.700000000000000178e+00
5.740000000000000213e+00
1.216999999999999993e+01
1.418999999999999950e+01
2.192000000000000171e+01
2.394999999999999929e+01
3.185000000000000142e+01
3.386999999999999744e+01
3.589999999999999858e+01
3.792999999999999972e+01
3.996999999999999886e+01
4.395000000000000284e+01
4.789999999999999858e+01
5.212000000000000455e+01
5.578999999999999915e+01
5.982000000000000028e+01
6.571000000000000796e+01
6.960999999999999943e+01
7.179999999999999716e+01
7.560000000000000853e+01
7.789000000000000057e+01
7.990999999999999659e+01
8.193000000000000682e+01
9.373000000000000398e+01
9.759000000000000341e+01
9.979000000000000625e+01
1.037999999999999972e+02
1.074800000000000040e+02
1.096700000000000017e+02
1.136800000000000068e+02
1.157100000000000080e+02
1.177400000000000091e+02
1.215900000000000034e+02
1.236200000000000045e+02
1.277699999999999960e+02
1.337700000000000102e+02
1.380500000000000114e+02
1.435800000000000125e+02
1.456800000000000068e+02
1.516100000000000136e+02
1.536400000000000148e+02
1.556700000000000159e+02
1.578000000000000114e+02
1.598499999999999943e+02
1.618700000000000045e+02
1.656299999999999955e+02
1.715600000000000023e+02
1.735999999999999943e+02
1.756500000000000057e+02
1.795200000000000102e+02
1.815699999999999932e+02
1.857400000000000091e+02
1.878100000000000023e+02
1.916500000000000057e+02
2.055300000000000011e+02
2.075699999999999932e+02
2.115200000000000102e+02
2.156200000000000045e+02
2.176800000000000068e+02
2.237700000000000102e+02
2.258000000000000114e+02
2.278199999999999932e+02
2.317800000000000011e+02
2.356700000000000159e+02
2.377000000000000171e+02
2.398900000000000148e+02
2.458199999999999932e+02
2.514300000000000068e+02
2.536299999999999955e+02
2.575500000000000114e+02
2.595900000000000318e+02
2.636899999999999977e+02
2.675400000000000205e+02
2.732400000000000091e+02
2.755600000000000023e+02
2.777800000000000296e+02
2.814499999999999886e+02
2.896100000000000136e+02
2.975199999999999818e+02
2.995699999999999932e+02
3.016100000000000136e+02
3.056399999999999864e+02
3.132599999999999909e+02
3.196200000000000045e+02
3.235300000000000296e+02
3.255699999999999932e+02
3.314900000000000091e+02
3.336899999999999977e+02
3.357200000000000273e+02
3.413100000000000023e+02
3.497300000000000182e+02
3.517500000000000000e+02
3.572500000000000000e+02
3.593500000000000227e+02
3.635000000000000000e+02
3.696800000000000068e+02
3.735699999999999932e+02
3.755900000000000318e+02
3.776100000000000136e+02
3.796600000000000250e+02
3.816800000000000068e+02
3.894600000000000364e+02
3.935199999999999818e+02
3.997100000000000364e+02
4.052800000000000296e+02
4.073199999999999932e+02
4.116100000000000136e+02
4.136399999999999864e+02
4.173100000000000023e+02
4.193500000000000227e+02
4.214800000000000182e+02
4.235300000000000296e+02
4.276999999999999886e+02
4.354399999999999977e+02
4.391899999999999977e+02
4.414399999999999977e+02
4.472400000000000091e+02
4.512300000000000182e+02
4.550600000000000023e+02
4.573899999999999864e+02
4.595799999999999841e+02
4.616100000000000136e+02
4.652599999999999909e+02
4.673799999999999955e+02
4.716399999999999864e+02
4.754000000000000341e+02
4.774399999999999977e+02
4.812699999999999818e+02
4.832900000000000205e+02
4.853400000000000318e+02
4.894900000000000091e+02
4.932800000000000296e+02
4.953600000000000136e+02
5.012100000000000364e+02
5.032400000000000091e+02
5.069600000000000364e+02
5.111600000000000250e+02
5.150099999999999909e+02
5.172500000000000000e+02
5.192799999999999727e+02
5.230700000000000500e+02
5.272599999999999909e+02
5.312400000000000091e+02
5.332699999999999818e+02
5.352999999999999545e+02
5.393600000000000136e+02
5.429800000000000182e+02
5.453200000000000500e+02
5.493000000000000682e+02
5.513300000000000409e+02
5.652100000000000364e+02
5.791299999999999955e+02
5.952799999999999727e+02
5.973100000000000591e+02
6.011100000000000136e+02
6.071100000000000136e+02
6.092799999999999727e+02
6.113000000000000682e+02
6.152000000000000455e+02
6.172599999999999909e+02
6.192899999999999636e+02
6.231399999999999864e+02
6.251800000000000637e+02
6.331000000000000227e+02
6.352200000000000273e+02
6.430000000000000000e+02
6.453700000000000045e+02
6.474300000000000637e+02
6.531299999999999955e+02
6.571000000000000227e+02
6.632899999999999636e+02
6.671100000000000136e+02
6.692400000000000091e+02
6.712699999999999818e+02
6.733100000000000591e+02
6.810399999999999636e+02
6.832300000000000182e+02
6.852599999999999909e+02
6.891000000000000227e+02
6.911499999999999773e+02
6.931900000000000546e+02
7.009600000000000364e+02
7.030500000000000682e+02
7.069900000000000091e+02
7.112200000000000273e+02
7.133799999999999955e+02
7.170500000000000682e+02
7.228700000000000045e+02
7.248899999999999864e+02
7.292500000000000000e+02
7.312699999999999818e+02
7.333000000000000682e+02
7.374099999999999682e+02
7.394600000000000364e+02
7.429199999999999591e+02
7.491299999999999955e+02
7.512000000000000455e+02
7.548400000000000318e+02
7.608300000000000409e+02
7.628700000000000045e+02
7.669700000000000273e+02
7.690000000000000000e+02
7.730800000000000409e+02
7.751000000000000227e+02
7.771200000000000045e+02
7.830800000000000409e+02
7.851000000000000227e+02
7.890900000000000318e+02
7.911200000000000045e+02
7.951000000000000227e+02
8.007400000000000091e+02
8.068600000000000136e+02
8.110500000000000682e+02
8.170000000000000000e+02
8.247400000000000091e+02
8.313799999999999955e+02
8.334099999999999682e+02
8.388300000000000409e+02
8.408500000000000227e+02
8.428899999999999864e+02
8.450000000000000000e+02
8.509700000000000273e+02
8.549500000000000455e+02
8.569700000000000273e+02
8.611299999999999955e+02
8.709900000000000091e+02
8.730199999999999818e+02
8.808600000000000136e+02
8.829099999999999682e+02
8.929700000000000273e+02
8.950199999999999818e+02
9.028999999999999773e+02
9.068600000000000136e+02
9.108500000000000227e+02
9.148100000000000591e+02
9.207100000000000364e+02
9.228400000000000318e+02
9.248600000000000136e+02
9.287500000000000000e+02
9.307899999999999636e+02
9.348500000000000227e+02
9.369600000000000364e+02
9.409800000000000182e+02
9.430099999999999909e+02
9.466299999999999955e+02
9.506900000000000546e+02
9.569900000000000091e+02
9.590299999999999727e+02
9.650700000000000500e+02
9.689500000000000455e+02
9.709900000000000091e+02
9.730099999999999909e+02
9.789800000000000182e+02
9.826900000000000546e+02
9.847500000000000000e+02
9.867900000000000773e+02
9.890000000000000000e+02
9.910199999999999818e+02
9.988899999999999864e+02
3.700000000000000178e+00
5.759999999999999787e+00
1.395000000000000107e+01
2.194999999999999929e+01
2.401999999999999957e+01
3.190000000000000213e+01
3.392000000000000171e+01
3.973000000000000398e+01
4.396999999999999886e+01
4.793999999999999773e+01
5.214999999999999858e+01
5.580000000000000426e+01
5.985000000000000142e+01
6.571999999999999886e+01
6.960999999999999943e+01
7.187000000000000455e+01
7.568999999999999773e+01
7.793000000000000682e+01
7.996000000000000796e+01
8.198999999999999488e+01
9.373000000000000398e+01
9.762000000000000455e+01
9.987999999999999545e+01
1.038700000000000045e+02
1.075100000000000051e+02
1.097500000000000000e+02
1.137100000000000080e+02
1.157600000000000051e+02
1.177900000000000063e+02
1.216299999999999955e+02
1.236599999999999966e+02
1.277800000000000011e+02
1.337800000000000011e+02
1.380500000000000114e+02
1.435900000000000034e+02
1.457100000000000080e+02
1.516100000000000136e+02
1.536500000000000057e+02
1.556899999999999977e+02
1.578700000000000045e+02
1.616100000000000136e+02
1.656599999999999966e+02
1.715699999999999932e+02
1.736299999999999955e+02
1.756700000000000159e+02
1.795399999999999920e+02
1.816400000000000148e+02
1.857700000000000102e+02
1.878499999999999943e+02
2.055300000000000011e+02
2.075999999999999943e+02
2.115300000000000011e+02
2.156800000000000068e+02
2.177199999999999989e+02
2.238000000000000114e+02
2.275999999999999943e+02
2.356899999999999977e+02
2.377500000000000000e+02
2.458400000000000034e+02
2.514500000000000171e+02
2.576100000000000136e+02
2.637599999999999909e+02
2.675699999999999932e+02
2.732500000000000000e+02
2.755900000000000318e+02
2.815000000000000000e+02
2.896200000000000045e+02
2.975300000000000296e+02
2.995900000000000318e+02
3.016299999999999955e+02
3.056399999999999864e+02
3.132699999999999818e+02
3.196500000000000341e+02
3.235600000000000023e+02
3.256100000000000136e+02
3.315000000000000000e+02
3.337400000000000091e+02
3.358100000000000023e+02
3.413400000000000318e+02
3.497500000000000000e+02
3.517800000000000296e+02
3.572900000000000205e+02
3.594000000000000341e+02
3.636200000000000045e+02
3.697099999999999795e+02
3.735699999999999932e+02
3.755900000000000318e+02
3.776200000000000045e+02
3.814399999999999977e+02
3.895000000000000000e+02
3.935400000000000205e+02
3.997400000000000091e+02
4.052900000000000205e+02
4.073500000000000227e+02
4.116600000000000250e+02
4.153299999999999841e+02
4.173500000000000227e+02
4.194200000000000159e+02
4.215500000000000114e+02
4.236200000000000045e+02
4.354499999999999886e+02
4.392100000000000364e+02
4.414700000000000273e+02
4.472599999999999909e+02
4.512400000000000091e+02
4.551100000000000136e+02
4.574399999999999977e+02
4.596800000000000068e+02
4.652900000000000205e+02
4.716500000000000341e+02
4.754000000000000341e+02
4.774399999999999977e+02
4.812699999999999818e+02
4.832900000000000205e+02
4.853600000000000136e+02
4.895699999999999932e+02
4.933199999999999932e+02
4.954000000000000341e+02
5.012300000000000182e+02
5.032599999999999909e+02
5.069800000000000182e+02
5.111999999999999886e+02
5.150499999999999545e+02
5.172599999999999909e+02
5.192899999999999636e+02
5.230900000000000318e+02
5.272799999999999727e+02
5.312799999999999727e+02
5.333100000000000591e+02
5.353500000000000227e+02
5.394199999999999591e+02
5.429900000000000091e+02
5.453700000000000045e+02
5.493600000000000136e+02
5.513999999999999773e+02
5.652300000000000182e+02
5.791800000000000637e+02
5.952899999999999636e+02
5.973200000000000500e+02
6.011200000000000045e+02
6.072100000000000364e+02
6.093799999999999955e+02
6.114099999999999682e+02
6.173100000000000591e+02
6.193400000000000318e+02
6.231800000000000637e+02
6.252400000000000091e+02
6.331100000000000136e+02
6.352200000000000273e+02
6.430199999999999818e+02
6.454600000000000364e+02
6.475500000000000682e+02
6.531599999999999682e+02
6.571299999999999955e+02
6.671699999999999591e+02
6.692500000000000000e+02
6.713000000000000682e+02
6.733500000000000227e+02
6.810600000000000591e+02
6.832300000000000182e+02
6.852599999999999909e+02
6.911599999999999682e+02
6.932100000000000364e+02
7.009600000000000364e+02
7.030600000000000591e+02
7.070099999999999909e+02
7.171699999999999591e+02
7.229500000000000455e+02
7.249600000000000364e+02
7.292799999999999727e+02
7.313100000000000591e+02
7.333500000000000227e+02
7.394800000000000182e+02
7.429500000000000455e+02
7.491499999999999773e+02
7.529199999999999591e+02
7.549500000000000455e+02
7.608500000000000227e+02
7.629099999999999682e+02
7.670000000000000000e+02
7.690299999999999727e+02
7.748600000000000136e+02
7.769400000000000546e+02
7.831200000000000045e+02
7.851399999999999864e+02
7.891200000000000045e+02
7.911599999999999682e+02
7.951399999999999864e+02
8.007599999999999909e+02
8.068799999999999955e+02
8.110600000000000591e+02
8.170000000000000000e+02
8.247500000000000000e+02
8.333100000000000591e+02
8.388300000000000409e+02
8.408500000000000227e+02
8.429200000000000728e+02
8.510099999999999909e+02
8.550500000000000682e+02
8.570700000000000500e+02
8.612100000000000364e+02
8.710299999999999727e+02
8.730800000000000409e+02
8.808700000000000045e+02
8.829099999999999682e+02
8.929800000000000182e+02
9.029200000000000728e+02
9.068700000000000045e+02
9.148200000000000500e+02
9.207899999999999636e+02
9.228899999999999864e+02
9.249099999999999682e+02
9.287599999999999909e+02
9.308200000000000500e+02
9.348500000000000227e+02
9.369700000000000273e+02
9.410199999999999818e+02
9.467400000000000091e+02
9.507200000000000273e+02
9.570099999999999909e+02
9.590500000000000682e+02
9.650700000000000500e+02
9.689500000000000455e+02
9.710199999999999818e+02
9.730500000000000682e+02
9.827000000000000455e+02
9.847799999999999727e+02
9.869500000000000455e+02
9.907599999999999909e+02
9.989099999999999682e+02
3.700000000000000178e+00
5.790000000000000036e+00
1.414000000000000057e+01
2.378999999999999915e+01
3.370000000000000284e+01
3.980000000000000426e+01
4.399000000000000199e+01
4.798000000000000398e+01
5.581000000000000227e+01
5.989000000000000057e+01
6.573000000000000398e+01
6.962000000000000455e+01
7.193000000000000682e+01
7.801000000000000512e+01
8.182000000000000739e+01
9.373999999999999488e+01
9.765999999999999659e+01
9.998000000000000398e+01
1.075499999999999972e+02
1.137600000000000051e+02
1.158500000000000085e+02
1.178799999999999955e+02
1.216899999999999977e+02
1.237199999999999989e+02
1.277900000000000063e+02
1.337899999999999920e+02
1.380600000000000023e+02
1.435999999999999943e+02
1.457899999999999920e+02
1.516200000000000045e+02
1.536599999999999966e+02
1.557100000000000080e+02
1.616400000000000148e+02
1.657199999999999989e+02
1.715800000000000125e+02
1.736800000000000068e+02
1.757299999999999898e+02
1.795699999999999932e+02
1.817800000000000011e+02
1.858100000000000023e+02
2.055300000000000011e+02
2.115399999999999920e+02
2.177300000000000182e+02
2.238600000000000136e+02
2.276800000000000068e+02
2.357100000000000080e+02
2.378000000000000114e+02
2.458499999999999943e+02
2.514699999999999989e+02
2.676200000000000045e+02
2.732500000000000000e+02
2.756299999999999955e+02
2.896399999999999864e+02
2.975500000000000114e+02
2.996100000000000136e+02
3.016700000000000159e+02
3.056500000000000341e+02
3.132800000000000296e+02
3.196899999999999977e+02
3.236000000000000227e+02
3.315099999999999909e+02
3.355799999999999841e+02
3.413899999999999864e+02
3.497699999999999818e+02
3.573400000000000318e+02
3.697500000000000000e+02
3.735799999999999841e+02
3.756000000000000227e+02
3.776399999999999864e+02
3.814599999999999795e+02
3.935699999999999932e+02
3.997900000000000205e+02
4.053000000000000114e+02
4.076399999999999864e+02
4.135099999999999909e+02
4.173500000000000227e+02
4.354499999999999886e+02
4.392300000000000182e+02
4.415000000000000000e+02
4.472900000000000205e+02
4.512400000000000091e+02
4.653100000000000023e+02
4.716600000000000250e+02
4.754100000000000250e+02
4.774499999999999886e+02
4.812699999999999818e+02
4.832900000000000205e+02
4.853799999999999955e+02
4.933799999999999955e+02
5.012500000000000000e+02
5.032800000000000296e+02
5.069900000000000091e+02
5.112300000000000182e+02
5.151200000000000045e+02
5.172699999999999818e+02
5.193100000000000591e+02
5.231100000000000136e+02
5.273300000000000409e+02
5.313500000000000227e+02
5.352400000000000091e+02
5.430099999999999909e+02
5.453999999999999773e+02
5.512599999999999909e+02
5.652400000000000091e+02
5.953000000000000682e+02
5.973300000000000409e+02
6.011299999999999955e+02
6.113100000000000591e+02
6.193400000000000318e+02
6.331100000000000136e+02
6.352300000000000182e+02
6.430399999999999636e+02
6.692899999999999636e+02
6.810700000000000500e+02
6.832300000000000182e+02
6.852799999999999727e+02
6.912000000000000455e+02
6.932799999999999727e+02
7.009600000000000364e+02
7.030800000000000409e+02
7.070500000000000682e+02
7.231200000000000045e+02
7.251399999999999864e+02
7.293600000000000136e+02
7.314199999999999591e+02
7.430199999999999818e+02
7.491599999999999682e+02
7.529600000000000364e+02
7.550000000000000000e+02
7.608799999999999955e+02
7.670099999999999909e+02
7.690399999999999636e+02
7.748799999999999955e+02
7.769500000000000455e+02
7.850099999999999909e+02
7.891800000000000637e+02
8.007899999999999636e+02
8.068899999999999864e+02
8.110900000000000318e+02
8.170000000000000000e+02
8.247500000000000000e+02
8.333100000000000591e+02
8.388300000000000409e+02
8.408600000000000136e+02
8.429500000000000455e+02
8.510399999999999636e+02
8.570099999999999909e+02
8.729400000000000546e+02
8.808700000000000045e+02
8.829099999999999682e+02
8.930000000000000000e+02
9.029400000000000546e+02
9.068899999999999864e+02
9.148400000000000318e+02
9.246499999999999773e+02
9.287599999999999909e+02
9.348600000000000136e+02
9.369900000000000091e+02
9.471599999999999682e+02
9.507599999999999909e+02
9.570299999999999727e+02
9.590700000000000500e+02
9.650700000000000500e+02
9.689500000000000455e+02
9.726900000000000546e+02
9.827100000000000364e+02
9.848600000000000136e+02
9.908200000000000500e+02
9.989400000000000546e+02
3.700000000000000178e+00
3.371999999999999886e+01
4.400999999999999801e+01
5.582999999999999829e+01
6.573999999999999488e+01
6.962000000000000455e+01
7.198000000000000398e+01
7.964000000000000057e+01
9.375000000000000000e+01
9.776000000000000512e+01
1.159500000000000028e+02
1.179900000000000091e+02
1.236400000000000006e+02
1.277999999999999972e+02
1.338000000000000114e+02
1.380699999999999932e+02
1.435999999999999943e+02
1.516200000000000045e+02
1.536800000000000068e+02
1.557400000000000091e+02
1.617000000000000171e+02
1.715900000000000034e+02
1.757599999999999909e+02
1.818100000000000023e+02
2.055300000000000011e+02
2.115500000000000114e+02
2.177500000000000000e+02
2.357400000000000091e+02
2.458799999999999955e+02
2.515000000000000000e+02
2.732599999999999909e+02
2.896899999999999977e+02
2.975600000000000023e+02
2.996500000000000341e+02
3.056600000000000250e+02
3.132900000000000205e+02
3.236399999999999864e+02
3.315199999999999818e+02
3.498100000000000023e+02
3.735799999999999841e+02
3.756000000000000227e+02
3.794800000000000182e+02
3.815099999999999909e+02
3.936100000000000136e+02
4.053100000000000023e+02
4.173700000000000045e+02
4.354600000000000364e+02
4.392599999999999909e+02
4.415400000000000205e+02
4.473299999999999841e+02
4.512400000000000091e+02
4.653400000000000318e+02
4.716800000000000068e+02
4.754100000000000250e+02
4.774499999999999886e+02
4.812699999999999818e+02
4.832900000000000205e+02
4.854100000000000250e+02
4.934200000000000159e+02
5.012700000000000387e+02
5.033000000000000114e+02
5.070099999999999909e+02
5.112500000000000000e+02
5.151900000000000546e+02
5.172899999999999636e+02
5.193400000000000318e+02
5.231299999999999955e+02
5.331900000000000546e+02
5.430399999999999636e+02
5.454300000000000637e+02
5.512899999999999636e+02
5.652599999999999909e+02
5.953100000000000591e+02
5.973400000000000318e+02
6.011499999999999773e+02
6.193999999999999773e+02
6.331200000000000045e+02
6.352300000000000182e+02
6.430800000000000409e+02
6.693600000000000136e+02
6.810900000000000318e+02
6.832400000000000091e+02
6.853000000000000682e+02
6.928000000000000682e+02
7.009700000000000273e+02
7.031000000000000227e+02
7.249300000000000637e+02
7.310000000000000000e+02
7.331100000000000136e+02
7.491800000000000637e+02
7.549099999999999682e+02
7.609199999999999591e+02
7.670199999999999818e+02
7.690600000000000591e+02
7.748999999999999773e+02
7.769500000000000455e+02
7.850500000000000682e+02
8.068999999999999773e+02
8.111200000000000045e+02
8.170000000000000000e+02
8.247500000000000000e+02
8.333200000000000500e+02
8.388300000000000409e+02
8.408600000000000136e+02
8.429900000000000091e+02
8.511100000000000136e+02
8.570900000000000318e+02
8.808799999999999955e+02
8.829200000000000728e+02
8.930199999999999818e+02
9.029600000000000364e+02
9.069099999999999682e+02
9.148600000000000136e+02
9.246599999999999682e+02
9.287699999999999818e+02
9.348700000000000045e+02
9.370000000000000000e+02
9.508899999999999864e+02
9.570600000000000591e+02
9.591000000000000227e+02
9.650800000000000409e+02
9.689600000000000364e+02
9.727200000000000273e+02
9.827200000000000273e+02
3.700000000000000178e+00
3.375999999999999801e+01
5.585000000000000142e+01
6.576000000000000512e+01
6.962999999999999545e+01
9.375000000000000000e+01
9.781000000000000227e+01
1.236599999999999966e+02
1.278100000000000023e+02
1.338100000000000023e+02
1.380699999999999932e+02
1.436100000000000136e+02
1.516200000000000045e+02
1.537000000000000171e+02
1.557800000000000011e+02
1.715999999999999943e+02
1.818900000000000148e+02
2.055300000000000011e+02
2.115600000000000023e+02
2.177800000000000011e+02
2.459200000000000159e+02
2.515200000000000102e+02
2.732599999999999909e+02
2.975799999999999841e+02
3.056600000000000250e+02
3.133000000000000114e+02
3.236800000000000068e+02
3.315300000000000296e+02
3.735799999999999841e+02
3.756100000000000136e+02
3.815199999999999818e+02
4.053199999999999932e+02
4.174000000000000341e+02
4.354600000000000364e+02
4.392900000000000205e+02
4.512400000000000091e+02
4.653600000000000136e+02
4.716999999999999886e+02
4.754200000000000159e+02
4.774600000000000364e+02
4.812699999999999818e+02
4.832900000000000205e+02
5.013100000000000023e+02
5.033500000000000227e+02
5.070400000000000205e+02
5.112800000000000296e+02
5.152300000000000182e+02
5.173400000000000318e+02
5.231499999999999773e+02
5.332100000000000364e+02
5.652799999999999727e+02
5.953100000000000591e+02
5.973500000000000227e+02
6.011599999999999682e+02
6.331200000000000045e+02
6.352300000000000182e+02
6.811100000000000136e+02
6.832400000000000091e+02
6.853400000000000318e+02
6.928200000000000500e+02
7.009700000000000273e+02
7.031200000000000045e+02
7.249800000000000182e+02
7.310199999999999818e+02
7.331100000000000136e+02
7.492000000000000455e+02
7.610399999999999636e+02
7.670299999999999727e+02
7.690800000000000409e+02
7.749200000000000728e+02
7.769700000000000273e+02
8.069099999999999682e+02
8.170000000000000000e+02
8.247500000000000000e+02
8.333300000000000409e+02
8.388300000000000409e+02
8.408700000000000045e+02
8.808899999999999864e+02
8.829300000000000637e+02
8.930500000000000682e+02
9.030000000000000000e+02
9.069300000000000637e+02
9.148799999999999955e+02
9.246700000000000728e+02
9.287899999999999636e+02
9.348799999999999955e+02
9.370299999999999727e+02
9.509099999999999682e+02
9.590500000000000682e+02
9.650800000000000409e+02
9.689600000000000364e+02
9.728000000000000682e+02
9.827300000000000182e+02
3.700000000000000178e+00
5.589999999999999858e+01
6.578000000000000114e+01
6.962999999999999545e+01
9.376000000000000512e+01
1.236899999999999977e+02
1.278100000000000023e+02
1.338199999999999932e+02
1.380800000000000125e+02
1.436200000000000045e+02
1.516299999999999955e+02
1.716100000000000136e+02
2.055300000000000011e+02
2.115800000000000125e+02
2.178199999999999932e+02
2.515399999999999920e+02
2.732699999999999818e+02
2.975900000000000318e+02
3.056700000000000159e+02
3.133199999999999932e+02
3.315400000000000205e+02
3.735900000000000318e+02
3.756100000000000136e+02
4.053400000000000318e+02
4.354700000000000273e+02
4.393199999999999932e+02
4.512500000000000000e+02
4.653899999999999864e+02
4.717200000000000273e+02
4.754200000000000159e+02
4.774700000000000273e+02
4.812699999999999818e+02
4.832900000000000205e+02
5.070600000000000023e+02
5.152699999999999818e+02
5.192599999999999909e+02
5.231800000000000637e+02
5.332599999999999909e+02
5.953200000000000500e+02
5.973600000000000136e+02
6.011800000000000637e+02
6.331299999999999955e+02
6.352300000000000182e+02
6.811399999999999864e+02
6.832400000000000091e+02
7.009700000000000273e+02
7.031599999999999682e+02
7.310299999999999727e+02
7.331200000000000045e+02
7.492500000000000000e+02
7.610600000000000591e+02
7.670500000000000682e+02
7.749600000000000364e+02
7.769900000000000091e+02
8.069200000000000728e+02
8.170099999999999909e+02
8.247599999999999909e+02
8.333400000000000318e+02
8.388300000000000409e+02
8.408899999999999864e+02
8.808899999999999864e+02
8.829300000000000637e+02
8.930700000000000500e+02
9.069800000000000182e+02
9.148999999999999773e+02
9.246800000000000637e+02
9.288000000000000682e+02
9.348899999999999864e+02
9.370600000000000591e+02
9.509300000000000637e+02
9.590800000000000409e+02
9.650800000000000409e+02
9.689600000000000364e+02
9.728400000000000318e+02
9.827400000000000091e+02
3.700000000000000178e+00
5.592000000000000171e+01
6.582000000000000739e+01
6.962999999999999545e+01
9.376000000000000512e+01
1.278200000000000074e+02
1.338199999999999932e+02
1.380999999999999943e+02
1.436400000000000148e+02
1.516299999999999955e+02
1.716299999999999955e+02
2.055399999999999920e+02
2.115999999999999943e+02
2.515699999999999932e+02
2.732800000000000296e+02
2.976100000000000136e+02
3.056800000000000068e+02
3.133400000000000318e+02
3.315500000000000114e+02
3.735900000000000318e+02
3.756200000000000045e+02
4.053500000000000227e+02
4.354700000000000273e+02
4.512500000000000000e+02
4.654399999999999977e+02
4.754300000000000068e+02
4.774700000000000273e+02
4.812699999999999818e+02
4.832900000000000205e+02
5.070799999999999841e+02
5.192899999999999636e+02
5.953300000000000409e+02
5.973799999999999955e+02
6.012000000000000455e+02
6.331399999999999864e+02
6.352400000000000091e+02
6.832500000000000000e+02
7.009700000000000273e+02
7.310399999999999636e+02
7.331200000000000045e+02
7.610800000000000409e+02
7.670600000000000591e+02
7.769900000000000091e+02
8.069300000000000637e+02
8.170099999999999909e+02
8.247599999999999909e+02
8.333400000000000318e+02
8.388300000000000409e+02
8.409400000000000546e+02
8.808999999999999773e+02
8.829400000000000546e+02
8.930800000000000409e+02
9.149300000000000637e+02
9.246900000000000546e+02
9.288100000000000591e+02
9.348999999999999773e+02
9.509500000000000455e+02
9.591299999999999955e+02
9.650900000000000318e+02
9.689600000000000364e+02
9.827500000000000000e+02
3.700000000000000178e+00
5.592999999999999972e+01
6.964000000000000057e+01
9.376999999999999602e+01
1.278299999999999983e+02
1.338300000000000125e+02
1.381100000000000136e+02
1.436500000000000057e+02
1.516299999999999955e+02
1.716500000000000057e+02
2.055399999999999920e+02
2.116200000000000045e+02
2.515900000000000034e+02
2.732900000000000205e+02
2.976299999999999955e+02
3.056800000000000068e+02
3.133500000000000227e+02
3.315600000000000023e+02
3.735900000000000318e+02
3.756200000000000045e+02
4.053799999999999955e+02
4.354800000000000182e+02
4.512500000000000000e+02
4.754300000000000068e+02
4.774700000000000273e+02
4.812699999999999818e+02
4.832900000000000205e+02
5.953400000000000318e+02
5.974099999999999682e+02
6.012300000000000182e+02
6.331399999999999864e+02
6.352400000000000091e+02
6.832599999999999909e+02
7.009800000000000182e+02
7.310500000000000682e+02
7.331200000000000045e+02
7.611399999999999864e+02
7.670700000000000500e+02
7.770000000000000000e+02
8.069400000000000546e+02
8.170099999999999909e+02
8.247599999999999909e+02
8.333500000000000227e+02
8.388300000000000409e+02
8.809099999999999682e+02
8.829500000000000455e+02
8.931000000000000227e+02
9.247000000000000455e+02
9.288400000000000318e+02
9.349099999999999682e+02
9.509900000000000091e+02
9.650900000000000318e+02
9.689600000000000364e+02
9.827599999999999909e+02
3.700000000000000178e+00
5.596000000000000085e+01
6.964000000000000057e+01
9.378000000000000114e+01
1.278400000000000034e+02
1.338400000000000034e+02
1.397800000000000011e+02
1.436800000000000068e+02
1.516400000000000148e+02
2.055399999999999920e+02
2.116299999999999955e+02
2.516200000000000045e+02
2.733000000000000114e+02
2.976800000000000068e+02
3.056999999999999886e+02
3.133700000000000045e+02
3.315799999999999841e+02
3.736000000000000227e+02
3.756299999999999955e+02
4.354800000000000182e+02
4.512599999999999909e+02
4.754300000000000068e+02
4.774700000000000273e+02
4.812699999999999818e+02
4.832900000000000205e+02
5.953400000000000318e+02
6.331499999999999773e+02
6.352400000000000091e+02
6.832599999999999909e+02
7.009800000000000182e+02
7.310600000000000591e+02
7.331299999999999955e+02
7.670900000000000318e+02
7.770199999999999818e+02
8.069500000000000455e+02
8.170099999999999909e+02
8.247599999999999909e+02
8.333600000000000136e+02
8.388400000000000318e+02
8.809200000000000728e+02
8.829600000000000364e+02
8.931200000000000045e+02
9.247100000000000364e+02
9.288600000000000136e+02
9.349200000000000728e+02
9.650900000000000318e+02
9.689600000000000364e+02
9.827699999999999818e+02
3.700000000000000178e+00
6.965000000000000568e+01
9.379000000000000625e+01
1.278599999999999994e+02
1.338600000000000136e+02
1.516400000000000148e+02
2.055399999999999920e+02
3.057300000000000182e+02
3.133899999999999864e+02
3.736100000000000136e+02
3.756399999999999864e+02
4.354900000000000091e+02
4.512699999999999818e+02
4.754399999999999977e+02
4.774800000000000182e+02
4.812699999999999818e+02
4.832900000000000205e+02
5.953600000000000136e+02
6.331699999999999591e+02
6.352500000000000000e+02
6.832699999999999818e+02
7.009800000000000182e+02
7.310900000000000318e+02
7.331499999999999773e+02
8.069700000000000273e+02
8.170199999999999818e+02
8.247699999999999818e+02
8.333799999999999955e+02
8.388400000000000318e+02
8.809400000000000546e+02
8.829900000000000091e+02
9.247400000000000091e+02
9.289099999999999682e+02
9.349400000000000546e+02
9.651000000000000227e+02
9.689600000000000364e+02
9.828000000000000682e+02
