8.510000000000000853e+01
9.562999999999999545e+01
1.277100000000000080e+02
1.299099999999999966e+02
1.319900000000000091e+02
1.685500000000000114e+02
2.045900000000000034e+02
2.083400000000000034e+02
2.154900000000000091e+02
2.528700000000000045e+02
2.668799999999999955e+02
2.919700000000000273e+02
2.945199999999999818e+02
3.048400000000000318e+02
3.285099999999999909e+02
3.695699999999999932e+02
4.317300000000000182e+02
4.423400000000000318e+02
4.762800000000000296e+02
5.371800000000000637e+02
5.957899999999999636e+02
5.990299999999999727e+02
6.446800000000000637e+02
6.565800000000000409e+02
7.244900000000000091e+02
7.317200000000000273e+02
7.805900000000000318e+02
8.794700000000000273e+02
9.015199999999999818e+02
9.174800000000000182e+02
9.690000000000000000e+02
