9.470000000000000639e+00
9.730000000000000426e+00
1.528000000000000114e+01
1.558000000000000007e+01
1.769000000000000128e+01
2.144000000000000128e+01
2.166000000000000014e+01
6.062000000000000455e+01
6.196999999999999886e+01
1.161099999999999994e+02
1.180600000000000023e+02
1.190400000000000063e+02
1.193200000000000074e+02
1.599900000000000091e+02
1.635300000000000011e+02
1.674399999999999977e+02
2.089600000000000080e+02
2.092100000000000080e+02
2.119500000000000171e+02
2.169699999999999989e+02
2.199900000000000091e+02
2.203900000000000148e+02
2.607099999999999795e+02
2.630600000000000023e+02
2.631100000000000136e+02
2.676899999999999977e+02
2.713600000000000136e+02
3.098000000000000114e+02
3.127599999999999909e+02
3.162099999999999795e+02
3.170099999999999909e+02
3.189100000000000250e+02
3.582300000000000182e+02
3.623500000000000227e+02
3.641999999999999886e+02
3.656999999999999886e+02
4.115500000000000114e+02
4.142800000000000296e+02
4.158000000000000114e+02
4.174100000000000250e+02
4.609200000000000159e+02
4.609499999999999886e+02
4.660000000000000000e+02
4.670699999999999932e+02
4.683299999999999841e+02
4.705500000000000114e+02
5.053500000000000227e+02
5.100000000000000000e+02
5.109499999999999886e+02
5.126399999999999864e+02
5.169600000000000364e+02
5.170600000000000591e+02
5.194400000000000546e+02
5.627899999999999636e+02
5.651699999999999591e+02
5.668500000000000227e+02
5.681200000000000045e+02
5.717699999999999818e+02
6.117000000000000455e+02
6.135700000000000500e+02
6.166900000000000546e+02
6.197200000000000273e+02
6.199500000000000455e+02
6.633999999999999773e+02
6.652599999999999909e+02
6.682699999999999818e+02
6.699800000000000182e+02
6.727699999999999818e+02
7.096000000000000227e+02
7.111599999999999682e+02
7.146699999999999591e+02
7.150199999999999818e+02
7.179099999999999682e+02
7.588999999999999773e+02
7.623000000000000682e+02
7.638799999999999955e+02
7.652799999999999727e+02
7.693600000000000136e+02
8.102500000000000000e+02
8.122200000000000273e+02
8.146900000000000546e+02
8.154099999999999682e+02
8.181800000000000637e+02
8.190600000000000591e+02
8.212699999999999818e+02
8.607500000000000000e+02
8.615800000000000409e+02
8.643700000000000045e+02
8.643799999999999955e+02
8.686299999999999955e+02
9.078200000000000500e+02
9.138899999999999864e+02
9.143200000000000500e+02
9.181000000000000227e+02
9.181800000000000637e+02
9.233500000000000227e+02
9.610500000000000682e+02
9.677400000000000091e+02
