7.490000000000000213e+00
1.574000000000000021e+01
4.309000000000000341e+01
5.955000000000000426e+01
7.965000000000000568e+01
9.148999999999999488e+01
9.487000000000000455e+01
1.193500000000000085e+02
1.390300000000000011e+02
1.473199999999999932e+02
1.635099999999999909e+02
1.671100000000000136e+02
1.913100000000000023e+02
1.953499999999999943e+02
2.154399999999999977e+02
2.276899999999999977e+02
2.475699999999999932e+02
2.990900000000000318e+02
3.029599999999999795e+02
3.273899999999999864e+02
3.467800000000000296e+02
3.751000000000000227e+02
3.868500000000000227e+02
3.946899999999999977e+02
4.111700000000000159e+02
4.310699999999999932e+02
4.471500000000000341e+02
4.548600000000000136e+02
4.588199999999999932e+02
4.827500000000000000e+02
4.952700000000000387e+02
5.029300000000000068e+02
5.428999999999999773e+02
5.709500000000000455e+02
5.908700000000000045e+02
6.108600000000000136e+02
6.191100000000000136e+02
6.229300000000000637e+02
6.265199999999999818e+02
6.308500000000000227e+02
6.546599999999999682e+02
6.705600000000000591e+02
6.909600000000000364e+02
7.149400000000000546e+02
7.302799999999999727e+02
7.509500000000000455e+02
7.543200000000000500e+02
7.706599999999999682e+02
7.747400000000000091e+02
7.823799999999999955e+02
7.947300000000000182e+02
8.425099999999999909e+02
8.704099999999999682e+02
8.942300000000000182e+02
9.063500000000000227e+02
9.103799999999999955e+02
9.302000000000000455e+02
9.341299999999999955e+02
9.379900000000000091e+02
9.464300000000000637e+02
9.821000000000000227e+02
9.861000000000000227e+02
9.942200000000000273e+02
