3.490000000000000213e+00
3.850000000000000089e+00
1.162000000000000099e+01
2.126000000000000156e+01
2.587999999999999901e+01
2.999000000000000199e+01
3.686999999999999744e+01
4.216000000000000369e+01
4.289000000000000057e+01
4.400000000000000000e+01
5.160999999999999943e+01
5.982999999999999829e+01
6.367999999999999972e+01
6.371999999999999886e+01
6.721000000000000796e+01
7.720000000000000284e+01
9.921000000000000796e+01
1.032199999999999989e+02
1.111500000000000057e+02
1.128500000000000085e+02
1.155400000000000063e+02
1.279000000000000057e+02
1.324300000000000068e+02
1.415999999999999943e+02
1.436599999999999966e+02
1.463000000000000114e+02
1.485300000000000011e+02
1.539799999999999898e+02
1.584300000000000068e+02
1.619500000000000171e+02
1.638100000000000023e+02
1.836200000000000045e+02
1.846200000000000045e+02
1.859099999999999966e+02
1.866899999999999977e+02
1.922700000000000102e+02
1.985200000000000102e+02
2.008799999999999955e+02
2.062800000000000011e+02
2.093900000000000148e+02
2.137800000000000011e+02
2.165399999999999920e+02
2.201700000000000159e+02
2.237000000000000171e+02
2.272500000000000000e+02
2.289300000000000068e+02
2.388000000000000114e+02
2.475900000000000034e+02
2.503799999999999955e+02
2.549600000000000080e+02
2.578799999999999955e+02
2.655199999999999818e+02
2.656600000000000250e+02
2.695699999999999932e+02
2.842800000000000296e+02
2.911700000000000159e+02
2.949599999999999795e+02
2.981000000000000227e+02
3.001500000000000341e+02
3.110400000000000205e+02
3.185699999999999932e+02
3.243600000000000136e+02
3.268199999999999932e+02
3.359300000000000068e+02
3.450799999999999841e+02
3.489000000000000341e+02
3.568500000000000227e+02
3.662300000000000182e+02
3.789399999999999977e+02
3.875300000000000296e+02
4.048799999999999955e+02
4.078600000000000136e+02
4.144399999999999977e+02
4.225099999999999909e+02
4.245799999999999841e+02
4.289499999999999886e+02
4.347400000000000091e+02
4.354000000000000341e+02
4.397599999999999909e+02
4.409800000000000182e+02
4.605900000000000318e+02
4.657300000000000182e+02
4.714600000000000364e+02
4.948899999999999864e+02
5.005799999999999841e+02
5.033100000000000023e+02
5.058500000000000227e+02
5.100099999999999909e+02
5.120700000000000500e+02
5.218899999999999864e+02
5.262999999999999545e+02
5.262999999999999545e+02
5.358100000000000591e+02
5.381800000000000637e+02
5.419199999999999591e+02
5.464900000000000091e+02
5.512799999999999727e+02
5.538500000000000227e+02
5.603300000000000409e+02
5.617300000000000182e+02
5.656100000000000136e+02
5.702500000000000000e+02
5.723500000000000227e+02
5.819900000000000091e+02
5.850600000000000591e+02
5.903799999999999955e+02
6.034800000000000182e+02
6.051599999999999682e+02
6.055099999999999909e+02
6.118300000000000409e+02
6.200000000000000000e+02
6.252000000000000455e+02
6.296100000000000136e+02
6.324600000000000364e+02
6.420000000000000000e+02
6.443999999999999773e+02
6.490199999999999818e+02
6.513600000000000136e+02
6.620000000000000000e+02
6.641699999999999591e+02
6.708899999999999864e+02
6.735800000000000409e+02
6.844700000000000273e+02
6.848000000000000682e+02
6.887200000000000273e+02
6.940900000000000318e+02
7.052699999999999818e+02
7.128300000000000409e+02
7.141299999999999955e+02
7.232500000000000000e+02
7.331200000000000045e+02
7.365900000000000318e+02
7.383899999999999864e+02
7.467000000000000455e+02
7.492000000000000455e+02
7.541599999999999682e+02
7.588200000000000500e+02
7.593400000000000318e+02
7.618000000000000682e+02
7.653999999999999773e+02
7.731700000000000728e+02
7.811900000000000546e+02
7.853400000000000318e+02
7.898600000000000136e+02
7.968700000000000045e+02
7.973500000000000227e+02
8.136700000000000728e+02
8.206900000000000546e+02
8.326100000000000136e+02
8.365399999999999636e+02
8.493700000000000045e+02
8.523500000000000227e+02
8.554900000000000091e+02
8.560600000000000591e+02
8.683100000000000591e+02
8.750399999999999636e+02
8.815199999999999818e+02
8.837400000000000091e+02
8.941599999999999682e+02
8.984400000000000546e+02
9.169600000000000364e+02
9.191599999999999682e+02
9.192599999999999909e+02
9.247500000000000000e+02
9.295600000000000591e+02
9.345900000000000318e+02
9.404700000000000273e+02
9.415900000000000318e+02
9.434099999999999682e+02
9.457500000000000000e+02
9.560000000000000000e+02
9.604200000000000728e+02
9.617599999999999909e+02
9.628700000000000045e+02
9.685800000000000409e+02
9.707500000000000000e+02
9.829099999999999682e+02
9.848100000000000591e+02
9.865800000000000409e+02
