5.480000000000000426e+00
9.000000000000000000e+00
2.583000000000000185e+01
2.806000000000000227e+01
4.585000000000000142e+01
4.803000000000000114e+01
6.481000000000000227e+01
6.804000000000000625e+01
7.092000000000000171e+01
8.785000000000000853e+01
1.055499999999999972e+02
1.082600000000000051e+02
1.258400000000000034e+02
1.281599999999999966e+02
1.452800000000000011e+02
1.474799999999999898e+02
1.664200000000000159e+02
1.688400000000000034e+02
1.835600000000000023e+02
1.857700000000000102e+02
2.051500000000000057e+02
2.073499999999999943e+02
2.105900000000000034e+02
2.272300000000000182e+02
2.298499999999999943e+02
2.452000000000000171e+02
2.481800000000000068e+02
2.650000000000000000e+02
2.672099999999999795e+02
2.854900000000000091e+02
2.890600000000000023e+02
3.073500000000000227e+02
3.241999999999999886e+02
3.272900000000000205e+02
3.463600000000000136e+02
3.651999999999999886e+02
3.679499999999999886e+02
3.852100000000000364e+02
3.889000000000000341e+02
4.050900000000000318e+02
4.260400000000000205e+02
4.457800000000000296e+02
4.486500000000000341e+02
4.643500000000000227e+02
4.850400000000000205e+02
4.871299999999999955e+02
5.057800000000000296e+02
5.089000000000000341e+02
5.256000000000000227e+02
5.277699999999999818e+02
5.431800000000000637e+02
5.455900000000000318e+02
5.479500000000000455e+02
5.643000000000000682e+02
5.668700000000000045e+02
5.865900000000000318e+02
6.051299999999999955e+02
6.072899999999999636e+02
6.239300000000000637e+02
6.266900000000000546e+02
6.436399999999999864e+02
6.463600000000000136e+02
6.492100000000000364e+02
6.643600000000000136e+02
6.838600000000000136e+02
6.886000000000000227e+02
7.040199999999999818e+02
7.242899999999999636e+02
7.271000000000000227e+02
7.300099999999999909e+02
7.471499999999999773e+02
7.646299999999999955e+02
7.683200000000000500e+02
7.853700000000000045e+02
7.878700000000000045e+02
8.045099999999999909e+02
8.077699999999999818e+02
8.239099999999999682e+02
8.261499999999999773e+02
8.431900000000000546e+02
8.466700000000000728e+02
8.646100000000000136e+02
8.669300000000000637e+02
8.845000000000000000e+02
8.870000000000000000e+02
9.046200000000000045e+02
9.092599999999999909e+02
9.246000000000000227e+02
9.268700000000000045e+02
9.453300000000000409e+02
9.635700000000000500e+02
9.659300000000000637e+02
9.844500000000000455e+02
9.871200000000000045e+02
