1.050999999999999979e+01
5.803999999999999915e+01
6.103000000000000114e+01
6.456000000000000227e+01
7.151000000000000512e+01
7.398000000000000398e+01
8.485000000000000853e+01
9.543000000000000682e+01
1.095100000000000051e+02
1.273800000000000097e+02
1.297800000000000011e+02
1.318199999999999932e+02
1.563600000000000136e+02
1.683300000000000125e+02
2.043400000000000034e+02
2.078799999999999955e+02
2.113900000000000148e+02
2.153000000000000114e+02
2.523799999999999955e+02
2.663000000000000114e+02
2.803899999999999864e+02
2.873299999999999841e+02
2.917300000000000182e+02
2.943199999999999932e+02
3.046000000000000227e+02
3.083299999999999841e+02
3.119599999999999795e+02
3.282900000000000205e+02
3.517699999999999818e+02
3.617400000000000091e+02
3.692800000000000296e+02
3.882300000000000182e+02
3.991200000000000045e+02
4.067400000000000091e+02
4.313600000000000136e+02
4.403500000000000227e+02
4.502599999999999909e+02
4.636000000000000227e+02
4.760900000000000318e+02
4.810600000000000023e+02
5.087400000000000091e+02
5.311200000000000045e+02
5.367000000000000455e+02
5.595900000000000318e+02
5.947400000000000091e+02
5.981399999999999864e+02
6.133600000000000136e+02
6.232699999999999818e+02
6.445000000000000000e+02
6.562000000000000455e+02
6.696599999999999682e+02
6.930600000000000591e+02
6.975700000000000500e+02
7.240500000000000682e+02
7.290900000000000318e+02
7.314400000000000546e+02
7.471299999999999955e+02
7.801700000000000728e+02
7.960600000000000591e+02
8.200700000000000500e+02
8.386299999999999955e+02
8.490700000000000500e+02
8.791200000000000045e+02
8.933500000000000227e+02
8.985299999999999727e+02
9.012899999999999636e+02
9.103100000000000591e+02
9.169600000000000364e+02
9.314600000000000364e+02
9.448300000000000409e+02
9.660000000000000000e+02
9.688300000000000409e+02
9.713400000000000318e+02
9.843700000000000045e+02
9.907100000000000364e+02
