7.910000000000000142e+00
9.939999999999999503e+00
5.692000000000000171e+01
1.065499999999999972e+02
1.086400000000000006e+02
1.114699999999999989e+02
1.613199999999999932e+02
2.079900000000000091e+02
2.600099999999999909e+02
4.064000000000000341e+02
4.585699999999999932e+02
5.586399999999999864e+02
6.102899999999999636e+02
6.579400000000000546e+02
7.060399999999999636e+02
7.101200000000000045e+02
7.604199999999999591e+02
8.073000000000000682e+02
9.065399999999999636e+02
9.092300000000000182e+02
9.561499999999999773e+02
7.910000000000000142e+00
9.939999999999999503e+00
5.692000000000000171e+01
1.065499999999999972e+02
1.086400000000000006e+02
2.600099999999999909e+02
4.064100000000000250e+02
4.585699999999999932e+02
5.586399999999999864e+02
6.579400000000000546e+02
7.060399999999999636e+02
8.073000000000000682e+02
9.065399999999999636e+02
9.092500000000000000e+02
9.561499999999999773e+02
7.910000000000000142e+00
9.939999999999999503e+00
5.692000000000000171e+01
1.065499999999999972e+02
1.086400000000000006e+02
2.600199999999999818e+02
4.064200000000000159e+02
4.585699999999999932e+02
5.586399999999999864e+02
6.579400000000000546e+02
7.060399999999999636e+02
8.073000000000000682e+02
9.065399999999999636e+02
9.092699999999999818e+02
9.561499999999999773e+02
7.910000000000000142e+00
9.939999999999999503e+00
5.692000000000000171e+01
1.065499999999999972e+02
1.086400000000000006e+02
2.600199999999999818e+02
4.064300000000000068e+02
4.585699999999999932e+02
5.586399999999999864e+02
6.579400000000000546e+02
7.060399999999999636e+02
8.073000000000000682e+02
9.065399999999999636e+02
9.561499999999999773e+02
7.910000000000000142e+00
9.939999999999999503e+00
5.692000000000000171e+01
1.065499999999999972e+02
1.086400000000000006e+02
4.585699999999999932e+02
5.586399999999999864e+02
6.579400000000000546e+02
7.060399999999999636e+02
8.073000000000000682e+02
9.065399999999999636e+02
9.561499999999999773e+02
7.910000000000000142e+00
9.939999999999999503e+00
1.200000000000000000e+01
1.403000000000000114e+01
1.605000000000000071e+01
1.805999999999999872e+01
2.042999999999999972e+01
2.378999999999999915e+01
5.692000000000000171e+01
6.099000000000000199e+01
6.415000000000000568e+01
6.640000000000000568e+01
6.890999999999999659e+01
7.189000000000000057e+01
1.065499999999999972e+02
1.086400000000000006e+02
1.111400000000000006e+02
1.138100000000000023e+02
1.158400000000000034e+02
1.178599999999999994e+02
1.199000000000000057e+02
1.222600000000000051e+02
1.611100000000000136e+02
1.633700000000000045e+02
1.663100000000000023e+02
1.689000000000000057e+02
1.745800000000000125e+02
2.078799999999999955e+02
2.099300000000000068e+02
2.128900000000000148e+02
2.149200000000000159e+02
2.169800000000000182e+02
2.194300000000000068e+02
2.214600000000000080e+02
2.600000000000000000e+02
2.633000000000000114e+02
2.658000000000000114e+02
2.711499999999999773e+02
3.082800000000000296e+02
3.104399999999999977e+02
3.131899999999999977e+02
3.152099999999999795e+02
3.174800000000000182e+02
3.195000000000000000e+02
3.219200000000000159e+02
3.586100000000000136e+02
3.606399999999999864e+02
3.644900000000000091e+02
3.671700000000000159e+02
3.692200000000000273e+02
3.715400000000000205e+02
4.063700000000000045e+02
4.089000000000000341e+02
4.117500000000000000e+02
4.141600000000000250e+02
4.162800000000000296e+02
4.184100000000000250e+02
4.204399999999999977e+02
4.585699999999999932e+02
4.607100000000000364e+02
4.638000000000000114e+02
4.660900000000000318e+02
4.685199999999999818e+02
4.705699999999999932e+02
4.754800000000000182e+02
5.076600000000000250e+02
5.097599999999999909e+02
5.118000000000000114e+02
5.138400000000000318e+02
5.163400000000000318e+02
5.185199999999999818e+02
5.212999999999999545e+02
5.586399999999999864e+02
5.624600000000000364e+02
5.645099999999999909e+02
5.665299999999999727e+02
5.689300000000000637e+02
5.711299999999999955e+02
5.735199999999999818e+02
6.101100000000000136e+02
6.121399999999999864e+02
6.141699999999999591e+02
6.162000000000000455e+02
6.183400000000000318e+02
6.204800000000000182e+02
6.243600000000000136e+02
6.579400000000000546e+02
6.602799999999999727e+02
6.623200000000000500e+02
6.643500000000000227e+02
6.663700000000000045e+02
6.683899999999999864e+02
6.713799999999999955e+02
7.060399999999999636e+02
7.099600000000000364e+02
7.120399999999999636e+02
7.141299999999999955e+02
7.165399999999999636e+02
7.193700000000000045e+02
7.224600000000000364e+02
7.249900000000000091e+02
7.590099999999999909e+02
7.610399999999999636e+02
7.633100000000000591e+02
7.655399999999999636e+02
7.677300000000000182e+02
7.708000000000000682e+02
7.756299999999999955e+02
8.073000000000000682e+02
8.103500000000000227e+02
8.124099999999999682e+02
8.146800000000000637e+02
8.175800000000000409e+02
8.196499999999999773e+02
8.229200000000000728e+02
8.593999999999999773e+02
8.621200000000000045e+02
8.645600000000000591e+02
8.669900000000000091e+02
8.690099999999999909e+02
8.710500000000000682e+02
8.736000000000000227e+02
9.065399999999999636e+02
9.092000000000000455e+02
9.112599999999999909e+02
9.146599999999999682e+02
9.169900000000000091e+02
9.190199999999999818e+02
9.211200000000000045e+02
9.240099999999999909e+02
9.561499999999999773e+02
9.589400000000000546e+02
9.614700000000000273e+02
9.645099999999999909e+02
9.685199999999999818e+02
9.737300000000000182e+02
9.762799999999999727e+02
7.910000000000000142e+00
9.939999999999999503e+00
1.201999999999999957e+01
1.407000000000000028e+01
1.608999999999999986e+01
1.810999999999999943e+01
2.048000000000000043e+01
5.692000000000000171e+01
6.421000000000000796e+01
6.648000000000000398e+01
6.896999999999999886e+01
7.193999999999999773e+01
1.065499999999999972e+02
1.086400000000000006e+02
1.112300000000000040e+02
1.138500000000000085e+02
1.158900000000000006e+02
1.179300000000000068e+02
1.199699999999999989e+02
1.611299999999999955e+02
1.634099999999999966e+02
1.663600000000000136e+02
1.689600000000000080e+02
1.746599999999999966e+02
2.079000000000000057e+02
2.100200000000000102e+02
2.129800000000000182e+02
2.151100000000000136e+02
2.171400000000000148e+02
2.194900000000000091e+02
2.215200000000000102e+02
2.600000000000000000e+02
2.638299999999999841e+02
2.675900000000000318e+02
3.090699999999999932e+02
3.111500000000000341e+02
3.133299999999999841e+02
3.153600000000000136e+02
3.176600000000000250e+02
3.205099999999999909e+02
3.229599999999999795e+02
3.586200000000000045e+02
3.606500000000000341e+02
3.645900000000000318e+02
3.692900000000000205e+02
3.716200000000000045e+02
4.063700000000000045e+02
4.092200000000000273e+02
4.118000000000000114e+02
4.156700000000000159e+02
4.185300000000000296e+02
4.206000000000000227e+02
4.585699999999999932e+02
4.607500000000000000e+02
4.686600000000000250e+02
4.707500000000000000e+02
5.076899999999999977e+02
5.118400000000000318e+02
5.138799999999999955e+02
5.172999999999999545e+02
5.227699999999999818e+02
5.586399999999999864e+02
5.624900000000000091e+02
5.645600000000000591e+02
5.665900000000000318e+02
5.689900000000000091e+02
5.742300000000000182e+02
6.101299999999999955e+02
6.121800000000000637e+02
6.142100000000000364e+02
6.162500000000000000e+02
6.186100000000000136e+02
6.207200000000000273e+02
6.244099999999999682e+02
6.579400000000000546e+02
6.603300000000000409e+02
6.633200000000000500e+02
6.653700000000000045e+02
6.674199999999999591e+02
7.060399999999999636e+02
7.099900000000000091e+02
7.121299999999999955e+02
7.142599999999999909e+02
7.174300000000000637e+02
7.194900000000000091e+02
7.230000000000000000e+02
7.250299999999999727e+02
7.601499999999999773e+02
7.637100000000000364e+02
7.657400000000000091e+02
7.756900000000000546e+02
8.073000000000000682e+02
8.103700000000000045e+02
8.124400000000000546e+02
8.148000000000000682e+02
8.229800000000000182e+02
8.594099999999999682e+02
8.621599999999999682e+02
8.646100000000000136e+02
8.670900000000000318e+02
8.691200000000000045e+02
8.711700000000000728e+02
8.736399999999999864e+02
9.065399999999999636e+02
9.092000000000000455e+02
9.112899999999999636e+02
9.148400000000000318e+02
9.170299999999999727e+02
9.191000000000000227e+02
9.212000000000000455e+02
9.240800000000000409e+02
9.561499999999999773e+02
9.615000000000000000e+02
9.645800000000000409e+02
9.685900000000000318e+02
9.743300000000000409e+02
7.910000000000000142e+00
9.939999999999999503e+00
1.205000000000000071e+01
1.562000000000000099e+01
1.790000000000000213e+01
5.692000000000000171e+01
6.460999999999999943e+01
6.665000000000000568e+01
7.198000000000000398e+01
1.065499999999999972e+02
1.086400000000000006e+02
1.112699999999999960e+02
1.139200000000000017e+02
1.159900000000000091e+02
1.200100000000000051e+02
1.611400000000000148e+02
1.643300000000000125e+02
1.665500000000000114e+02
1.690800000000000125e+02
2.079200000000000159e+02
2.105999999999999943e+02
2.130399999999999920e+02
2.172000000000000171e+02
2.600000000000000000e+02
2.639100000000000250e+02
3.093299999999999841e+02
3.152800000000000296e+02
3.194499999999999886e+02
3.586399999999999864e+02
3.606800000000000068e+02
4.063799999999999955e+02
4.106600000000000250e+02
4.585699999999999932e+02
4.607699999999999818e+02
5.077200000000000273e+02
5.139099999999999682e+02
5.586399999999999864e+02
5.625199999999999818e+02
5.665000000000000000e+02
5.691200000000000045e+02
6.101599999999999682e+02
6.123300000000000409e+02
6.163300000000000409e+02
6.207599999999999909e+02
6.245099999999999909e+02
6.579400000000000546e+02
6.684700000000000273e+02
7.060399999999999636e+02
7.100299999999999727e+02
7.121599999999999682e+02
7.153500000000000227e+02
7.175099999999999909e+02
7.250500000000000682e+02
7.601900000000000546e+02
7.637599999999999909e+02
7.658200000000000500e+02
8.073000000000000682e+02
8.103899999999999864e+02
8.594300000000000637e+02
8.622000000000000455e+02
8.646599999999999682e+02
8.691100000000000136e+02
9.065399999999999636e+02
9.092100000000000364e+02
9.113200000000000500e+02
9.171000000000000227e+02
9.212899999999999636e+02
9.561499999999999773e+02
7.910000000000000142e+00
9.939999999999999503e+00
1.209999999999999964e+01
1.573000000000000043e+01
1.801999999999999957e+01
5.692000000000000171e+01
6.668999999999999773e+01
7.207000000000000739e+01
1.065499999999999972e+02
1.086400000000000006e+02
1.113100000000000023e+02
1.611700000000000159e+02
1.643600000000000136e+02
2.079399999999999977e+02
2.600000000000000000e+02
3.586600000000000250e+02
3.606999999999999886e+02
4.063799999999999955e+02
4.585699999999999932e+02
4.608000000000000114e+02
5.586399999999999864e+02
6.102100000000000364e+02
6.579400000000000546e+02
7.060399999999999636e+02
7.100600000000000591e+02
7.122200000000000273e+02
7.251200000000000045e+02
7.602599999999999909e+02
8.073000000000000682e+02
8.104400000000000546e+02
8.594400000000000546e+02
8.647200000000000273e+02
9.065399999999999636e+02
9.092100000000000364e+02
9.113700000000000045e+02
9.213500000000000227e+02
9.561499999999999773e+02
7.910000000000000142e+00
9.939999999999999503e+00
5.692000000000000171e+01
1.065499999999999972e+02
1.086400000000000006e+02
1.114099999999999966e+02
1.612100000000000080e+02
2.079600000000000080e+02
2.600000000000000000e+02
3.586999999999999886e+02
3.607500000000000000e+02
4.063899999999999864e+02
4.585699999999999932e+02
4.608299999999999841e+02
5.586399999999999864e+02
6.102500000000000000e+02
6.579400000000000546e+02
7.060399999999999636e+02
7.100900000000000318e+02
7.603000000000000682e+02
8.073000000000000682e+02
9.065399999999999636e+02
9.092200000000000273e+02
9.561499999999999773e+02
