4.160000000000000142e+00
1.258999999999999986e+01
2.076000000000000156e+01
4.457999999999999829e+01
1.242500000000000000e+02
1.361899999999999977e+02
1.402400000000000091e+02
1.681899999999999977e+02
1.922899999999999920e+02
2.281599999999999966e+02
2.361700000000000159e+02
2.965900000000000318e+02
3.958000000000000114e+02
4.439600000000000364e+02
4.600300000000000296e+02
4.838799999999999955e+02
5.638799999999999955e+02
5.916900000000000546e+02
6.715600000000000591e+02
6.797100000000000364e+02
6.835099999999999909e+02
7.035700000000000500e+02
7.315000000000000000e+02
7.554600000000000364e+02
7.831000000000000227e+02
8.035000000000000000e+02
8.156700000000000728e+02
8.353500000000000227e+02
8.712899999999999636e+02
9.433200000000000500e+02
9.830900000000000318e+02
9.991100000000000136e+02
4.160000000000000142e+00
2.076999999999999957e+01
1.242600000000000051e+02
1.361999999999999886e+02
1.402599999999999909e+02
1.682000000000000171e+02
1.922899999999999920e+02
2.281599999999999966e+02
2.362400000000000091e+02
2.966000000000000227e+02
3.958000000000000114e+02
4.439600000000000364e+02
4.600600000000000023e+02
4.839000000000000341e+02
5.638999999999999773e+02
5.917200000000000273e+02
6.715900000000000318e+02
6.797400000000000091e+02
6.835399999999999636e+02
7.035800000000000409e+02
7.315399999999999636e+02
7.555099999999999909e+02
7.831100000000000136e+02
8.035299999999999727e+02
8.156800000000000637e+02
8.713000000000000682e+02
9.433200000000000500e+02
9.831000000000000227e+02
9.991100000000000136e+02
4.160000000000000142e+00
2.080000000000000071e+01
1.242699999999999960e+02
1.362100000000000080e+02
1.402800000000000011e+02
1.682000000000000171e+02
1.923000000000000114e+02
2.281700000000000159e+02
2.966100000000000136e+02
3.958000000000000114e+02
4.439600000000000364e+02
4.839100000000000250e+02
5.917699999999999818e+02
6.716399999999999864e+02
6.797899999999999636e+02
6.835900000000000318e+02
7.035800000000000409e+02
7.831100000000000136e+02
8.157000000000000455e+02
8.713100000000000591e+02
9.433300000000000409e+02
9.831000000000000227e+02
9.991200000000000045e+02
4.160000000000000142e+00
1.242800000000000011e+02
1.362299999999999898e+02
1.403000000000000114e+02
1.682000000000000171e+02
1.923100000000000023e+02
2.281700000000000159e+02
2.966299999999999955e+02
3.958000000000000114e+02
4.439600000000000364e+02
4.839399999999999977e+02
5.918400000000000318e+02
7.036000000000000227e+02
7.831100000000000136e+02
8.713300000000000409e+02
9.433300000000000409e+02
9.831100000000000136e+02
9.991200000000000045e+02
4.160000000000000142e+00
1.243100000000000023e+02
1.362500000000000000e+02
1.682100000000000080e+02
1.923300000000000125e+02
2.281800000000000068e+02
3.958100000000000023e+02
4.439600000000000364e+02
7.036299999999999955e+02
7.831100000000000136e+02
9.433500000000000227e+02
9.831200000000000045e+02
9.991299999999999955e+02
4.160000000000000142e+00
1.247000000000000064e+01
2.069000000000000128e+01
2.496000000000000085e+01
3.643999999999999773e+01
4.420000000000000284e+01
4.860000000000000142e+01
5.656000000000000227e+01
6.034000000000000341e+01
6.450000000000000000e+01
7.626000000000000512e+01
8.032000000000000739e+01
8.485000000000000853e+01
9.235000000000000853e+01
9.593000000000000682e+01
1.002999999999999972e+02
1.043200000000000074e+02
1.086299999999999955e+02
1.121200000000000045e+02
1.161800000000000068e+02
1.202999999999999972e+02
1.242100000000000080e+02
1.283499999999999943e+02
1.325000000000000000e+02
1.361500000000000057e+02
1.401700000000000159e+02
1.484399999999999977e+02
1.521400000000000148e+02
1.645399999999999920e+02
1.681700000000000159e+02
1.723700000000000045e+02
1.762199999999999989e+02
1.802199999999999989e+02
1.844300000000000068e+02
1.884500000000000171e+02
1.922500000000000000e+02
1.962400000000000091e+02
2.001100000000000136e+02
2.045000000000000000e+02
2.122400000000000091e+02
2.163900000000000148e+02
2.281400000000000148e+02
2.360000000000000000e+02
2.406400000000000148e+02
2.440300000000000011e+02
2.484600000000000080e+02
2.524200000000000159e+02
2.642200000000000273e+02
2.681800000000000068e+02
2.878100000000000023e+02
2.965300000000000296e+02
2.999599999999999795e+02
3.040199999999999818e+02
3.081700000000000159e+02
3.118700000000000045e+02
3.201399999999999864e+02
3.241600000000000250e+02
3.281200000000000045e+02
3.359399999999999977e+02
3.402699999999999818e+02
3.476700000000000159e+02
3.521000000000000227e+02
3.562900000000000205e+02
3.604399999999999977e+02
3.679300000000000068e+02
3.758500000000000227e+02
3.799599999999999795e+02
3.841299999999999955e+02
3.881100000000000136e+02
3.957900000000000205e+02
4.076299999999999955e+02
4.119300000000000068e+02
4.157599999999999909e+02
4.276200000000000045e+02
4.319499999999999886e+02
4.439499999999999886e+02
4.478400000000000318e+02
4.557699999999999818e+02
4.599100000000000250e+02
4.837400000000000091e+02
4.879399999999999977e+02
4.918899999999999864e+02
4.956200000000000045e+02
5.038799999999999955e+02
5.157599999999999909e+02
5.476599999999999682e+02
5.521100000000000136e+02
5.638200000000000500e+02
5.676200000000000045e+02
5.716900000000000546e+02
5.801200000000000045e+02
5.840700000000000500e+02
5.916200000000000045e+02
6.114400000000000546e+02
6.156699999999999591e+02
6.238000000000000682e+02
6.274700000000000273e+02
6.317500000000000000e+02
6.357599999999999909e+02
6.394800000000000182e+02
6.517699999999999818e+02
6.595500000000000682e+02
6.714400000000000546e+02
6.796399999999999864e+02
6.833899999999999864e+02
6.873000000000000682e+02
6.956699999999999591e+02
7.035299999999999727e+02
7.080299999999999727e+02
7.114500000000000455e+02
7.153000000000000682e+02
7.239099999999999682e+02
7.278200000000000500e+02
7.313600000000000136e+02
7.355199999999999818e+02
7.397799999999999727e+02
7.434300000000000637e+02
7.512799999999999727e+02
7.553200000000000500e+02
7.716599999999999682e+02
7.757599999999999909e+02
7.794600000000000364e+02
7.831000000000000227e+02
7.914700000000000273e+02
7.954300000000000637e+02
8.033999999999999773e+02
8.156399999999999864e+02
8.236000000000000227e+02
8.276800000000000637e+02
8.352899999999999636e+02
8.392300000000000182e+02
8.434099999999999682e+02
8.473999999999999773e+02
8.712500000000000000e+02
8.833000000000000682e+02
8.873700000000000045e+02
8.951299999999999955e+02
8.998999999999999773e+02
9.072300000000000182e+02
9.113200000000000500e+02
9.196900000000000546e+02
9.233300000000000409e+02
9.311100000000000136e+02
9.350900000000000318e+02
9.432899999999999636e+02
9.474700000000000273e+02
9.514700000000000273e+02
9.551100000000000136e+02
9.590399999999999636e+02
9.633300000000000409e+02
9.675800000000000409e+02
9.755700000000000500e+02
9.830700000000000500e+02
9.870500000000000682e+02
9.912500000000000000e+02
9.953200000000000500e+02
9.990800000000000409e+02
4.160000000000000142e+00
1.249000000000000021e+01
2.069999999999999929e+01
2.501000000000000156e+01
3.650000000000000000e+01
4.425999999999999801e+01
5.664999999999999858e+01
6.037000000000000455e+01
7.634000000000000341e+01
8.123000000000000398e+01
8.496999999999999886e+01
9.237000000000000455e+01
9.595000000000000284e+01
1.003700000000000045e+02
1.043500000000000085e+02
1.203500000000000085e+02
1.242199999999999989e+02
1.283700000000000045e+02
1.361599999999999966e+02
1.401800000000000068e+02
1.484600000000000080e+02
1.522100000000000080e+02
1.645800000000000125e+02
1.681700000000000159e+02
1.724600000000000080e+02
1.802800000000000011e+02
1.845200000000000102e+02
1.884900000000000091e+02
1.922599999999999909e+02
1.963400000000000034e+02
2.001299999999999955e+02
2.045399999999999920e+02
2.126100000000000136e+02
2.281400000000000148e+02
2.360200000000000102e+02
2.407199999999999989e+02
2.441200000000000045e+02
2.487000000000000171e+02
2.524699999999999989e+02
2.642500000000000000e+02
2.879399999999999977e+02
2.965400000000000205e+02
3.000099999999999909e+02
3.040900000000000318e+02
3.201899999999999977e+02
3.281600000000000250e+02
3.359599999999999795e+02
3.403000000000000114e+02
3.477200000000000273e+02
3.563199999999999932e+02
3.679700000000000273e+02
3.758799999999999955e+02
3.801299999999999955e+02
3.841999999999999886e+02
3.957900000000000205e+02
4.077200000000000273e+02
4.119600000000000364e+02
4.276899999999999977e+02
4.320300000000000296e+02
4.439499999999999886e+02
4.479300000000000068e+02
4.558199999999999932e+02
4.599399999999999977e+02
4.837699999999999818e+02
4.879700000000000273e+02
4.920000000000000000e+02
4.960000000000000000e+02
5.040500000000000114e+02
5.638300000000000409e+02
5.676399999999999864e+02
5.717300000000000182e+02
5.841299999999999955e+02
5.916299999999999955e+02
6.115199999999999818e+02
6.157000000000000455e+02
6.238200000000000500e+02
6.275000000000000000e+02
6.357799999999999727e+02
6.395600000000000591e+02
6.518100000000000591e+02
6.714600000000000364e+02
6.796499999999999773e+02
6.834199999999999591e+02
6.873300000000000409e+02
6.956900000000000546e+02
7.035399999999999636e+02
7.240000000000000000e+02
7.279099999999999682e+02
7.313899999999999864e+02
7.513700000000000045e+02
7.553500000000000227e+02
7.717200000000000273e+02
7.758000000000000682e+02
7.795199999999999818e+02
7.831000000000000227e+02
7.954500000000000455e+02
8.034200000000000728e+02
8.156499999999999773e+02
8.236200000000000045e+02
8.277799999999999727e+02
8.353000000000000682e+02
8.393200000000000500e+02
8.434300000000000637e+02
8.712599999999999909e+02
8.833600000000000136e+02
8.874300000000000637e+02
8.951599999999999682e+02
9.072599999999999909e+02
9.197400000000000091e+02
9.311399999999999864e+02
9.351800000000000637e+02
9.433000000000000682e+02
9.475399999999999636e+02
9.515000000000000000e+02
9.676900000000000546e+02
9.830700000000000500e+02
9.870900000000000318e+02
9.912599999999999909e+02
9.990800000000000409e+02
4.160000000000000142e+00
1.250999999999999979e+01
2.071000000000000085e+01
2.510000000000000142e+01
3.659000000000000341e+01
4.432000000000000028e+01
6.039999999999999858e+01
9.240000000000000568e+01
9.598000000000000398e+01
1.043900000000000006e+02
1.204000000000000057e+02
1.242199999999999989e+02
1.283900000000000148e+02
1.361700000000000159e+02
1.402000000000000171e+02
1.484900000000000091e+02
1.681800000000000068e+02
1.803400000000000034e+02
1.885300000000000011e+02
1.922700000000000102e+02
2.001700000000000159e+02
2.045900000000000034e+02
2.127100000000000080e+02
2.281400000000000148e+02
2.360600000000000023e+02
2.442000000000000171e+02
2.525399999999999920e+02
2.880699999999999932e+02
2.965500000000000114e+02
3.000600000000000023e+02
3.041399999999999864e+02
3.202400000000000091e+02
3.281899999999999977e+02
3.359900000000000091e+02
3.403400000000000318e+02
3.477800000000000296e+02
3.563600000000000136e+02
3.759100000000000250e+02
3.957900000000000205e+02
4.078700000000000045e+02
4.119800000000000182e+02
4.439499999999999886e+02
4.480300000000000296e+02
4.558700000000000045e+02
4.599600000000000364e+02
4.838199999999999932e+02
4.880099999999999909e+02
5.041899999999999977e+02
5.638400000000000318e+02
5.676699999999999591e+02
5.717699999999999818e+02
5.916399999999999864e+02
6.116599999999999682e+02
6.157200000000000273e+02
6.238500000000000227e+02
6.275399999999999636e+02
6.358000000000000682e+02
6.518500000000000227e+02
6.714900000000000091e+02
6.796699999999999591e+02
6.834400000000000546e+02
6.873600000000000136e+02
6.957100000000000364e+02
7.035399999999999636e+02
7.280099999999999909e+02
7.314199999999999591e+02
7.553799999999999955e+02
7.758500000000000227e+02
7.831000000000000227e+02
7.954800000000000182e+02
8.034400000000000546e+02
8.156499999999999773e+02
8.236800000000000637e+02
8.353100000000000591e+02
8.394099999999999682e+02
8.434600000000000364e+02
8.712699999999999818e+02
8.834300000000000637e+02
8.875000000000000000e+02
8.952000000000000455e+02
9.073000000000000682e+02
9.197899999999999636e+02
9.311700000000000728e+02
9.352400000000000091e+02
9.433000000000000682e+02
9.515500000000000682e+02
9.830800000000000409e+02
9.871299999999999955e+02
9.912900000000000773e+02
9.990900000000000318e+02
4.160000000000000142e+00
1.253000000000000114e+01
2.073000000000000043e+01
4.442000000000000171e+01
6.043999999999999773e+01
9.601000000000000512e+01
1.044500000000000028e+02
1.242300000000000040e+02
1.284200000000000159e+02
1.361700000000000159e+02
1.402100000000000080e+02
1.681800000000000068e+02
1.885800000000000125e+02
1.922700000000000102e+02
2.281500000000000057e+02
2.361100000000000136e+02
2.965600000000000023e+02
3.001399999999999864e+02
3.041700000000000159e+02
3.282300000000000182e+02
3.360300000000000296e+02
3.403799999999999955e+02
3.478299999999999841e+02
3.564000000000000341e+02
3.759499999999999886e+02
3.957900000000000205e+02
4.120199999999999818e+02
4.439499999999999886e+02
4.559100000000000250e+02
4.599900000000000091e+02
4.838400000000000318e+02
4.880400000000000205e+02
5.638500000000000227e+02
5.677000000000000455e+02
5.718100000000000591e+02
5.916599999999999682e+02
6.119099999999999682e+02
6.157500000000000000e+02
6.238999999999999773e+02
6.275800000000000409e+02
6.358300000000000409e+02
6.519199999999999591e+02
6.715199999999999818e+02
6.796800000000000637e+02
6.834700000000000273e+02
6.874099999999999682e+02
6.957300000000000182e+02
7.035500000000000682e+02
7.314500000000000455e+02
7.553999999999999773e+02
7.759200000000000728e+02
7.831000000000000227e+02
7.955299999999999727e+02
8.034600000000000364e+02
8.156599999999999682e+02
8.353200000000000500e+02
8.434900000000000091e+02
8.712699999999999818e+02
8.952500000000000000e+02
9.073400000000000318e+02
9.312000000000000455e+02
9.352799999999999727e+02
9.433100000000000591e+02
9.830800000000000409e+02
9.871800000000000637e+02
9.913300000000000409e+02
9.991000000000000227e+02
4.160000000000000142e+00
1.256000000000000050e+01
2.074000000000000199e+01
4.450000000000000000e+01
9.604999999999999716e+01
1.242400000000000091e+02
1.284699999999999989e+02
1.361800000000000068e+02
1.402299999999999898e+02
1.681899999999999977e+02
1.922800000000000011e+02
2.281500000000000057e+02
2.361400000000000148e+02
2.965699999999999932e+02
3.042200000000000273e+02
3.282800000000000296e+02
3.479000000000000341e+02
3.957900000000000205e+02
4.439499999999999886e+02
4.559900000000000091e+02
4.600099999999999909e+02
4.838600000000000136e+02
4.881100000000000136e+02
5.638600000000000136e+02
5.677400000000000091e+02
5.718700000000000045e+02
5.916699999999999591e+02
6.157799999999999727e+02
6.358799999999999955e+02
6.715399999999999636e+02
6.797000000000000455e+02
6.834900000000000091e+02
6.957699999999999818e+02
7.035600000000000591e+02
7.314700000000000273e+02
7.554300000000000637e+02
7.831000000000000227e+02
8.034700000000000273e+02
8.156599999999999682e+02
8.353300000000000409e+02
8.435600000000000591e+02
8.712799999999999727e+02
9.353400000000000318e+02
9.433100000000000591e+02
9.830900000000000318e+02
9.991000000000000227e+02
