2.800000000000000266e+00
4.830000000000000071e+00
6.890000000000000568e+00
1.047000000000000064e+01
1.287000000000000099e+01
2.055000000000000071e+01
2.660000000000000142e+01
3.055000000000000071e+01
3.261999999999999744e+01
3.470000000000000284e+01
4.273000000000000398e+01
5.445000000000000284e+01
5.860000000000000142e+01
6.862000000000000455e+01
7.073000000000000398e+01
7.282999999999999829e+01
7.854000000000000625e+01
8.060999999999999943e+01
8.278000000000000114e+01
9.248999999999999488e+01
9.637000000000000455e+01
9.850000000000000000e+01
1.025499999999999972e+02
1.063100000000000023e+02
1.086099999999999994e+02
1.125100000000000051e+02
1.165600000000000023e+02
1.264399999999999977e+02
1.385000000000000000e+02
1.425800000000000125e+02
1.504900000000000091e+02
1.525099999999999909e+02
1.545800000000000125e+02
1.568600000000000136e+02
1.626700000000000159e+02
1.647000000000000171e+02
1.704200000000000159e+02
1.744500000000000171e+02
1.782899999999999920e+02
1.805099999999999909e+02
1.845900000000000034e+02
1.867100000000000080e+02
1.903300000000000125e+02
2.046299999999999955e+02
2.103799999999999955e+02
2.125699999999999932e+02
2.203499999999999943e+02
2.224399999999999977e+02
2.244900000000000091e+02
2.266200000000000045e+02
2.287300000000000182e+02
2.346700000000000159e+02
2.367100000000000080e+02
2.466100000000000136e+02
2.503100000000000023e+02
2.523600000000000136e+02
2.546400000000000148e+02
2.566700000000000159e+02
2.602900000000000205e+02
2.626899999999999977e+02
2.720799999999999841e+02
2.745099999999999909e+02
2.765400000000000205e+02
2.803199999999999932e+02
2.825799999999999841e+02
2.883100000000000023e+02
2.940099999999999909e+02
2.964800000000000182e+02
3.064000000000000341e+02
3.125199999999999818e+02
3.145699999999999932e+02
3.185199999999999818e+02
3.222800000000000296e+02
3.304599999999999795e+02
3.341500000000000341e+02
3.363400000000000318e+02
3.404300000000000068e+02
3.485799999999999841e+02
3.506100000000000136e+02
3.561000000000000227e+02
3.581399999999999864e+02
3.602500000000000000e+02
3.623299999999999841e+02
3.743400000000000318e+02
3.782300000000000182e+02
3.822300000000000182e+02
3.881800000000000068e+02
3.925500000000000114e+02
4.005000000000000000e+02
4.041899999999999977e+02
4.102599999999999909e+02
4.123000000000000114e+02
4.143700000000000045e+02
4.163899999999999864e+02
4.205699999999999932e+02
4.260699999999999932e+02
4.343199999999999932e+02
4.380600000000000023e+02
4.403500000000000227e+02
4.501899999999999977e+02
4.522200000000000273e+02
4.543100000000000023e+02
4.563600000000000136e+02
4.603199999999999932e+02
4.640300000000000296e+02
4.820300000000000296e+02
4.840900000000000318e+02
4.880600000000000023e+02
4.919600000000000364e+02
4.942200000000000273e+02
5.003199999999999932e+02
5.023400000000000318e+02
5.059200000000000159e+02
5.081000000000000227e+02
5.101399999999999864e+02
5.204199999999999591e+02
5.224700000000000273e+02
5.262699999999999818e+02
5.320700000000000500e+02
5.341100000000000136e+02
5.361599999999999682e+02
5.420000000000000000e+02
5.442500000000000000e+02
5.500800000000000409e+02
5.560900000000000318e+02
5.581399999999999864e+02
5.641399999999999864e+02
5.720299999999999727e+02
5.741100000000000136e+02
5.882599999999999909e+02
5.961100000000000136e+02
6.022100000000000364e+02
6.042599999999999909e+02
6.079800000000000182e+02
6.102100000000000364e+02
6.141299999999999955e+02
6.162899999999999636e+02
6.183400000000000318e+02
6.219099999999999682e+02
6.378899999999999864e+02
6.420500000000000682e+02
6.460500000000000682e+02
6.500500000000000682e+02
6.539500000000000455e+02
6.560399999999999636e+02
6.580700000000000500e+02
6.601800000000000637e+02
6.622300000000000182e+02
6.679600000000000364e+02
6.700000000000000000e+02
6.722200000000000273e+02
6.822300000000000182e+02
6.856800000000000637e+02
6.916100000000000136e+02
6.999099999999999682e+02
7.019300000000000637e+02
7.059500000000000455e+02
7.100199999999999818e+02
7.141299999999999955e+02
7.180900000000000318e+02
7.201599999999999682e+02
7.222000000000000455e+02
7.339199999999999591e+02
7.398799999999999955e+02
7.419300000000000637e+02
7.496399999999999864e+02
7.560199999999999818e+02
7.597400000000000091e+02
7.677400000000000091e+02
7.698600000000000136e+02
7.757699999999999818e+02
7.779800000000000182e+02
7.819200000000000728e+02
7.839500000000000455e+02
7.878899999999999864e+02
7.899500000000000455e+02
7.979900000000000091e+02
8.000299999999999727e+02
8.057799999999999727e+02
8.160199999999999818e+02
8.236299999999999955e+02
8.379400000000000546e+02
8.400000000000000000e+02
8.420500000000000682e+02
8.477200000000000273e+02
8.497699999999999818e+02
8.537100000000000364e+02
8.557500000000000000e+02
8.579099999999999682e+02
8.600000000000000000e+02
8.638500000000000227e+02
8.678799999999999955e+02
8.718500000000000227e+02
8.817400000000000091e+02
8.916499999999999773e+02
8.936800000000000637e+02
8.957899999999999636e+02
8.978799999999999955e+02
9.018100000000000591e+02
9.056900000000000546e+02
9.077899999999999636e+02
9.136299999999999955e+02
9.175500000000000682e+02
9.236200000000000045e+02
9.277200000000000273e+02
9.353500000000000227e+02
9.378200000000000500e+02
9.398600000000000136e+02
9.418999999999999773e+02
9.454300000000000637e+02
9.517500000000000000e+02
9.678799999999999955e+02
9.716399999999999864e+02
9.736800000000000637e+02
9.758100000000000591e+02
9.815900000000000318e+02
9.836100000000000136e+02
9.856499999999999773e+02
9.877799999999999727e+02
9.898700000000000045e+02
9.935400000000000773e+02
9.978000000000000682e+02
