7.719999999999999751e+00
7.839999999999999858e+00
4.339999999999999858e+01
9.568000000000000682e+01
1.036700000000000017e+02
1.239900000000000091e+02
1.392800000000000011e+02
1.637299999999999898e+02
1.676800000000000068e+02
1.915099999999999909e+02
1.955099999999999909e+02
2.275900000000000034e+02
2.992400000000000091e+02
3.029000000000000341e+02
3.276500000000000341e+02
3.471600000000000250e+02
3.713000000000000114e+02
3.947100000000000364e+02
4.111899999999999977e+02
4.552500000000000000e+02
4.911100000000000136e+02
4.949499999999999886e+02
5.428999999999999773e+02
5.710600000000000591e+02
5.712599999999999909e+02
6.149500000000000455e+02
6.267400000000000091e+02
6.545900000000000318e+02
6.551000000000000227e+02
6.589700000000000273e+02
7.305000000000000000e+02
7.352300000000000182e+02
7.426900000000000546e+02
7.506299999999999955e+02
7.543999999999999773e+02
7.704800000000000182e+02
7.750399999999999636e+02
7.822500000000000000e+02
7.945199999999999818e+02
8.304200000000000728e+02
8.942000000000000455e+02
9.063799999999999955e+02
9.304300000000000637e+02
9.378200000000000500e+02
9.947100000000000364e+02
