4.290000000000000036e+00
1.562000000000000099e+01
3.473000000000000398e+01
4.520000000000000284e+01
6.412999999999999545e+01
8.467000000000000171e+01
9.364000000000000057e+01
1.048900000000000006e+02
1.149900000000000091e+02
1.237000000000000028e+02
1.348600000000000136e+02
1.442400000000000091e+02
1.555399999999999920e+02
1.646100000000000136e+02
1.856100000000000136e+02
1.947700000000000102e+02
2.054600000000000080e+02
2.145600000000000023e+02
2.254500000000000171e+02
2.341500000000000057e+02
2.443199999999999932e+02
2.643299999999999841e+02
2.749000000000000341e+02
2.854000000000000341e+02
2.944300000000000068e+02
3.050000000000000000e+02
3.239499999999999886e+02
3.338899999999999864e+02
3.441299999999999955e+02
3.637200000000000273e+02
3.741200000000000045e+02
3.835300000000000296e+02
4.038799999999999955e+02
4.145099999999999909e+02
4.231299999999999955e+02
4.254800000000000182e+02
4.438199999999999932e+02
4.642900000000000205e+02
4.753799999999999955e+02
4.842100000000000364e+02
4.931700000000000159e+02
5.131200000000000045e+02
5.239700000000000273e+02
5.433200000000000500e+02
5.533999999999999773e+02
5.647200000000000273e+02
5.732200000000000273e+02
5.841699999999999591e+02
5.937599999999999909e+02
6.045199999999999818e+02
6.138899999999999864e+02
6.245299999999999727e+02
6.337799999999999727e+02
6.536900000000000546e+02
6.629900000000000091e+02
6.730000000000000000e+02
6.837699999999999818e+02
7.031599999999999682e+02
7.134400000000000546e+02
7.240600000000000591e+02
7.333899999999999864e+02
7.442400000000000091e+02
7.534300000000000637e+02
7.742799999999999727e+02
7.825000000000000000e+02
7.848100000000000591e+02
7.943300000000000409e+02
8.043899999999999864e+02
8.228200000000000500e+02
8.327100000000000364e+02
8.431000000000000227e+02
8.536499999999999773e+02
8.733899999999999864e+02
8.934099999999999682e+02
9.040099999999999909e+02
9.139200000000000728e+02
9.232899999999999636e+02
9.334900000000000091e+02
9.428899999999999864e+02
9.536000000000000227e+02
9.627799999999999727e+02
9.729700000000000273e+02
9.847300000000000182e+02
9.941599999999999682e+02
