3.240000000000000213e+00
4.339999999999999858e+00
6.459999999999999964e+00
1.483000000000000007e+01
1.503000000000000114e+01
2.385000000000000142e+01
2.391000000000000014e+01
3.521999999999999886e+01
3.614999999999999858e+01
4.336999999999999744e+01
4.367000000000000171e+01
4.609000000000000341e+01
5.355000000000000426e+01
5.396000000000000085e+01
5.566000000000000369e+01
6.546000000000000796e+01
7.359000000000000341e+01
8.456000000000000227e+01
9.329000000000000625e+01
9.379000000000000625e+01
1.032000000000000028e+02
1.046400000000000006e+02
1.055499999999999972e+02
1.142199999999999989e+02
1.150600000000000023e+02
1.227600000000000051e+02
1.240199999999999960e+02
1.244000000000000057e+02
1.250600000000000023e+02
1.335699999999999932e+02
1.337100000000000080e+02
1.432299999999999898e+02
1.455300000000000011e+02
1.457500000000000000e+02
1.542899999999999920e+02
1.547599999999999909e+02
1.640699999999999932e+02
1.654500000000000171e+02
1.736700000000000159e+02
1.739399999999999977e+02
1.761100000000000136e+02
1.837000000000000171e+02
1.845300000000000011e+02
1.932199999999999989e+02
1.951700000000000159e+02
2.037400000000000091e+02
2.045999999999999943e+02
2.136599999999999966e+02
2.142599999999999909e+02
2.236800000000000068e+02
2.246100000000000136e+02
2.250999999999999943e+02
2.338400000000000034e+02
2.345000000000000000e+02
2.346200000000000045e+02
2.361599999999999966e+02
2.432100000000000080e+02
2.436400000000000148e+02
2.543799999999999955e+02
2.638400000000000318e+02
2.656899999999999977e+02
2.731600000000000250e+02
2.851899999999999977e+02
2.940199999999999818e+02
2.955199999999999818e+02
2.962300000000000182e+02
3.026999999999999886e+02
3.030500000000000114e+02
3.040300000000000296e+02
3.048799999999999955e+02
3.135000000000000000e+02
3.136299999999999955e+02
3.156000000000000227e+02
3.231500000000000341e+02
3.231700000000000159e+02
3.259100000000000250e+02
3.350099999999999909e+02
3.351899999999999977e+02
3.434599999999999795e+02
3.440099999999999909e+02
3.530000000000000000e+02
3.537099999999999795e+02
3.542200000000000273e+02
3.628899999999999864e+02
3.641200000000000045e+02
3.731899999999999977e+02
3.741399999999999864e+02
3.832100000000000364e+02
3.835900000000000318e+02
3.856100000000000136e+02
3.936200000000000045e+02
3.939700000000000273e+02
4.038199999999999932e+02
4.042900000000000205e+02
4.125400000000000205e+02
4.133500000000000227e+02
4.232900000000000205e+02
4.244200000000000159e+02
4.330600000000000023e+02
4.333600000000000136e+02
4.437300000000000182e+02
4.536299999999999955e+02
4.537100000000000364e+02
4.623700000000000045e+02
4.641700000000000159e+02
4.733000000000000114e+02
4.747100000000000364e+02
4.750199999999999818e+02
4.829499999999999886e+02
4.829499999999999886e+02
4.933799999999999955e+02
4.941600000000000250e+02
5.029600000000000364e+02
5.033000000000000114e+02
5.052300000000000182e+02
5.131800000000000637e+02
5.147200000000000273e+02
5.155800000000000409e+02
5.221900000000000546e+02
5.232699999999999818e+02
5.233300000000000409e+02
5.326299999999999955e+02
5.330700000000000500e+02
5.333100000000000591e+02
5.419099999999999682e+02
5.459199999999999591e+02
5.543500000000000227e+02
5.547899999999999636e+02
5.636599999999999682e+02
5.636699999999999591e+02
5.731599999999999682e+02
5.745500000000000682e+02
5.833400000000000318e+02
5.834300000000000637e+02
5.954300000000000637e+02
6.035500000000000682e+02
6.042100000000000364e+02
6.133100000000000591e+02
6.133300000000000409e+02
6.227400000000000091e+02
6.256399999999999864e+02
6.324600000000000364e+02
6.342899999999999636e+02
6.348000000000000682e+02
6.430000000000000000e+02
6.435199999999999818e+02
6.435600000000000591e+02
6.532100000000000364e+02
6.541399999999999864e+02
6.644800000000000182e+02
6.737500000000000000e+02
6.830399999999999636e+02
6.849400000000000546e+02
6.929700000000000273e+02
6.930900000000000318e+02
6.931900000000000546e+02
7.037500000000000000e+02
7.047400000000000091e+02
7.128100000000000591e+02
7.139800000000000182e+02
7.147799999999999727e+02
7.150500000000000682e+02
7.231299999999999955e+02
7.237599999999999909e+02
7.330500000000000682e+02
7.332200000000000273e+02
7.358700000000000045e+02
7.422300000000000182e+02
7.426499999999999773e+02
7.448000000000000682e+02
7.525000000000000000e+02
7.533899999999999864e+02
7.546900000000000546e+02
7.629600000000000364e+02
7.632500000000000000e+02
7.728600000000000136e+02
7.728899999999999864e+02
7.823999999999999773e+02
7.829700000000000273e+02
7.850700000000000500e+02
7.924099999999999682e+02
7.938200000000000500e+02
7.942599999999999909e+02
8.020700000000000500e+02
8.032200000000000273e+02
8.043100000000000591e+02
8.131900000000000546e+02
8.153400000000000318e+02
8.234500000000000455e+02
8.325399999999999636e+02
8.335399999999999636e+02
8.420900000000000318e+02
8.425000000000000000e+02
8.450700000000000500e+02
8.522300000000000182e+02
8.554300000000000637e+02
8.623000000000000682e+02
8.633500000000000227e+02
8.643799999999999955e+02
8.728700000000000045e+02
8.731000000000000227e+02
8.746700000000000728e+02
8.820099999999999909e+02
8.836900000000000546e+02
8.925500000000000682e+02
8.929900000000000091e+02
9.032799999999999727e+02
9.037599999999999909e+02
9.044099999999999682e+02
9.132200000000000273e+02
9.138899999999999864e+02
9.249900000000000091e+02
9.321299999999999955e+02
9.333999999999999773e+02
9.421100000000000136e+02
9.433600000000000136e+02
9.535000000000000000e+02
9.546399999999999864e+02
9.618200000000000500e+02
9.638899999999999864e+02
9.638999999999999773e+02
9.731900000000000546e+02
9.819600000000000364e+02
9.831000000000000227e+02
9.841800000000000637e+02
9.922799999999999727e+02
9.930299999999999727e+02
