6.650000000000000355e+00
2.703999999999999915e+01
8.687000000000000455e+01
1.066599999999999966e+02
1.262400000000000091e+02
1.852599999999999909e+02
2.465800000000000125e+02
3.066600000000000250e+02
3.246899999999999977e+02
3.453500000000000227e+02
4.252200000000000273e+02
4.458500000000000227e+02
4.845500000000000114e+02
5.265700000000000500e+02
5.860800000000000409e+02
6.652100000000000364e+02
7.465299999999999727e+02
8.047000000000000455e+02
8.856399999999999864e+02
9.044099999999999682e+02
6.650000000000000355e+00
1.009999999999999964e+01
2.700000000000000000e+01
2.916000000000000014e+01
4.711999999999999744e+01
4.920000000000000284e+01
5.153999999999999915e+01
6.592000000000000171e+01
6.809999999999999432e+01
7.045000000000000284e+01
8.685999999999999943e+01
8.910999999999999943e+01
1.066500000000000057e+02
1.115799999999999983e+02
1.262300000000000040e+02
1.286899999999999977e+02
1.468100000000000023e+02
1.490399999999999920e+02
1.681500000000000057e+02
1.849099999999999966e+02
1.888300000000000125e+02
2.075200000000000102e+02
2.096700000000000159e+02
2.119399999999999977e+02
2.292000000000000171e+02
2.465000000000000000e+02
2.493700000000000045e+02
2.677099999999999795e+02
2.699300000000000068e+02
2.879499999999999886e+02
2.902800000000000296e+02
3.066500000000000341e+02
3.246899999999999977e+02
3.271299999999999955e+02
3.453400000000000318e+02
3.476999999999999886e+02
3.662200000000000273e+02
3.683100000000000023e+02
3.868400000000000318e+02
4.057699999999999818e+02
4.079499999999999886e+02
4.100799999999999841e+02
4.252100000000000364e+02
4.273199999999999932e+02
4.293899999999999864e+02
4.458500000000000227e+02
4.489900000000000091e+02
4.668199999999999932e+02
4.702500000000000000e+02
4.845199999999999818e+02
4.877100000000000364e+02
5.265700000000000500e+02
5.289900000000000091e+02
5.655500000000000682e+02
5.691399999999999864e+02
5.860800000000000409e+02
5.881900000000000546e+02
6.063999999999999773e+02
6.271299999999999955e+02
6.454400000000000546e+02
6.476000000000000227e+02
6.651900000000000546e+02
6.696200000000000045e+02
6.858799999999999955e+02
6.883000000000000682e+02
7.071399999999999864e+02
7.254900000000000091e+02
7.295700000000000500e+02
7.465199999999999818e+02
7.658700000000000045e+02
7.692799999999999727e+02
7.872300000000000182e+02
8.046900000000000546e+02
8.264400000000000546e+02
8.287400000000000091e+02
8.433899999999999864e+02
8.455500000000000682e+02
8.659400000000000546e+02
8.680299999999999727e+02
8.856399999999999864e+02
8.880299999999999727e+02
9.043999999999999773e+02
9.075099999999999909e+02
9.258600000000000136e+02
9.442300000000000182e+02
9.463200000000000500e+02
9.657300000000000182e+02
9.856499999999999773e+02
9.879500000000000455e+02
6.650000000000000355e+00
1.015000000000000036e+01
2.701000000000000156e+01
2.928000000000000114e+01
4.713000000000000256e+01
4.924000000000000199e+01
5.166000000000000369e+01
6.779000000000000625e+01
8.685999999999999943e+01
1.066500000000000057e+02
1.262300000000000040e+02
1.468700000000000045e+02
1.681700000000000159e+02
1.849200000000000159e+02
2.098900000000000148e+02
2.465100000000000193e+02
2.494099999999999966e+02
2.678100000000000023e+02
2.699800000000000182e+02
2.880300000000000296e+02
2.903400000000000318e+02
3.066500000000000341e+02
3.246899999999999977e+02
3.274399999999999977e+02
3.453400000000000318e+02
3.477699999999999818e+02
3.662400000000000091e+02
3.683400000000000318e+02
4.058500000000000227e+02
4.252100000000000364e+02
4.273299999999999841e+02
4.294200000000000159e+02
4.458500000000000227e+02
4.704000000000000341e+02
4.845300000000000296e+02
4.878199999999999932e+02
5.265700000000000500e+02
5.655500000000000682e+02
5.860800000000000409e+02
5.882100000000000364e+02
6.455099999999999909e+02
6.476499999999999773e+02
6.651900000000000546e+02
6.859199999999999591e+02
7.071900000000000546e+02
7.254900000000000091e+02
7.465199999999999818e+02
7.694800000000000182e+02
7.872799999999999727e+02
8.046900000000000546e+02
8.264700000000000273e+02
8.288600000000000136e+02
8.433999999999999773e+02
8.456000000000000227e+02
8.659500000000000455e+02
8.680600000000000591e+02
8.856399999999999864e+02
8.881000000000000227e+02
9.043999999999999773e+02
9.076399999999999864e+02
9.259500000000000455e+02
9.442400000000000091e+02
9.463500000000000227e+02
9.658100000000000591e+02
9.857100000000000364e+02
6.650000000000000355e+00
1.024000000000000021e+01
2.701000000000000156e+01
4.714000000000000057e+01
8.685999999999999943e+01
1.066500000000000057e+02
1.262400000000000091e+02
1.469099999999999966e+02
1.682000000000000171e+02
1.849300000000000068e+02
2.465200000000000102e+02
2.494600000000000080e+02
2.904499999999999886e+02
3.066500000000000341e+02
3.246899999999999977e+02
3.453400000000000318e+02
3.662800000000000296e+02
3.683700000000000045e+02
4.059300000000000068e+02
4.252100000000000364e+02
4.273299999999999841e+02
4.294399999999999977e+02
4.458500000000000227e+02
4.845300000000000296e+02
5.265700000000000500e+02
5.655500000000000682e+02
5.860800000000000409e+02
5.883000000000000682e+02
6.477500000000000000e+02
6.651900000000000546e+02
6.870099999999999909e+02
7.072599999999999909e+02
7.255000000000000000e+02
7.465199999999999818e+02
7.873500000000000227e+02
8.046900000000000546e+02
8.265000000000000000e+02
8.433999999999999773e+02
8.659500000000000455e+02
8.856399999999999864e+02
9.044099999999999682e+02
9.077200000000000273e+02
9.442599999999999909e+02
6.650000000000000355e+00
2.701000000000000156e+01
4.716000000000000369e+01
8.685999999999999943e+01
1.066599999999999966e+02
1.262400000000000091e+02
1.469600000000000080e+02
1.682299999999999898e+02
1.849500000000000171e+02
2.465300000000000011e+02
3.066600000000000250e+02
3.246899999999999977e+02
3.453400000000000318e+02
3.683400000000000318e+02
4.060000000000000000e+02
4.252200000000000273e+02
4.273500000000000227e+02
4.458500000000000227e+02
4.845300000000000296e+02
5.265700000000000500e+02
5.655600000000000591e+02
5.860800000000000409e+02
5.884800000000000182e+02
6.652000000000000455e+02
7.073600000000000136e+02
7.255000000000000000e+02
7.465199999999999818e+02
7.874099999999999682e+02
8.046900000000000546e+02
8.265399999999999636e+02
8.434099999999999682e+02
8.659600000000000364e+02
8.856399999999999864e+02
9.044099999999999682e+02
9.442899999999999636e+02
6.650000000000000355e+00
2.701000000000000156e+01
8.685999999999999943e+01
1.066599999999999966e+02
1.262400000000000091e+02
1.682599999999999909e+02
1.849600000000000080e+02
2.465399999999999920e+02
3.066600000000000250e+02
3.246899999999999977e+02
3.453400000000000318e+02
3.684200000000000159e+02
4.252200000000000273e+02
4.273600000000000136e+02
4.458500000000000227e+02
4.845300000000000296e+02
5.265700000000000500e+02
5.655600000000000591e+02
5.860800000000000409e+02
6.652000000000000455e+02
7.255000000000000000e+02
7.465199999999999818e+02
8.046900000000000546e+02
8.266200000000000045e+02
8.434200000000000728e+02
8.659700000000000273e+02
8.856399999999999864e+02
9.044099999999999682e+02
6.650000000000000355e+00
2.701999999999999957e+01
8.685999999999999943e+01
1.066599999999999966e+02
1.262400000000000091e+02
1.849799999999999898e+02
2.465399999999999920e+02
3.066600000000000250e+02
3.246899999999999977e+02
3.453400000000000318e+02
4.252200000000000273e+02
4.273700000000000045e+02
4.458500000000000227e+02
4.845300000000000296e+02
5.265700000000000500e+02
5.655700000000000500e+02
5.860800000000000409e+02
6.652000000000000455e+02
7.255099999999999909e+02
7.465199999999999818e+02
8.046900000000000546e+02
8.434300000000000637e+02
8.659900000000000091e+02
8.856399999999999864e+02
9.044099999999999682e+02
6.650000000000000355e+00
2.701999999999999957e+01
8.687000000000000455e+01
1.066599999999999966e+02
1.262400000000000091e+02
1.850200000000000102e+02
2.465500000000000114e+02
3.066600000000000250e+02
3.246899999999999977e+02
3.453500000000000227e+02
4.252200000000000273e+02
4.273899999999999864e+02
4.458500000000000227e+02
4.845300000000000296e+02
5.265700000000000500e+02
5.655700000000000500e+02
5.860800000000000409e+02
6.652000000000000455e+02
7.255199999999999818e+02
7.465299999999999727e+02
8.046900000000000546e+02
8.856399999999999864e+02
9.044099999999999682e+02
6.650000000000000355e+00
2.703000000000000114e+01
8.687000000000000455e+01
1.066599999999999966e+02
1.262400000000000091e+02
1.851200000000000045e+02
2.465600000000000023e+02
3.066600000000000250e+02
3.246899999999999977e+02
3.453500000000000227e+02
4.252200000000000273e+02
4.458500000000000227e+02
4.845400000000000205e+02
5.265700000000000500e+02
5.655800000000000409e+02
5.860800000000000409e+02
6.652000000000000455e+02
7.255299999999999727e+02
7.465299999999999727e+02
8.046900000000000546e+02
8.856399999999999864e+02
9.044099999999999682e+02
6.650000000000000355e+00
2.703000000000000114e+01
8.687000000000000455e+01
1.066599999999999966e+02
1.262400000000000091e+02
1.851700000000000159e+02
2.465699999999999932e+02
3.066600000000000250e+02
3.246899999999999977e+02
3.453500000000000227e+02
4.252200000000000273e+02
4.458500000000000227e+02
4.845400000000000205e+02
5.265700000000000500e+02
5.655900000000000318e+02
5.860800000000000409e+02
6.652000000000000455e+02
7.465299999999999727e+02
8.047000000000000455e+02
8.856399999999999864e+02
9.044099999999999682e+02
