1.470000000000000000e+02 1.370000000000000000e+02 1.330000000000000000e+02 1.430000000000000000e+02 1.490000000000000000e+02 1.410000000000000000e+02 1.480000000000000000e+02 1.360000000000000000e+02 1.410000000000000000e+02 1.430000000000000000e+02 1.320000000000000000e+02 1.350000000000000000e+02 1.420000000000000000e+02
7.100000000000000000e+01 7.400000000000000000e+01 7.600000000000000000e+01 7.600000000000000000e+01 8.000000000000000000e+01 7.800000000000000000e+01 8.000000000000000000e+01 6.700000000000000000e+01 6.800000000000000000e+01 8.400000000000000000e+01 7.300000000000000000e+01 7.700000000000000000e+01 7.800000000000000000e+01
2.600000000000000000e+01 3.100000000000000000e+01 3.300000000000000000e+01 2.900000000000000000e+01 2.700000000000000000e+01 2.800000000000000000e+01 2.200000000000000000e+01 2.500000000000000000e+01 2.400000000000000000e+01 3.600000000000000000e+01 2.900000000000000000e+01 2.800000000000000000e+01 3.900000000000000000e+01
6.000000000000000000e+00 8.000000000000000000e+00 9.000000000000000000e+00 9.000000000000000000e+00 4.000000000000000000e+00 7.000000000000000000e+00 7.000000000000000000e+00 2.000000000000000000e+00 6.000000000000000000e+00 1.300000000000000000e+01 1.200000000000000000e+01 6.000000000000000000e+00 1.300000000000000000e+01
2.000000000000000000e+00 1.000000000000000000e+00 3.000000000000000000e+00 4.000000000000000000e+00 1.000000000000000000e+00 1.000000000000000000e+00 1.000000000000000000e+00 0.000000000000000000e+00 0.000000000000000000e+00 6.000000000000000000e+00 8.000000000000000000e+00 1.000000000000000000e+00 6.000000000000000000e+00
0.000000000000000000e+00 0.000000000000000000e+00 2.000000000000000000e+00 1.000000000000000000e+00 0.000000000000000000e+00 0.000000000000000000e+00 1.000000000000000000e+00 0.000000000000000000e+00 0.000000000000000000e+00 2.000000000000000000e+00 3.000000000000000000e+00 1.000000000000000000e+00 4.000000000000000000e+00
0.000000000000000000e+00 0.000000000000000000e+00 1.000000000000000000e+00 0.000000000000000000e+00 0.000000000000000000e+00 0.000000000000000000e+00 0.000000000000000000e+00 0.000000000000000000e+00 0.000000000000000000e+00 1.000000000000000000e+00 2.000000000000000000e+00 0.000000000000000000e+00 1.000000000000000000e+00
0.000000000000000000e+00 0.000000000000000000e+00 0.000000000000000000e+00 0.000000000000000000e+00 0.000000000000000000e+00 0.000000000000000000e+00 0.000000000000000000e+00 0.000000000000000000e+00 0.000000000000000000e+00 1.000000000000000000e+00 2.000000000000000000e+00 0.000000000000000000e+00 1.000000000000000000e+00
0.000000000000000000e+00 0.000000000000000000e+00 0.000000000000000000e+00 0.000000000000000000e+00 0.000000000000000000e+00 0.000000000000000000e+00 0.000000000000000000e+00 0.000000000000000000e+00 0.000000000000000000e+00 1.000000000000000000e+00 2.000000000000000000e+00 0.000000000000000000e+00 1.000000000000000000e+00
0.000000000000000000e+00 0.000000000000000000e+00 0.000000000000000000e+00 0.000000000000000000e+00 0.000000000000000000e+00 0.000000000000000000e+00 0.000000000000000000e+00 0.000000000000000000e+00 0.000000000000000000e+00 1.000000000000000000e+00 2.000000000000000000e+00 0.000000000000000000e+00 1.000000000000000000e+00
