1.470000000000000000e+02 1.370000000000000000e+02 1.330000000000000000e+02 1.430000000000000000e+02 1.490000000000000000e+02 1.410000000000000000e+02 1.480000000000000000e+02 1.360000000000000000e+02 1.410000000000000000e+02 1.430000000000000000e+02 1.320000000000000000e+02 1.350000000000000000e+02 1.420000000000000000e+02
7.600000000000000000e+01 7.300000000000000000e+01 7.600000000000000000e+01 7.800000000000000000e+01 8.100000000000000000e+01 8.000000000000000000e+01 7.600000000000000000e+01 6.600000000000000000e+01 6.500000000000000000e+01 8.000000000000000000e+01 6.800000000000000000e+01 7.400000000000000000e+01 7.300000000000000000e+01
2.600000000000000000e+01 3.500000000000000000e+01 3.600000000000000000e+01 2.800000000000000000e+01 2.900000000000000000e+01 2.800000000000000000e+01 2.300000000000000000e+01 2.000000000000000000e+01 2.000000000000000000e+01 3.500000000000000000e+01 2.900000000000000000e+01 2.500000000000000000e+01 3.400000000000000000e+01
1.000000000000000000e+01 1.200000000000000000e+01 1.100000000000000000e+01 1.000000000000000000e+01 5.000000000000000000e+00 8.000000000000000000e+00 3.000000000000000000e+00 3.000000000000000000e+00 3.000000000000000000e+00 1.000000000000000000e+01 1.000000000000000000e+01 6.000000000000000000e+00 8.000000000000000000e+00
2.000000000000000000e+00 5.000000000000000000e+00 3.000000000000000000e+00 4.000000000000000000e+00 1.000000000000000000e+00 1.000000000000000000e+00 0.000000000000000000e+00 1.000000000000000000e+00 1.000000000000000000e+00 1.000000000000000000e+00 5.000000000000000000e+00 1.000000000000000000e+00 2.000000000000000000e+00
0.000000000000000000e+00 0.000000000000000000e+00 0.000000000000000000e+00 2.000000000000000000e+00 0.000000000000000000e+00 1.000000000000000000e+00 0.000000000000000000e+00 0.000000000000000000e+00 1.000000000000000000e+00 0.000000000000000000e+00 1.000000000000000000e+00 1.000000000000000000e+00 0.000000000000000000e+00
0.000000000000000000e+00 0.000000000000000000e+00 0.000000000000000000e+00 0.000000000000000000e+00 0.000000000000000000e+00 0.000000000000000000e+00 0.000000000000000000e+00 0.000000000000000000e+00 1.000000000000000000e+00 0.000000000000000000e+00 0.000000000000000000e+00 0.000000000000000000e+00 0.000000000000000000e+00
0.000000000000000000e+00 0.000000000000000000e+00 0.000000000000000000e+00 0.000000000000000000e+00 0.000000000000000000e+00 0.000000000000000000e+00 0.000000000000000000e+00 0.000000000000000000e+00 1.000000000000000000e+00 0.000000000000000000e+00 0.000000000000000000e+00 0.000000000000000000e+00 0.000000000000000000e+00
0.000000000000000000e+00 0.000000000000000000e+00 0.000000000000000000e+00 0.000000000000000000e+00 0.000000000000000000e+00 0.000000000000000000e+00 0.000000000000000000e+00 0.000000000000000000e+00 1.000000000000000000e+00 0.000000000000000000e+00 0.000000000000000000e+00 0.000000000000000000e+00 0.000000000000000000e+00
0.000000000000000000e+00 0.000000000000000000e+00 0.000000000000000000e+00 0.000000000000000000e+00 0.000000000000000000e+00 0.000000000000000000e+00 0.000000000000000000e+00 0.000000000000000000e+00 1.000000000000000000e+00 0.000000000000000000e+00 0.000000000000000000e+00 0.000000000000000000e+00 0.000000000000000000e+00
